scan.pos:-2.178235,6.289898,-2.6147502.115290,1.562094
2.151840,1.553391
2.188938,1.544689
2.226625,1.535986
2.261904,1.527284
2.301809,1.518581
2.342459,1.509879
2.383673,1.501177
2.418071,1.492474
2.430023,1.483772
2.519214,1.475069
2.566594,1.466367
2.615162,1.457664
5.033949,1.448962
5.014942,1.440259
4.996458,1.431557
4.978487,1.422854
4.961020,1.414152
4.944052,1.405449
4.927573,1.396747
4.911576,1.388044
4.896054,1.379342
4.881001,1.370639
4.908636,1.361937
4.894377,1.353234
4.880571,1.344532
4.867213,1.335830
4.854296,1.327127
4.883467,1.318425
4.871313,1.309722
4.880313,1.301020
4.930992,1.292317
4.981814,1.283615
5.115129,1.274912
5.227726,1.266210
5.545265,1.257507
5.698292,1.248805
5.953293,1.240102
6.092346,1.231400
6.299504,1.222697
3.740949,0.839789
3.598925,0.831086
3.429667,0.822384
3.321501,0.813681
3.176001,0.804979
3.074860,0.796276
2.978351,0.787574
2.864983,0.778871
2.774439,0.770169
2.674815,0.761466
2.611150,0.752764
2.528133,0.744061
2.446396,0.735359
2.384457,0.726656
2.327914,0.717954
2.272314,0.709251
2.217567,0.700549
2.200154,0.691847
2.164525,0.683144
2.150226,0.674442
2.157465,0.665739
2.121834,0.657037
2.042877,0.648334
2.050298,0.639632
2.057931,0.630929
2.000195,0.622227
2.008005,0.613524
2.016030,0.604822
1.980026,0.596119
1.988309,0.587417
1.974502,0.578714
1.983136,0.570012
1.969488,0.561309
1.955868,0.552607
1.964989,0.543905
1.974346,0.535202
1.961008,0.526500
1.947689,0.517797
1.957552,0.509095
1.967667,0.500392
1.978038,0.491690
1.988671,0.482987
1.999572,0.474285
2.010747,0.465582
2.022203,0.456880
2.033946,0.448177
2.045983,0.439475
2.058320,0.430772
2.070966,0.422070
2.083929,0.413367
2.097215,0.404665
2.110833,0.395962
2.124792,0.387260
2.139102,0.378558
2.153770,0.369855
2.168807,0.361153
2.184223,0.352450
2.200029,0.343748
2.216235,0.335045
2.232852,0.326343
2.249894,0.317640
2.267372,0.308938
2.285298,0.300235
2.303688,0.291533
2.377529,0.282830
2.397344,0.274128
2.417678,0.265425
2.494934,0.256723
2.529783,0.248020
2.555732,0.239318
2.581790,0.230615
2.609769,0.221913
2.636595,0.213211
2.663583,0.204508
2.667266,0.195806
2.775073,0.187103
2.802770,0.178401
2.809356,0.169698
2.838284,0.160996
2.893307,0.152293
2.903413,0.143591
2.933813,0.134888
3.004736,0.126186
3.052780,0.117483
3.078518,0.108781
3.098187,0.100078
3.154103,0.091376
3.198638,0.082673
7.079988,0.073971
7.037753,0.065269
6.996548,0.056566
6.956350,0.047864
6.917134,0.039161
6.878879,0.030459
6.841563,0.021756
6.805165,0.013054
6.769665,0.004351
6.735044,-0.004351
6.701283,-0.013054
6.668364,-0.021756
6.636270,-0.030459
6.604984,-0.039161
6.574489,-0.047864
6.544771,-0.056566
6.515815,-0.065269
6.487606,-0.073971
6.460129,-0.082674
6.433372,-0.091376
6.407322,-0.100078
6.381966,-0.108781
6.357292,-0.117483
6.333289,-0.126186
6.309945,-0.134888
6.287249,-0.143591
6.265192,-0.152293
6.243762,-0.160996
6.222951,-0.169698
6.202749,-0.178401
6.183147,-0.187103
6.164136,-0.195806
6.145709,-0.204508
6.127857,-0.213211
6.110572,-0.221913
6.093847,-0.230616
6.077675,-0.239318
6.062049,-0.248021
6.046963,-0.256723
6.032410,-0.265425
6.018384,-0.274128
6.004879,-0.282830
5.991889,-0.291533
5.979411,-0.300235
5.967437,-0.308938
5.955965,-0.317640
5.944988,-0.326343
5.934502,-0.335045
5.924504,-0.343748
5.914989,-0.352450
5.905954,-0.361153
5.897395,-0.369855
5.889308,-0.378558
5.881691,-0.387260
5.874540,-0.395963
5.867853,-0.404665
5.861628,-0.413367
5.855860,-0.422070
5.850549,-0.430772
5.845693,-0.439475
5.841289,-0.448177
5.837336,-0.456880
5.833832,-0.465582
5.830776,-0.474285
5.828167,-0.482987
5.826004,-0.491690
5.824286,-0.500392
5.823012,-0.509095
5.822182,-0.517797
5.821795,-0.526500
5.821852,-0.535202
3.022070,-0.543905
1.502160,-0.552607
1.502518,-0.561310
1.502991,-0.570012
1.343385,-0.578714
1.344013,-0.587417
1.344743,-0.596119
1.285407,-0.604822
1.286303,-0.613524
1.287298,-0.622227
1.288393,-0.630929
1.269466,-0.639632
1.275671,-0.648334
1.280763,-0.657037
1.236565,-0.665739
1.235832,-0.674442
1.197250,-0.683144
1.201320,-0.691847
1.211748,-0.700549
1.204878,-0.709252
1.198879,-0.717954
1.193649,-0.726657
1.189101,-0.735359
1.164692,-0.744061
1.153132,-0.752764
1.153696,-0.761466
1.175072,-0.770169
1.155462,-0.778871
1.156642,-0.787574
1.161233,-0.796276
1.164059,-0.804979
1.166988,-0.813681
1.170021,-0.822384
1.173159,-0.831086
1.155397,-0.839789
1.137623,-0.848491
1.140962,-0.857194
1.144408,-0.865896
1.147963,-0.874599
1.151627,-0.883301
1.155404,-0.892003
1.159294,-0.900706
1.163299,-0.909408
1.167421,-0.918111
1.171662,-0.926813
1.176024,-0.935516
1.180508,-0.944218
1.185118,-0.952921
1.189855,-0.961623
1.194721,-0.970326
1.199718,-0.979028
1.204850,-0.987731
1.210119,-0.996433
1.215526,-1.005136
1.221076,-1.013838
1.226770,-1.022541
1.232612,-1.031243
1.238605,-1.039946
1.244752,-1.048648
1.251056,-1.057350
1.257520,-1.066053
1.264148,-1.074755
1.223871,-1.083458
1.230580,-1.092160
1.237458,-1.100863
1.220575,-1.109565
1.227663,-1.118268
1.234928,-1.126970
1.242375,-1.135673
1.225498,-1.144375
1.208505,-1.153078
1.216210,-1.161780
1.224107,-1.170483
1.207055,-1.179185
1.215184,-1.187888
1.223517,-1.196590
1.232059,-1.205293
1.240817,-1.213995
1.249796,-1.222697
1.259002,-1.231400
1.242016,-1.240102
1.224868,-1.248805
1.234383,-1.257507
1.244143,-1.266210
1.254154,-1.274912
1.264425,-1.283615
1.274963,-1.292317
1.285778,-1.301020
1.296876,-1.309722
1.294001,-1.318425
1.310867,-1.327127
1.327548,-1.335830
1.344054,-1.344532
1.333185,-1.353235
1.349582,-1.361937
1.365823,-1.370639
1.381918,-1.379342
1.397872,-1.388044
1.413695,-1.396747
1.429394,-1.405449
1.444974,-1.414152
1.460444,-1.422854
1.475809,-1.431557
1.491077,-1.440259
1.506253,-1.448962
1.521343,-1.457664
1.536353,-1.466367
1.551289,-1.475069
1.615099,-1.483772
1.605284,-1.492474
1.619885,-1.501177
1.634437,-1.509879
1.672841,-1.518582
1.687174,-1.527284
1.701475,-1.535986
1.739251,-1.544689
1.753377,-1.553391
1.790743,-1.562094
1.804722,-1.570796
