scan.pos:-1.174838,7.099694,0.1852500.915667,1.562094
0.914207,1.553391
0.912820,1.544689
0.911508,1.535986
0.910268,1.527284
0.909101,1.518581
0.908006,1.509879
0.906982,1.501177
0.906030,1.492474
0.905149,1.483772
0.904338,1.475069
0.903597,1.466367
0.902926,1.457664
0.902325,1.448962
0.901793,1.440259
0.901331,1.431557
0.900937,1.422854
0.900613,1.414152
0.900357,1.405449
0.900170,1.396747
0.900052,1.388044
0.900002,1.379342
0.900020,1.370639
0.900108,1.361937
0.900263,1.353234
0.900488,1.344532
0.900781,1.335830
0.901143,1.327127
0.901574,1.318425
0.902074,1.309722
0.902643,1.301020
0.903282,1.292317
0.903991,1.283615
0.904770,1.274912
0.905619,1.266210
0.906539,1.257507
0.907530,1.248805
0.908592,1.240102
0.909727,1.231400
0.910933,1.222697
0.912213,1.213995
0.913565,1.205292
0.914991,1.196590
0.916492,1.187888
0.918068,1.179185
0.919719,1.170483
0.921447,1.161780
0.923251,1.153078
0.925133,1.144375
0.927094,1.135673
0.929134,1.126970
0.931254,1.118268
0.933455,1.109565
0.935737,1.100863
0.938103,1.092160
0.940552,1.083458
0.943086,1.074755
0.945706,1.066053
0.948413,1.057350
0.951209,1.048648
0.954093,1.039945
0.957069,1.031243
0.960136,1.022541
0.963296,1.013838
0.966552,1.005136
0.969903,0.996433
0.973352,0.987731
0.976901,0.979028
0.980550,0.970326
0.984302,0.961623
0.988159,0.952921
0.992121,0.944218
0.996192,0.935516
1.000373,0.926813
1.004665,0.918111
1.009072,0.909408
1.013596,0.900706
1.018237,0.892003
1.023000,0.883301
1.027887,0.874598
1.032899,0.865896
1.038040,0.857194
1.043312,0.848491
1.048718,0.839789
1.054261,0.831086
1.059944,0.822384
1.065771,0.813681
1.071744,0.804979
1.077867,0.796276
1.084143,0.787574
1.090576,0.778871
1.097170,0.770169
1.103929,0.761466
1.110857,0.752764
1.117958,0.744061
1.125237,0.735359
1.132697,0.726656
1.140345,0.717954
1.148185,0.709251
1.156222,0.700549
1.164462,0.691847
1.172910,0.683144
1.181572,0.674442
1.190454,0.665739
1.173313,0.657037
1.182451,0.648334
1.191824,0.639632
1.201438,0.630929
1.211302,0.622227
1.221423,0.613524
1.231810,0.604822
1.242469,0.596119
1.238168,0.587417
1.257499,0.578714
1.250381,0.570012
1.270059,0.561309
1.291924,0.552607
1.284800,0.543905
1.304696,0.535202
1.328315,0.526500
1.348439,0.517797
1.347180,0.509095
1.367781,0.500392
1.388283,0.491690
1.389553,0.482987
1.410599,0.474285
1.431581,0.465582
1.435496,0.456880
1.457102,0.448177
1.478681,0.439475
1.509992,0.430772
1.507685,0.422070
1.529998,0.413367
1.563844,0.404665
1.562823,0.395962
1.586025,0.387260
1.622671,0.378558
1.646695,0.369855
1.670844,0.361153
1.687119,0.352450
1.712382,0.343748
1.737838,0.335045
1.757969,0.326343
1.784726,0.317640
1.811756,0.308938
1.839081,0.300235
1.887305,0.291533
1.916135,0.282830
1.945366,0.274128
1.975031,0.265425
2.007067,0.256723
2.060833,0.248020
2.092993,0.239318
2.130899,0.230615
2.165484,0.221913
2.222567,0.213211
2.258634,0.204508
2.305524,0.195806
2.366234,0.187103
2.406420,0.178401
2.469124,0.169698
2.527189,0.160996
2.593823,0.152293
2.661849,0.143591
2.731399,0.134888
2.803818,0.126186
2.878814,0.117483
2.955920,0.108781
3.056215,0.100078
3.126925,0.091376
3.234885,0.082673
3.345998,0.073971
3.460623,0.065269
3.578686,0.056566
3.704727,0.047864
3.856426,0.039161
3.993306,0.030459
4.170621,0.021756
4.325519,0.013054
4.509540,0.004351
4.744187,-0.004351
4.949512,-0.013054
5.226994,-0.021756
5.508158,-0.030459
5.848616,-0.039161
6.170941,-0.047864
6.610516,-0.056566
7.043152,-0.065269
7.557535,-0.073971
2.328685,-0.578714
2.283508,-0.587417
2.239471,-0.596119
2.043380,-0.604822
1.908431,-0.613524
1.867477,-0.622227
1.849456,-0.630929
1.810128,-0.639632
1.771134,-0.648334
1.756523,-0.657037
1.720154,-0.665739
1.686802,-0.674442
1.652344,-0.683144
1.641154,-0.691847
1.607626,-0.700549
1.580456,-0.709252
1.571638,-0.717954
1.540040,-0.726657
1.516774,-0.735359
1.486851,-0.744061
1.480425,-0.752764
1.461422,-0.761466
1.432537,-0.770169
1.427869,-0.778871
1.399356,-0.787574
1.384725,-0.796276
1.357099,-0.804979
1.354202,-0.813681
1.342775,-0.822384
1.316104,-0.831086
1.289422,-0.839789
1.280827,-0.848491
1.280299,-0.857194
1.248208,-0.865896
1.248609,-0.874599
1.223227,-0.883301
1.219386,-0.892003
1.220941,-0.900706
1.196108,-0.909408
1.168040,-0.918111
1.170481,-0.926813
1.171090,-0.935516
1.147027,-0.944218
1.149416,-0.952921
1.125672,-0.961623
1.129931,-0.970326
1.123397,-0.979028
1.113849,-0.987731
1.104546,-0.996433
1.095480,-1.005136
1.086643,-1.013838
1.078029,-1.022541
1.069632,-1.031243
1.061444,-1.039946
1.053461,-1.048648
1.045676,-1.057350
1.038083,-1.066053
1.030678,-1.074755
1.023455,-1.083458
1.016409,-1.092160
1.009537,-1.100863
1.002832,-1.109565
0.996291,-1.118268
0.965531,-1.126970
0.959459,-1.135673
0.953535,-1.144375
0.947755,-1.153078
0.942117,-1.161780
0.960631,-1.170483
0.979005,-1.179185
0.973501,-1.187888
0.968132,-1.196590
0.962895,-1.205293
0.957787,-1.213995
0.952805,-1.222697
0.947946,-1.231400
0.943208,-1.240102
0.938588,-1.248805
0.934084,-1.257507
0.929693,-1.266210
0.925414,-1.274912
0.921244,-1.283615
0.917180,-1.292317
0.913222,-1.301020
0.909367,-1.309722
0.905612,-1.318425
0.901957,-1.327127
0.898400,-1.335830
0.894938,-1.344532
0.891571,-1.353235
0.888296,-1.361937
0.885112,-1.370639
0.882018,-1.379342
0.879012,-1.388044
0.876093,-1.396747
0.873260,-1.405449
0.870511,-1.414152
0.867845,-1.422854
0.865262,-1.431557
0.862759,-1.440259
0.860336,-1.448962
0.857991,-1.457664
0.876596,-1.466367
0.895170,-1.475069
0.892953,-1.483772
0.890814,-1.492474
0.888754,-1.501177
0.886770,-1.509879
0.884862,-1.518582
0.883029,-1.527284
0.881271,-1.535986
0.900042,-1.544689
0.898394,-1.553391
0.896819,-1.562094
0.895319,-1.570796
