scan.pos:6.521370,2.473744,-2.3147501.608577,1.562094
1.589469,1.553391
1.572603,1.544689
1.554755,1.535986
1.538138,1.527284
1.486969,1.518581
1.474216,1.509879
1.461791,1.501177
1.449683,1.492474
1.437882,1.483772
1.380703,1.475069
1.369849,1.466367
1.359267,1.457664
1.348950,1.448962
1.338889,1.440259
1.329078,1.431557
1.319509,1.422854
1.310176,1.414152
1.301072,1.405449
1.292192,1.396747
1.283529,1.388044
1.275078,1.379342
1.266834,1.370639
1.258791,1.361937
1.250943,1.353234
1.243288,1.344532
1.235819,1.335830
1.228532,1.327127
1.221423,1.318425
1.214487,1.309722
1.207722,1.301020
1.201122,1.292317
1.194685,1.283615
1.188406,1.274912
1.182282,1.266210
1.176311,1.257507
1.170488,1.248805
1.164811,1.240102
1.159276,1.231400
1.153881,1.222697
1.148624,1.213995
1.143500,1.205292
1.138509,1.196590
1.133646,1.187888
1.128911,1.179185
1.124301,1.170483
1.119812,1.161780
1.115445,1.153078
1.111195,1.144375
1.107062,1.135673
1.103043,1.126970
1.099136,1.118268
1.095340,1.109565
1.091653,1.100863
1.088074,1.092160
1.084600,1.083458
1.081230,1.074755
1.077963,1.066053
1.074798,1.057350
1.071732,1.048648
1.068765,1.039945
1.065895,1.031243
1.063121,1.022541
1.060442,1.013838
1.057858,1.005136
1.055365,0.996433
1.052965,0.987731
1.050655,0.979028
1.048435,0.970326
1.046304,0.961623
1.044261,0.952921
1.001430,0.944218
0.999634,0.935516
0.997920,0.926813
0.996288,0.918111
0.994737,0.909408
0.993266,0.900706
0.991874,0.892003
0.990562,0.883301
0.989329,0.874598
0.988174,0.865896
0.987097,0.857194
0.986097,0.848491
0.985174,0.839789
0.984327,0.831086
0.983557,0.822384
0.982863,0.813681
0.982245,0.804979
0.981702,0.796276
0.941184,0.787574
0.940808,0.778871
0.940503,0.770169
0.940271,0.761466
0.940110,0.752764
0.940020,0.744061
0.940002,0.735359
0.940056,0.726656
0.940181,0.717954
0.940378,0.709251
0.940647,0.700549
0.940988,0.691847
0.941400,0.683144
0.941885,0.674442
0.942442,0.665739
0.943071,0.657037
0.943774,0.648334
0.944549,0.639632
0.945398,0.630929
0.946320,0.622227
0.947316,0.613524
0.948387,0.604822
0.949532,0.596119
0.950753,0.587417
0.952050,0.578714
0.953422,0.570012
0.954872,0.561309
0.956399,0.552607
0.958004,0.543905
0.959687,0.535202
0.961450,0.526500
0.963292,0.517797
0.965216,0.509095
0.967221,0.500392
0.969308,0.491690
0.971479,0.482987
0.973733,0.474285
0.976072,0.465582
0.978498,0.456880
0.981010,0.448177
0.983611,0.439475
0.986300,0.430772
0.989080,0.422070
0.991952,0.413367
0.994916,0.404665
0.997974,0.395962
1.001127,0.387260
1.004377,0.378558
1.007725,0.369855
1.011173,0.361153
1.014722,0.352450
1.018374,0.343748
1.022131,0.335045
1.025993,0.326343
1.029964,0.317640
1.034045,0.308938
1.038237,0.300235
1.042544,0.291533
1.046966,0.282830
1.051506,0.274128
1.056167,0.265425
1.060950,0.256723
1.065859,0.248020
1.070895,0.239318
1.076061,0.230615
1.081360,0.221913
1.086794,0.213211
1.092368,0.204508
1.098082,0.195806
1.103941,0.187103
1.109948,0.178401
1.116107,0.169698
1.122420,0.160996
1.128891,0.152293
1.135524,0.143591
1.142323,0.134888
1.149292,0.126186
1.156435,0.117483
1.163757,0.108781
1.171262,0.100078
1.178955,0.091376
1.186840,0.082673
1.194923,0.073971
1.203210,0.065269
1.211704,0.056566
1.220414,0.047864
1.229344,0.039161
1.238500,0.030459
1.247890,0.021756
1.257519,0.013054
1.267395,0.004351
1.277526,-0.004351
1.287920,-0.013054
1.298583,-0.021756
1.309525,-0.030459
1.320754,-0.039161
1.326461,-0.047864
1.315085,-0.056566
1.331745,-0.065269
1.348229,-0.073971
1.364546,-0.082674
1.380703,-0.091376
1.396709,-0.100078
1.412572,-0.108781
1.428300,-0.117483
1.417647,-0.126186
1.407259,-0.134888
1.448872,-0.143591
1.438624,-0.152293
1.454139,-0.160996
1.469552,-0.169698
1.510034,-0.178401
1.500092,-0.187103
1.540073,-0.195806
1.530294,-0.204508
1.520755,-0.213211
1.535826,-0.221913
1.550831,-0.230616
1.565776,-0.239318
1.580664,-0.248021
1.595503,-0.256723
1.633976,-0.265425
1.648599,-0.274128
1.663189,-0.282830
1.677750,-0.291533
1.622741,-0.300235
1.614544,-0.308938
1.606552,-0.317640
1.575920,-0.326343
1.500240,-0.335045
1.493258,-0.343748
1.486454,-0.352450
1.479824,-0.361153
1.361746,-0.369855
1.311473,-0.378558
1.283860,-0.387260
1.278616,-0.395963
1.229598,-0.404665
1.224802,-0.413367
1.220136,-0.422070
1.215597,-0.430772
1.167928,-0.439475
1.163791,-0.448177
1.138295,-0.456880
1.134463,-0.465582
1.130743,-0.474285
1.127133,-0.482987
1.123631,-0.491690
1.077963,-0.500392
1.074798,-0.509095
1.071732,-0.517797
1.068765,-0.526500
1.065895,-0.535202
1.063121,-0.543905
1.060442,-0.552607
1.057858,-0.561310
1.055365,-0.570012
1.052965,-0.578714
1.050655,-0.587417
1.048435,-0.596119
1.046304,-0.604822
1.044261,-0.613524
1.042305,-0.622227
1.040435,-0.630929
1.038652,-0.639632
1.036953,-0.648334
1.035338,-0.657037
1.033807,-0.665739
1.032359,-0.674442
1.030993,-0.683144
1.029710,-0.691847
1.028508,-0.700549
1.027386,-0.709252
1.026346,-0.717954
1.025385,-0.726657
1.024504,-0.735359
1.023703,-0.744061
1.022980,-0.752764
1.022337,-0.761466
1.021772,-0.770169
1.021285,-0.778871
1.020877,-0.787574
1.020546,-0.796276
1.060305,-0.804979
1.060124,-0.813681
1.060023,-0.822384
1.060003,-0.831086
1.060063,-0.839789
1.060205,-0.848491
1.060427,-0.857194
1.080744,-0.865896
1.081135,-0.874599
1.121668,-0.883301
1.122246,-0.892003
1.122909,-0.900706
1.123659,-0.909408
1.164657,-0.918111
1.165614,-0.926813
1.166661,-0.935516
1.228202,-0.944218
1.229495,-0.952921
1.351956,-0.961623
1.353589,-0.970326
1.416015,-0.979028
1.498972,-0.987731
1.501133,-0.996433
1.523732,-1.005136
1.526168,-1.013838
1.589878,-1.022541
1.694766,-1.031243
1.759248,-1.039946
1.844603,-1.048648
1.909895,-1.057350
1.913862,-1.066053
1.979863,-1.074755
1.984297,-1.083458
2.030337,-1.092160
2.097517,-1.100863
2.165187,-1.109565
2.275109,-1.118268
2.281140,-1.126970
2.350333,-1.135673
2.356957,-1.144375
2.406010,-1.153078
5.378228,-1.161780
5.394759,-1.170483
5.411806,-1.179185
5.429375,-1.187888
5.447474,-1.196590
5.466113,-1.205293
5.485298,-1.213995
5.505040,-1.222697
5.525346,-1.231400
5.589886,-1.240102
5.611519,-1.248805
5.677754,-1.257507
5.700774,-1.266210
5.724419,-1.274912
5.770977,-1.283615
5.796004,-1.292317
5.821694,-1.301020
5.848061,-1.309722
5.875116,-1.318425
5.902875,-1.327127
5.931351,-1.335830
5.960559,-1.344532
5.990515,-1.353235
6.021235,-1.361937
6.029371,-1.370639
6.014566,-1.379342
6.047295,-1.388044
6.080846,-1.396747
6.115241,-1.405449
6.150497,-1.414152
6.234957,-1.422854
