scan.pos:1.457410,6.709377,-0.3647501.360100,1.562094
1.364699,1.553391
1.369434,1.544689
1.374308,1.535986
1.379321,1.527284
1.384477,1.518581
1.389778,1.509879
1.395226,1.501177
1.400824,1.492474
1.406575,1.483772
1.412481,1.475069
1.418546,1.466367
1.424772,1.457664
1.431162,1.448962
1.437719,1.440259
1.444448,1.431557
1.451351,1.422854
1.458432,1.414152
1.465694,1.405449
1.473142,1.396747
1.480780,1.388044
1.488610,1.379342
1.496639,1.370639
1.504870,1.361937
1.513308,1.353234
1.521958,1.344532
1.530824,1.335830
1.539912,1.327127
1.549228,1.318425
1.558776,1.309722
1.568563,1.301020
1.578594,1.292317
1.588877,1.283615
1.599417,1.274912
1.610221,1.266210
1.621296,1.257507
1.632650,1.248805
1.644290,1.240102
1.656225,1.231400
1.668462,1.222697
1.681010,1.213995
1.693878,1.205292
1.707075,1.196590
1.720613,1.187888
1.734499,1.179185
1.748746,1.170483
1.763364,1.161780
1.778365,1.153078
1.793762,1.144375
1.796971,1.135673
1.825239,1.126970
1.825834,1.118268
1.854241,1.109565
1.855454,1.100863
1.884052,1.092160
1.912661,1.083458
1.914759,1.074755
1.943647,1.066053
1.946452,1.057350
1.975677,1.048648
2.005001,1.039945
2.008852,1.031243
2.038610,1.022541
2.068524,1.013838
2.098616,1.005136
2.103993,0.996433
2.134664,0.987731
2.165575,0.979028
2.196750,0.970326
2.214838,0.961623
2.247357,0.952921
2.280223,0.944218
2.302336,0.935516
2.336748,0.926813
2.371605,0.918111
2.398142,0.909408
2.434786,0.900706
2.471991,0.892003
2.509794,0.883301
2.542722,0.874598
2.582705,0.865896
2.646214,0.857194
2.664960,0.848491
2.727931,0.839789
2.772044,0.831086
2.817147,0.822384
2.864222,0.813681
2.912520,0.804979
2.984135,0.796276
3.034888,0.787574
3.092204,0.778871
3.147009,0.770169
3.225204,0.761466
3.283335,0.752764
3.343357,0.744061
3.416710,0.735359
3.503746,0.726656
3.593037,0.717954
3.663476,0.709251
3.753861,0.700549
3.852896,0.691847
3.955142,0.683144
4.060884,0.674442
4.173635,0.665739
4.289405,0.657037
4.409849,0.648334
4.556233,0.639632
4.687386,0.630929
4.839372,0.622227
5.006983,0.613524
5.182293,0.604822
5.366180,0.596119
5.565750,0.587417
5.773585,0.578714
6.034724,0.570012
6.268903,0.561309
6.539409,0.552607
6.651917,0.543905
6.642201,0.535202
6.617617,0.526500
6.622880,0.517797
6.596785,0.509095
6.588340,0.500392
6.580416,0.491690
6.573011,0.482987
6.566123,0.474285
6.559748,0.465582
6.553885,0.456880
6.548529,0.448177
6.543681,0.439475
6.539337,0.430772
6.535496,0.422070
6.532157,0.413367
6.529318,0.404665
6.526979,0.395962
6.525138,0.387260
6.523795,0.378558
6.522949,0.369855
6.522600,0.361153
6.522748,0.352450
6.523392,0.343748
6.524534,0.335045
6.526173,0.326343
6.528310,0.317640
6.530946,0.308938
6.534082,0.300235
6.537719,0.291533
6.541859,0.282830
6.546502,0.274128
6.551652,0.265425
6.557309,0.256723
6.563477,0.248020
6.570157,0.239318
6.577352,0.230615
6.585064,0.221913
6.593298,0.213211
6.602055,0.204508
6.611341,0.195806
6.621156,0.187103
6.631507,0.178401
6.642397,0.169698
6.653831,0.160996
6.665812,0.152293
6.678347,0.143591
6.691438,0.134888
6.705093,0.126186
6.719317,0.117483
6.734115,0.108781
6.749493,0.100078
6.765458,0.091376
6.782017,0.082673
6.799176,0.073971
6.816942,0.065269
6.835323,0.056566
6.854328,0.047864
6.873963,0.039161
6.894237,0.030459
6.915160,0.021756
6.936739,0.013054
6.958986,0.004351
6.981909,-0.004351
7.005519,-0.013054
7.029826,-0.021756
7.054842,-0.030459
7.080577,-0.039161
7.107044,-0.047864
7.134255,-0.056566
7.162223,-0.065269
7.190961,-0.073971
7.220482,-0.082674
7.250801,-0.091376
7.281933,-0.100078
7.313892,-0.108781
7.346696,-0.117483
7.380359,-0.126186
7.414900,-0.134888
7.450336,-0.143591
7.486684,-0.152293
7.523965,-0.160996
7.562198,-0.169698
7.601403,-0.178401
7.641602,-0.187103
7.682816,-0.195806
7.725069,-0.204508
7.768384,-0.213211
7.736156,-0.387260
7.665448,-0.395963
7.598982,-0.404665
7.509595,-0.413367
7.399767,-0.422070
7.288355,-0.430772
7.226440,-0.439475
5.702335,-0.448177
5.628158,-0.456880
5.528437,-0.465582
5.457676,-0.474285
5.281453,-0.482987
5.187962,-0.491690
5.122617,-0.500392
4.901748,-0.509095
4.788301,-0.517797
4.676843,-0.526500
4.464942,-0.535202
4.408803,-0.543905
4.379005,-0.552607
4.349936,-0.561310
4.321578,-0.570012
4.293911,-0.578714
4.266920,-0.587417
4.240587,-0.596119
4.239193,-0.604822
4.213984,-0.613524
4.189390,-0.622227
4.213147,-0.630929
4.189472,-0.639632
4.213597,-0.648334
4.214296,-0.657037
4.219429,-0.665739
4.199699,-0.674442
4.251294,-0.683144
4.281207,-0.691847
4.335626,-0.700549
4.323173,-0.709252
4.358255,-0.717954
4.395175,-0.726657
4.411552,-0.735359
4.407775,-0.744061
4.451042,-0.752764
4.429995,-0.761466
4.456005,-0.770169
4.506648,-0.778871
4.537975,-0.787574
4.528567,-0.796276
4.587790,-0.804979
4.624537,-0.813681
4.672731,-0.822384
4.699429,-0.831086
4.769174,-0.839789
4.838813,-0.848491
4.844473,-0.857194
4.892924,-0.865896
4.899117,-0.874599
4.968951,-0.883301
4.975629,-0.892003
5.024612,-0.900706
5.031855,-0.909408
5.060312,-0.918111
5.109822,-0.926813
5.097177,-0.935516
5.126410,-0.944218
5.115129,-0.952921
5.153685,-0.961623
5.137283,-0.970326
5.128628,-0.979028
5.133023,-0.987731
5.123224,-0.996433
5.113851,-1.005136
5.104899,-1.013838
5.096367,-1.022541
5.088250,-1.031243
5.039977,-1.039946
5.032739,-1.048648
5.025904,-1.057350
5.019470,-1.066053
5.013433,-1.074755
5.007792,-1.083458
5.002543,-1.092160
4.997687,-1.100863
4.993219,-1.109565
4.989139,-1.118268
4.985445,-1.126970
4.982136,-1.135673
4.979210,-1.144375
4.976666,-1.153078
4.974503,-1.161780
4.972721,-1.170483
4.971318,-1.179185
4.950292,-1.187888
4.949649,-1.196590
2.040003,-1.205293
2.040049,-1.213995
2.000246,-1.222697
1.920572,-1.231400
0.920505,-1.240102
0.800702,-1.248805
0.801025,-1.257507
0.801409,-1.266210
0.801856,-1.274912
0.802363,-1.283615
0.802933,-1.292317
0.763386,-1.301020
0.743939,-1.309722
0.744639,-1.318425
0.745396,-1.327127
0.705877,-1.335830
0.706705,-1.344532
0.707588,-1.353235
0.708528,-1.361937
0.709525,-1.370639
0.710578,-1.379342
0.711689,-1.388044
0.692490,-1.396747
0.673280,-1.405449
0.674492,-1.414152
0.675761,-1.422854
0.677085,-1.431557
0.657907,-1.440259
0.659303,-1.448962
0.660755,-1.457664
0.662264,-1.466367
0.663830,-1.475069
0.665455,-1.483772
0.667139,-1.492474
0.668882,-1.501177
0.670686,-1.509879
0.672550,-1.518582
0.674477,-1.527284
0.676466,-1.535986
0.678519,-1.544689
0.680637,-1.553391
0.661481,-1.562094
0.642252,-1.570796
