scan.pos:6.648987,2.809508,-1.9147501.413822,1.562094
1.418310,1.553391
1.422934,1.544689
1.427698,1.535986
1.432604,1.527284
1.437653,1.518581
1.442848,1.509879
1.448191,1.501177
1.453686,1.492474
1.459333,1.483772
1.465137,1.475069
1.471099,1.466367
1.477224,1.457664
1.483513,1.448962
1.489969,1.440259
1.496597,1.431557
1.503399,1.422854
1.510378,1.414152
1.517539,1.405449
1.524884,1.396747
1.532419,1.388044
1.540146,1.379342
1.548069,1.370639
1.556194,1.361937
1.564525,1.353234
1.573065,1.344532
1.581820,1.335830
1.590796,1.327127
1.599996,1.318425
1.609426,1.309722
1.619092,1.301020
1.629000,1.292317
1.639156,1.283615
1.649565,1.274912
1.660235,1.266210
1.671172,1.257507
1.682382,1.248805
1.693874,1.240102
1.705655,1.231400
1.717733,1.222697
1.730115,1.213995
1.742811,1.205292
1.755830,1.196590
1.783440,1.187888
1.806710,1.179185
1.803821,1.170483
1.828571,1.161780
1.826744,1.153078
1.853004,1.144375
1.880151,1.135673
1.880061,1.126970
1.901631,1.118268
1.885369,1.109565
1.924937,1.100863
1.936516,1.092160
1.948052,1.083458
1.932513,1.074755
1.917365,1.066053
1.902596,1.057350
1.888196,1.048648
1.874154,1.039945
1.860459,1.031243
1.847103,1.022541
1.834077,1.013838
1.821370,1.005136
1.808975,0.996433
1.796883,0.987731
1.785087,0.979028
1.773579,0.970326
1.762352,0.961623
1.751399,0.952921
1.740713,0.944218
1.730287,0.935516
1.720116,0.926813
1.662338,0.918111
1.652929,0.909408
1.643750,0.900706
1.634796,0.892003
1.626062,0.883301
1.594262,0.874598
1.586073,0.865896
1.578088,0.857194
1.570303,0.848491
1.562711,0.839789
1.555311,0.831086
1.548098,0.822384
1.541069,0.813681
1.534219,0.804979
1.527546,0.796276
1.521045,0.787574
1.514715,0.778871
1.508552,0.770169
1.502552,0.761466
1.496714,0.752764
1.491034,0.744061
1.485510,0.735359
1.480138,0.726656
1.474917,0.717954
1.469845,0.709251
1.464918,0.700549
1.460136,0.691847
1.455494,0.683144
1.450993,0.674442
1.446629,0.665739
1.442400,0.657037
1.438306,0.648334
1.434343,0.639632
1.430511,0.630929
1.426808,0.622227
1.423232,0.613524
1.419782,0.604822
1.416456,0.596119
1.413253,0.587417
1.410172,0.578714
1.407211,0.570012
1.404369,0.561309
1.401645,0.552607
1.399038,0.543905
1.396546,0.535202
1.394170,0.526500
1.391907,0.517797
1.389758,0.509095
1.387721,0.500392
1.385795,0.491690
1.383979,0.482987
1.382274,0.474285
1.380677,0.465582
1.379189,0.456880
1.377810,0.448177
1.376537,0.439475
1.375372,0.430772
1.374313,0.422070
1.333248,0.413367
1.332426,0.404665
1.331707,0.395962
1.331089,0.387260
1.330573,0.378558
1.330159,0.369855
1.329846,0.361153
1.329635,0.352450
1.329525,0.343748
1.329516,0.335045
1.329609,0.326343
1.329803,0.317640
1.330098,0.308938
1.330495,0.300235
1.310971,0.291533
1.291530,0.282830
1.292212,0.274128
1.292992,0.265425
1.293872,0.256723
1.294851,0.248020
1.295931,0.239318
1.297112,0.230615
1.298394,0.221913
1.299777,0.213211
1.301262,0.204508
1.302851,0.195806
1.304542,0.187103
1.306338,0.178401
1.308238,0.169698
1.310244,0.160996
1.312356,0.152293
1.314575,0.143591
1.316902,0.134888
1.319338,0.126186
1.321884,0.117483
1.324541,0.108781
1.327310,0.100078
1.330192,0.091376
1.333188,0.082673
1.336300,0.073971
1.339528,0.065269
1.342875,0.056566
1.325601,0.047864
1.349928,0.039161
1.353638,0.030459
1.357472,0.021756
1.361431,0.013054
1.365518,0.004351
1.369735,-0.004351
1.374082,-0.013054
1.378563,-0.021756
1.383178,-0.030459
1.387930,-0.039161
1.392822,-0.047864
1.397855,-0.056566
1.403032,-0.065269
1.408355,-0.073971
1.413826,-0.082674
1.419449,-0.091376
1.425226,-0.100078
1.431159,-0.108781
1.437252,-0.117483
1.443507,-0.126186
1.449928,-0.134888
1.456518,-0.143591
1.463280,-0.152293
1.470217,-0.160996
1.477333,-0.169698
1.484633,-0.178401
1.492119,-0.187103
1.499795,-0.195806
1.507667,-0.204508
1.515738,-0.213211
1.524012,-0.221913
1.532494,-0.230616
1.541189,-0.239318
1.550103,-0.248021
1.559239,-0.256723
1.568604,-0.265425
1.578203,-0.274128
1.588042,-0.282830
1.598126,-0.291533
1.608463,-0.300235
1.619059,-0.308938
1.629920,-0.317640
1.641054,-0.326343
1.652467,-0.335045
1.664168,-0.343748
1.676165,-0.352450
1.688465,-0.361153
1.701077,-0.369855
1.714011,-0.378558
1.727276,-0.387260
1.740881,-0.395963
1.754837,-0.404665
1.741715,-0.413367
1.756177,-0.422070
1.771017,-0.430772
1.786247,-0.439475
1.788167,-0.448177
1.772875,-0.456880
1.813388,-0.465582
1.798411,-0.474285
1.838323,-0.482987
1.850697,-0.491690
1.836190,-0.500392
1.822046,-0.509095
1.861091,-0.517797
1.847250,-0.526500
1.885811,-0.535202
1.898116,-0.543905
1.936049,-0.552607
1.948119,-0.561310
1.985479,-0.570012
1.921928,-0.578714
1.909311,-0.587417
1.872189,-0.596119
1.786367,-0.604822
1.652747,-0.613524
1.642662,-0.622227
1.511783,-0.630929
1.502896,-0.639632
1.446372,-0.648334
1.438185,-0.657037
1.430199,-0.665739
1.398877,-0.674442
1.391404,-0.683144
1.337550,-0.691847
1.330681,-0.700549
1.323982,-0.709252
1.317449,-0.717954
1.311081,-0.726657
1.304872,-0.735359
1.298820,-0.744061
1.292923,-0.752764
1.287176,-0.761466
1.281577,-0.770169
1.276124,-0.778871
1.270813,-0.787574
1.265642,-0.796276
1.260609,-0.804979
1.255710,-0.813681
1.250945,-0.822384
1.246310,-0.831086
1.241803,-0.839789
1.237423,-0.848491
1.233168,-0.857194
1.229034,-0.865896
1.225022,-0.874599
1.221128,-0.883301
1.217351,-0.892003
1.213690,-0.900706
1.210142,-0.909408
1.227712,-0.918111
1.245276,-0.926813
1.241950,-0.935516
1.238085,-0.944218
1.235630,-0.952921
1.232634,-0.961623
1.229747,-0.970326
1.247605,-0.979028
1.244885,-0.987731
1.242271,-0.996433
1.280780,-1.005136
1.278296,-1.013838
1.275918,-1.022541
1.273646,-1.031243
1.312199,-1.039946
1.310070,-1.048648
1.308047,-1.057350
1.346661,-1.066053
1.365030,-1.074755
1.363241,-1.083458
1.462494,-1.092160
1.480968,-1.100863
1.479372,-1.109565
1.477892,-1.118268
1.536835,-1.126970
1.535534,-1.135673
1.534352,-1.144375
1.613514,-1.153078
1.612519,-1.161780
1.611648,-1.170483
1.630924,-1.179185
1.630292,-1.187888
1.649795,-1.196590
1.689417,-1.205293
1.789158,-1.213995
1.789010,-1.222697
1.788999,-1.231400
1.849128,-1.240102
1.929415,-1.248805
1.929843,-1.257507
1.930419,-1.266210
1.991209,-1.274912
2.032170,-1.283615
2.033241,-1.292317
2.054523,-1.301020
2.096056,-1.309722
2.097644,-1.318425
2.159692,-1.327127
2.222013,-1.335830
2.224209,-1.344532
2.287057,-1.353235
2.330035,-1.361937
2.353086,-1.370639
2.396607,-1.379342
2.399906,-1.388044
2.443978,-1.396747
2.447726,-1.405449
5.688016,-1.414152
5.481017,-1.422854
5.354933,-1.431557
5.319992,-1.440259
5.339772,-1.448962
5.350504,-1.457664
5.361689,-1.466367
5.373331,-1.475069
5.385434,-1.483772
5.398003,-1.492474
5.411045,-1.501177
5.424564,-1.509879
5.438566,-1.518582
5.453056,-1.527284
5.468042,-1.535986
5.483529,-1.544689
5.499524,-1.553391
5.516033,-1.562094
5.533065,-1.570796
