scan.pos:5.208285,5.662204,1.9184354.008048,1.562094
3.995565,1.553391
3.983463,1.544689
3.971735,1.535986
3.960377,1.527284
3.949384,1.518581
3.938750,1.509879
3.928472,1.501177
3.918545,1.492474
3.908965,1.483772
3.899729,1.475069
3.932132,1.466367
3.923478,1.457664
3.915161,1.448962
3.907175,1.440259
3.940477,1.431557
3.933069,1.422854
3.925987,1.414152
3.919229,1.405449
3.912791,1.396747
3.926975,1.388044
3.921141,1.379342
3.915622,1.370639
3.910417,1.361937
3.905521,1.353234
3.900935,1.344532
3.896656,1.335830
3.892683,1.327127
3.889013,1.318425
3.885646,1.309722
3.882580,1.301020
3.879815,1.292317
3.877348,1.283615
3.875179,1.274912
3.873308,1.266210
3.871733,1.257507
3.870454,1.248805
3.849464,1.240102
3.848779,1.231400
3.808386,1.222697
3.808289,1.213995
3.808481,1.205292
3.808964,1.196590
3.809736,1.187888
3.810800,1.179185
3.812154,1.170483
3.813800,1.161780
3.815738,1.153078
3.858071,1.144375
3.860622,1.135673
3.883550,1.126970
3.926904,1.118268
3.950519,1.109565
4.034877,1.100863
4.280943,1.092160
4.548046,1.083458
7.651045,0.909408
7.432083,0.900706
7.245915,0.892003
7.069916,0.883301
6.879315,0.874598
6.716486,0.865896
6.566966,0.857194
6.417408,0.848491
6.273039,0.839789
6.145039,0.831086
6.011321,0.822384
5.895934,0.813681
5.771451,0.804979
5.650514,0.796276
5.550786,0.787574
5.437410,0.778871
5.349063,0.770169
5.262618,0.761466
5.158442,0.752764
5.080036,0.744061
4.981375,0.735359
4.907385,0.726656
4.816453,0.717954
4.747291,0.709251
4.685456,0.700549
4.597616,0.691847
4.541561,0.683144
4.480717,0.674442
4.397852,0.665739
4.349270,0.657037
4.293218,0.648334
4.225623,0.639632
4.172585,0.630929
4.109098,0.622227
4.058789,0.613524
4.023537,0.604822
3.975856,0.596119
3.919833,0.587417
3.874409,0.578714
3.821660,0.570012
3.778291,0.561309
3.754002,0.552607
3.712681,0.543905
3.666015,0.535202
3.626410,0.526500
3.582427,0.517797
3.544391,0.509095
3.502930,0.500392
3.466327,0.491690
3.427246,0.482987
3.416718,0.474285
3.382505,0.465582
3.347231,0.456880
3.314170,0.448177
3.280989,0.439475
3.273192,0.430772
3.245078,0.422070
3.217686,0.413367
3.190993,0.404665
3.164979,0.395962
3.139622,0.387260
3.114904,0.378558
3.090806,0.369855
3.067309,0.361153
3.044397,0.352450
3.022053,0.343748
3.000262,0.335045
2.979008,0.326343
2.958276,0.317640
2.938054,0.308938
2.918326,0.300235
2.899081,0.291533
2.880306,0.282830
2.861990,0.274128
2.844120,0.265425
2.826686,0.256723
2.809677,0.248020
2.793082,0.239318
2.776893,0.230615
2.761100,0.221913
2.745693,0.213211
2.730664,0.204508
2.716004,0.195806
2.701705,0.187103
2.687760,0.178401
2.674160,0.169698
2.660900,0.160996
2.647970,0.152293
2.635366,0.143591
2.623079,0.134888
2.611105,0.126186
2.599437,0.117483
2.588068,0.108781
2.576994,0.100078
2.566209,0.091376
2.555707,0.082673
2.545485,0.073971
2.535536,0.065269
2.525856,0.056566
2.516441,0.047864
2.507285,0.039161
2.498386,0.030459
2.489739,0.021756
2.481339,0.013054
2.473184,0.004351
2.465270,-0.004351
2.457592,-0.013054
2.450148,-0.021756
2.442935,-0.030459
2.435949,-0.039161
2.429187,-0.047864
2.422646,-0.056566
2.416324,-0.065269
2.410219,-0.073971
2.404326,-0.082674
2.398645,-0.091376
2.393172,-0.100078
2.387906,-0.108781
2.382843,-0.117483
2.377983,-0.126186
2.373323,-0.134888
2.368861,-0.143591
2.364596,-0.152293
2.360526,-0.160996
2.356648,-0.169698
2.352962,-0.178401
2.349467,-0.187103
2.346160,-0.195806
2.343041,-0.204508
2.340108,-0.213211
2.337360,-0.221913
2.334796,-0.230616
2.332415,-0.239318
2.330216,-0.248021
2.328199,-0.256723
2.326362,-0.265425
2.324705,-0.274128
2.323227,-0.282830
2.321927,-0.291533
2.320806,-0.300235
2.319862,-0.308938
2.319096,-0.317640
2.318507,-0.326343
2.318094,-0.335045
2.317858,-0.343748
2.317799,-0.352450
2.317916,-0.361153
2.318210,-0.369855
2.318680,-0.378558
2.319327,-0.387260
2.320151,-0.395963
2.321153,-0.404665
2.322333,-0.413367
2.323690,-0.422070
2.325227,-0.430772
2.326943,-0.439475
2.328839,-0.448177
2.330915,-0.456880
2.333174,-0.465582
2.335614,-0.474285
2.338238,-0.482987
2.341047,-0.491690
2.344040,-0.500392
2.347221,-0.509095
2.350589,-0.517797
2.354147,-0.526500
2.357895,-0.535202
2.361835,-0.543905
2.365969,-0.552607
2.370299,-0.561310
2.374825,-0.570012
2.379550,-0.578714
2.384476,-0.587417
2.389605,-0.596119
2.394939,-0.604822
2.400480,-0.613524
2.406230,-0.622227
2.412192,-0.630929
2.418368,-0.639632
2.424761,-0.648334
2.431373,-0.657037
2.438208,-0.665739
2.445268,-0.674442
2.452557,-0.683144
2.460077,-0.691847
2.467832,-0.700549
2.475825,-0.709252
2.484059,-0.717954
2.492539,-0.726657
2.501268,-0.735359
2.510251,-0.744061
2.519491,-0.752764
2.528992,-0.761466
2.538759,-0.770169
2.548797,-0.778871
2.559111,-0.787574
2.569704,-0.796276
2.580583,-0.804979
2.591753,-0.813681
2.603219,-0.822384
2.614987,-0.831086
2.627063,-0.839789
2.639452,-0.848491
2.652162,-0.857194
2.665199,-0.865896
2.678570,-0.874599
2.692282,-0.883301
2.706342,-0.892003
2.720757,-0.900706
2.735537,-0.909408
2.750689,-0.918111
2.766222,-0.926813
2.782143,-0.935516
2.798464,-0.944218
2.815193,-0.952921
2.832340,-0.961623
2.849915,-0.970326
2.867930,-0.979028
2.886395,-0.987731
2.905322,-0.996433
2.924724,-1.005136
2.944612,-1.013838
2.964999,-1.022541
2.985900,-1.031243
3.007328,-1.039946
3.029298,-1.048648
3.051826,-1.057350
3.074928,-1.066053
3.098619,-1.074755
3.122918,-1.083458
3.147843,-1.092160
3.173412,-1.100863
3.199646,-1.109565
3.226565,-1.118268
3.254191,-1.126970
3.279156,-1.135673
3.287526,-1.144375
3.325487,-1.153078
3.363180,-1.161780
3.373896,-1.170483
3.415061,-1.179185
3.454552,-1.187888
3.498022,-1.196590
3.538883,-1.205293
3.558532,-1.213995
3.601094,-1.222697
3.592426,-1.231400
3.562418,-1.240102
3.537627,-1.248805
3.513444,-1.257507
3.489853,-1.266210
3.466839,-1.274912
3.444388,-1.283615
3.422484,-1.292317
3.401114,-1.301020
3.380266,-1.309722
3.359926,-1.318425
3.340081,-1.327127
3.320722,-1.335830
3.301835,-1.344532
3.283411,-1.353235
3.265439,-1.361937
3.247908,-1.370639
3.230809,-1.379342
3.214133,-1.388044
3.197870,-1.396747
3.182012,-1.405449
3.166551,-1.414152
3.151478,-1.422854
3.136785,-1.431557
3.122466,-1.440259
3.108512,-1.448962
3.094917,-1.457664
3.081674,-1.466367
3.068777,-1.475069
3.056219,-1.483772
3.043994,-1.492474
3.032097,-1.501177
3.020521,-1.509879
3.009262,-1.518582
2.998314,-1.527284
2.987672,-1.535986
2.977331,-1.544689
2.967287,-1.553391
2.957534,-1.562094
2.948070,-1.570796
