scan.pos:-2.130167,-3.735453,0.5852503.084891,1.562094
3.117046,1.553391
6.561109,1.388044
6.427855,1.379342
6.382686,1.370639
6.359902,1.361937
6.337762,1.353234
6.316255,1.344532
6.295371,1.335830
6.275100,1.327127
6.255435,1.318425
6.236366,1.309722
6.217885,1.301020
6.199984,1.292317
6.182655,1.283615
6.165892,1.274912
6.149685,1.266210
6.134030,1.257507
6.118919,1.248805
6.104346,1.240102
6.090305,1.231400
6.097405,1.222697
6.084367,1.213995
6.112903,1.205292
6.100813,1.196590
6.089233,1.187888
6.118983,1.179185
6.108339,1.170483
6.098196,1.161780
6.088549,1.153078
6.099675,1.144375
6.090981,1.135673
6.123223,1.126970
6.176044,1.118268
6.330075,1.109565
6.423778,1.100863
7.041165,1.092160
7.537188,1.083458
7.689685,0.839789
7.679162,0.831086
7.689444,0.822384
7.659789,0.813681
7.671245,0.804979
7.683321,0.796276
7.696022,0.787574
7.709353,0.778871
7.723320,0.770169
5.300447,0.761466
5.183053,0.752764
5.047753,0.744061
4.900498,0.735359
4.660203,0.726656
4.488671,0.717954
4.364483,0.709251
4.030979,0.700549
3.916091,0.691847
3.905458,0.683144
3.853134,0.674442
3.800815,0.665739
3.811747,0.657037
3.759590,0.648334
3.728618,0.639632
3.697740,0.630929
3.709643,0.622227
3.700489,0.613524
3.713048,0.604822
3.682845,0.596119
3.695995,0.587417
3.709524,0.578714
3.723436,0.570012
3.737739,0.561309
3.752439,0.552607
3.767543,0.543905
3.783059,0.535202
3.790665,0.526500
3.815354,0.517797
3.832150,0.509095
3.849389,0.500392
3.867079,0.491690
3.885230,0.482987
3.903850,0.474285
3.922950,0.465582
3.942540,0.456880
3.962630,0.448177
3.983230,0.439475
4.004352,0.430772
4.026008,0.422070
4.024504,0.413367
4.047130,0.404665
4.070323,0.395962
4.094097,0.387260
4.118466,0.378558
4.143445,0.369855
4.169047,0.361153
4.195290,0.352450
4.222188,0.343748
4.249759,0.335045
4.278021,0.326343
4.306992,0.317640
4.336689,0.308938
4.367135,0.300235
4.398348,0.291533
4.430350,0.282830
4.463163,0.274128
1.494921,0.265425
1.488953,0.256723
1.429552,0.248020
1.423880,0.239318
1.418551,0.230615
1.386001,0.221913
1.381110,0.213211
1.376540,0.204508
1.372288,0.195806
1.360961,0.187103
1.349427,0.178401
1.338188,0.169698
1.327235,0.160996
1.316559,0.152293
1.306153,0.143591
1.296007,0.134888
1.286115,0.126186
1.276470,0.117483
1.267064,0.108781
1.257890,0.100078
1.248943,0.091376
1.240216,0.082673
1.231703,0.073971
1.223399,0.065269
1.215298,0.056566
1.207395,0.047864
1.199685,0.039161
1.192163,0.030459
1.184824,0.021756
1.177664,0.013054
1.170679,0.004351
1.163864,-0.004351
1.143837,-0.013054
1.150731,-0.021756
1.144404,-0.030459
1.138233,-0.039161
1.132214,-0.047864
1.126343,-0.056566
1.120618,-0.065269
1.115035,-0.073971
1.109592,-0.082674
1.104285,-0.091376
1.099112,-0.100078
1.094071,-0.108781
1.089157,-0.117483
1.084370,-0.126186
1.079707,-0.134888
1.075166,-0.143591
1.070743,-0.152293
1.066438,-0.160996
1.062247,-0.169698
1.058170,-0.178401
1.054204,-0.187103
1.050347,-0.195806
1.046598,-0.204508
1.042954,-0.213211
1.039415,-0.221913
1.035978,-0.230616
1.032643,-0.239318
1.029406,-0.248021
1.026268,-0.256723
1.023227,-0.265425
1.020281,-0.274128
1.017430,-0.282830
1.014671,-0.291533
1.012004,-0.300235
1.009428,-0.308938
1.006941,-0.317640
1.004543,-0.326343
1.002232,-0.335045
1.000008,-0.343748
0.997870,-0.352450
0.995816,-0.361153
0.993847,-0.369855
0.991960,-0.378558
0.990156,-0.387260
0.988434,-0.395963
0.986793,-0.404665
0.985232,-0.413367
0.983750,-0.422070
0.982348,-0.430772
0.981025,-0.439475
0.979779,-0.448177
0.978611,-0.456880
0.977521,-0.465582
0.976507,-0.474285
0.975569,-0.482987
0.974707,-0.491690
0.973921,-0.500392
0.973210,-0.509095
0.972575,-0.517797
0.972014,-0.526500
0.971527,-0.535202
0.971115,-0.543905
0.970778,-0.552607
0.970514,-0.561310
0.970325,-0.570012
0.970209,-0.578714
0.970167,-0.587417
0.970199,-0.596119
0.970305,-0.604822
0.970485,-0.613524
0.970739,-0.622227
0.971067,-0.630929
0.971470,-0.639632
0.971947,-0.648334
0.972498,-0.657037
0.973124,-0.665739
0.973825,-0.674442
0.974601,-0.683144
0.975453,-0.691847
0.976381,-0.700549
0.977385,-0.709252
0.978466,-0.717954
0.979624,-0.726657
0.980859,-0.735359
0.982173,-0.744061
0.983564,-0.752764
0.985035,-0.761466
0.986586,-0.770169
0.988217,-0.778871
0.989929,-0.787574
0.991722,-0.796276
0.993598,-0.804979
0.995557,-0.813681
0.997599,-0.822384
0.999727,-0.831086
1.001940,-0.839789
1.004239,-0.848491
1.006626,-0.857194
1.009101,-0.865896
1.011666,-0.874599
1.014321,-0.883301
1.017067,-0.892003
1.019907,-0.900706
1.022840,-0.909408
1.025869,-0.918111
1.028995,-0.926813
1.032218,-0.935516
1.035541,-0.944218
1.038965,-0.952921
1.042490,-0.961623
1.046120,-0.970326
1.071499,-0.979028
1.075421,-0.987731
1.079454,-0.996433
1.083601,-1.005136
1.087862,-1.013838
1.136364,-1.022541
1.251807,-1.031243
1.257080,-1.039946
1.307177,-1.048648
1.335372,-1.057350
7.292207,-1.066053
7.325719,-1.074755
7.360104,-1.083458
7.395378,-1.092160
7.431561,-1.100863
7.514844,-1.109565
7.553137,-1.118268
7.592403,-1.126970
7.632664,-1.135673
7.673942,-1.144375
7.716259,-1.153078
7.759640,-1.161780
7.732183,-1.170483
7.620594,-1.179185
7.507187,-1.187888
7.433062,-1.196590
7.337006,-1.205293
7.252512,-1.213995
7.160231,-1.222697
7.078203,-1.231400
6.989336,-1.240102
6.909457,-1.248805
6.849213,-1.257507
6.771369,-1.266210
6.688535,-1.274912
6.612279,-1.283615
6.558226,-1.292317
6.479480,-1.301020
6.432271,-1.309722
6.358841,-1.318425
6.310227,-1.327127
6.235870,-1.335830
6.190167,-1.344532
6.118174,-1.353235
6.075191,-1.361937
6.033623,-1.370639
5.982353,-1.379342
5.931654,-1.388044
5.882252,-1.396747
5.834106,-1.405449
5.787179,-1.414152
5.741435,-1.422854
5.696838,-1.431557
5.653357,-1.440259
5.610958,-1.448962
5.569612,-1.457664
5.529288,-1.466367
5.489959,-1.475069
5.451597,-1.483772
5.414178,-1.492474
5.377676,-1.501177
5.342066,-1.509879
5.307327,-1.518582
5.273435,-1.527284
5.240370,-1.535986
5.208111,-1.544689
5.176639,-1.553391
5.145935,-1.562094
5.115979,-1.570796
