scan.pos:6.702941,2.960136,-1.9147501.356512,1.562094
1.360817,1.553391
1.365254,1.544689
1.369825,1.535986
1.374532,1.527284
1.379376,1.518581
1.384361,1.509879
1.389487,1.501177
1.394759,1.492474
1.400178,1.483772
1.405746,1.475069
1.411467,1.466367
1.417343,1.457664
1.423377,1.448962
1.429572,1.440259
1.435931,1.431557
1.442457,1.422854
1.449153,1.414152
1.456024,1.405449
1.463072,1.396747
1.470301,1.388044
1.477714,1.379342
1.485317,1.370639
1.493112,1.361937
1.501105,1.353234
1.509299,1.344532
1.517700,1.335830
1.526311,1.327127
1.535138,1.318425
1.544186,1.309722
1.553461,1.301020
1.562967,1.292317
1.572711,1.283615
1.582699,1.274912
1.592936,1.266210
1.603429,1.257507
1.614185,1.248805
1.625211,1.240102
1.636515,1.231400
1.648103,1.222697
1.659983,1.213995
1.672165,1.205292
1.684656,1.196590
1.697464,1.187888
1.710601,1.179185
1.724075,1.170483
1.737896,1.161780
1.752075,1.153078
1.766623,1.144375
1.781551,1.135673
1.796872,1.126970
1.806055,1.118268
1.806396,1.109565
1.834857,1.100863
1.835796,1.092160
1.864413,1.083458
1.919844,1.074755
1.904795,1.066053
1.916742,1.057350
1.955070,1.048648
1.966751,1.039945
2.004439,1.031243
2.015892,1.022541
2.027335,1.013838
2.013289,1.005136
1.999588,0.996433
1.986223,0.987731
1.973184,0.979028
1.960463,0.970326
1.948053,0.961623
1.935945,0.952921
1.924133,0.944218
1.912609,0.935516
1.901366,0.926813
1.890397,0.918111
1.879697,0.909408
1.869258,0.900706
1.859076,0.892003
1.849144,0.883301
1.839457,0.874598
1.830009,0.865896
1.820796,0.857194
1.811813,0.848491
1.757412,0.839789
1.749089,0.831086
1.740978,0.822384
1.733072,0.813681
1.725369,0.804979
1.695556,0.796276
1.688341,0.787574
1.681315,0.778871
1.674474,0.770169
1.667814,0.761466
1.661334,0.752764
1.655029,0.744061
1.648897,0.735359
1.642935,0.726656
1.637140,0.717954
1.631509,0.709251
1.626041,0.700549
1.620732,0.691847
1.615580,0.683144
1.610584,0.674442
1.605740,0.665739
1.601046,0.657037
1.596501,0.648334
1.592103,0.639632
1.587850,0.630929
1.583739,0.622227
1.579770,0.613524
1.575940,0.604822
1.572248,0.596119
1.568693,0.587417
1.565273,0.578714
1.561986,0.570012
1.558832,0.561309
1.555808,0.552607
1.552914,0.543905
1.550149,0.535202
1.547511,0.526500
1.545000,0.517797
1.542614,0.509095
1.540352,0.500392
1.538214,0.491690
1.536199,0.482987
1.534306,0.474285
1.532534,0.465582
1.530883,0.456880
1.529351,0.448177
1.527939,0.439475
1.526646,0.430772
1.525471,0.422070
1.524413,0.413367
1.523473,0.404665
1.522650,0.395962
1.521944,0.387260
1.521354,0.378558
1.520881,0.369855
1.480513,0.361153
1.480278,0.352450
1.480156,0.343748
1.480146,0.335045
1.480249,0.326343
1.480465,0.317640
1.480794,0.308938
1.481235,0.300235
1.481790,0.291533
1.482458,0.282830
1.483240,0.274128
1.484136,0.265425
1.485145,0.256723
1.446104,0.248020
1.447310,0.239318
1.448629,0.230615
1.450060,0.221913
1.451605,0.213211
1.453264,0.204508
1.455038,0.195806
1.456927,0.187103
1.458933,0.178401
1.461055,0.169698
1.463295,0.160996
1.465654,0.152293
1.468132,0.143591
1.470731,0.134888
1.473451,0.126186
1.476295,0.117483
1.479262,0.108781
1.482354,0.100078
1.485573,0.091376
1.488919,0.082673
1.492394,0.073971
1.496000,0.065269
1.499737,0.056566
1.503608,0.047864
1.507614,0.039161
1.511758,0.030459
1.516039,0.021756
1.520461,0.013054
1.525026,0.004351
1.529735,-0.004351
1.534590,-0.013054
1.539594,-0.021756
1.544748,-0.030459
1.550056,-0.039161
1.555519,-0.047864
1.561140,-0.056566
1.566921,-0.065269
1.572866,-0.073971
1.578977,-0.082674
1.585256,-0.091376
1.591708,-0.100078
1.598334,-0.108781
1.605139,-0.117483
1.612125,-0.126186
1.619296,-0.134888
1.626655,-0.143591
1.634207,-0.152293
1.641954,-0.160996
1.649902,-0.169698
1.658054,-0.178401
1.666415,-0.187103
1.674988,-0.195806
1.683779,-0.204508
1.692792,-0.213211
1.702033,-0.221913
1.711506,-0.230616
1.721217,-0.239318
1.731171,-0.248021
1.741375,-0.256723
1.751834,-0.265425
1.762554,-0.274128
1.773542,-0.282830
1.784805,-0.291533
1.796350,-0.300235
1.808183,-0.308938
1.820313,-0.317640
1.832747,-0.326343
1.845493,-0.335045
1.858561,-0.343748
1.871959,-0.352450
1.885696,-0.361153
1.899782,-0.369855
1.887642,-0.378558
1.902251,-0.387260
1.902049,-0.395963
1.927758,-0.404665
1.926909,-0.413367
1.954168,-0.422070
1.954435,-0.430772
1.983289,-0.439475
2.005108,-0.448177
1.987961,-0.456880
1.971253,-0.465582
1.982449,-0.474285
2.020868,-0.482987
2.004748,-0.491690
2.042685,-0.500392
2.053569,-0.509095
2.090861,-0.517797
2.101533,-0.526500
2.060148,-0.535202
2.045358,-0.543905
1.928292,-0.552607
1.914933,-0.561310
1.648810,-0.570012
1.637789,-0.578714
1.627038,-0.587417
1.566921,-0.596119
1.532345,-0.604822
1.473814,-0.613524
1.464822,-0.622227
1.456049,-0.630929
1.447489,-0.639632
1.439139,-0.648334
1.430993,-0.657037
1.423046,-0.665739
1.415295,-0.674442
1.407733,-0.683144
1.400359,-0.691847
1.393167,-0.700549
1.386153,-0.709252
1.379314,-0.717954
1.372646,-0.726657
1.366146,-0.735359
1.359810,-0.744061
1.353636,-0.752764
1.347619,-0.761466
1.341757,-0.770169
1.336048,-0.778871
1.330487,-0.787574
1.325074,-0.796276
1.319804,-0.804979
1.306399,-0.813681
1.331461,-0.822384
1.348222,-0.831086
1.343347,-0.839789
1.338609,-0.848491
1.334005,-0.857194
1.329534,-0.865896
1.346517,-0.874599
1.342237,-0.883301
1.338085,-0.892003
1.376313,-0.900706
1.372290,-0.909408
1.368395,-0.918111
1.364625,-0.926813
1.402761,-0.935516
1.399130,-0.944218
1.395623,-0.952921
1.392240,-0.961623
1.409664,-0.970326
1.447754,-0.979028
1.465191,-0.987731
1.503216,-0.996433
1.520689,-1.005136
1.558678,-1.013838
1.555779,-1.022541
1.553009,-1.031243
1.570726,-1.039946
1.608832,-1.048648
1.646938,-1.057350
1.685056,-1.066053
1.682717,-1.074755
1.700724,-1.083458
1.698628,-1.092160
1.696667,-1.100863
1.755262,-1.109565
1.753507,-1.118268
1.751887,-1.126970
1.850833,-1.135673
1.849408,-1.144375
1.888238,-1.153078
1.907118,-1.161780
1.986220,-1.170483
1.985299,-1.179185
1.984530,-1.187888
2.043941,-1.196590
2.043461,-1.205293
2.083140,-1.213995
2.102968,-1.222697
2.102955,-1.231400
2.143104,-1.240102
2.143416,-1.248805
2.203919,-1.257507
2.264621,-1.266210
2.265469,-1.274912
2.266490,-1.283615
2.367895,-1.292317
2.369325,-1.301020
2.391005,-1.309722
2.432981,-1.318425
2.475210,-1.327127
2.477465,-1.335830
2.540326,-1.344532
6.917595,-1.353235
6.461308,-1.361937
6.024642,-1.370639
5.749199,-1.379342
5.683834,-1.388044
5.413487,-1.396747
5.372252,-1.405449
5.356193,-1.414152
5.365250,-1.422854
5.374748,-1.431557
5.384690,-1.440259
5.395081,-1.448962
5.405924,-1.457664
5.417224,-1.466367
5.428987,-1.475069
5.441215,-1.483772
5.453915,-1.492474
5.467092,-1.501177
5.480751,-1.509879
5.494897,-1.518582
5.509538,-1.527284
5.524679,-1.535986
5.582435,-1.544689
5.598718,-1.553391
5.657883,-1.562094
5.675353,-1.570796
