scan.pos:-1.979838,4.743827,1.6352506.032689,1.562094
6.029522,1.553391
6.026818,1.544689
6.024575,1.535986
6.022791,1.527284
6.021468,1.518581
6.020603,1.509879
6.020196,1.501177
6.020249,1.492474
6.020760,1.483772
6.021729,1.475069
6.023158,1.466367
6.025046,1.457664
6.027395,1.448962
6.030205,1.440259
6.033477,1.431557
6.037212,1.422854
6.041413,1.414152
6.046080,1.405449
6.051216,1.396747
6.056822,1.388044
6.062901,1.379342
6.069454,1.370639
6.076485,1.361937
6.083996,1.353234
6.091990,1.344532
6.100471,1.335830
6.109440,1.327127
6.118904,1.318425
6.128863,1.309722
6.139324,1.301020
6.150290,1.292317
6.161765,1.283615
6.173753,1.274912
6.186261,1.266210
6.199292,1.257507
6.212853,1.248805
6.226948,1.240102
6.241584,1.231400
6.256766,1.222697
6.272501,1.213995
6.288796,1.205292
6.305657,1.196590
6.323092,1.187888
6.341107,1.179185
6.359711,1.170483
6.378911,1.161780
6.398717,1.153078
6.419137,1.144375
6.440179,1.135673
6.461854,1.126970
6.484170,1.118268
6.507138,1.109565
6.530769,1.100863
3.959805,1.092160
3.871327,1.083458
3.805886,1.074755
3.741613,1.066053
3.678424,1.057350
3.594022,1.048648
3.532671,1.039945
3.472177,1.031243
3.412473,1.022541
3.353499,1.013838
3.317912,1.005136
3.260331,0.996433
3.203315,0.987731
3.146813,0.979028
3.113944,0.970326
3.058448,0.961623
3.026739,0.952921
2.972084,0.944218
2.941391,0.935516
2.887425,0.926813
2.857613,0.918111
2.828265,0.909408
2.775143,0.900706
2.746499,0.892003
2.718240,0.883301
2.665683,0.874598
2.637969,0.865896
2.610569,0.857194
2.583463,0.848491
2.556630,0.839789
2.530051,0.831086
2.503706,0.822384
2.481593,0.813681
2.473511,0.804979
2.439274,0.796276
2.404714,0.787574
2.369813,0.778871
2.388218,0.770169
2.325965,0.761466
2.317415,0.752764
2.336389,0.744061
2.328144,0.735359
2.291989,0.726656
2.311769,0.717954
2.292417,0.709251
2.266837,0.700549
2.242251,0.691847
2.247865,0.683144
2.252711,0.674442
2.231091,0.665739
2.210428,0.657037
2.221081,0.648334
2.228992,0.639632
2.237456,0.630929
2.251806,0.622227
2.236120,0.613524
2.247014,0.604822
2.233061,0.596119
2.252779,0.587417
2.241127,0.578714
2.240038,0.570012
2.250432,0.561309
2.260864,0.552607
2.271337,0.543905
2.281854,0.535202
2.292418,0.526500
2.278992,0.517797
2.313694,0.509095
2.348177,0.500392
2.358821,0.491690
2.393032,0.482987
2.427057,0.474285
2.484167,0.465582
2.494598,0.456880
2.528136,0.448177
2.515713,0.439475
2.526401,0.430772
2.537179,0.422070
2.548049,0.413367
2.559014,0.404665
2.547688,0.395962
2.581232,0.387260
2.614686,0.378558
2.603853,0.369855
2.615318,0.361153
2.692668,0.352450
2.769618,0.343748
2.780915,0.335045
2.857375,0.326343
2.890294,0.317640
2.966248,0.308938
3.063352,0.300235
3.095896,0.291533
3.192391,0.282830
3.234886,0.274128
3.324154,0.265425
3.419537,0.256723
3.411573,0.248020
3.406312,0.239318
3.403938,0.230615
3.383783,0.221913
3.376309,0.213211
3.365684,0.204508
3.359211,0.195806
3.357251,0.187103
3.339589,0.178401
3.350155,0.169698
3.326760,0.160996
3.330874,0.152293
3.322229,0.143591
3.322277,0.134888
3.298921,0.126186
3.293360,0.117483
3.288067,0.108781
3.283041,0.100078
3.278279,0.091376
3.273780,0.082673
3.269542,0.073971
3.265564,0.065269
3.261843,0.056566
3.258379,0.047864
3.255169,0.039161
3.252213,0.030459
3.249511,0.021756
3.247059,0.013054
3.244858,0.004351
3.242907,-0.004351
3.241205,-0.013054
3.239751,-0.021756
3.238545,-0.030459
3.237586,-0.039161
3.236875,-0.047864
3.236410,-0.056566
3.236192,-0.065269
3.236220,-0.073971
3.236494,-0.082674
3.237015,-0.091376
3.237783,-0.100078
3.238798,-0.108781
3.240061,-0.117483
3.241571,-0.126186
3.243330,-0.134888
3.245338,-0.143591
3.247597,-0.152293
3.250105,-0.160996
3.252866,-0.169698
3.255880,-0.178401
3.259147,-0.187103
3.262670,-0.195806
3.266450,-0.204508
3.270487,-0.213211
3.274785,-0.221913
3.279343,-0.230616
3.284165,-0.239318
3.289252,-0.248021
3.294606,-0.256723
3.300229,-0.265425
3.306124,-0.274128
3.312292,-0.282830
3.318737,-0.291533
3.325460,-0.300235
3.332465,-0.308938
3.339755,-0.317640
3.347332,-0.326343
3.355199,-0.335045
3.363361,-0.343748
3.371819,-0.352450
3.380579,-0.361153
3.389642,-0.369855
3.399014,-0.378558
3.408699,-0.387260
3.418699,-0.395963
3.429021,-0.404665
3.439667,-0.413367
3.450644,-0.422070
3.461956,-0.430772
3.473607,-0.439475
3.485603,-0.448177
3.497950,-0.456880
3.510653,-0.465582
3.523717,-0.474285
3.537150,-0.482987
3.550957,-0.491690
3.565145,-0.500392
3.579720,-0.509095
3.594689,-0.517797
3.610061,-0.526500
3.625842,-0.535202
3.642040,-0.543905
3.658663,-0.552607
3.675720,-0.561310
3.693219,-0.570012
3.711170,-0.578714
3.729582,-0.587417
3.748463,-0.596119
3.767826,-0.604822
3.787679,-0.613524
3.808035,-0.622227
3.828903,-0.630929
1.681541,-0.639632
1.579257,-0.648334
1.572619,-0.657037
1.544950,-0.665739
1.525647,-0.674442
1.496254,-0.683144
1.491620,-0.691847
1.478419,-0.700549
1.450138,-0.709252
1.447041,-0.717954
1.418988,-0.726657
1.409652,-0.735359
1.382300,-0.744061
1.380764,-0.752764
1.353519,-0.761466
1.373974,-0.770169
1.373915,-0.778871
1.374170,-0.787574
1.371566,-0.796276
1.345901,-0.804979
1.347371,-0.813681
1.349144,-0.822384
1.350043,-0.831086
1.324972,-0.839789
1.327915,-0.848491
1.322064,-0.857194
1.282903,-0.865896
1.272159,-0.874599
1.261688,-0.883301
1.251482,-0.892003
1.241535,-0.900706
1.231837,-0.909408
1.222382,-0.918111
1.160407,-0.926813
1.151807,-0.935516
1.143421,-0.944218
1.135241,-0.952921
1.127263,-0.961623
1.119481,-0.970326
1.111890,-0.979028
1.104485,-0.987731
1.097260,-0.996433
1.090212,-1.005136
1.083336,-1.013838
1.076628,-1.022541
1.070083,-1.031243
1.063698,-1.039946
1.057468,-1.048648
1.051391,-1.057350
1.045462,-1.066053
1.039679,-1.074755
1.034037,-1.083458
1.028535,-1.092160
1.023168,-1.100863
1.017933,-1.109565
1.012829,-1.118268
1.007853,-1.126970
0.980386,-1.135673
0.975763,-1.144375
0.971256,-1.153078
0.966865,-1.161780
0.962586,-1.170483
0.958417,-1.179185
0.954357,-1.187888
0.950403,-1.196590
0.946553,-1.205293
0.942806,-1.213995
0.939160,-1.222697
0.935612,-1.231400
0.932163,-1.240102
0.928809,-1.248805
0.925549,-1.257507
0.922382,-1.266210
0.919307,-1.274912
0.916321,-1.283615
0.913424,-1.292317
0.910615,-1.301020
0.907891,-1.309722
0.905253,-1.318425
0.902699,-1.327127
0.900227,-1.335830
0.897837,-1.344532
0.895527,-1.353235
0.893297,-1.361937
0.891147,-1.370639
0.889073,-1.379342
0.887077,-1.388044
0.885158,-1.396747
0.883313,-1.405449
0.881543,-1.414152
0.879848,-1.422854
0.878225,-1.431557
0.876675,-1.440259
0.875197,-1.448962
0.873791,-1.457664
0.872455,-1.466367
0.871190,-1.475069
0.869994,-1.483772
0.868868,-1.492474
0.867811,-1.501177
0.866822,-1.509879
0.865901,-1.518582
0.865048,-1.527284
0.864263,-1.535986
0.863544,-1.544689
0.862893,-1.553391
0.862308,-1.562094
0.861789,-1.570796
