scan.pos:-2.696874,5.988214,-2.6147504.984058,1.562094
4.959074,1.553391
4.934713,1.544689
4.910963,1.535986
4.887811,1.527284
4.865244,1.518581
4.843252,1.509879
4.821824,1.501177
4.800949,1.492474
4.825001,1.483772
4.805017,1.475069
4.785561,1.466367
4.766622,1.457664
4.748194,1.448962
4.773780,1.440259
4.777862,1.431557
4.760676,1.422854
4.808545,1.414152
4.813547,1.405449
4.883016,1.396747
4.995017,1.388044
5.127922,1.379342
5.317373,1.370639
5.397334,1.361937
5.546567,1.353234
5.681060,1.344532
5.843421,1.335830
5.938254,1.327127
6.054691,1.318425
3.255425,0.970326
2.916478,0.961623
2.717802,0.952921
2.478869,0.944218
2.139219,0.935516
2.040593,0.926813
1.921789,0.918111
1.722228,0.909408
1.724225,0.900706
1.726358,0.892003
1.728628,0.883301
1.609433,0.874598
1.611802,0.865896
1.614300,0.857194
1.555844,0.848491
1.558502,0.839789
1.561287,0.831086
1.564202,0.822384
1.526225,0.813681
1.508767,0.804979
1.511947,0.796276
1.515256,0.787574
1.498007,0.778871
1.480794,0.770169
1.484397,0.761466
1.488132,0.752764
1.492000,0.744061
1.496002,0.735359
1.458126,0.726656
1.462282,0.717954
1.466574,0.709251
1.471003,0.700549
1.475572,0.691847
1.480283,0.683144
1.485137,0.674442
1.490137,0.665739
1.495285,0.657037
1.500584,0.648334
1.506035,0.639632
1.511642,0.630929
1.517406,0.622227
1.523331,0.613524
1.529419,0.604822
1.535674,0.596119
1.542098,0.587417
1.548694,0.578714
1.555466,0.570012
1.562417,0.561309
1.569551,0.552607
1.576870,0.543905
1.584380,0.535202
1.592083,0.526500
1.599984,0.517797
1.608086,0.509095
1.609554,0.500392
1.603338,0.491690
1.633649,0.482987
1.642604,0.474285
1.651785,0.465582
1.661195,0.456880
1.670842,0.448177
1.680730,0.439475
1.690865,0.430772
1.701253,0.422070
1.711901,0.413367
1.722816,0.404665
1.734003,0.395962
1.795764,0.387260
1.807858,0.378558
1.820254,0.369855
1.832963,0.361153
1.897693,0.352450
1.911425,0.343748
1.925505,0.335045
1.966369,0.326343
1.981376,0.317640
1.996768,0.308938
2.012555,0.300235
2.028750,0.291533
2.045364,0.282830
2.062411,0.274128
2.079905,0.265425
2.097858,0.256723
2.159521,0.248020
2.185107,0.239318
2.210717,0.230615
2.208938,0.221913
2.234868,0.213211
2.260867,0.204508
2.286952,0.195806
2.313141,0.187103
2.339451,0.178401
2.339721,0.169698
2.397836,0.160996
2.436838,0.152293
2.446140,0.143591
2.489438,0.134888
2.527691,0.126186
2.542214,0.117483
2.558483,0.108781
2.610411,0.100078
6.529113,0.091376
6.488693,0.082673
6.449259,0.073971
6.410786,0.065269
6.373252,0.056566
6.336634,0.047864
6.300912,0.039161
6.266066,0.030459
6.232074,0.021756
6.198918,0.013054
6.166581,0.004351
6.135044,-0.004351
6.104291,-0.013054
6.074305,-0.021756
6.045069,-0.030459
6.016570,-0.039161
5.988792,-0.047864
5.961722,-0.056566
5.935345,-0.065269
5.909649,-0.073971
5.884620,-0.082674
5.860247,-0.091376
5.836517,-0.100078
5.813420,-0.108781
5.790945,-0.117483
5.769080,-0.126186
5.747815,-0.134888
5.727141,-0.143591
5.707049,-0.152293
5.687529,-0.160996
5.668571,-0.169698
5.650169,-0.178401
5.632313,-0.187103
5.614996,-0.195806
5.598211,-0.204508
5.581949,-0.213211
5.566204,-0.221913
5.550969,-0.230616
5.536238,-0.239318
5.522004,-0.248021
5.508262,-0.256723
5.495005,-0.265425
5.482228,-0.274128
5.469926,-0.282830
5.458094,-0.291533
5.446727,-0.300235
5.435821,-0.308938
5.425370,-0.317640
5.415371,-0.326343
5.405819,-0.335045
5.396712,-0.343748
5.388045,-0.352450
5.379815,-0.361153
5.372018,-0.369855
5.364652,-0.378558
5.357713,-0.387260
5.351200,-0.395963
5.345108,-0.404665
5.339437,-0.413367
5.334183,-0.422070
5.329346,-0.430772
5.324922,-0.439475
5.320910,-0.448177
5.317309,-0.456880
5.314118,-0.465582
5.311334,-0.474285
5.308958,-0.482987
5.306987,-0.491690
5.305422,-0.500392
5.304262,-0.509095
5.303505,-0.517797
5.303154,-0.526500
5.303205,-0.535202
5.303661,-0.543905
5.304521,-0.552607
5.305785,-0.561310
5.307454,-0.570012
5.309529,-0.578714
5.312009,-0.587417
5.314898,-0.596119
5.318194,-0.604822
5.321900,-0.613524
5.326017,-0.622227
5.330547,-0.630929
5.335492,-0.639632
2.799777,-0.648334
2.641494,-0.657037
2.442682,-0.665739
2.304217,-0.674442
2.165574,-0.683144
2.067255,-0.691847
1.948515,-0.700549
1.849893,-0.709252
1.751098,-0.717954
1.692899,-0.726657
1.634627,-0.735359
1.555794,-0.744061
1.497290,-0.752764
1.438668,-0.761466
1.379913,-0.770169
1.341652,-0.778871
1.282634,-0.787574
1.244178,-0.796276
1.205632,-0.804979
1.166988,-0.813681
1.149127,-0.822384
1.110311,-0.831086
1.071368,-0.839789
1.053355,-0.848491
1.056446,-0.857194
1.059637,-0.865896
1.062928,-0.874599
1.066322,-0.883301
1.048422,-0.892003
1.009015,-0.900706
0.990958,-0.909408
0.972851,-0.918111
0.954688,-0.926813
0.936463,-0.935516
0.918173,-0.944218
0.921758,-0.952921
0.925442,-0.961623
0.907103,-0.970326
0.888680,-0.979028
0.870170,-0.987731
0.873975,-0.996433
0.877880,-1.005136
0.881888,-1.013838
0.886001,-1.022541
0.890220,-1.031243
0.871611,-1.039946
0.875937,-1.048648
0.880372,-1.057350
0.884921,-1.066053
0.889585,-1.074755
0.894367,-1.083458
0.875605,-1.092160
0.880499,-1.100863
0.861582,-1.109565
0.866585,-1.118268
0.871714,-1.126970
0.852610,-1.135673
0.857848,-1.144375
0.838554,-1.153078
0.843901,-1.161780
0.849380,-1.170483
0.854998,-1.179185
0.860755,-1.187888
0.866658,-1.196590
0.847041,-1.205293
0.853062,-1.213995
0.859235,-1.222697
0.865564,-1.231400
0.845628,-1.240102
0.825455,-1.248805
0.831867,-1.257507
0.838444,-1.266210
0.845191,-1.274912
0.852112,-1.283615
0.859214,-1.292317
0.838551,-1.301020
0.845789,-1.309722
0.843914,-1.318425
0.836724,-1.327127
0.857375,-1.335830
0.850320,-1.344532
0.870651,-1.353235
0.890724,-1.361937
0.883768,-1.370639
0.876986,-1.379342
0.870373,-1.388044
0.863925,-1.396747
0.857636,-1.405449
0.877306,-1.414152
0.871142,-1.422854
0.890575,-1.431557
0.909810,-1.440259
0.903752,-1.448962
0.922782,-1.457664
0.941636,-1.466367
0.935698,-1.475069
0.954377,-1.483772
0.972899,-1.492474
0.991273,-1.501177
0.985469,-1.509879
1.003705,-1.518582
1.021810,-1.527284
1.039790,-1.535986
1.057653,-1.544689
1.052026,-1.553391
1.069795,-1.562094
1.087461,-1.570796
