scan.pos:-2.101370,-3.708069,0.9852502.086163,1.562094
2.098386,1.553391
2.110914,1.544689
2.123756,1.535986
2.136919,1.527284
2.150410,1.518581
2.164239,1.509879
2.178414,1.501177
2.192945,1.492474
2.207839,1.483772
2.223107,1.475069
2.238760,1.466367
2.254808,1.457664
2.271262,1.448962
2.288133,1.440259
2.305433,1.431557
2.323176,1.422854
2.341373,1.414152
2.360039,1.405449
2.379187,1.396747
2.398833,1.388044
2.418992,1.379342
2.439680,1.370639
2.458235,1.361937
2.452876,1.353234
2.475855,1.344532
2.500457,1.335830
2.524131,1.327127
2.577561,1.318425
2.574893,1.309722
2.599488,1.301020
2.628291,1.292317
2.653760,1.283615
2.684496,1.274912
2.710922,1.266210
2.763318,1.257507
2.771174,1.248805
2.824310,1.240102
2.852228,1.231400
2.863707,1.222697
2.917912,1.213995
2.947486,1.205292
2.987409,1.196590
3.018425,1.187888
3.049920,1.179185
3.106033,1.170483
3.126775,1.161780
6.530364,0.996433
6.505394,0.987731
6.372511,0.979028
6.349290,0.970326
6.326718,0.961623
6.304784,0.952921
6.283478,0.944218
6.262792,0.935516
6.242714,0.926813
6.223238,0.918111
6.204354,0.909408
6.186054,0.900706
6.168329,0.892003
6.151174,0.883301
6.134579,0.874598
6.118538,0.865896
6.103044,0.857194
6.088091,0.848491
6.073673,0.839789
6.080437,0.831086
6.067024,0.822384
6.054131,0.813681
6.082795,0.804979
6.070843,0.796276
6.100285,0.787574
6.089270,0.778871
6.078756,0.770169
6.068740,0.761466
6.059218,0.752764
6.070461,0.744061
6.102380,0.735359
6.154894,0.726656
6.268323,0.717954
6.361782,0.709251
6.757733,0.700549
7.253994,0.691847
7.654417,0.448177
7.643373,0.439475
7.653109,0.430772
7.622950,0.422070
7.633850,0.413367
7.645365,0.404665
7.657499,0.395962
7.670256,0.387260
7.683642,0.378558
7.697662,0.369855
5.192112,0.361153
5.015602,0.352450
4.927516,0.343748
4.662220,0.335045
4.506926,0.326343
4.336810,0.317640
4.056538,0.308938
3.941701,0.300235
3.868315,0.291533
3.815762,0.282830
3.784194,0.274128
3.773776,0.265425
3.721395,0.256723
3.690149,0.248020
3.701443,0.239318
3.670510,0.230615
3.661018,0.221913
3.673174,0.213211
3.664190,0.204508
3.655423,0.195806
3.668529,0.187103
3.682011,0.178401
3.695875,0.169698
3.710127,0.160996
3.724774,0.152293
3.739823,0.143591
3.755282,0.134888
3.771157,0.126186
3.787457,0.117483
3.804189,0.108781
3.821362,0.100078
3.838984,0.091376
3.857065,0.082673
3.875614,0.073971
3.894639,0.065269
3.914152,0.056566
3.934163,0.047864
3.954682,0.039161
3.975720,0.030459
3.973694,0.021756
3.995676,0.013054
4.018210,0.004351
4.041309,-0.004351
4.064988,-0.013054
4.076009,-0.021756
4.114135,-0.030459
4.139634,-0.039161
4.165770,-0.047864
4.192559,-0.056566
4.220019,-0.065269
4.248166,-0.073971
4.277020,-0.082674
4.306598,-0.091376
4.336920,-0.100078
4.368008,-0.108781
4.399882,-0.117483
4.432565,-0.126186
1.459829,-0.134888
1.430165,-0.143591
1.404345,-0.152293
1.378418,-0.160996
1.350437,-0.169698
1.352337,-0.178401
1.325777,-0.187103
1.328545,-0.195806
1.330154,-0.204508
1.318716,-0.213211
1.307572,-0.221913
1.296713,-0.230616
1.286129,-0.239318
1.275814,-0.248021
1.265758,-0.256723
1.255954,-0.265425
1.246395,-0.274128
1.237075,-0.282830
1.227985,-0.291533
1.219120,-0.300235
1.210474,-0.308938
1.202040,-0.317640
1.193813,-0.326343
1.185788,-0.335045
1.177959,-0.343748
1.170322,-0.352450
1.162871,-0.361153
1.155601,-0.369855
1.148509,-0.378558
1.141590,-0.387260
1.134839,-0.395963
1.128253,-0.404665
1.121829,-0.413367
1.115561,-0.422070
1.109447,-0.430772
1.103483,-0.439475
1.096069,-0.448177
1.090404,-0.456880
1.084880,-0.465582
1.079493,-0.474285
1.074241,-0.482987
1.069120,-0.491690
1.064129,-0.500392
1.059265,-0.509095
1.054524,-0.517797
1.049906,-0.526500
1.045407,-0.535202
1.041026,-0.543905
1.036759,-0.552607
1.032606,-0.561310
1.028564,-0.570012
1.024631,-0.578714
1.020806,-0.587417
1.017086,-0.596119
1.013470,-0.604822
1.009957,-0.613524
1.006544,-0.622227
1.003230,-0.630929
1.000014,-0.639632
0.996894,-0.648334
0.993869,-0.657037
0.990938,-0.665739
0.988098,-0.674442
0.985350,-0.683144
0.982692,-0.691847
0.980122,-0.700549
0.977640,-0.709252
0.975245,-0.717954
0.972935,-0.726657
0.970711,-0.735359
0.968569,-0.744061
0.966511,-0.752764
0.964534,-0.761466
0.962639,-0.770169
0.960825,-0.778871
0.959090,-0.787574
0.957434,-0.796276
0.955856,-0.804979
0.954356,-0.813681
0.952934,-0.822384
0.951588,-0.831086
0.950318,-0.839789
0.949123,-0.848491
0.948004,-0.857194
0.946959,-0.865896
0.945989,-0.874599
0.945093,-0.883301
0.944270,-0.892003
0.943520,-0.900706
0.942843,-0.909408
0.942239,-0.918111
0.941707,-0.926813
0.941248,-0.935516
0.940861,-0.944218
0.940545,-0.952921
0.940301,-0.961623
0.940129,-0.970326
0.940029,-0.979028
0.940000,-0.987731
0.940043,-0.996433
0.940158,-1.005136
0.940344,-1.013838
0.940602,-1.022541
0.940931,-1.031243
0.941333,-1.039946
0.941806,-1.048648
0.942352,-1.057350
0.942971,-1.066053
0.943662,-1.074755
0.944426,-1.083458
0.945264,-1.092160
0.946175,-1.100863
0.947160,-1.109565
0.948219,-1.118268
0.949353,-1.126970
0.950562,-1.135673
0.951847,-1.144375
0.953209,-1.153078
0.954646,-1.161780
0.957555,-1.170483
0.959151,-1.179185
0.960824,-1.187888
0.962578,-1.196590
0.964411,-1.205293
0.966325,-1.213995
0.968320,-1.222697
0.970398,-1.231400
0.972559,-1.240102
0.974804,-1.248805
0.977133,-1.257507
0.979549,-1.266210
0.982052,-1.274912
0.984643,-1.283615
0.987323,-1.292317
0.990093,-1.301020
0.992954,-1.309722
0.995908,-1.318425
0.998956,-1.327127
1.002100,-1.335830
1.005340,-1.344532
1.008678,-1.353235
1.012115,-1.361937
1.015654,-1.370639
1.019296,-1.379342
1.023042,-1.388044
1.026894,-1.396747
1.052755,-1.405449
1.056911,-1.414152
1.061181,-1.422854
1.065568,-1.431557
1.070072,-1.440259
1.119413,-1.448962
1.124358,-1.457664
1.242222,-1.466367
1.293274,-1.475069
7.333022,-1.483772
1.328492,-1.492474
7.404458,-1.501177
7.441556,-1.509879
7.526047,-1.518582
7.565300,-1.527284
7.605546,-1.535986
7.646809,-1.544689
7.689110,-1.553391
7.732475,-1.562094
7.752929,-1.570796
