scan.pos:-7.106746,5.884402,2.4184351.333831,1.562094
1.344236,1.553391
1.327811,1.544689
1.311224,1.535986
1.294466,1.527284
1.277527,1.518581
1.260400,1.509879
1.271326,1.501177
1.263263,1.492474
1.252544,1.483772
1.242100,1.475069
1.231922,1.466367
1.222001,1.457664
1.212330,1.448962
1.202902,1.440259
1.193710,1.431557
1.184747,1.422854
1.176006,1.414152
1.167482,1.405449
1.159168,1.396747
1.151058,1.388044
1.143148,1.379342
1.135432,1.370639
1.127904,1.361937
1.120560,1.353234
1.113396,1.344532
1.106406,1.335830
1.099587,1.327127
1.092934,1.318425
1.086443,1.309722
1.080110,1.301020
1.073933,1.292317
1.067906,1.283615
1.062027,1.274912
1.056293,1.266210
1.050699,1.257507
1.045244,1.248805
1.039924,1.240102
1.034736,1.231400
1.029678,1.222697
1.024747,1.213995
1.019940,1.205292
1.015254,1.196590
1.010689,1.187888
1.006240,1.179185
1.001907,1.170483
0.997686,1.161780
0.993576,1.153078
0.989574,1.144375
0.985680,1.135673
0.981890,1.126970
0.978204,1.118268
0.974620,1.109565
0.971135,1.100863
0.967748,1.092160
0.964458,1.083458
0.961264,1.074755
0.958163,1.066053
0.955155,1.057350
0.952238,1.048648
0.949410,1.039945
0.946672,1.031243
0.944020,1.022541
0.941455,1.013838
0.938976,1.005136
0.936580,0.996433
0.934268,0.987731
0.932037,0.979028
0.929888,0.970326
0.927820,0.961623
0.925831,0.952921
0.923921,0.944218
0.922088,0.935516
0.920333,0.926813
0.918654,0.918111
0.917051,0.909408
0.915524,0.900706
0.914071,0.892003
0.912691,0.883301
0.911386,0.874598
0.910153,0.865896
0.908993,0.857194
0.907905,0.848491
0.906888,0.839789
0.905942,0.831086
0.905068,0.822384
0.904264,0.813681
0.903530,0.804979
0.902866,0.796276
0.902271,0.787574
0.901746,0.778871
0.901290,0.770169
0.900903,0.761466
0.900585,0.752764
0.900336,0.744061
0.900156,0.735359
0.900044,0.726656
0.900001,0.717954
0.900026,0.709251
0.900120,0.700549
0.900282,0.691847
0.900513,0.683144
0.900813,0.674442
0.901181,0.665739
0.901619,0.657037
0.902125,0.648334
0.902702,0.639632
0.903347,0.630929
0.904063,0.622227
0.904848,0.613524
0.905704,0.604822
0.906631,0.596119
0.907629,0.587417
0.908698,0.578714
0.909839,0.570012
0.911053,0.561309
0.912339,0.552607
0.913699,0.543905
0.915132,0.535202
0.916640,0.526500
0.918223,0.517797
0.919881,0.509095
0.921616,0.500392
0.923428,0.491690
0.925318,0.482987
0.927286,0.474285
0.929333,0.465582
0.931461,0.456880
0.933670,0.448177
0.935960,0.439475
0.938334,0.430772
0.940791,0.422070
0.943334,0.413367
0.945962,0.404665
0.948677,0.395962
0.951481,0.387260
0.954374,0.378558
0.957358,0.369855
0.960435,0.361153
0.963604,0.352450
0.966869,0.343748
0.970229,0.335045
0.973688,0.326343
0.977246,0.317640
0.980905,0.308938
0.984667,0.300235
0.988534,0.291533
0.992507,0.282830
0.996588,0.274128
1.000779,0.265425
1.005083,0.256723
1.009501,0.248020
1.014035,0.239318
1.018689,0.230615
1.023463,0.221913
1.028361,0.213211
1.033386,0.204508
1.038539,0.195806
1.043824,0.187103
1.049243,0.178401
1.054800,0.169698
1.060496,0.160996
1.066337,0.152293
1.072324,0.143591
1.078461,0.134888
1.084752,0.126186
1.091201,0.117483
1.097811,0.108781
1.104586,0.100078
1.111530,0.091376
1.118648,0.082673
1.125943,0.073971
1.133422,0.065269
1.141088,0.056566
1.148947,0.047864
1.157003,0.039161
1.165262,0.030459
1.173730,0.021756
1.182413,0.013054
1.182388,0.004351
1.191450,-0.004351
1.200745,-0.013054
1.210279,-0.021756
1.220059,-0.030459
1.230092,-0.039161
1.240388,-0.047864
1.250953,-0.056566
1.261797,-0.065269
1.255792,-0.073971
1.275292,-0.082674
1.268418,-0.091376
1.288275,-0.100078
1.310372,-0.108781
1.330399,-0.117483
1.323549,-0.126186
1.347418,-0.134888
1.367749,-0.143591
1.366772,-0.152293
1.387592,-0.160996
1.408321,-0.169698
1.409892,-0.178401
1.431179,-0.187103
1.452410,-0.195806
1.456649,-0.204508
1.478519,-0.213211
1.500372,-0.221913
1.532020,-0.230616
1.530019,-0.239318
1.552633,-0.248021
1.586848,-0.256723
1.586163,-0.265425
1.609698,-0.274128
1.646750,-0.282830
1.671132,-0.291533
1.695652,-0.300235
1.712387,-0.308938
1.738050,-0.317640
1.763919,-0.326343
1.784560,-0.335045
1.811765,-0.343748
1.839259,-0.352450
1.867066,-0.361153
1.915870,-0.369855
1.945223,-0.378558
1.975000,-0.387260
2.006219,-0.395963
2.037959,-0.404665
2.092336,-0.413367
2.125144,-0.422070
2.163836,-0.430772
2.220953,-0.439475
2.256954,-0.448177
2.250485,-0.456880
2.276893,-0.465582
2.274170,-0.474285
2.251409,-0.482987
2.251618,-0.491690
2.247789,-0.500392
2.231589,-0.509095
2.217330,-0.517797
2.226225,-0.526500
2.204270,-0.535202
2.198097,-0.543905
2.192124,-0.552607
2.186351,-0.561310
2.180773,-0.570012
2.175388,-0.578714
2.170195,-0.587417
2.165191,-0.596119
2.160375,-0.604822
2.155744,-0.613524
2.151295,-0.622227
2.147029,-0.630929
2.142942,-0.639632
2.139033,-0.648334
2.135301,-0.657037
2.131744,-0.665739
2.128361,-0.674442
2.125149,-0.683144
2.122109,-0.691847
2.119239,-0.700549
2.116537,-0.709252
2.114003,-0.717954
2.111636,-0.726657
2.109435,-0.735359
2.107398,-0.744061
2.105526,-0.752764
2.103817,-0.761466
2.102270,-0.770169
2.100886,-0.778871
2.099663,-0.787574
2.098602,-0.796276
2.097701,-0.804979
2.096961,-0.813681
2.096381,-0.822384
2.095961,-0.831086
2.095700,-0.839789
2.095599,-0.848491
2.095658,-0.857194
2.095876,-0.865896
2.096254,-0.874599
2.096792,-0.883301
2.097490,-0.892003
2.098348,-0.900706
2.099367,-0.909408
2.100547,-0.918111
2.101888,-0.926813
2.103392,-0.935516
2.105058,-0.944218
2.106887,-0.952921
2.108880,-0.961623
2.111038,-0.970326
2.113361,-0.979028
2.115851,-0.987731
2.118508,-0.996433
2.121333,-1.005136
2.124328,-1.013838
2.127494,-1.022541
2.130832,-1.031243
2.134343,-1.039946
2.138029,-1.048648
2.141891,-1.057350
2.145930,-1.066053
2.150149,-1.074755
2.154549,-1.083458
2.159132,-1.092160
2.163899,-1.100863
2.168853,-1.109565
2.173996,-1.118268
2.179329,-1.126970
2.184856,-1.135673
2.190578,-1.144375
2.196497,-1.153078
2.202617,-1.161780
2.208940,-1.170483
2.215469,-1.179185
2.222205,-1.187888
2.229154,-1.196590
2.236316,-1.205293
2.243696,-1.213995
2.251298,-1.222697
2.262165,-1.231400
2.270809,-1.240102
2.291524,-1.248805
2.292029,-1.257507
2.293896,-1.266210
2.314620,-1.274912
2.320220,-1.283615
2.326995,-1.292317
2.334907,-1.301020
2.343662,-1.309722
2.354711,-1.318425
2.366775,-1.327127
2.382409,-1.335830
2.124409,-1.344532
2.024695,-1.353235
1.993638,-1.361937
1.969054,-1.370639
1.846807,-1.379342
1.817186,-1.388044
1.796382,-1.396747
1.768101,-1.405449
1.740046,-1.414152
1.723068,-1.422854
1.696161,-1.431557
1.669409,-1.440259
1.655919,-1.448962
1.630155,-1.457664
1.629029,-1.466367
1.603585,-1.475069
1.569387,-1.483772
1.569627,-1.492474
1.537318,-1.501177
1.538633,-1.509879
1.514755,-1.518582
1.484741,-1.527284
1.487224,-1.535986
1.490028,-1.544689
1.514869,-1.553391
1.492551,-1.562094
1.466607,-1.570796
