scan.pos:5.957779,3.593808,1.9184351.610415,1.562094
1.593491,1.553391
1.617807,1.544689
1.646138,1.535986
1.656004,1.527284
1.687642,1.518581
1.678299,1.509879
1.678290,1.501177
1.694395,1.492474
1.698921,1.483772
1.694907,1.475069
1.732340,1.466367
1.728528,1.457664
1.724864,1.448962
1.762384,1.440259
1.758931,1.431557
1.755624,1.422854
1.813674,1.414152
1.810552,1.405449
1.827914,1.396747
1.906269,1.388044
2.085896,1.379342
6.281925,1.179185
5.022877,1.170483
4.870930,1.161780
4.564921,1.153078
4.569369,1.144375
4.532262,1.135673
4.535606,1.126970
4.539302,1.118268
4.543350,1.109565
4.547751,1.100863
4.552508,1.092160
4.557623,1.083458
4.563097,1.074755
4.568933,1.066053
4.575132,1.057350
4.581697,1.048648
4.588632,1.039945
4.595938,1.031243
4.603618,1.022541
4.611676,1.013838
4.620114,1.005136
4.628937,0.996433
4.638147,0.987731
4.647749,0.979028
4.698985,0.970326
4.709474,0.961623
4.761796,0.952921
4.773202,0.944218
4.785029,0.935516
4.797281,0.926813
4.830885,0.918111
4.844059,0.909408
4.857677,0.900706
4.871743,0.892003
4.886264,0.883301
4.901246,0.874598
4.916696,0.865896
4.932620,0.857194
4.949026,0.848491
4.965921,0.839789
4.983313,0.831086
5.001208,0.822384
5.019617,0.813681
5.016724,0.804979
4.992286,0.796276
5.012025,0.787574
5.032306,0.778871
5.053137,0.770169
5.074530,0.761466
5.096494,0.752764
5.163967,0.744061
5.209875,0.735359
7.712898,0.613524
7.610360,0.604822
7.534821,0.596119
7.437141,0.587417
7.341652,0.578714
7.248253,0.570012
7.182084,0.561309
7.092748,0.552607
7.005227,0.543905
6.945200,0.535202
6.861243,0.526500
6.805001,0.517797
6.724315,0.509095
6.671596,0.500392
6.593912,0.491690
6.517531,0.482987
6.469552,0.474285
6.395807,0.465582
6.350793,0.456880
6.279465,0.448177
6.237229,0.439475
6.194180,0.430772
6.140977,0.422070
6.089140,0.413367
6.038627,0.404665
5.989397,0.395962
5.941412,0.387260
5.894636,0.378558
5.849032,0.369855
5.804567,0.361153
5.761209,0.352450
5.718925,0.343748
5.677687,0.335045
5.637466,0.326343
5.598234,0.317640
5.559965,0.308938
5.522633,0.300235
5.486214,0.291533
5.450685,0.282830
5.416022,0.274128
5.382205,0.265425
5.349212,0.256723
5.317024,0.248020
5.285622,0.239318
5.254985,0.230615
5.225098,0.221913
5.195941,0.213211
5.167500,0.204508
5.139758,0.195806
5.112700,0.187103
5.086309,0.178401
5.060574,0.169698
5.035480,0.160996
5.011012,0.152293
4.987159,0.143591
4.963908,0.134888
4.941248,0.126186
4.919167,0.117483
4.897653,0.108781
4.876697,0.100078
4.856287,0.091376
4.836414,0.082673
4.817069,0.073971
4.798241,0.065269
4.779923,0.056566
4.762105,0.047864
4.744780,0.039161
4.727939,0.030459
4.711575,0.021756
4.695680,0.013054
4.680247,0.004351
4.665270,-0.004351
4.650741,-0.013054
4.636654,-0.021756
4.623003,-0.030459
4.609782,-0.039161
4.596986,-0.047864
4.584609,-0.056566
4.572646,-0.065269
4.561091,-0.073971
4.549941,-0.082674
4.539189,-0.091376
4.528832,-0.100078
4.518866,-0.108781
4.509286,-0.117483
4.500089,-0.126186
4.491270,-0.134888
4.482827,-0.143591
4.474755,-0.152293
4.467052,-0.160996
4.459715,-0.169698
4.452740,-0.178401
4.446125,-0.187103
4.439867,-0.195806
4.433964,-0.204508
4.428414,-0.213211
4.423213,-0.221913
4.418362,-0.230616
4.413856,-0.239318
4.409695,-0.248021
4.405878,-0.256723
4.402401,-0.265425
4.399265,-0.274128
4.396468,-0.282830
4.394009,-0.291533
4.391887,-0.300235
4.390101,-0.308938
4.388651,-0.317640
4.387536,-0.326343
4.386755,-0.335045
4.386309,-0.343748
4.386196,-0.352450
4.386418,-0.361153
4.386973,-0.369855
4.387864,-0.378558
4.389089,-0.387260
4.390648,-0.395963
4.392544,-0.404665
4.394776,-0.413367
4.397346,-0.422070
4.400253,-0.430772
4.403501,-0.439475
4.407088,-0.448177
4.411018,-0.456880
4.415291,-0.465582
4.419910,-0.474285
4.424876,-0.482987
4.430190,-0.491690
4.435856,-0.500392
4.441875,-0.509095
4.448249,-0.517797
4.454981,-0.526500
4.462074,-0.535202
4.469531,-0.543905
4.477354,-0.552607
4.485547,-0.561310
4.494112,-0.570012
4.503055,-0.578714
4.512377,-0.587417
4.522082,-0.596119
4.532176,-0.604822
4.542661,-0.613524
4.553543,-0.622227
4.564825,-0.630929
4.576513,-0.639632
4.588611,-0.648334
4.601124,-0.657037
4.614059,-0.665739
4.627419,-0.674442
4.641212,-0.683144
4.655443,-0.691847
4.670118,-0.700549
4.685244,-0.709252
4.700827,-0.717954
4.716875,-0.726657
4.733394,-0.735359
4.750392,-0.744061
4.768325,-0.752764
4.796935,-0.761466
4.824804,-0.770169
4.841273,-0.778871
4.751237,-0.787574
4.664045,-0.796276
4.579523,-0.804979
4.497510,-0.813681
4.417859,-0.822384
4.342364,-0.831086
4.267946,-0.839789
4.218256,-0.848491
4.147740,-0.857194
4.078964,-0.865896
4.011828,-0.874599
3.946242,-0.883301
3.890083,-0.892003
3.851616,-0.900706
3.791090,-0.909408
3.731786,-0.918111
3.697505,-0.926813
3.640580,-0.935516
3.584685,-0.944218
3.543107,-0.952921
3.514273,-0.961623
3.462007,-0.970326
3.410549,-0.979028
3.384758,-0.987731
3.334937,-0.996433
3.303471,-1.005136
3.255663,-1.013838
3.234026,-1.022541
3.187531,-1.031243
3.167500,-1.039946
3.122183,-1.048648
3.099234,-1.057350
3.055478,-1.066053
3.038836,-1.074755
2.996009,-1.083458
2.980661,-1.092160
2.936757,-1.100863
2.923114,-1.109565
2.882321,-1.118268
2.869809,-1.126970
2.855781,-1.135673
2.831252,-1.144375
2.807353,-1.153078
2.784065,-1.161780
2.761368,-1.170483
2.739244,-1.179185
2.717679,-1.187888
2.696653,-1.196590
2.676153,-1.205293
2.656163,-1.213995
2.636668,-1.222697
2.617656,-1.231400
2.599112,-1.240102
2.581025,-1.248805
2.563381,-1.257507
2.546169,-1.266210
2.529378,-1.274912
2.512998,-1.283615
2.497017,-1.292317
2.481426,-1.301020
2.466215,-1.309722
2.451375,-1.318425
2.436897,-1.327127
2.422772,-1.335830
2.408993,-1.344532
2.395551,-1.353235
2.382438,-1.361937
2.369648,-1.370639
2.357172,-1.379342
2.345006,-1.388044
2.333141,-1.396747
2.321571,-1.405449
2.310290,-1.414152
2.299293,-1.422854
2.288574,-1.431557
2.278126,-1.440259
2.267946,-1.448962
2.258027,-1.457664
2.248365,-1.466367
2.238955,-1.475069
2.229793,-1.483772
2.220874,-1.492474
2.212194,-1.501177
2.203748,-1.509879
2.195534,-1.518582
2.187546,-1.527284
2.179782,-1.535986
2.172237,-1.544689
2.164909,-1.553391
2.157794,-1.562094
2.150888,-1.570796
