scan.pos:-2.358630,-1.096410,1.7352501.520515,1.562094
1.518374,1.553391
1.516354,1.544689
1.514455,1.535986
1.512675,1.527284
1.511015,1.518581
1.509473,1.509879
1.508049,1.501177
1.506743,1.492474
1.505553,1.483772
1.504480,1.475069
1.503522,1.466367
1.502680,1.457664
1.501953,1.448962
1.501342,1.440259
1.500845,1.431557
1.500462,1.422854
1.500194,1.414152
1.500041,1.405449
1.500001,1.396747
1.540078,1.388044
1.540272,1.379342
1.540584,1.370639
1.541013,1.361937
1.541560,1.353234
1.582282,1.344532
1.583085,1.335830
1.604060,1.327127
1.605120,1.318425
1.606303,1.309722
1.607611,1.301020
1.609043,1.292317
1.650866,1.283615
1.672746,1.274912
1.674624,1.266210
1.717035,1.257507
1.719230,1.248805
1.782322,1.240102
5.721114,1.231400
5.729769,1.222697
5.738887,1.213995
5.748474,1.205292
5.758532,1.196590
5.769065,1.187888
5.780078,1.179185
5.791574,1.170483
5.803560,1.161780
5.816039,1.153078
5.829017,1.144375
5.842498,1.135673
5.856490,1.126970
5.870996,1.118268
5.886024,1.109565
5.901579,1.100863
5.917669,1.092160
5.934300,1.083458
5.951480,1.074755
5.969214,1.066053
5.987513,1.057350
6.006382,1.048648
6.025832,1.039945
6.045869,1.031243
6.066504,1.022541
6.087746,1.013838
6.109603,1.005136
6.132087,0.996433
6.155207,0.987731
6.178975,0.979028
6.203401,0.970326
6.228497,0.961623
6.254275,0.952921
6.280748,0.944218
6.307928,0.935516
6.335829,0.926813
6.364465,0.918111
6.393850,0.909408
6.424000,0.900706
6.454928,0.892003
6.486653,0.883301
6.519189,0.874598
6.552556,0.865896
6.586770,0.857194
6.621849,0.848491
6.657815,0.839789
6.694685,0.831086
6.732482,0.822384
6.771226,0.813681
6.810941,0.804979
6.851650,0.796276
6.893376,0.787574
6.936144,0.778871
6.979982,0.770169
7.024916,0.761466
7.070973,0.752764
7.118185,0.744061
7.166581,0.735359
7.216192,0.726656
7.267053,0.717954
7.319196,0.709251
7.372659,0.700549
7.427479,0.691847
7.483694,0.683144
7.541345,0.674442
7.600475,0.665739
7.661127,0.657037
7.723348,0.648334
7.787186,0.639632
4.118799,0.448177
3.995977,0.439475
3.971928,0.430772
3.924364,0.422070
3.901614,0.413367
3.879420,0.404665
3.857769,0.395962
3.836649,0.387260
3.816049,0.378558
3.795955,0.369855
3.776359,0.361153
3.757248,0.352450
3.738613,0.343748
3.720444,0.335045
3.702731,0.326343
3.685466,0.317640
3.668638,0.308938
3.652241,0.300235
3.636265,0.291533
3.620703,0.282830
3.605547,0.274128
3.590790,0.265425
3.576424,0.256723
3.562443,0.248020
3.548840,0.239318
3.535608,0.230615
3.522743,0.221913
3.510237,0.213211
3.519569,0.204508
3.507692,0.195806
3.496161,0.187103
3.484970,0.178401
3.474115,0.169698
3.505874,0.160996
3.495550,0.152293
3.485551,0.143591
3.475873,0.134888
3.508323,0.126186
3.499166,0.117483
3.490321,0.108781
3.481786,0.100078
3.473556,0.091376
3.465628,0.082673
3.457999,0.073971
3.450666,0.065269
3.464145,0.056566
3.457354,0.047864
3.471293,0.039161
3.485445,0.030459
3.520180,0.021756
3.534732,0.013054
3.590112,0.004351
3.665870,-0.004351
3.741688,-0.013054
3.777147,-0.021756
4.135886,-0.030459
4.393223,-0.039161
4.670457,-0.047864
5.048092,-0.056566
5.405262,-0.065269
7.149361,-0.343748
7.006812,-0.352450
6.501805,-0.361153
6.221243,-0.369855
5.907162,-0.378558
5.744076,-0.387260
5.515965,-0.395963
5.320836,-0.404665
5.130491,-0.413367
5.141939,-0.422070
5.133119,-0.430772
5.145411,-0.439475
5.158156,-0.448177
5.129625,-0.456880
5.143181,-0.465582
5.157204,-0.474285
5.171697,-0.482987
5.186669,-0.491690
5.202125,-0.500392
5.218071,-0.509095
5.234516,-0.517797
5.251466,-0.526500
5.268929,-0.535202
5.286912,-0.543905
5.305423,-0.552607
5.324472,-0.561310
5.344067,-0.570012
5.364215,-0.578714
5.384929,-0.587417
5.406216,-0.596119
5.428087,-0.604822
5.450552,-0.613524
5.473624,-0.622227
5.497311,-0.630929
5.521626,-0.639632
5.546583,-0.648334
2.980345,-0.657037
2.937464,-0.665739
2.846934,-0.674442
2.802850,-0.683144
2.782722,-0.691847
2.724307,-0.700549
2.683416,-0.709252
2.666686,-0.717954
2.639360,-0.726657
2.622475,-0.735359
2.585110,-0.744061
2.548268,-0.752764
2.524514,-0.761466
2.489360,-0.770169
2.430186,-0.778871
2.395687,-0.787574
2.352327,-0.796276
2.319073,-0.804979
2.311181,-0.813681
2.278657,-0.822384
2.239359,-0.831086
2.233422,-0.839789
2.202277,-0.848491
2.191813,-0.857194
2.161706,-0.865896
2.131732,-0.874599
2.124496,-0.883301
2.095436,-0.892003
2.066451,-0.900706
2.062281,-0.909408
2.034104,-0.918111
1.950731,-0.926813
1.943779,-0.935516
1.921119,-0.944218
1.918800,-0.952921
1.902317,-0.961623
1.886256,-0.970326
1.870607,-0.979028
1.855354,-0.987731
1.840488,-0.996433
1.825995,-1.005136
1.811867,-1.013838
1.798090,-1.022541
1.784657,-1.031243
1.771557,-1.039946
1.758781,-1.048648
1.746320,-1.057350
1.734165,-1.066053
1.773015,-1.074755
1.761109,-1.083458
1.749493,-1.092160
1.738162,-1.100863
1.727107,-1.109565
1.740864,-1.118268
1.730191,-1.126970
1.719778,-1.135673
1.709619,-1.144375
1.747634,-1.153078
1.737693,-1.161780
1.727995,-1.170483
1.718535,-1.179185
1.709307,-1.187888
1.723620,-1.196590
1.714722,-1.205293
1.706045,-1.213995
1.743506,-1.222697
1.735033,-1.231400
1.726773,-1.240102
1.741356,-1.248805
1.755937,-1.257507
1.770520,-1.266210
1.807441,-1.274912
1.799706,-1.283615
1.792172,-1.292317
1.784837,-1.301020
1.821627,-1.309722
1.880145,-1.318425
1.894761,-1.327127
1.969136,-1.335830
2.010333,-1.344532
2.065893,-1.353235
2.100602,-1.361937
2.157569,-1.370639
2.193968,-1.379342
2.247506,-1.388044
2.308757,-1.396747
2.371115,-1.405449
2.434692,-1.414152
2.499608,-1.422854
2.507026,-1.431557
2.577294,-1.440259
2.628608,-1.448962
2.723719,-1.457664
2.800295,-1.466367
2.854912,-1.475069
3.000423,-1.483772
3.109104,-1.492474
3.221446,-1.501177
3.337903,-1.509879
3.458999,-1.518582
3.620833,-1.527284
3.777836,-1.535986
3.950191,-1.544689
4.025042,-1.553391
4.113271,-1.562094
4.104070,-1.570796
