scan.pos:1.354628,6.873434,2.7684350.794690,1.562094
0.775892,1.553391
0.778651,1.544689
0.781488,1.535986
0.784407,1.527284
0.765535,1.518581
0.768534,1.509879
0.771615,1.501177
0.774780,1.492474
0.778031,1.483772
0.781368,1.475069
0.784795,1.466367
0.788312,1.457664
0.791921,1.448962
0.772893,1.440259
0.776583,1.431557
0.757417,1.422854
0.761186,1.414152
0.765051,1.405449
0.769015,1.396747
0.773079,1.388044
0.777245,1.379342
0.781517,1.370639
0.785896,1.361937
0.790384,1.353234
0.794986,1.344532
0.799702,1.335830
0.804536,1.327127
0.809492,1.318425
0.814571,1.309722
0.819777,1.301020
0.825113,1.292317
0.830583,1.283615
0.836189,1.274912
0.816424,1.266210
0.822138,1.257507
0.827995,1.248805
0.834001,1.240102
0.840159,1.231400
0.846473,1.222697
0.852949,1.213995
0.859590,1.205292
0.866403,1.196590
0.873391,1.187888
0.880560,1.179185
0.887916,1.170483
0.895465,1.161780
0.903212,1.153078
0.899148,1.144375
0.891505,1.135673
0.884057,1.126970
0.876799,1.118268
0.869725,1.109565
0.889793,1.100863
0.882860,1.092160
0.902650,1.083458
0.895859,1.074755
0.915391,1.066053
0.934707,1.057350
0.928038,1.048648
0.947132,1.039945
0.966032,1.031243
0.959499,1.022541
0.978207,1.013838
0.971826,1.005136
0.965600,0.996433
0.959526,0.987731
0.953601,0.979028
0.972123,0.970326
0.990496,0.961623
0.984711,0.952921
1.040259,0.944218
1.035585,0.935516
1.068690,0.926813
1.064872,0.918111
1.099929,0.909408
1.120276,0.900706
1.117460,0.892003
1.132306,0.883301
1.153533,0.874598
1.170951,0.865896
1.193094,0.857194
1.215286,0.848491
1.236475,0.839789
1.259768,0.831086
1.284058,0.822384
1.308617,0.813681
1.333359,0.804979
1.362313,0.796276
1.388592,0.787574
1.415158,0.778871
1.427734,0.770169
1.477931,0.761466
1.495151,0.752764
1.525878,0.744061
1.557157,0.735359
1.603090,0.726656
1.637113,0.717954
1.671682,0.709251
1.726290,0.700549
1.764569,0.691847
1.803941,0.683144
1.868610,0.674442
1.912464,0.665739
1.978730,0.657037
2.035339,0.648334
2.252766,0.639632
2.326571,0.630929
5.063483,0.474285
4.837880,0.465582
4.813833,0.456880
4.729995,0.448177
4.666686,0.439475
4.643892,0.430772
4.641507,0.422070
4.599435,0.413367
4.597774,0.404665
4.596465,0.395962
4.595506,0.387260
4.594897,0.378558
4.594638,0.369855
4.594729,0.361153
4.555166,0.352450
4.535944,0.343748
4.497050,0.335045
4.478493,0.326343
4.480289,0.317640
4.442358,0.308938
4.444818,0.300235
4.447619,0.291533
4.450764,0.282830
4.454253,0.274128
4.458086,0.265425
4.462267,0.256723
4.466796,0.248020
4.471675,0.239318
4.476906,0.230615
4.482491,0.221913
4.488431,0.213211
4.494731,0.204508
4.501392,0.195806
4.508416,0.187103
4.515807,0.178401
4.523566,0.169698
4.545844,0.160996
4.551409,0.152293
4.562312,0.143591
4.603086,0.134888
4.589588,0.126186
4.422354,0.117483
4.281653,0.108781
4.133100,0.100078
4.004993,0.091376
3.901925,0.082673
3.775682,0.073971
3.682102,0.065269
3.570639,0.056566
3.482791,0.047864
3.399568,0.039161
3.318662,0.030459
3.223603,0.021756
3.148295,0.013054
3.082820,0.004351
3.012300,-0.004351
2.943189,-0.013054
2.887733,-0.021756
2.822431,-0.030459
2.779969,-0.039161
2.711107,-0.047864
2.649913,-0.056566
2.611541,-0.065269
2.549531,-0.073971
2.513811,-0.082674
2.478475,-0.091376
2.422750,-0.100078
2.389979,-0.108781
2.337652,-0.117483
2.306817,-0.126186
2.280747,-0.134888
2.228778,-0.143591
2.200061,-0.152293
2.178546,-0.160996
2.128083,-0.169698
2.109562,-0.178401
2.083681,-0.187103
2.044394,-0.195806
2.019648,-0.204508
1.995107,-0.213211
1.983058,-0.221913
1.935387,-0.230616
1.925736,-0.239318
1.903157,-0.248021
1.871244,-0.256723
1.849426,-0.265425
1.819357,-0.274128
1.798214,-0.282830
1.795213,-0.291533
1.774840,-0.300235
1.748306,-0.308938
1.728465,-0.317640
1.703476,-0.326343
1.684103,-0.335045
1.687031,-0.343748
1.668267,-0.352450
1.646343,-0.361153
1.627942,-0.369855
1.607356,-0.378558
1.587666,-0.387260
1.569963,-0.395963
1.579511,-0.404665
1.562292,-0.413367
1.554635,-0.422070
1.541420,-0.430772
1.528543,-0.439475
1.515994,-0.448177
1.503763,-0.456880
1.491840,-0.465582
1.480217,-0.474285
1.486717,-0.482987
1.475533,-0.491690
1.464626,-0.500392
1.453989,-0.509095
1.443615,-0.517797
1.433497,-0.526500
1.423626,-0.535202
1.413998,-0.543905
1.404606,-0.552607
1.395442,-0.561310
1.386503,-0.570012
1.377782,-0.578714
1.369273,-0.587417
1.360972,-0.596119
1.352873,-0.604822
1.344972,-0.613524
1.337263,-0.622227
1.329744,-0.630929
1.322408,-0.639632
1.315253,-0.648334
1.308274,-0.657037
1.301467,-0.665739
1.294829,-0.674442
1.288355,-0.683144
1.282043,-0.691847
1.275890,-0.700549
1.269891,-0.709252
1.264045,-0.717954
1.258347,-0.726657
1.252796,-0.735359
1.247388,-0.744061
1.242120,-0.752764
1.236991,-0.761466
1.231997,-0.770169
1.227136,-0.778871
1.222407,-0.787574
1.217806,-0.796276
1.213331,-0.804979
1.208982,-0.813681
1.204754,-0.822384
1.200648,-0.831086
1.196659,-0.839789
1.192788,-0.848491
1.189032,-0.857194
1.185390,-0.865896
1.181860,-0.874599
1.178440,-0.883301
1.175129,-0.892003
1.171926,-0.900706
1.168828,-0.909408
1.165836,-0.918111
1.162947,-0.926813
1.160161,-0.935516
1.157476,-0.944218
1.154891,-0.952921
1.152405,-0.961623
1.150018,-0.970326
1.147727,-0.979028
1.145532,-0.987731
1.143433,-0.996433
1.141429,-1.005136
1.139517,-1.013838
1.137699,-1.022541
1.135973,-1.031243
1.134339,-1.039946
1.132795,-1.048648
1.131341,-1.057350
1.129978,-1.066053
1.128703,-1.074755
1.127517,-1.083458
1.126419,-1.092160
1.125409,-1.100863
1.124486,-1.109565
1.123650,-1.118268
1.122901,-1.126970
1.122239,-1.135673
1.121662,-1.144375
1.121172,-1.153078
1.120767,-1.161780
1.120448,-1.170483
1.120214,-1.179185
1.120065,-1.187888
1.120002,-1.196590
1.120025,-1.205293
1.120132,-1.213995
1.120325,-1.222697
1.120603,-1.231400
1.120967,-1.240102
1.121417,-1.248805
1.121952,-1.257507
1.122573,-1.266210
1.123281,-1.274912
1.124075,-1.283615
1.124956,-1.292317
1.125925,-1.301020
1.126980,-1.309722
1.128124,-1.318425
1.129356,-1.327127
1.130677,-1.335830
1.132088,-1.344532
1.133588,-1.353235
1.135179,-1.361937
1.136862,-1.370639
1.138636,-1.379342
1.140502,-1.388044
1.142462,-1.396747
1.144516,-1.405449
1.146665,-1.414152
1.148909,-1.422854
1.151250,-1.431557
1.153689,-1.440259
1.156226,-1.448962
1.158863,-1.457664
1.161601,-1.466367
1.164441,-1.475069
1.167383,-1.483772
1.170430,-1.492474
1.173582,-1.501177
1.176842,-1.509879
1.180209,-1.518582
1.183686,-1.527284
1.187275,-1.535986
1.190976,-1.544689
1.194792,-1.553391
1.198724,-1.562094
1.202774,-1.570796
