scan.pos:-4.397718,-4.405848,0.4352501.036653,1.562094
1.032502,1.553391
1.028463,1.544689
1.024533,1.535986
1.020710,1.527284
1.016993,1.518581
1.013380,1.509879
1.009869,1.501177
1.006459,1.492474
1.003147,1.483772
0.999934,1.475069
0.996816,1.466367
0.993794,1.457664
0.990865,1.448962
0.988028,1.440259
0.985282,1.431557
0.982626,1.422854
0.980058,1.414152
0.977579,1.405449
0.975186,1.396747
0.972878,1.388044
0.970655,1.379342
0.968516,1.370639
0.966460,1.361937
0.964485,1.353234
0.962592,1.344532
0.960780,1.335830
0.959047,1.327127
0.957393,1.318425
0.955817,1.309722
0.954319,1.301020
0.952899,1.292317
0.951555,1.283615
0.950287,1.274912
0.949094,1.266210
0.947977,1.257507
0.946934,1.248805
0.945965,1.240102
0.945071,1.231400
0.944250,1.222697
0.943502,1.213995
0.942827,1.205292
0.942225,1.196590
0.941695,1.187888
0.941237,1.179185
0.940852,1.170483
0.940538,1.161780
0.940296,1.153078
0.940126,1.144375
0.940027,1.135673
0.940001,1.126970
0.940045,1.118268
0.940162,1.109565
0.940349,1.100863
0.940609,1.092160
0.940941,1.083458
0.941344,1.074755
0.941819,1.066053
0.942367,1.057350
0.942988,1.048648
0.943681,1.039945
0.944447,1.031243
0.945286,1.022541
0.946199,1.013838
0.947186,1.005136
0.948247,0.996433
0.949383,0.987731
0.950594,0.979028
0.951881,0.970326
0.953244,0.961623
0.954684,0.952921
0.956201,0.944218
0.957796,0.935516
0.959469,0.926813
0.961222,0.918111
0.963054,0.909408
0.964968,0.900706
0.966962,0.892003
0.969039,0.883301
0.971199,0.874598
0.973442,0.865896
0.975771,0.857194
0.978186,0.848491
0.980687,0.839789
0.983276,0.831086
0.985954,0.822384
0.988723,0.813681
0.991582,0.804979
0.994535,0.796276
0.997581,0.787574
1.000722,0.778871
1.003960,0.770169
1.050159,0.761466
1.053740,0.752764
1.079007,0.744061
1.126193,0.735359
1.130335,0.726656
1.134593,0.717954
1.204681,0.709251
1.209440,0.700549
1.214329,0.691847
1.219352,0.683144
1.224509,0.674442
1.229805,0.665739
6.737435,0.596119
6.650654,0.587417
6.532117,0.578714
6.482254,0.570012
6.400446,0.561309
6.272388,0.552607
6.193177,0.543905
6.115276,0.535202
6.038609,0.526500
5.963103,0.517797
5.888691,0.509095
5.765824,0.500392
5.693085,0.491690
5.621239,0.482987
5.575459,0.474285
5.556201,0.465582
5.538373,0.456880
5.496188,0.448177
5.480955,0.439475
5.469207,0.430772
5.457199,0.422070
5.471954,0.413367
5.487355,0.404665
5.503417,0.395962
5.547311,0.387260
5.592340,0.378558
5.638538,0.369855
5.685944,0.361153
5.734593,0.352450
5.780118,0.343748
5.823837,0.335045
5.871567,0.326343
5.918530,0.317640
5.968469,0.308938
6.022915,0.300235
6.077337,0.291533
6.140909,0.282830
6.196478,0.274128
6.257769,0.265425
6.326367,0.256723
6.392716,0.248020
6.467551,0.239318
6.532616,0.230615
6.591975,0.221913
6.676975,0.213211
6.737118,0.204508
6.822672,0.195806
6.908509,0.187103
6.994691,0.178401
7.081283,0.169698
7.179465,0.160996
7.255956,0.152293
7.283216,0.143591
7.279204,0.134888
7.299326,0.126186
7.368180,0.117483
7.406197,0.108781
7.439431,0.100078
7.466809,0.091376
3.920899,0.082673
3.832545,0.073971
3.722494,0.065269
3.704761,0.056566
3.664836,0.047864
3.648092,0.039161
3.631776,0.030459
3.615879,0.021756
3.600393,0.013054
3.585312,0.004351
3.570627,-0.004351
3.556332,-0.013054
3.542419,-0.021756
3.528883,-0.030459
3.515716,-0.039161
3.502913,-0.047864
3.490467,-0.056566
3.461081,-0.065269
3.466628,-0.073971
3.455222,-0.082674
3.444153,-0.091376
3.433415,-0.100078
3.423004,-0.108781
3.412915,-0.117483
3.403144,-0.126186
3.393686,-0.134888
3.384537,-0.143591
3.375695,-0.152293
3.367154,-0.160996
3.358911,-0.169698
3.350963,-0.178401
3.343307,-0.187103
3.335938,-0.195806
3.328856,-0.204508
3.322056,-0.213211
3.315535,-0.221913
3.309292,-0.230616
3.303323,-0.239318
3.297626,-0.248021
3.292199,-0.256723
3.287040,-0.265425
3.282147,-0.274128
3.277517,-0.282830
3.273149,-0.291533
3.269042,-0.300235
3.265193,-0.308938
3.261601,-0.317640
3.258266,-0.326343
3.255184,-0.335045
3.252356,-0.343748
3.269855,-0.352450
3.267515,-0.361153
3.305523,-0.369855
3.303664,-0.378558
3.362138,-0.387260
3.400797,-0.395963
3.439686,-0.404665
3.458808,-0.413367
3.658209,-0.422070
3.717827,-0.430772
7.754971,-0.918111
7.608485,-0.926813
7.488417,-0.935516
7.376585,-0.944218
7.264481,-0.952921
7.155634,-0.961623
7.056997,-0.970326
6.954987,-0.979028
6.855747,-0.987731
6.745062,-0.996433
6.651602,-1.005136
6.560508,-1.013838
6.483488,-1.022541
6.397532,-1.031243
6.313606,-1.039946
6.245664,-1.048648
6.166237,-1.057350
6.088558,-1.066053
6.028767,-1.074755
5.955050,-1.083458
5.882840,-1.092160
5.805025,-1.100863
5.736147,-1.109565
5.688342,-1.118268
5.622697,-1.126970
5.558226,-1.135673
5.516767,-1.144375
5.455180,-1.153078
5.394604,-1.161780
5.359011,-1.170483
5.301019,-1.179185
5.241976,-1.187888
5.213768,-1.196590
5.158040,-1.205293
5.104472,-1.213995
5.077406,-1.222697
5.033765,-1.231400
4.991245,-1.240102
4.949811,-1.248805
4.909431,-1.257507
4.870071,-1.266210
4.831703,-1.274912
4.794296,-1.283615
4.757824,-1.292317
4.722260,-1.301020
4.687578,-1.309722
4.653753,-1.318425
4.620762,-1.327127
4.588583,-1.335830
4.557193,-1.344532
4.526573,-1.353235
4.496701,-1.361937
4.467559,-1.370639
4.439128,-1.379342
4.411390,-1.388044
4.384329,-1.396747
4.357928,-1.405449
4.332170,-1.414152
4.307042,-1.422854
4.282527,-1.431557
4.258613,-1.440259
4.235284,-1.448962
4.212529,-1.457664
4.190335,-1.466367
4.168689,-1.475069
4.147580,-1.483772
4.126996,-1.492474
4.106926,-1.501177
4.087361,-1.509879
4.068290,-1.518582
4.049703,-1.527284
4.031590,-1.535986
4.013943,-1.544689
3.996753,-1.553391
3.980011,-1.562094
3.963710,-1.570796
