scan.pos:6.367887,2.477299,2.2184351.454526,1.562094
1.469957,1.553391
1.485299,1.544689
1.500560,1.535986
1.515745,1.527284
1.530859,1.518581
1.545909,1.509879
1.488857,1.501177
1.480328,1.492474
1.472008,1.483772
1.440281,1.475069
1.362041,1.466367
1.354817,1.457664
1.347772,1.448962
1.225306,1.440259
1.219183,1.431557
1.167431,1.422854
1.139050,1.414152
1.088350,1.405449
1.083342,1.396747
1.078461,1.388044
1.073706,1.379342
1.024529,1.370639
1.020205,1.361937
1.015994,1.353234
0.989897,1.344532
0.985994,1.335830
0.982196,1.327127
0.978502,1.318425
0.974909,1.309722
0.928242,1.301020
0.924998,1.292317
0.921847,1.283615
0.918787,1.274912
0.915817,1.266210
0.912935,1.257507
0.910141,1.248805
0.907432,1.240102
0.904808,1.231400
0.902268,1.222697
0.899810,1.213995
0.897434,1.205292
0.895138,1.196590
0.892922,1.187888
0.890785,1.179185
0.888725,1.170483
0.886742,1.161780
0.884835,1.153078
0.883004,1.144375
0.881247,1.135673
0.879564,1.126970
0.877953,1.118268
0.876416,1.109565
0.874950,1.100863
0.873556,1.092160
0.872232,1.083458
0.870979,1.074755
0.869796,1.066053
0.868681,1.057350
0.867636,1.048648
0.866659,1.039945
0.865750,1.031243
0.864908,1.022541
0.864134,1.013838
0.863428,1.005136
0.862788,0.996433
0.862214,0.987731
0.861707,0.979028
0.861266,0.970326
0.860891,0.961623
0.860582,0.952921
0.900354,0.944218
0.900168,0.935516
0.900051,0.926813
0.900002,0.918111
0.900021,0.909408
0.900109,0.900706
0.900266,0.892003
0.900491,0.883301
0.920803,0.874598
0.921174,0.865896
0.961686,0.857194
0.962220,0.848491
0.962829,0.839789
0.963511,0.831086
0.964268,0.822384
1.005313,0.813681
1.006257,0.804979
1.007281,0.796276
1.008383,0.787574
1.070138,0.778871
1.192774,0.770169
1.194358,0.761466
1.256852,0.752764
1.339924,0.744061
1.342018,0.735359
1.364588,0.726656
1.366935,0.717954
1.369395,0.709251
1.371969,0.700549
1.538795,0.691847
1.603612,0.683144
1.689423,0.674442
1.755086,0.665739
1.759092,0.657037
1.825484,0.648334
1.829950,0.639632
1.876274,0.630929
1.943880,0.622227
2.011995,0.613524
2.122670,0.604822
2.128748,0.596119
2.198442,0.587417
2.205111,0.578714
2.254529,0.570012
5.257397,0.561309
5.274710,0.552607
5.292542,0.543905
5.310900,0.535202
5.329793,0.526500
5.349231,0.517797
5.369221,0.509095
5.389772,0.500392
5.454816,0.491690
5.476697,0.482987
5.543453,0.474285
5.566725,0.465582
5.590620,0.456880
5.637576,0.448177
5.662854,0.439475
5.688796,0.430772
5.715414,0.422070
5.742721,0.413367
5.770732,0.404665
5.799462,0.395962
5.828925,0.387260
5.859138,0.378558
5.890116,0.369855
5.898320,0.361153
5.883381,0.352450
5.916362,0.343748
5.950171,0.335045
5.984827,0.326343
6.020350,0.317640
6.105529,0.308938
6.216753,0.300235
7.791072,0.134888
7.729158,0.126186
7.663486,0.117483
7.599493,0.108781
7.537130,0.100078
7.476347,0.091376
7.417097,0.082673
7.359334,0.073971
7.303016,0.065269
7.248101,0.056566
7.194550,0.047864
7.142324,0.039161
7.091387,0.030459
7.041704,0.021756
6.993241,0.013054
6.945966,0.004351
6.899848,-0.004351
6.854856,-0.013054
6.810964,-0.021756
6.768141,-0.030459
6.726363,-0.039161
6.685603,-0.047864
6.645838,-0.056566
6.607043,-0.065269
6.569195,-0.073971
6.532273,-0.082674
6.496256,-0.091376
6.461124,-0.100078
6.426856,-0.108781
6.393434,-0.117483
6.360839,-0.126186
6.329055,-0.134888
6.298065,-0.143591
6.267851,-0.152293
6.238398,-0.160996
6.209692,-0.169698
6.181717,-0.178401
6.154460,-0.187103
6.127907,-0.195806
6.102044,-0.204508
6.076860,-0.213211
6.052341,-0.221913
6.028478,-0.230616
6.005257,-0.239318
5.982668,-0.248021
5.960701,-0.256723
5.939345,-0.265425
5.918590,-0.274128
5.898428,-0.282830
5.878849,-0.291533
5.859844,-0.300235
5.841405,-0.308938
5.823524,-0.317640
5.806193,-0.326343
5.789404,-0.335045
5.773150,-0.343748
5.757425,-0.352450
5.742221,-0.361153
5.727533,-0.369855
5.713353,-0.378558
5.699677,-0.387260
5.686497,-0.395963
5.673810,-0.404665
5.661609,-0.413367
5.649889,-0.422070
5.638648,-0.430772
5.627878,-0.439475
5.617576,-0.448177
5.607738,-0.456880
5.598360,-0.465582
5.589438,-0.474285
5.580970,-0.482987
5.572950,-0.491690
5.565377,-0.500392
5.558247,-0.509095
5.551558,-0.517797
5.545306,-0.526500
5.539490,-0.535202
5.534107,-0.543905
5.529155,-0.552607
5.524632,-0.561310
5.520537,-0.570012
5.516868,-0.578714
5.513623,-0.587417
5.510801,-0.596119
5.508401,-0.604822
5.506423,-0.613524
5.504866,-0.622227
5.503728,-0.630929
5.503009,-0.639632
5.502710,-0.648334
5.502830,-0.657037
5.503369,-0.665739
5.504327,-0.674442
5.505705,-0.683144
5.507504,-0.691847
5.509723,-0.700549
5.512363,-0.709252
5.515427,-0.717954
5.518915,-0.726657
5.522828,-0.735359
5.527167,-0.744061
5.531935,-0.752764
5.537133,-0.761466
5.542764,-0.770169
5.548829,-0.778871
5.555331,-0.787574
5.562272,-0.796276
5.569655,-0.804979
5.577483,-0.813681
5.585759,-0.822384
5.594487,-0.831086
5.603669,-0.839789
5.613309,-0.848491
5.623412,-0.857194
5.633981,-0.865896
5.645020,-0.874599
5.656535,-0.883301
5.668529,-0.892003
5.690114,-0.900706
5.713614,-0.909408
5.724785,-0.918111
5.724740,-0.926813
5.683392,-0.935516
5.514081,-0.944218
5.372054,-0.952921
5.233862,-0.961623
5.083918,-0.970326
4.959845,-0.979028
4.843611,-0.987731
4.708496,-0.996433
4.604920,-1.005136
4.499690,-1.013838
4.397580,-1.022541
4.287828,-1.031243
4.214203,-1.039946
4.121458,-1.048648
4.045972,-1.057350
3.958826,-1.066053
3.869084,-1.074755
3.808759,-1.083458
3.750228,-1.092160
3.669817,-1.100863
3.615461,-1.109565
3.540142,-1.118268
3.490106,-1.126970
3.418078,-1.135673
3.373181,-1.144375
3.326886,-1.153078
3.263839,-1.161780
3.220308,-1.170483
3.177688,-1.179185
3.120280,-1.187888
3.080012,-1.196590
3.026196,-1.205293
2.988036,-1.213995
2.937521,-1.222697
2.901254,-1.231400
2.877879,-1.240102
2.843458,-1.248805
2.809533,-1.257507
2.766074,-1.266210
2.733621,-1.274912
2.692705,-1.283615
2.661580,-1.292317
2.648209,-1.301020
2.618452,-1.309722
2.582302,-1.318425
2.553635,-1.327127
2.519577,-1.335830
2.486777,-1.344532
2.459807,-1.353235
2.455375,-1.361937
2.429446,-1.370639
2.400574,-1.379342
2.375411,-1.388044
2.348267,-1.396747
2.323794,-1.405449
2.299391,-1.414152
2.303033,-1.422854
2.278966,-1.431557
2.264393,-1.440259
2.245153,-1.448962
2.226406,-1.457664
2.208135,-1.466367
2.190328,-1.475069
2.172969,-1.483772
2.156047,-1.492474
2.139548,-1.501177
2.123459,-1.509879
2.107770,-1.518582
2.092470,-1.527284
2.077547,-1.535986
2.062992,-1.544689
2.048794,-1.553391
2.034943,-1.562094
2.021432,-1.570796
