scan.pos:-5.104673,-5.105235,0.7852504.094840,1.562094
4.108844,1.553391
4.152591,1.544689
4.196335,1.535986
4.242599,1.527284
4.260817,1.518581
4.309960,1.509879
4.357254,1.501177
4.405221,1.492474
4.458403,1.483772
4.482241,1.475069
4.538702,1.466367
4.590990,1.457664
4.650744,1.448962
4.680006,1.440259
4.743458,1.431557
4.800838,1.422854
4.859316,1.414152
4.903544,1.405449
4.965115,1.396747
5.038430,1.388044
5.103220,1.379342
5.169437,1.370639
5.225437,1.361937
5.295496,1.353234
5.380746,1.344532
5.454885,1.335830
5.530890,1.327127
5.601042,1.318425
5.681900,1.309722
5.788047,1.301020
5.867977,1.292317
5.956545,1.283615
6.047716,1.274912
6.141636,1.266210
6.261008,1.257507
6.361632,1.248805
6.463724,1.240102
6.590357,1.231400
6.698396,1.222697
6.832331,1.213995
6.965867,1.205292
7.106733,1.196590
7.230197,1.187888
7.394239,1.179185
7.548038,1.170483
7.707201,1.161780
1.848137,1.039945
1.843899,1.031243
1.798596,1.022541
1.794762,1.013838
1.791080,1.005136
1.787549,0.996433
1.784168,0.987731
1.780935,0.979028
1.777848,0.970326
1.774908,0.961623
1.731495,0.952921
1.728903,0.944218
1.726450,0.935516
1.724135,0.926813
1.701761,0.918111
1.699743,0.909408
1.697860,0.900706
1.696109,0.892003
1.694491,0.883301
1.693005,0.874598
1.691650,0.865896
1.690426,0.857194
1.689332,0.848491
1.688369,0.839789
1.687534,0.831086
1.686829,0.822384
1.686253,0.813681
1.685806,0.804979
1.685487,0.796276
1.685297,0.787574
1.685235,0.778871
1.685301,0.770169
1.685496,0.761466
1.685819,0.752764
1.686271,0.744061
1.686851,0.735359
1.687560,0.726656
1.688399,0.717954
1.689367,0.709251
1.690465,0.700549
1.691694,0.691847
1.693053,0.683144
1.694544,0.674442
1.696166,0.665739
1.697921,0.657037
1.659464,0.648334
1.661438,0.639632
1.663544,0.630929
1.665782,0.622227
1.668153,0.613524
1.670659,0.604822
1.673299,0.596119
1.676076,0.587417
1.678990,0.578714
1.682043,0.570012
1.685236,0.561309
1.688569,0.552607
1.692044,0.543905
1.695664,0.535202
1.699428,0.526500
1.703340,0.517797
1.707400,0.509095
1.711609,0.500392
1.715971,0.491690
1.720486,0.482987
1.725157,0.474285
1.729985,0.465582
1.734973,0.456880
1.740123,0.448177
1.745437,0.439475
1.750917,0.430772
1.756565,0.422070
1.762385,0.413367
1.768379,0.404665
1.774549,0.395962
1.780898,0.387260
1.787430,0.378558
1.794147,0.369855
1.801052,0.361153
1.808149,0.352450
1.815441,0.343748
1.822931,0.335045
1.830624,0.326343
1.838522,0.317640
1.846629,0.308938
1.854951,0.300235
1.863490,0.291533
1.872252,0.282830
1.881240,0.274128
1.890460,0.265425
1.899916,0.256723
1.909613,0.248020
1.919557,0.239318
1.929752,0.230615
1.940205,0.221913
1.950921,0.213211
1.961906,0.204508
2.093099,0.195806
2.177724,0.187103
2.190706,0.178401
2.204013,0.169698
7.127679,0.160996
7.032399,0.152293
6.953147,0.143591
6.883330,0.134888
6.730334,0.126186
6.653589,0.117483
6.584455,0.108781
6.560695,0.100078
6.518195,0.091376
6.497036,0.082673
6.477932,0.073971
6.473833,0.065269
6.470169,0.056566
6.493860,0.047864
6.491295,0.039161
6.543887,0.030459
6.597845,0.021756
6.653211,0.013054
6.710030,0.004351
6.766201,-0.004351
6.818589,-0.013054
6.873541,-0.021756
6.929612,-0.030459
6.989841,-0.039161
7.026161,-0.047864
7.122988,-0.056566
7.163360,-0.065269
7.259535,-0.073971
7.314186,-0.082674
7.389888,-0.091376
7.468210,-0.100078
7.562856,-0.108781
7.638850,-0.117483
7.727798,-0.126186
4.747849,-0.221913
4.674624,-0.230616
4.626002,-0.239318
4.601578,-0.248021
4.577757,-0.256723
4.554526,-0.265425
4.531874,-0.274128
4.509788,-0.282830
4.488256,-0.291533
4.467267,-0.300235
4.446810,-0.308938
4.426876,-0.317640
4.407454,-0.326343
4.388534,-0.335045
4.370107,-0.343748
4.352165,-0.352450
4.334697,-0.361153
4.317698,-0.369855
4.301157,-0.378558
4.285067,-0.387260
4.269422,-0.395963
4.254212,-0.404665
4.239433,-0.413367
4.225077,-0.422070
4.211137,-0.430772
4.197607,-0.439475
4.184482,-0.448177
4.171755,-0.456880
4.138908,-0.465582
4.147475,-0.474285
4.135911,-0.482987
4.124725,-0.491690
4.113912,-0.500392
4.103467,-0.509095
4.093386,-0.517797
4.083664,-0.526500
4.074298,-0.535202
4.085895,-0.543905
4.077185,-0.552607
4.109872,-0.561310
4.101770,-0.570012
4.196242,-0.578714
4.188638,-0.587417
4.222126,-0.596119
4.235482,-0.604822
4.431890,-0.613524
4.425255,-0.622227
4.479722,-0.630929
4.851172,-0.639632
5.558655,-0.648334
6.400852,-0.657037
7.707416,-1.170483
7.527700,-1.179185
7.385648,-1.187888
7.227274,-1.196590
7.090400,-1.205293
6.964828,-1.213995
6.821676,-1.222697
6.702601,-1.231400
6.590637,-1.240102
6.460035,-1.248805
6.356038,-1.257507
6.255427,-1.266210
6.157909,-1.274912
6.044172,-1.283615
5.953115,-1.292317
5.864654,-1.301020
5.761759,-1.309722
5.678801,-1.318425
5.598036,-1.327127
5.528000,-1.335830
5.452079,-1.344532
5.378021,-1.353235
5.292869,-1.361937
5.222884,-1.370639
5.166979,-1.379342
5.100830,-1.388044
5.036105,-1.396747
4.962871,-1.405449
4.901360,-1.414152
4.857213,-1.422854
4.798790,-1.431557
4.741462,-1.440259
4.678079,-1.448962
4.623313,-1.457664
4.589182,-1.466367
4.536940,-1.475069
4.480539,-1.483772
4.456749,-1.492474
4.403625,-1.501177
4.355697,-1.509879
4.308441,-1.518582
4.259351,-1.527284
4.241175,-1.535986
4.194962,-1.544689
4.151250,-1.553391
4.107552,-1.562094
4.093210,-1.570796
