scan.pos:-2.351115,6.189337,-2.6147502.469261,1.562094
2.506965,1.553391
2.551957,1.544689
2.574995,1.535986
5.115991,1.527284
5.092371,1.518581
5.069353,1.509879
5.046924,1.501177
5.025074,1.492474
5.003791,1.483772
4.983067,1.475069
4.962889,1.466367
4.943249,1.457664
4.924138,1.448962
4.905545,1.440259
4.887464,1.431557
4.869884,1.422854
4.852799,1.414152
4.836201,1.405449
4.862838,1.396747
4.847052,1.388044
4.831734,1.379342
4.816878,1.370639
4.844704,1.361937
4.830631,1.353234
4.837997,1.344532
4.866625,1.335830
4.874589,1.327127
4.945358,1.318425
5.078466,1.309722
5.335651,1.301020
5.488649,1.292317
5.633586,1.283615
5.854164,1.274912
6.044327,1.266210
6.123625,1.257507
3.475549,0.874598
3.288816,0.865896
3.128671,0.857194
2.972222,0.848491
2.859717,0.839789
2.750050,0.831086
2.691255,0.822384
2.614451,0.813681
2.455331,0.804979
2.398719,0.796276
2.342046,0.787574
2.202549,0.778871
2.166256,0.770169
2.109167,0.761466
1.989440,0.752764
1.994610,0.744061
1.999960,0.735359
2.005492,0.726656
1.926940,0.717954
1.911467,0.709251
1.896048,0.700549
1.838161,0.691847
1.844029,0.683144
1.850076,0.674442
1.834837,0.665739
1.819633,0.657037
1.826081,0.648334
1.811017,0.639632
1.817759,0.630929
1.824691,0.622227
1.787923,0.613524
1.795068,0.604822
1.802409,0.596119
1.809949,0.587417
1.795379,0.578714
1.780820,0.570012
1.788778,0.561309
1.796945,0.552607
1.805325,0.543905
1.813923,0.535202
1.822742,0.526500
1.831787,0.517797
1.841063,0.509095
1.850576,0.500392
1.860330,0.491690
1.870330,0.482987
1.880583,0.474285
1.891093,0.465582
1.901867,0.456880
1.912911,0.448177
1.924232,0.439475
1.935835,0.430772
1.947729,0.422070
1.959919,0.413367
1.972415,0.404665
1.985223,0.395962
1.998352,0.387260
2.011809,0.378558
2.025605,0.369855
2.039747,0.361153
2.054246,0.352450
2.069111,0.343748
2.084352,0.335045
2.099981,0.326343
2.169264,0.317640
2.186115,0.308938
2.203400,0.300235
2.221130,0.291533
2.294295,0.282830
2.341133,0.274128
2.360991,0.265425
2.381371,0.256723
2.389573,0.248020
2.418689,0.239318
2.420229,0.230615
2.449754,0.221913
2.479394,0.213211
2.565944,0.204508
2.569175,0.195806
2.599583,0.187103
2.630197,0.178401
2.661039,0.169698
2.692132,0.160996
2.729348,0.152293
2.793533,0.143591
2.807860,0.134888
2.856682,0.126186
2.874977,0.117483
2.895131,0.108781
2.935378,0.100078
2.985136,0.091376
6.911751,0.082673
6.869745,0.073971
6.828764,0.065269
6.788783,0.056566
6.749778,0.047864
6.711727,0.039161
6.674608,0.030459
6.638400,0.021756
6.603083,0.013054
6.568637,0.004351
6.535044,-0.004351
6.502286,-0.013054
6.470344,-0.021756
6.439203,-0.030459
6.408846,-0.039161
6.379257,-0.047864
6.350421,-0.056566
6.322325,-0.065269
6.294953,-0.073971
6.268293,-0.082674
6.242331,-0.091376
6.217054,-0.100078
6.192451,-0.108781
6.168509,-0.117483
6.145219,-0.126186
6.122568,-0.134888
6.100546,-0.143591
6.079144,-0.152293
6.058351,-0.160996
6.038158,-0.169698
6.018556,-0.178401
5.999536,-0.187103
5.981090,-0.195806
5.963210,-0.204508
5.945888,-0.213211
5.929116,-0.221913
5.912888,-0.230616
5.897196,-0.239318
5.882034,-0.248021
5.867396,-0.256723
5.853275,-0.265425
5.839665,-0.274128
5.826561,-0.282830
5.813958,-0.291533
5.801850,-0.300235
5.790232,-0.308938
5.779100,-0.317640
5.768449,-0.326343
5.758275,-0.335045
5.748574,-0.343748
5.739341,-0.352450
5.730575,-0.361153
5.722270,-0.369855
5.714423,-0.378558
5.707032,-0.387260
5.700093,-0.395963
5.693605,-0.404665
5.687564,-0.413367
5.681968,-0.422070
5.676815,-0.430772
5.672102,-0.439475
5.667830,-0.448177
5.663994,-0.456880
5.660594,-0.465582
5.657629,-0.474285
5.655097,-0.482987
5.652998,-0.491690
5.651331,-0.500392
5.650095,-0.509095
5.649290,-0.517797
5.648915,-0.526500
5.648970,-0.535202
5.649456,-0.543905
5.650372,-0.552607
5.651718,-0.561310
5.653496,-0.570012
2.511914,-0.578714
2.192552,-0.587417
2.013345,-0.596119
1.834082,-0.604822
1.474085,-0.613524
1.394881,-0.622227
1.335757,-0.630929
1.336996,-0.639632
1.338339,-0.648334
1.339787,-0.657037
1.300966,-0.665739
1.181301,-0.674442
1.182854,-0.683144
1.184502,-0.691847
1.165948,-0.700549
1.127098,-0.709252
1.128934,-0.717954
1.130862,-0.726657
1.112450,-0.735359
1.114527,-0.744061
1.116697,-0.752764
1.118960,-0.761466
1.084095,-0.770169
1.084123,-0.778871
1.085758,-0.787574
1.068125,-0.796276
1.051739,-0.804979
1.057329,-0.813681
1.064067,-0.822384
1.067519,-0.831086
1.057318,-0.839789
1.047837,-0.848491
1.060155,-0.857194
1.030837,-0.865896
1.023228,-0.874599
1.016163,-0.883301
1.031003,-0.892003
1.024998,-0.900706
1.030252,-0.909408
1.004885,-0.918111
1.023117,-0.926813
1.020073,-0.935516
1.017357,-0.944218
1.036902,-0.952921
1.034889,-0.961623
1.033168,-0.970326
1.008016,-0.979028
1.007756,-0.987731
1.007729,-0.996433
1.007931,-1.005136
1.008355,-1.013838
1.031714,-1.022541
1.032678,-1.031243
1.033853,-1.039946
1.041113,-1.048648
1.043539,-1.057350
1.046154,-1.066053
1.048957,-1.074755
1.051947,-1.083458
1.055124,-1.092160
1.058488,-1.100863
1.073491,-1.109565
1.077983,-1.118268
1.082657,-1.126970
1.087512,-1.135673
1.092552,-1.144375
1.097778,-1.153078
1.103194,-1.161780
1.125388,-1.170483
1.131904,-1.179185
1.138616,-1.187888
1.145526,-1.196590
1.152640,-1.205293
1.159962,-1.213995
1.162300,-1.222697
1.144338,-1.231400
1.126201,-1.240102
1.134510,-1.248805
1.143039,-1.257507
1.124750,-1.266210
1.145097,-1.274912
1.154475,-1.283615
1.164097,-1.292317
1.173971,-1.301020
1.155912,-1.309722
1.153349,-1.318425
1.143522,-1.327127
1.133947,-1.335830
1.152046,-1.344532
1.142730,-1.353235
1.160640,-1.361937
1.151577,-1.370639
1.169315,-1.379342
1.186873,-1.388044
1.204259,-1.396747
1.195493,-1.405449
1.186943,-1.414152
1.178604,-1.422854
1.170469,-1.431557
1.187807,-1.440259
1.205002,-1.448962
1.222062,-1.457664
1.238995,-1.466367
1.255806,-1.475069
1.272503,-1.483772
1.289092,-1.492474
1.305579,-1.501177
1.321971,-1.509879
1.338273,-1.518582
1.354492,-1.527284
1.370632,-1.535986
1.386701,-1.544689
1.402701,-1.553391
1.418640,-1.562094
1.457660,-1.570796
