scan.pos:2.667021,6.719470,-2.9147503.899367,1.562094
3.994103,1.553391
4.006990,1.544689
4.040545,1.535986
4.053913,1.527284
4.087885,1.518581
4.064904,1.509879
4.164360,1.501177
4.164801,1.492474
4.205899,1.483772
4.270535,1.475069
4.302782,1.466367
4.372032,1.457664
4.488296,1.448962
4.564451,1.440259
4.620721,1.431557
4.637095,1.422854
4.734045,1.414152
4.811173,1.405449
4.808424,1.396747
4.866126,1.388044
4.924146,1.379342
4.922460,1.370639
4.961164,1.361937
4.980224,1.353234
5.019659,1.344532
5.019470,1.335830
5.019663,1.327127
5.020239,1.318425
5.021197,1.309722
5.022539,1.301020
5.024263,1.292317
5.026372,1.283615
5.028865,1.274912
4.991647,1.266210
4.994887,1.257507
4.998513,1.248805
5.002525,1.240102
5.006925,1.231400
5.011714,1.222697
5.016896,1.213995
5.022471,1.205292
5.028441,1.196590
5.034811,1.187888
5.041580,1.179185
5.048752,1.170483
5.056331,1.161780
5.064319,1.153078
5.072719,1.144375
5.081534,1.135673
5.090769,1.126970
5.079940,1.118268
5.089983,1.109565
5.100456,1.100863
5.111362,1.092160
5.122705,1.083458
5.134490,1.074755
5.146723,1.066053
5.159408,1.057350
5.172551,1.048648
5.186156,1.039945
5.200231,1.031243
5.214780,1.022541
5.229811,1.013838
5.203023,1.005136
5.218906,0.996433
5.235286,0.987731
5.252171,0.979028
5.269567,0.970326
5.287483,0.961623
5.305927,0.952921
5.324907,0.944218
5.344431,0.935516
5.364510,0.926813
2.986368,0.918111
2.940510,0.909408
2.873787,0.900706
2.813619,0.892003
2.786490,0.883301
2.723556,0.874598
2.683773,0.865896
2.644832,0.857194
2.606682,0.848491
2.546515,0.839789
2.514178,0.831086
2.478867,0.822384
2.421053,0.813681
2.386770,0.804979
2.399669,0.796276
2.413546,0.787574
2.367065,0.778871
2.335818,0.770169
2.304961,0.761466
2.322436,0.752764
2.316683,0.744061
2.300498,0.735359
2.272116,0.726656
2.244005,0.717954
2.216141,0.709251
2.213385,0.700549
2.202975,0.691847
2.176612,0.683144
2.131362,0.674442
2.120520,0.665739
2.092426,0.657037
2.067157,0.648334
2.041981,0.639632
2.043187,0.630929
2.018350,0.622227
1.990088,0.613524
1.965839,0.604822
1.941606,0.596119
1.944723,0.587417
1.919222,0.578714
1.895671,0.570012
1.872080,0.561309
1.876719,0.552607
1.860434,0.543905
1.844687,0.535202
1.829342,0.526500
1.814387,0.517797
1.799811,0.509095
1.785602,0.500392
1.745047,0.491690
1.678746,0.482987
1.666171,0.474285
1.653909,0.465582
1.641950,0.456880
1.630285,0.448177
1.618908,0.439475
1.607810,0.430772
1.596984,0.422070
1.586422,0.413367
1.576119,0.404665
1.566067,0.395962
1.556260,0.387260
1.546693,0.378558
1.537358,0.369855
1.528252,0.361153
1.519367,0.352450
1.510700,0.343748
1.502245,0.335045
1.517580,0.326343
1.532863,0.317640
1.524768,0.308938
1.516873,0.300235
1.509174,0.291533
1.524645,0.282830
1.517213,0.274128
1.509967,0.265425
1.525555,0.256723
1.518567,0.248020
1.534204,0.239318
1.527472,0.230615
1.520913,0.221913
1.536683,0.213211
1.530373,0.204508
1.524229,0.195806
1.583926,0.187103
1.577857,0.178401
1.593680,0.169698
1.587859,0.160996
1.636865,0.152293
1.676865,0.143591
1.708388,0.134888
1.728517,0.126186
1.727574,0.117483
1.723268,0.108781
1.724776,0.100078
1.747617,0.091376
1.793965,0.082673
1.777789,0.073971
1.768069,0.065269
1.797390,0.056566
1.848295,0.047864
1.912544,0.039161
1.905518,0.030459
1.961868,0.021756
2.019706,0.013054
2.022890,0.004351
2.018738,-0.004351
2.078987,-0.013054
2.151542,-0.021756
2.145398,-0.030459
2.145864,-0.039161
2.254273,-0.047864
2.367530,-0.056566
2.481026,-0.065269
2.538251,-0.073971
2.779522,-0.082674
2.953259,-0.091376
3.146559,-0.100078
6.358862,-0.169698
6.135413,-0.178401
6.072788,-0.187103
6.010672,-0.195806
5.969059,-0.204508
5.947922,-0.213211
5.907243,-0.221913
5.907021,-0.230616
5.907248,-0.239318
5.907926,-0.248021
5.909054,-0.256723
5.910632,-0.265425
5.852604,-0.274128
5.815005,-0.282830
5.797853,-0.291533
5.761075,-0.300235
5.764815,-0.308938
5.768999,-0.317640
5.773629,-0.326343
5.778708,-0.335045
5.784236,-0.343748
5.790216,-0.352450
5.796650,-0.361153
5.803541,-0.369855
5.851336,-0.378558
5.818705,-0.387260
5.826983,-0.395963
5.835730,-0.404665
5.864195,-0.413367
5.867999,-0.422070
5.871655,-0.430772
5.935025,-0.439475
5.787346,-0.448177
5.583234,-0.456880
5.358543,-0.465582
5.183913,-0.474285
4.999450,-0.482987
4.842846,-0.491690
4.692578,-0.500392
4.537899,-0.509095
4.400816,-0.517797
4.289211,-0.526500
4.157305,-0.535202
4.055750,-0.543905
3.957659,-0.552607
3.843624,-0.561310
3.753265,-0.570012
3.670894,-0.578714
3.565756,-0.587417
3.484047,-0.596119
3.414240,-0.604822
3.337737,-0.613524
3.275557,-0.622227
3.203510,-0.630929
3.132814,-0.639632
3.079877,-0.648334
3.012777,-0.657037
2.946702,-0.665739
2.903729,-0.674442
2.861808,-0.683144
2.798526,-0.691847
2.758420,-0.700549
2.719182,-0.709252
2.658106,-0.717954
2.620340,-0.726657
2.583290,-0.735359
2.546910,-0.744061
2.488065,-0.752764
2.452786,-0.761466
2.418058,-0.770169
2.383844,-0.778871
2.373695,-0.787574
2.340541,-0.796276
2.307808,-0.804979
2.275466,-0.813681
2.243489,-0.822384
2.211849,-0.831086
2.180519,-0.839789
2.149475,-0.848491
2.118693,-0.857194
2.113029,-0.865896
2.082863,-0.874599
2.052892,-0.883301
2.023097,-0.892003
2.019013,-0.900706
1.989684,-0.909408
1.960472,-0.918111
1.957467,-0.926813
1.928623,-0.935516
1.899841,-0.944218
1.897807,-0.952921
1.869301,-0.961623
1.840805,-0.970326
1.839647,-0.979028
1.811339,-0.987731
1.810794,-0.996433
1.782621,-1.005136
1.782569,-1.013838
1.767216,-1.022541
1.752258,-1.031243
1.737682,-1.039946
1.723477,-1.048648
1.709631,-1.057350
1.696134,-1.066053
1.682975,-1.074755
1.670146,-1.083458
1.657636,-1.092160
1.645436,-1.100863
1.633538,-1.109565
1.621933,-1.118268
1.610614,-1.126970
1.599573,-1.135673
1.588802,-1.144375
1.578295,-1.153078
1.568044,-1.161780
1.558044,-1.170483
1.548288,-1.179185
1.538769,-1.187888
1.529482,-1.196590
1.520422,-1.205293
1.511584,-1.213995
1.502961,-1.222697
1.494549,-1.231400
1.486343,-1.240102
1.478339,-1.248805
1.470532,-1.257507
1.462918,-1.266210
1.455492,-1.274912
1.448252,-1.283615
1.441192,-1.292317
1.434309,-1.301020
1.427600,-1.309722
1.421062,-1.318425
1.414690,-1.327127
1.408481,-1.335830
1.402434,-1.344532
1.396544,-1.353235
1.390808,-1.361937
1.385225,-1.370639
1.379791,-1.379342
1.374504,-1.388044
1.369361,-1.396747
1.364359,-1.405449
1.359498,-1.414152
1.354774,-1.422854
1.350184,-1.431557
1.345728,-1.440259
1.341403,-1.448962
1.337208,-1.457664
1.333140,-1.466367
1.329197,-1.475069
1.325378,-1.483772
1.321681,-1.492474
1.318106,-1.501177
1.314649,-1.509879
1.311310,-1.518582
1.308087,-1.527284
1.304979,-1.535986
1.301985,-1.544689
1.299103,-1.553391
1.296332,-1.562094
1.293672,-1.570796
