scan.pos:-1.417564,6.732368,-2.6147500.670986,1.562094
0.667623,1.553391
0.687252,1.544689
0.683944,1.535986
0.703410,1.527284
0.722749,1.518581
0.719482,1.509879
0.738683,1.501177
0.735485,1.492474
0.732370,1.483772
0.729337,1.475069
0.726383,1.466367
0.723509,1.457664
0.720711,1.448962
0.739748,1.440259
0.758698,1.431557
0.777568,1.422854
0.796364,1.414152
0.793640,1.405449
0.812373,1.396747
0.831044,1.388044
0.870901,1.379342
0.889399,1.370639
0.907854,1.361937
0.983472,1.353234
1.152264,1.344532
1.173867,1.335830
1.216544,1.327127
1.259332,1.318425
1.281490,1.309722
1.297381,1.301020
1.281508,1.292317
1.286972,1.283615
1.313689,1.274912
1.341055,1.266210
1.410149,1.257507
1.459447,1.248805
1.526652,1.240102
1.602681,1.231400
1.659836,1.222697
1.759424,1.213995
1.840682,1.205292
1.944583,1.196590
2.051246,1.187888
2.154317,1.179185
2.232424,1.170483
2.330674,1.161780
2.670456,1.153078
2.856794,1.144375
5.218040,1.135673
5.233791,1.126970
5.450586,1.118268
6.068556,1.109565
6.445701,1.100863
4.520886,0.691847
4.303605,0.683144
4.196035,0.674442
4.113091,0.665739
4.022477,0.657037
3.946754,0.648334
3.851947,0.639632
3.781198,0.630929
3.690864,0.622227
3.624437,0.613524
3.556415,0.604822
3.494907,0.596119
3.435119,0.587417
3.376945,0.578714
3.297875,0.570012
3.243973,0.561309
3.190899,0.552607
3.139060,0.543905
3.088379,0.535202
3.061727,0.526500
3.013278,0.517797
2.949339,0.509095
2.926756,0.500392
2.881846,0.491690
2.884800,0.482987
2.865348,0.474285
2.833756,0.465582
2.792903,0.456880
2.800807,0.448177
2.761429,0.439475
2.746956,0.430772
2.747715,0.422070
2.735566,0.413367
2.745615,0.404665
2.763444,0.395962
2.731426,0.387260
2.749820,0.378558
2.768676,0.369855
2.762338,0.361153
2.756123,0.352450
2.776067,0.343748
2.796516,0.335045
2.817485,0.326343
2.838989,0.317640
2.861043,0.308938
2.883663,0.300235
2.906868,0.291533
2.930673,0.282830
2.955099,0.274128
2.980164,0.265425
3.005889,0.256723
3.019268,0.248020
3.053522,0.239318
3.060350,0.230615
3.095319,0.221913
3.130562,0.213211
3.220089,0.204508
3.243745,0.195806
3.344500,0.187103
3.406677,0.178401
3.442710,0.169698
3.479204,0.160996
3.516187,0.152293
3.630554,0.143591
3.668074,0.134888
3.706187,0.126186
3.744927,0.117483
3.784325,0.108781
3.858294,0.100078
3.918852,0.091376
3.958024,0.082673
4.000675,0.073971
4.071078,0.065269
7.777673,0.030459
7.735481,0.021756
7.694327,0.013054
7.654189,0.004351
7.615044,-0.004351
7.576872,-0.013054
7.539652,-0.021756
7.503364,-0.030459
7.467990,-0.039161
7.433511,-0.047864
7.399910,-0.056566
7.367170,-0.065269
7.335275,-0.073971
7.304209,-0.082674
7.273956,-0.091376
7.244502,-0.100078
7.215833,-0.108781
7.187935,-0.117483
7.160795,-0.126186
7.134401,-0.134888
7.108740,-0.143591
7.083800,-0.152293
7.059571,-0.160996
7.036041,-0.169698
7.013199,-0.178401
6.991036,-0.187103
6.969542,-0.195806
6.948707,-0.204508
6.928522,-0.213211
6.908978,-0.221913
6.890069,-0.230616
6.871784,-0.239318
6.854116,-0.248021
6.837059,-0.256723
6.820603,-0.265425
6.804745,-0.274128
6.789475,-0.282830
6.774789,-0.291533
6.760680,-0.300235
6.747142,-0.308938
6.734170,-0.317640
6.721759,-0.326343
6.709904,-0.335045
6.698599,-0.343748
2.136102,-0.352450
2.071972,-0.361153
2.068969,-0.369855
2.066132,-0.378558
2.043254,-0.387260
2.000407,-0.395963
1.957813,-0.404665
1.955736,-0.413367
1.933695,-0.422070
1.891743,-0.430772
1.890173,-0.439475
1.868682,-0.448177
1.867417,-0.456880
1.866296,-0.465582
1.865319,-0.474285
1.824440,-0.482987
1.823763,-0.491690
1.823225,-0.500392
1.822826,-0.509095
1.822567,-0.517797
1.822446,-0.526500
1.822463,-0.535202
1.822620,-0.543905
1.822915,-0.552607
1.823350,-0.561310
1.823923,-0.570012
1.824636,-0.578714
1.825489,-0.587417
1.826481,-0.596119
1.827614,-0.604822
1.828888,-0.613524
1.830303,-0.622227
1.831860,-0.630929
1.833559,-0.639632
1.795116,-0.648334
1.797059,-0.657037
1.778955,-0.665739
1.781156,-0.674442
1.743020,-0.683144
1.745448,-0.691847
1.727720,-0.700549
1.730398,-0.709252
1.733216,-0.717954
1.736176,-0.726657
1.739279,-0.735359
1.722055,-0.744061
1.704897,-0.752764
1.708353,-0.761466
1.711954,-0.770169
1.715700,-0.778871
1.719595,-0.787574
1.723638,-0.796276
1.727833,-0.804979
1.732180,-0.813681
1.736682,-0.822384
1.741341,-0.831086
1.746157,-0.839789
1.751135,-0.848491
1.756274,-0.857194
1.761579,-0.865896
1.767050,-0.874599
1.772692,-0.883301
1.778505,-0.892003
1.784492,-0.900706
1.790658,-0.909408
1.797003,-0.918111
1.803531,-0.926813
1.810245,-0.935516
1.817148,-0.944218
1.824243,-0.952921
1.831534,-0.961623
1.839025,-0.970326
1.846717,-0.979028
1.854617,-0.987731
1.907546,-0.996433
1.893560,-1.005136
1.879593,-1.013838
1.888359,-1.022541
1.897351,-1.031243
1.906576,-1.039946
1.916037,-1.048648
1.925740,-1.057350
1.935691,-1.066053
1.945893,-1.074755
1.956353,-1.083458
1.967077,-1.092160
1.978071,-1.100863
1.989341,-1.109565
2.000893,-1.118268
2.012734,-1.126970
2.024871,-1.135673
2.037312,-1.144375
2.099390,-1.153078
2.112774,-1.161780
2.076530,-1.170483
2.065116,-1.179185
2.028390,-1.187888
2.016809,-1.196590
1.976714,-1.205293
1.947088,-1.213995
1.943601,-1.222697
1.914350,-1.231400
1.885164,-1.240102
1.882653,-1.248805
1.853748,-1.257507
1.824855,-1.266210
1.823220,-1.274912
1.794518,-1.283615
1.793493,-1.292317
1.764927,-1.301020
1.764481,-1.309722
1.754823,-1.318425
1.739872,-1.327127
1.725304,-1.335830
1.711107,-1.344532
1.697269,-1.353235
1.683781,-1.361937
1.670632,-1.370639
1.657812,-1.379342
1.645312,-1.388044
1.633122,-1.396747
1.621234,-1.405449
1.609639,-1.414152
1.598330,-1.422854
1.587299,-1.431557
1.576538,-1.440259
1.566041,-1.448962
1.555800,-1.457664
1.545809,-1.466367
1.536062,-1.475069
1.526553,-1.483772
1.517275,-1.492474
1.508224,-1.501177
1.499394,-1.509879
1.490779,-1.518582
1.482375,-1.527284
1.474177,-1.535986
1.466180,-1.544689
1.458379,-1.553391
1.450772,-1.562094
1.443352,-1.570796
