scan.pos:3.095749,6.818427,-2.9147503.672512,1.562094
3.685754,1.553391
3.678779,1.544689
3.672109,1.535986
3.665742,1.527284
3.680016,1.518581
3.694523,1.509879
3.688989,1.501177
3.724250,1.492474
3.739474,1.483772
3.775140,1.475069
3.831178,1.466367
3.927679,1.457664
3.923626,1.448962
4.040540,1.440259
4.036993,1.431557
4.073912,1.422854
4.131146,1.414152
4.168567,1.405449
4.226297,1.396747
4.284287,1.388044
4.282494,1.379342
4.381088,1.370639
4.425113,1.361937
4.559117,1.353234
4.638602,1.344532
4.718427,1.335830
4.718609,1.327127
4.819165,1.318425
4.900113,1.309722
4.961458,1.301020
4.983181,1.292317
5.025327,1.283615
5.087933,1.274912
5.090846,1.266210
5.134274,1.257507
5.138001,1.248805
5.142125,1.240102
5.146648,1.231400
5.151571,1.222697
5.156897,1.213995
5.162628,1.205292
5.168765,1.196590
5.155089,1.187888
5.141771,1.179185
5.149086,1.170483
5.156816,1.161780
5.164962,1.153078
5.173529,1.144375
5.182519,1.135673
5.191937,1.126970
5.201787,1.118268
5.212071,1.109565
5.222795,1.100863
5.233962,1.092160
5.245577,1.083458
5.257645,1.074755
5.270172,1.066053
5.283161,1.057350
5.296618,1.048648
5.289637,1.039945
5.303992,1.031243
5.318831,1.022541
5.334162,1.013838
5.349989,1.005136
5.366321,0.996433
5.383164,0.987731
5.382249,0.979028
5.418413,0.970326
5.436835,0.961623
5.455800,0.952921
5.453668,0.944218
5.451936,0.935516
5.472418,0.926813
5.493475,0.918111
5.515116,0.909408
5.537351,0.900706
5.560192,0.892003
5.583648,0.883301
5.607732,0.874598
5.632456,0.865896
5.657832,0.857194
5.683872,0.848491
5.710589,0.839789
5.737998,0.831086
5.766113,0.822384
3.297012,0.813681
3.229273,0.804979
3.185533,0.796276
3.151287,0.787574
3.109997,0.778871
3.069454,0.770169
3.029618,0.761466
2.978198,0.752764
2.940264,0.744061
2.902907,0.735359
2.854793,0.726656
2.844490,0.717954
2.809391,0.709251
2.774736,0.700549
2.740496,0.691847
2.699002,0.683144
2.716810,0.674442
2.710090,0.665739
2.672262,0.657037
2.641290,0.648334
2.636691,0.639632
2.659024,0.630929
2.625391,0.622227
2.596459,0.613524
2.594631,0.604822
2.563799,0.596119
2.563442,0.587417
2.536099,0.578714
2.507892,0.570012
2.481268,0.561309
2.483015,0.552607
2.461495,0.543905
2.440660,0.535202
2.420357,0.526500
2.400571,0.517797
2.381286,0.509095
2.356542,0.500392
2.344158,0.491690
2.326288,0.482987
2.308863,0.474285
2.291871,0.465582
2.275298,0.456880
2.259135,0.448177
2.243369,0.439475
2.227990,0.430772
2.212988,0.422070
2.198353,0.413367
2.184075,0.404665
2.145425,0.395962
2.131991,0.387260
2.070054,0.378558
2.057562,0.369855
2.045373,0.361153
2.033483,0.352450
2.021883,0.343748
2.010566,0.335045
1.999528,0.326343
1.988760,0.317640
1.978258,0.308938
1.968014,0.300235
1.958025,0.291533
1.948285,0.282830
1.938787,0.274128
1.929528,0.265425
1.920503,0.256723
1.934254,0.248020
1.948027,0.239318
1.939478,0.230615
1.931150,0.221913
1.945198,0.213211
1.937209,0.204508
1.929432,0.195806
1.965648,0.187103
1.958116,0.178401
1.972516,0.169698
1.965312,0.160996
1.958308,0.152293
2.037484,0.143591
2.030583,0.134888
2.026071,0.126186
2.080616,0.117483
2.132153,0.108781
2.168771,0.100078
2.164294,0.091376
2.161237,0.082673
2.163304,0.073971
2.228186,0.065269
2.211151,0.056566
2.217027,0.047864
2.279164,0.039161
2.354154,0.030459
2.348961,0.021756
2.449925,0.013054
2.463795,0.004351
2.458738,-0.004351
2.536777,-0.013054
2.574687,-0.021756
2.575528,-0.030459
2.670563,-0.039161
2.793248,-0.047864
2.924279,-0.056566
3.084816,-0.065269
3.263912,-0.073971
3.436840,-0.082674
3.666930,-0.091376
6.631880,-0.160996
6.547942,-0.169698
6.464592,-0.178401
6.441866,-0.187103
6.379624,-0.195806
6.337912,-0.204508
6.336709,-0.213211
6.335987,-0.221913
6.335749,-0.230616
6.335993,-0.239318
6.336720,-0.248021
6.277908,-0.256723
6.219548,-0.265425
6.221684,-0.274128
6.184240,-0.282830
6.187308,-0.291533
6.190851,-0.300235
6.194870,-0.308938
6.199367,-0.317640
6.204342,-0.326343
6.209799,-0.335045
6.215740,-0.343748
6.262466,-0.352450
6.229080,-0.361153
6.236485,-0.369855
6.244384,-0.378558
6.270303,-0.387260
6.275169,-0.395963
6.273187,-0.404665
6.334053,-0.413367
6.048083,-0.422070
5.798760,-0.430772
5.549290,-0.439475
5.330641,-0.448177
5.143250,-0.456880
4.944877,-0.465582
4.775360,-0.474285
4.595989,-0.482987
4.464592,-0.491690
4.318522,-0.500392
4.188527,-0.509095
4.055082,-0.517797
3.946846,-0.526500
3.821651,-0.535202
3.740436,-0.543905
3.645090,-0.552607
3.531572,-0.561310
3.463092,-0.570012
3.381352,-0.578714
3.276754,-0.587417
3.216923,-0.596119
3.137636,-0.604822
3.071427,-0.613524
2.996854,-0.622227
2.945447,-0.630929
2.888995,-0.639632
2.841616,-0.648334
2.773518,-0.657037
2.728489,-0.665739
2.682427,-0.674442
2.618295,-0.683144
2.577256,-0.691847
2.537091,-0.700549
2.499532,-0.709252
2.461874,-0.717954
2.424912,-0.726657
2.370221,-0.735359
2.335273,-0.744061
2.300877,-0.752764
2.274019,-0.761466
2.241434,-0.770169
2.209285,-0.778871
2.177541,-0.787574
2.156381,-0.796276
2.126129,-0.804979
2.083941,-0.813681
2.054900,-0.822384
2.026113,-0.831086
2.011522,-0.839789
1.983903,-0.848491
1.956468,-0.857194
1.945337,-0.865896
1.918926,-0.874599
1.892636,-0.883301
1.859349,-0.892003
1.859339,-0.900706
1.834017,-0.909408
1.803227,-0.918111
1.778509,-0.926813
1.775620,-0.935516
1.751624,-0.944218
1.727615,-0.952921
1.727517,-0.961623
1.704148,-0.970326
1.678747,-0.979028
1.683321,-0.987731
1.659482,-0.996433
1.637026,-1.005136
1.642630,-1.013838
1.628482,-1.022541
1.614698,-1.031243
1.601267,-1.039946
1.588176,-1.048648
1.575418,-1.057350
1.562980,-1.066053
1.550855,-1.074755
1.539032,-1.083458
1.527504,-1.092160
1.516262,-1.100863
1.505298,-1.109565
1.494604,-1.118268
1.484174,-1.126970
1.474000,-1.135673
1.464074,-1.144375
1.454392,-1.153078
1.444946,-1.161780
1.435731,-1.170483
1.426740,-1.179185
1.417969,-1.187888
1.409412,-1.196590
1.401063,-1.205293
1.392918,-1.213995
1.384972,-1.222697
1.377220,-1.231400
1.369659,-1.240102
1.362283,-1.248805
1.376586,-1.257507
1.369458,-1.266210
1.362507,-1.274912
1.355729,-1.283615
1.349120,-1.292317
1.342677,-1.301020
1.336397,-1.309722
1.330276,-1.318425
1.324311,-1.327127
1.318499,-1.335830
1.312838,-1.344532
1.307324,-1.353235
1.301955,-1.361937
1.296729,-1.370639
1.291642,-1.379342
1.286693,-1.388044
1.281878,-1.396747
1.277196,-1.405449
1.272645,-1.414152
1.268223,-1.422854
1.263927,-1.431557
1.259755,-1.440259
1.255707,-1.448962
1.251779,-1.457664
1.247971,-1.466367
1.244280,-1.475069
1.240705,-1.483772
1.237245,-1.492474
1.233897,-1.501177
1.230661,-1.509879
1.227536,-1.518582
1.224519,-1.527284
1.221609,-1.535986
1.218807,-1.544689
1.216109,-1.553391
1.213515,-1.562094
1.211025,-1.570796
