scan.pos:-2.096689,-2.674823,1.7352501.767154,1.562094
1.764665,1.553391
1.762318,1.544689
1.760110,1.535986
1.758042,1.527284
1.756113,1.518581
1.754321,1.509879
1.752666,1.501177
1.751148,1.492474
1.749765,1.483772
1.748517,1.475069
1.747404,1.466367
1.746426,1.457664
1.745581,1.448962
1.744870,1.440259
1.744293,1.431557
1.743848,1.422854
1.743537,1.414152
1.743358,1.405449
1.743313,1.396747
1.743400,1.388044
1.743619,1.379342
1.743972,1.370639
1.744458,1.361937
1.745076,1.353234
1.745829,1.344532
1.746715,1.335830
1.747735,1.327127
1.748889,1.318425
1.750179,1.309722
1.751604,1.301020
1.753164,1.292317
1.754862,1.283615
1.756696,1.274912
1.758669,1.266210
1.760780,1.257507
1.763030,1.248805
1.765421,1.240102
1.767954,1.231400
1.770628,1.222697
1.773446,1.213995
1.776409,1.205292
1.779517,1.196590
1.782772,1.187888
1.786175,1.179185
1.789728,1.170483
1.793432,1.161780
1.797288,1.153078
1.801298,1.144375
1.805464,1.135673
1.809788,1.126970
1.814271,1.118268
1.818915,1.109565
1.823722,1.100863
1.828694,1.092160
1.833833,1.083458
1.839142,1.074755
1.844622,1.066053
1.850277,1.057350
1.856108,1.048648
1.862118,1.039945
1.868311,1.031243
1.874687,1.022541
1.881251,1.013838
1.888006,1.005136
1.894954,0.996433
1.902098,0.987731
1.909443,0.979028
1.916991,0.970326
1.924747,0.961623
1.932713,0.952921
1.940893,0.944218
1.949293,0.935516
1.957915,0.926813
1.966764,0.918111
1.975845,0.909408
1.985161,0.900706
1.994719,0.892003
2.004523,0.883301
2.014577,0.874598
2.024888,0.865896
2.035461,0.857194
2.046301,0.848491
2.057415,0.839789
2.068809,0.831086
2.080489,0.822384
2.092462,0.813681
2.104735,0.804979
2.117315,0.796276
2.130209,0.787574
2.143426,0.778871
2.156973,0.770169
2.170858,0.761466
2.185091,0.752764
2.199680,0.744061
2.214636,0.735359
2.229967,0.726656
2.245684,0.717954
2.261797,0.709251
2.278319,0.700549
2.295259,0.691847
2.312631,0.683144
2.330446,0.674442
2.348719,0.665739
2.367462,0.657037
2.523595,0.648334
2.544454,0.639632
5.702150,0.326343
5.585021,0.317640
5.469394,0.308938
5.422516,0.300235
5.398797,0.291533
5.375692,0.282830
5.353189,0.274128
5.331279,0.265425
5.309950,0.256723
5.289192,0.248020
5.268996,0.239318
5.249351,0.230615
5.230249,0.221913
5.211681,0.213211
5.193639,0.204508
5.176114,0.195806
5.159098,0.187103
5.142584,0.178401
5.126565,0.169698
5.111033,0.160996
5.095982,0.152293
5.081405,0.143591
5.088258,0.134888
5.074554,0.126186
5.061309,0.117483
5.090112,0.108781
5.077664,0.100078
5.065662,0.091376
5.095402,0.082673
5.084186,0.073971
5.073404,0.065269
5.063053,0.056566
5.053127,0.047864
5.064065,0.039161
5.054944,0.030459
5.086977,0.021756
5.098953,0.013054
5.151886,0.004351
5.326691,-0.004351
5.339435,-0.013054
5.615386,-0.021756
5.992014,-0.030459
6.469030,-0.039161
6.804427,-0.047864
7.513082,-0.300235
6.963912,-0.308938
6.628968,-0.317640
6.617704,-0.326343
6.627196,-0.335045
6.637222,-0.343748
6.607094,-0.352450
6.618131,-0.361153
6.629710,-0.369855
6.641837,-0.378558
6.654516,-0.387260
6.667752,-0.395963
6.681551,-0.404665
6.695917,-0.413367
6.710858,-0.422070
6.726379,-0.430772
4.210216,-0.439475
4.078010,-0.448177
3.980264,-0.456880
3.909985,-0.465582
3.747965,-0.474285
3.631055,-0.482987
3.538213,-0.491690
3.448200,-0.500392
3.360781,-0.509095
3.275743,-0.517797
3.086077,-0.526500
3.026318,-0.535202
2.940920,-0.543905
2.886470,-0.552607
2.896833,-0.561310
2.864014,-0.570012
2.831169,-0.578714
2.798290,-0.587417
2.809351,-0.596119
2.776554,-0.604822
2.765872,-0.613524
2.733046,-0.622227
2.744874,-0.630929
2.712091,-0.639632
2.724349,-0.648334
2.736927,-0.657037
2.727058,-0.665739
2.740188,-0.674442
2.707661,-0.683144
2.721243,-0.691847
2.735171,-0.700549
2.749452,-0.709252
2.764095,-0.717954
2.779108,-0.726657
2.794498,-0.735359
2.810276,-0.744061
2.826448,-0.752764
2.843026,-0.761466
2.860018,-0.770169
2.877436,-0.778871
2.892678,-0.787574
2.913587,-0.796276
2.932343,-0.804979
2.951569,-0.813681
2.971276,-0.822384
2.991477,-0.831086
3.012186,-0.839789
3.033416,-0.848491
3.055182,-0.857194
3.077499,-0.865896
3.100382,-0.874599
3.123847,-0.883301
3.147912,-0.892003
3.145648,-0.900706
3.170751,-0.909408
3.196502,-0.918111
3.222923,-0.926813
3.250034,-0.935516
3.277857,-0.944218
3.304730,-0.952921
3.323183,-0.961623
3.342408,-0.970326
3.389959,-0.979028
3.410557,-0.987731
3.459080,-0.996433
3.478096,-1.005136
3.500542,-1.013838
3.546296,-1.022541
3.596131,-1.031243
3.615368,-1.039946
3.666045,-1.048648
3.711236,-1.057350
3.737178,-1.066053
3.782357,-1.074755
3.834945,-1.083458
3.880061,-1.092160
3.898151,-1.100863
3.963634,-1.109565
4.009354,-1.118268
4.065454,-1.126970
4.111464,-1.135673
4.169111,-1.144375
4.215566,-1.153078
4.274963,-1.161780
4.335634,-1.170483
4.406955,-1.179185
4.446162,-1.187888
4.424870,-1.196590
4.397581,-1.205293
4.465163,-1.213995
4.447818,-1.222697
4.495647,-1.231400
4.477353,-1.240102
4.532363,-1.248805
4.565299,-1.257507
4.598254,-1.266210
4.619227,-1.274912
4.621696,-1.283615
4.646638,-1.292317
4.671727,-1.301020
4.718933,-1.309722
4.744245,-1.318425
4.747925,-1.327127
4.773653,-1.335830
4.821188,-1.344532
4.868750,-1.353235
4.894863,-1.361937
4.899758,-1.370639
4.990358,-1.379342
5.016930,-1.388044
5.107337,-1.396747
5.176434,-1.405449
5.213463,-1.414152
5.212291,-1.422854
5.299663,-1.431557
6.896750,-1.440259
7.002364,-1.448962
7.181627,-1.457664
7.387171,-1.466367
7.458956,-1.475069
7.674688,-1.483772
1.225378,-1.518582
1.223073,-1.527284
1.220870,-1.535986
1.116923,-1.544689
1.115087,-1.553391
1.072735,-1.562094
1.071141,-1.570796
