scan.pos:-2.247387,6.249674,-2.6147502.269461,1.562094
2.285813,1.553391
2.325943,1.544689
2.359235,1.535986
2.370803,1.527284
2.448517,1.518581
2.492625,1.509879
2.537418,1.501177
2.584412,1.492474
5.070744,1.483772
5.049742,1.475069
5.029294,1.466367
5.009392,1.457664
4.990025,1.448962
4.971183,1.440259
4.952860,1.431557
4.935046,1.422854
4.917732,1.414152
4.900911,1.405449
4.884576,1.396747
4.868719,1.388044
4.874575,1.379342
4.880764,1.370639
4.866173,1.361937
4.852037,1.353234
4.838351,1.344532
4.866978,1.335830
4.854062,1.327127
4.862407,1.318425
4.912627,1.309722
4.942251,1.301020
4.972111,1.292317
5.146615,1.283615
5.444249,1.274912
5.576702,1.266210
5.832041,1.257507
6.053009,1.248805
6.100102,1.240102
6.387651,1.231400
3.708011,0.857194
3.520284,0.848491
3.388472,0.839789
3.261166,0.831086
3.117316,0.822384
3.009710,0.813681
2.875719,0.804979
2.785246,0.796276
2.696984,0.787574
2.589995,0.778871
2.512610,0.770169
2.432092,0.761466
2.352816,0.752764
2.295535,0.744061
2.251704,0.735359
2.215918,0.726656
2.116899,0.717954
2.080854,0.709251
2.087139,0.700549
2.072363,0.691847
2.057653,0.683144
2.021608,0.674442
1.985477,0.665739
1.970794,0.657037
1.956159,0.648334
1.941567,0.639632
1.948795,0.630929
1.934365,0.622227
1.898025,0.613524
1.905611,0.604822
1.913404,0.596119
1.899191,0.587417
1.885003,0.578714
1.893246,0.570012
1.901706,0.561309
1.910389,0.552607
1.896580,0.543905
1.882785,0.535202
1.891939,0.526500
1.901328,0.517797
1.910957,0.509095
1.920830,0.500392
1.930955,0.491690
1.941335,0.482987
1.951976,0.474285
1.962886,0.465582
1.974069,0.456880
1.985532,0.448177
1.997282,0.439475
2.009326,0.430772
2.021671,0.422070
2.034325,0.413367
2.047295,0.404665
2.060589,0.395962
2.074216,0.387260
2.088185,0.378558
2.102504,0.369855
2.117183,0.361153
2.132232,0.352450
2.147661,0.343748
2.158111,0.335045
2.179704,0.326343
2.196340,0.317640
2.213402,0.308938
2.284995,0.300235
2.303382,0.291533
2.322245,0.282830
2.397033,0.274128
2.417365,0.265425
2.466424,0.256723
2.473823,0.248020
2.501237,0.239318
2.528748,0.230615
2.530741,0.221913
2.559223,0.213211
2.587856,0.204508
2.670220,0.195806
2.702599,0.187103
2.731909,0.178401
2.761464,0.169698
2.791285,0.160996
2.827243,0.152293
2.858186,0.143591
2.921817,0.134888
2.935994,0.126186
2.959978,0.117483
3.020395,0.108781
3.041657,0.100078
3.064885,0.091376
3.124835,0.082673
6.995891,0.073971
6.954157,0.065269
6.913442,0.056566
6.873721,0.047864
6.834971,0.039161
6.797171,0.030459
6.760298,0.021756
6.724332,0.013054
6.689254,0.004351
6.655044,-0.004351
6.621684,-0.013054
6.589156,-0.021756
6.557443,-0.030459
6.526528,-0.039161
6.496397,-0.047864
6.467031,-0.056566
6.438419,-0.065269
6.410544,-0.073971
6.383394,-0.082674
6.356956,-0.091376
6.331215,-0.100078
6.306160,-0.108781
6.281779,-0.117483
6.258061,-0.126186
6.234994,-0.134888
6.212568,-0.143591
6.190773,-0.152293
6.169598,-0.160996
6.149034,-0.169698
6.129072,-0.178401
6.109703,-0.187103
6.090918,-0.195806
6.072710,-0.204508
6.055069,-0.213211
6.037990,-0.221913
6.021463,-0.230616
6.005484,-0.239318
5.990043,-0.248021
5.975136,-0.256723
5.960756,-0.265425
5.946896,-0.274128
5.933552,-0.282830
5.920717,-0.291533
5.908386,-0.300235
5.896555,-0.308938
5.885219,-0.317640
5.874372,-0.326343
5.864011,-0.335045
5.854132,-0.343748
5.844730,-0.352450
5.835802,-0.361153
5.827345,-0.369855
5.819354,-0.378558
5.811827,-0.387260
5.804761,-0.395963
5.798154,-0.404665
5.792002,-0.413367
5.786303,-0.422070
5.781055,-0.430772
5.776257,-0.439475
5.771905,-0.448177
5.767999,-0.456880
5.764537,-0.465582
5.761518,-0.474285
5.758939,-0.482987
5.756802,-0.491690
5.755104,-0.500392
5.753845,-0.509095
5.753025,-0.517797
5.752643,-0.526500
5.752699,-0.535202
5.753194,-0.543905
2.853364,-0.552607
2.293763,-0.561310
1.874141,-0.570012
1.434343,-0.578714
1.435013,-0.587417
1.435793,-0.596119
1.436684,-0.604822
1.277118,-0.613524
1.278106,-0.622227
1.279194,-0.630929
1.280380,-0.639632
1.221240,-0.648334
1.222561,-0.657037
1.223979,-0.665739
1.205280,-0.674442
1.216893,-0.683144
1.226914,-0.691847
1.179426,-0.700549
1.175330,-0.709252
1.173718,-0.717954
1.153884,-0.726657
1.156330,-0.735359
1.148590,-0.744061
1.158031,-0.752764
1.127478,-0.761466
1.138957,-0.770169
1.130721,-0.778871
1.102558,-0.787574
1.102947,-0.796276
1.099290,-0.804979
1.116917,-0.813681
1.114174,-0.822384
1.090869,-0.831086
1.088820,-0.839789
1.108179,-0.848491
1.108224,-0.857194
1.108942,-0.865896
1.109878,-0.874599
1.111023,-0.883301
1.069578,-0.892003
1.070980,-0.900706
1.083375,-0.909408
1.086524,-0.918111
1.089807,-0.926813
1.093225,-0.935516
1.096777,-0.944218
1.100465,-0.952921
1.101717,-0.961623
1.106223,-0.970326
1.110850,-0.979028
1.115602,-0.987731
1.120480,-0.996433
1.125487,-1.005136
1.130626,-1.013838
1.135898,-1.022541
1.141308,-1.031243
1.146857,-1.039946
1.152548,-1.048648
1.158385,-1.057350
1.164370,-1.066053
1.170507,-1.074755
1.176799,-1.083458
1.183250,-1.092160
1.189863,-1.100863
1.196642,-1.109565
1.203591,-1.118268
1.210714,-1.126970
1.218014,-1.135673
1.200988,-1.144375
1.183841,-1.153078
1.191389,-1.161780
1.199125,-1.170483
1.181908,-1.179185
1.189868,-1.187888
1.198027,-1.196590
1.206391,-1.205293
1.189116,-1.213995
1.171683,-1.222697
1.180314,-1.231400
1.189165,-1.240102
1.171613,-1.248805
1.180714,-1.257507
1.190050,-1.266210
1.199626,-1.274912
1.209450,-1.283615
1.219530,-1.292317
1.229874,-1.301020
1.212298,-1.309722
1.209610,-1.318425
1.199304,-1.327127
1.189262,-1.335830
1.206905,-1.344532
1.224353,-1.353235
1.241615,-1.361937
1.231919,-1.370639
1.249041,-1.379342
1.265998,-1.388044
1.282798,-1.396747
1.299449,-1.405449
1.315958,-1.414152
1.332335,-1.422854
1.348584,-1.431557
1.364714,-1.440259
1.380732,-1.448962
1.396643,-1.457664
1.412454,-1.466367
1.428171,-1.475069
1.443801,-1.483772
1.459349,-1.492474
1.474821,-1.501177
1.490222,-1.509879
1.529455,-1.518582
1.544596,-1.527284
1.606948,-1.535986
1.598231,-1.544689
1.613107,-1.553391
1.627948,-1.562094
1.642760,-1.570796
