scan.pos:0.523197,7.066093,-0.3647500.984786,1.562094
0.988116,1.553391
0.991545,1.544689
0.995073,1.535986
0.998703,1.527284
1.002436,1.518581
1.006274,1.509879
1.010219,1.501177
1.014273,1.492474
1.018436,1.483772
1.022713,1.475069
1.027104,1.466367
1.031612,1.457664
1.036239,1.448962
1.040987,1.440259
1.045859,1.431557
1.050857,1.422854
1.055984,1.414152
1.061242,1.405449
1.066635,1.396747
1.072165,1.388044
1.077835,1.379342
1.083648,1.370639
1.089608,1.361937
1.095717,1.353234
1.101980,1.344532
1.108400,1.335830
1.114980,1.327127
1.121725,1.318425
1.128638,1.309722
1.135725,1.301020
1.142988,1.292317
1.150433,1.283615
1.158064,1.274912
1.165887,1.266210
1.173906,1.257507
1.182127,1.248805
1.190555,1.240102
1.199196,1.231400
1.208057,1.222697
1.217142,1.213995
1.226459,1.205292
1.236015,1.196590
1.245817,1.187888
1.255871,1.179185
1.266187,1.170483
1.276771,1.161780
1.287633,1.153078
1.298781,1.144375
1.292118,1.135673
1.308992,1.126970
1.325682,1.118268
1.342197,1.109565
1.358546,1.100863
1.347782,1.092160
1.364033,1.083458
1.380138,1.074755
1.396104,1.066053
1.411938,1.057350
1.427648,1.048648
1.439519,1.039945
1.455422,1.031243
1.478220,1.022541
1.469221,1.013838
1.493631,1.005136
1.510436,0.996433
1.536367,0.987731
1.553619,0.979028
1.581167,0.970326
1.598935,0.961623
1.604054,0.952921
1.646563,0.944218
1.653806,0.935516
1.672968,0.926813
1.692173,0.918111
1.726118,0.909408
1.746117,0.900706
1.782261,0.892003
1.803165,0.883301
1.841691,0.874598
1.863626,0.865896
1.881965,0.857194
1.927854,0.848491
1.951205,0.839789
1.996253,0.831086
2.021011,0.822384
2.069290,0.813681
2.095660,0.804979
2.144533,0.796276
2.175727,0.787574
2.226374,0.778871
2.261883,0.770169
2.314615,0.761466
2.367870,0.752764
2.410103,0.744061
2.444465,0.735359
2.513846,0.726656
2.572810,0.717954
2.632748,0.709251
2.689681,0.700549
2.774718,0.691847
2.839885,0.683144
2.907790,0.674442
2.999011,0.665739
3.076324,0.657037
3.173506,0.648334
3.272993,0.639632
3.366342,0.630929
3.473827,0.622227
3.605299,0.613524
3.719362,0.604822
3.841093,0.596119
4.008750,0.587417
4.150414,0.578714
4.333337,0.570012
4.502991,0.561309
4.682847,0.552607
4.936224,0.543905
5.160121,0.535202
5.435878,0.526500
5.715049,0.517797
6.073595,0.509095
6.434499,0.500392
6.871239,0.491690
7.341410,0.482987
7.523344,0.474285
7.517354,0.465582
7.499684,0.456880
7.494427,0.448177
7.480914,0.439475
7.475948,0.430772
7.471558,0.422070
7.467741,0.413367
7.464495,0.404665
7.461821,0.395962
7.459716,0.387260
7.458181,0.378558
7.457214,0.369855
7.456815,0.361153
7.456984,0.352450
7.457720,0.343748
7.459025,0.335045
7.460899,0.326343
7.463342,0.317640
7.466356,0.308938
7.469941,0.300235
7.474099,0.291533
7.478831,0.282830
7.484140,0.274128
7.490027,0.265425
7.496495,0.256723
7.503546,0.248020
7.511182,0.239318
7.519408,0.230615
7.528225,0.221913
7.537638,0.213211
7.547650,0.204508
7.558265,0.195806
7.569487,0.187103
7.581320,0.178401
7.593770,0.169698
7.606841,0.160996
7.620539,0.152293
7.634868,0.143591
7.649835,0.134888
7.665446,0.126186
7.681706,0.117483
7.698624,0.108781
7.716205,0.100078
7.734457,0.091376
7.753387,0.082673
7.773003,0.073971
7.793314,0.065269
6.538149,-0.387260
6.421888,-0.395963
6.222808,-0.404665
6.083408,-0.413367
5.947155,-0.422070
5.682640,-0.430772
5.355856,-0.439475
5.283524,-0.448177
5.240175,-0.456880
5.197924,-0.465582
5.156738,-0.474285
5.116586,-0.482987
5.103980,-0.491690
5.065609,-0.500392
5.028190,-0.509095
5.043611,-0.517797
5.014010,-0.526500
5.040713,-0.535202
1.347023,-0.543905
1.262188,-0.552607
1.253809,-0.561310
1.245635,-0.570012
1.237661,-0.578714
1.180686,-0.587417
1.173399,-0.596119
1.166290,-0.604822
1.159354,-0.613524
1.152588,-0.622227
1.145987,-0.630929
1.139548,-0.639632
1.133266,-0.648334
1.127138,-0.657037
1.121162,-0.665739
1.115332,-0.674442
1.063412,-0.683144
1.035098,-0.691847
1.030030,-0.700549
1.025090,-0.709252
1.020274,-0.717954
0.970444,-0.726657
0.966073,-0.735359
0.961814,-0.744061
0.957666,-0.752764
0.953625,-0.761466
0.949690,-0.770169
0.945859,-0.778871
0.942131,-0.787574
0.938503,-0.796276
0.934974,-0.804979
0.931541,-0.813681
0.928205,-0.822384
0.924962,-0.831086
0.921812,-0.839789
0.918753,-0.848491
0.894487,-0.857194
0.891673,-0.865896
0.888944,-0.874599
0.886300,-0.883301
0.883738,-0.892003
0.881257,-0.900706
0.878858,-0.909408
0.876538,-0.918111
0.874296,-0.926813
0.872133,-0.935516
0.870046,-0.944218
0.868035,-0.952921
0.866099,-0.961623
0.864237,-0.970326
0.821380,-0.979028
0.819746,-0.987731
0.818181,-0.996433
0.816684,-1.005136
0.815255,-1.013838
0.813892,-1.022541
0.812596,-1.031243
0.811366,-1.039946
0.810200,-1.048648
0.809100,-1.057350
0.808064,-1.066053
0.807092,-1.074755
0.806184,-1.083458
0.805339,-1.092160
0.804558,-1.100863
0.803838,-1.109565
0.803181,-1.118268
0.802587,-1.126970
0.802054,-1.135673
0.761504,-1.144375
0.761115,-1.153078
0.760784,-1.161780
0.760511,-1.170483
0.760297,-1.179185
0.760140,-1.187888
0.760042,-1.196590
0.760001,-1.205293
0.760018,-1.213995
0.760094,-1.222697
0.760226,-1.231400
0.760417,-1.240102
0.760666,-1.248805
0.760974,-1.257507
0.761339,-1.266210
0.761763,-1.274912
0.762245,-1.283615
0.762786,-1.292317
0.763386,-1.301020
0.764045,-1.309722
0.764764,-1.318425
0.765542,-1.327127
0.766381,-1.335830
0.767279,-1.344532
0.768239,-1.353235
0.769259,-1.361937
0.770341,-1.370639
0.771485,-1.379342
0.772691,-1.388044
0.773960,-1.396747
0.775292,-1.405449
0.776688,-1.414152
0.778148,-1.422854
0.779674,-1.431557
0.781265,-1.440259
0.782922,-1.448962
0.784646,-1.457664
0.786438,-1.466367
0.788299,-1.475069
0.790228,-1.483772
0.792227,-1.492474
0.794297,-1.501177
0.796439,-1.509879
0.798653,-1.518582
0.800941,-1.527284
0.803304,-1.535986
0.805741,-1.544689
0.808256,-1.553391
0.810848,-1.562094
0.813519,-1.570796
