scan.pos:4.674974,7.069709,2.6184356.152651,1.562094
6.160806,1.553391
6.192842,1.544689
6.225691,1.535986
6.259369,1.527284
6.293895,1.518581
6.329289,1.509879
6.365571,1.501177
6.402761,1.492474
6.440882,1.483772
6.431140,1.475069
6.470889,1.466367
6.511631,1.457664
6.553392,1.448962
6.596198,1.440259
6.640075,1.431557
6.685052,1.422854
6.731160,1.414152
6.778427,1.405449
6.826886,1.396747
6.876571,1.388044
7.085266,1.379342
7.138697,1.370639
7.193491,1.361937
7.249689,1.353234
7.307333,1.344532
7.366466,1.335830
7.427135,1.327127
7.489386,1.318425
7.553270,1.309722
7.675381,1.301020
4.499062,1.283615
4.438351,1.274912
4.425091,1.266210
4.389506,1.257507
4.354818,1.248805
4.321001,1.240102
4.288028,1.231400
4.255877,1.222697
4.224524,1.213995
4.193946,1.205292
4.164123,1.196590
4.135033,1.187888
4.106658,1.179185
4.078978,1.170483
4.051974,1.161780
4.025631,1.153078
4.049389,1.144375
4.009004,1.135673
3.999242,1.126970
3.999356,1.118268
3.999773,1.109565
3.976496,1.100863
3.953787,1.092160
3.931634,1.083458
3.933615,1.074755
3.912409,1.066053
3.891725,1.057350
3.871552,1.048648
3.851878,1.039945
3.832695,1.031243
3.813990,1.022541
3.795754,1.013838
3.777979,1.005136
3.760654,0.996433
3.743771,0.987731
3.727322,0.979028
3.711298,0.970326
3.695691,0.961623
3.680495,0.952921
3.665700,0.944218
3.585610,0.935516
3.571852,0.926813
3.558469,0.918111
3.545455,0.909408
3.532804,0.900706
3.520509,0.892003
3.508567,0.883301
3.496970,0.874598
3.485715,0.865896
3.474795,0.857194
3.506518,0.848491
3.496131,0.839789
3.507102,0.831086
3.497304,0.822384
3.529659,0.813681
3.541248,0.804979
3.594663,0.796276
3.606569,0.787574
3.639400,0.778871
3.754995,0.770169
3.767281,0.761466
3.806550,0.752764
3.806482,0.744061
3.938269,0.735359
4.038647,0.726656
4.047843,0.717954
4.191978,0.709251
4.167016,0.700549
4.361798,0.691847
4.578094,0.683144
4.850470,0.674442
5.130913,0.665739
5.327145,0.657037
7.755240,0.509095
7.756096,0.500392
7.757544,0.491690
7.759582,0.482987
7.762213,0.474285
7.765438,0.465582
7.769257,0.456880
7.773672,0.448177
7.778685,0.439475
7.446308,0.395962
6.908009,0.387260
6.522888,0.378558
6.157783,0.369855
5.788673,0.361153
5.492919,0.352450
5.192541,0.343748
4.978516,0.335045
4.728494,0.326343
4.549187,0.317640
4.363719,0.308938
4.183750,0.300235
4.030454,0.291533
3.858527,0.282830
3.739362,0.274128
3.627023,0.265425
3.497951,0.256723
3.392751,0.248020
3.280181,0.239318
3.182778,0.230615
3.102735,0.221913
2.990715,0.213211
2.922336,0.204508
2.855760,0.195806
2.771191,0.187103
2.712659,0.178401
2.632022,0.169698
2.573611,0.160996
2.524509,0.152293
2.469323,0.143591
2.404535,0.134888
2.351992,0.126186
2.313918,0.117483
2.263675,0.108781
2.213828,0.100078
2.181982,0.091376
2.133968,0.082673
2.084001,0.073971
2.059698,0.065269
2.013209,0.056566
1.990418,0.047864
1.947080,0.039161
1.925610,0.030459
1.881586,0.021756
1.864827,0.013054
1.844660,0.004351
1.807685,-0.004351
1.788487,-0.013054
1.753846,-0.021756
1.735499,-0.030459
1.703015,-0.039161
1.685417,-0.047864
1.654934,-0.056566
1.637994,-0.065269
1.609375,-0.073971
1.581941,-0.082674
1.566136,-0.091376
1.540378,-0.100078
1.525038,-0.108781
1.542060,-0.117483
1.502063,-0.126186
1.486854,-0.134888
1.471554,-0.143591
1.456156,-0.152293
1.440656,-0.160996
1.425045,-0.169698
1.409318,-0.178401
1.393467,-0.187103
1.377485,-0.195806
1.388058,-0.204508
1.372000,-0.213211
1.355793,-0.221913
1.339430,-0.230616
1.322901,-0.239318
1.306197,-0.248021
1.289310,-0.256723
1.301651,-0.265425
1.290429,-0.274128
1.279496,-0.282830
1.268842,-0.291533
1.258459,-0.300235
1.248339,-0.308938
1.238474,-0.317640
1.228857,-0.326343
1.219480,-0.335045
1.210336,-0.343748
1.201420,-0.352450
1.192724,-0.361153
1.184242,-0.369855
1.175969,-0.378558
1.167900,-0.387260
1.160028,-0.395963
1.152348,-0.404665
1.144856,-0.413367
1.137547,-0.422070
1.130417,-0.430772
1.123460,-0.439475
1.116673,-0.448177
1.110051,-0.456880
1.103591,-0.465582
1.097289,-0.474285
1.091141,-0.482987
1.085144,-0.491690
1.079293,-0.500392
1.073588,-0.509095
1.068022,-0.517797
1.062595,-0.526500
1.057303,-0.535202
1.052143,-0.543905
1.047113,-0.552607
1.042209,-0.561310
1.037430,-0.570012
1.032773,-0.578714
1.028235,-0.587417
1.023814,-0.596119
1.019509,-0.604822
1.015317,-0.613524
1.011236,-0.622227
1.007263,-0.630929
1.003399,-0.639632
0.999639,-0.648334
0.995983,-0.657037
0.992429,-0.665739
0.988975,-0.674442
0.985620,-0.683144
0.982363,-0.691847
0.979201,-0.700549
0.976133,-0.709252
0.973159,-0.717954
0.970276,-0.726657
0.967484,-0.735359
0.964781,-0.744061
0.962166,-0.752764
0.959639,-0.761466
0.957197,-0.770169
0.954840,-0.778871
0.952567,-0.787574
0.950377,-0.796276
0.948269,-0.804979
0.946242,-0.813681
0.944296,-0.822384
0.942429,-0.831086
0.940642,-0.839789
0.938932,-0.848491
0.937300,-0.857194
0.935744,-0.865896
0.934265,-0.874599
0.932862,-0.883301
0.931533,-0.892003
0.930279,-0.900706
0.929099,-0.909408
0.927993,-0.918111
0.926959,-0.926813
0.925999,-0.935516
0.925111,-0.944218
0.924294,-0.952921
0.923550,-0.961623
0.922877,-0.970326
0.922275,-0.979028
0.921744,-0.987731
0.921284,-0.996433
0.920894,-1.005136
0.920575,-1.013838
0.920326,-1.022541
0.920147,-1.031243
0.920039,-1.039946
0.920000,-1.048648
0.920032,-1.057350
0.920133,-1.066053
0.920305,-1.074755
0.920547,-1.083458
0.920859,-1.092160
0.921241,-1.100863
0.921694,-1.109565
0.922218,-1.118268
0.922813,-1.126970
0.923479,-1.135673
0.924216,-1.144375
0.925025,-1.153078
0.925906,-1.161780
0.926859,-1.170483
0.927885,-1.179185
0.928984,-1.187888
0.930156,-1.196590
0.931403,-1.205293
0.932724,-1.213995
0.934120,-1.222697
0.935591,-1.231400
0.937139,-1.240102
0.938763,-1.248805
0.940465,-1.257507
0.942245,-1.266210
0.944104,-1.274912
0.946042,-1.283615
0.948060,-1.292317
0.950160,-1.301020
0.952342,-1.309722
0.954606,-1.318425
0.956954,-1.327127
0.959388,-1.335830
0.961907,-1.344532
0.964513,-1.353235
0.967207,-1.361937
0.969990,-1.370639
0.972863,-1.379342
0.975828,-1.388044
0.978886,-1.396747
0.982039,-1.405449
0.985287,-1.414152
0.988632,-1.422854
0.992075,-1.431557
0.995619,-1.440259
0.999264,-1.448962
1.003013,-1.457664
1.006868,-1.466367
1.010829,-1.475069
1.014899,-1.483772
1.019080,-1.492474
1.023374,-1.501177
1.027782,-1.509879
1.032308,-1.518582
1.036953,-1.527284
1.041720,-1.535986
1.046611,-1.544689
1.051628,-1.553391
1.056775,-1.562094
1.062054,-1.570796
