scan.pos:7.013176,3.826251,-1.9147501.040971,1.562094
1.044275,1.553391
1.047680,1.544689
1.051187,1.535986
1.054799,1.527284
1.058517,1.518581
1.062342,1.509879
1.066276,1.501177
1.070321,1.492474
1.074480,1.483772
1.078753,1.475069
1.083143,1.466367
1.087652,1.457664
1.092283,1.448962
1.097036,1.440259
1.101916,1.431557
1.106924,1.422854
1.112063,1.414152
1.117335,1.405449
1.122744,1.396747
1.128291,1.388044
1.133980,1.379342
1.139814,1.370639
1.145797,1.361937
1.151930,1.353234
1.158218,1.344532
1.164665,1.335830
1.171273,1.327127
1.178047,1.318425
1.184990,1.309722
1.192107,1.301020
1.199402,1.292317
1.206880,1.283615
1.214544,1.274912
1.222400,1.266210
1.230452,1.257507
1.238707,1.248805
1.247168,1.240102
1.255842,1.231400
1.264734,1.222697
1.273852,1.213995
1.283199,1.205292
1.292785,1.196590
1.302614,1.187888
1.312695,1.179185
1.323035,1.170483
1.333641,1.161780
1.344521,1.153078
1.337459,1.144375
1.348760,1.135673
1.360359,1.126970
1.362859,1.118268
1.380306,1.109565
1.371070,1.100863
1.388911,1.092160
1.408783,1.083458
1.426824,1.074755
1.447916,1.066053
1.439585,1.057350
1.462157,1.048648
1.480939,1.039945
1.504847,1.031243
1.498129,1.022541
1.523629,1.013838
1.543333,1.005136
1.570318,0.996433
1.590481,0.987731
1.610625,0.979028
1.614923,0.970326
1.635784,0.961623
1.666778,0.952921
1.688273,0.944218
1.696903,0.935516
1.719265,0.926813
1.741714,0.918111
1.777401,0.909408
1.800709,0.900706
1.824164,0.892003
1.839476,0.883301
1.864079,0.874598
1.905381,0.865896
1.931144,0.857194
1.957178,0.848491
1.979384,0.839789
2.029626,0.831086
2.057409,0.822384
2.084188,0.813681
2.113734,0.804979
2.166062,0.796276
2.198037,0.787574
2.252175,0.778871
2.288356,0.770169
2.322666,0.761466
2.379584,0.752764
2.415366,0.744061
2.481945,0.735359
2.520695,0.726656
2.582032,0.717954
2.613560,0.709251
2.614313,0.700549
2.595386,0.691847
2.594883,0.683144
2.581403,0.674442
2.584006,0.665739
2.576454,0.657037
2.569140,0.648334
2.562062,0.639632
2.555217,0.630929
2.548603,0.622227
2.542215,0.613524
2.536052,0.604822
2.530111,0.596119
2.524390,0.587417
2.518886,0.578714
2.513597,0.570012
2.508520,0.561309
2.462716,0.552607
2.458135,0.543905
2.453758,0.535202
2.429223,0.526500
2.425281,0.517797
2.421535,0.509095
2.417985,0.500392
2.414629,0.491690
2.411466,0.482987
2.408494,0.474285
2.405713,0.465582
2.403120,0.456880
2.400716,0.448177
2.398499,0.439475
2.396469,0.430772
2.394624,0.422070
2.392965,0.413367
2.391489,0.404665
2.390197,0.395962
2.389089,0.387260
2.388163,0.378558
2.387420,0.369855
2.386858,0.361153
2.386479,0.352450
2.386282,0.343748
2.386266,0.335045
2.386433,0.326343
2.386781,0.317640
2.387310,0.308938
2.388022,0.300235
2.388917,0.291533
2.389994,0.282830
2.391254,0.274128
2.392698,0.265425
2.394326,0.256723
2.396139,0.248020
2.398138,0.239318
2.400322,0.230615
2.402694,0.221913
2.364936,0.213211
2.367639,0.204508
2.370528,0.195806
2.373606,0.187103
2.376873,0.178401
2.380331,0.169698
2.383981,0.160996
2.347115,0.152293
2.351084,0.143591
2.355245,0.134888
2.359602,0.126186
2.364155,0.117483
2.368907,0.108781
2.373859,0.100078
2.379013,0.091376
2.384372,0.082673
2.389937,0.073971
2.395711,0.065269
2.401696,0.056566
2.407896,0.047864
2.414311,0.039161
2.420946,0.030459
2.427803,0.021756
2.434884,0.013054
2.442194,0.004351
2.449735,-0.004351
2.457510,-0.013054
2.465523,-0.021756
2.473778,-0.030459
2.482277,-0.039161
2.491026,-0.047864
2.500027,-0.056566
2.509286,-0.065269
2.518806,-0.073971
2.528592,-0.082674
2.538648,-0.091376
2.548979,-0.100078
2.559591,-0.108781
2.570487,-0.117483
2.581675,-0.126186
2.593158,-0.134888
2.604944,-0.143591
2.617037,-0.152293
2.629445,-0.160996
2.642172,-0.169698
2.655227,-0.178401
2.668615,-0.187103
2.682345,-0.195806
2.696423,-0.204508
2.710857,-0.213211
2.725655,-0.221913
2.740825,-0.230616
2.756377,-0.239318
2.763530,-0.248021
2.775145,-0.256723
2.777051,-0.265425
2.791415,-0.274128
2.797200,-0.282830
2.814241,-0.291533
2.848755,-0.300235
2.843477,-0.308938
2.838897,-0.317640
2.853572,-0.326343
2.876693,-0.335045
2.895017,-0.343748
2.894731,-0.352450
2.916501,-0.361153
2.944623,-0.369855
2.332012,-0.378558
2.250671,-0.387260
2.246831,-0.395963
2.219560,-0.404665
2.190584,-0.413367
2.163928,-0.422070
2.157085,-0.430772
2.138542,-0.439475
2.132261,-0.448177
2.114026,-0.456880
2.096259,-0.465582
2.078944,-0.474285
2.062070,-0.482987
2.045621,-0.491690
2.083238,-0.500392
2.067191,-0.509095
2.051545,-0.517797
2.062509,-0.526500
2.047439,-0.535202
2.058583,-0.543905
2.069725,-0.552607
2.055386,-0.561310
2.041398,-0.570012
2.078032,-0.578714
2.064391,-0.587417
2.075896,-0.596119
2.087412,-0.604822
2.098942,-0.613524
2.110489,-0.622227
2.146265,-0.630929
2.181780,-0.639632
2.193121,-0.648334
2.180707,-0.657037
2.192256,-0.665739
2.227376,-0.674442
2.215476,-0.683144
2.227152,-0.691847
2.285202,-0.700549
2.273697,-0.709252
2.262479,-0.717954
2.274364,-0.726657
2.263593,-0.735359
2.298312,-0.744061
2.310381,-0.752764
2.300112,-0.761466
2.387847,-0.770169
2.372885,-0.778871
2.383557,-0.787574
2.437569,-0.796276
2.426259,-0.804979
2.465593,-0.813681
2.479240,-0.822384
2.472226,-0.831086
2.519183,-0.839789
2.515869,-0.848491
2.513974,-0.857194
2.556358,-0.865896
2.572409,-0.874599
2.555382,-0.883301
2.582705,-0.892003
2.591321,-0.900706
2.604812,-0.909408
2.636617,-0.918111
2.678696,-0.926813
2.679244,-0.935516
2.703770,-0.944218
2.731587,-0.952921
2.755884,-0.961623
2.752542,-0.970326
2.774507,-0.979028
2.793736,-0.987731
2.808421,-0.996433
2.843767,-1.005136
2.838251,-1.013838
2.894266,-1.022541
2.950297,-1.031243
2.985997,-1.039946
3.143768,-1.048648
5.983944,-1.231400
5.613603,-1.240102
5.574413,-1.248805
5.575650,-1.257507
5.577313,-1.266210
5.579402,-1.274912
5.581918,-1.283615
5.584861,-1.292317
5.588234,-1.301020
5.592036,-1.309722
5.596271,-1.318425
5.600938,-1.327127
5.606040,-1.335830
5.611580,-1.344532
5.617559,-1.353235
5.623980,-1.361937
5.630844,-1.370639
5.638155,-1.379342
5.686437,-1.388044
5.694709,-1.396747
5.744083,-1.405449
5.753343,-1.414152
5.763071,-1.422854
5.793698,-1.431557
5.804415,-1.440259
5.815616,-1.448962
5.827304,-1.457664
5.839486,-1.466367
5.836718,-1.475069
5.865346,-1.483772
5.879036,-1.492474
5.893239,-1.501177
5.907963,-1.509879
5.923213,-1.518582
5.918057,-1.527284
5.892332,-1.535986
5.909020,-1.544689
5.926257,-1.553391
5.944047,-1.562094
5.962400,-1.570796
