scan.pos:6.134932,3.104915,1.9184351.148717,1.562094
1.166345,1.553391
1.162813,1.544689
1.159389,1.535986
1.156074,1.527284
1.173826,1.518581
1.212475,1.509879
1.209311,1.501177
1.206255,1.492474
1.244799,1.483772
1.283253,1.475069
1.300976,1.466367
1.298113,1.457664
1.295361,1.448962
1.292719,1.440259
1.351623,1.431557
1.349082,1.422854
1.367056,1.414152
1.425809,1.405449
1.423467,1.396747
1.421241,1.388044
1.419130,1.379342
1.477867,1.370639
1.475902,1.361937
1.474054,1.353234
1.492492,1.344532
1.511002,1.335830
1.529587,1.327127
1.528145,1.318425
1.526822,1.309722
1.525617,1.301020
1.564650,1.292317
1.623796,1.283615
1.622887,1.274912
1.622104,1.266210
1.681497,1.257507
1.680942,1.248805
1.680515,1.240102
1.740224,1.231400
1.780047,1.222697
1.780002,1.213995
1.780092,1.205292
1.800321,1.196590
1.800686,1.187888
1.841215,1.179185
1.841870,1.170483
1.882723,1.161780
1.898640,1.153078
1.899750,1.144375
6.833392,1.109565
6.276297,1.100863
5.738711,1.092160
5.482865,1.083458
5.166240,1.074755
5.132394,1.066053
4.842584,1.057350
4.784112,1.048648
4.768563,1.039945
4.776155,1.031243
4.784137,1.022541
4.792511,1.013838
4.801280,1.005136
4.810449,0.996433
4.820020,0.987731
4.829998,0.979028
4.840387,0.970326
4.851192,0.961623
4.862415,0.952921
4.874063,0.944218
4.886139,0.935516
4.898649,0.926813
4.911599,0.918111
4.924994,0.909408
4.938838,0.900706
4.953139,0.892003
5.010228,0.883301
5.025590,0.874598
5.084022,0.865896
5.100488,0.857194
5.117452,0.848491
5.156430,0.839789
5.174489,0.831086
5.193071,0.822384
5.212186,0.813681
5.231842,0.804979
5.252048,0.796276
5.272814,0.787574
5.294149,0.778871
5.316065,0.770169
5.338571,0.761466
5.361678,0.752764
5.385398,0.744061
5.387179,0.735359
5.366719,0.726656
5.392029,0.717954
5.417994,0.709251
5.444627,0.700549
5.471941,0.691847
5.499952,0.683144
5.575380,0.674442
5.698987,0.665739
7.708775,0.535202
7.643595,0.526500
7.549527,0.517797
7.488946,0.509095
7.403867,0.500392
7.320353,0.491690
7.262383,0.482987
7.182500,0.474285
7.131359,0.465582
7.052953,0.456880
7.005524,0.448177
6.931667,0.439475
6.884595,0.430772
6.825462,0.422070
6.767847,0.413367
6.711704,0.404665
6.656987,0.395962
6.603654,0.387260
6.551663,0.378558
6.500977,0.369855
6.451555,0.361153
6.403364,0.352450
6.356368,0.343748
6.310534,0.335045
6.265829,0.326343
6.222224,0.317640
6.179689,0.308938
6.138196,0.300235
6.097718,0.291533
6.058228,0.282830
6.019702,0.274128
5.982116,0.265425
5.945446,0.256723
5.909670,0.248020
5.874767,0.239318
5.840716,0.230615
5.807497,0.221913
5.775091,0.213211
5.743480,0.204508
5.712646,0.195806
5.682571,0.187103
5.653240,0.178401
5.624636,0.169698
5.596744,0.160996
5.569549,0.152293
5.543037,0.143591
5.517195,0.134888
5.492009,0.126186
5.467466,0.117483
5.443555,0.108781
5.420263,0.100078
5.397578,0.091376
5.375490,0.082673
5.353988,0.073971
5.333063,0.065269
5.312703,0.056566
5.292899,0.047864
5.273643,0.039161
5.254925,0.030459
5.236736,0.021756
5.219070,0.013054
5.201917,0.004351
5.185270,-0.004351
5.169121,-0.013054
5.153464,-0.021756
5.138292,-0.030459
5.123598,-0.039161
5.109375,-0.047864
5.095619,-0.056566
5.082322,-0.065269
5.069479,-0.073971
5.057086,-0.082674
5.045136,-0.091376
5.033625,-0.100078
5.022548,-0.108781
5.011900,-0.117483
5.001678,-0.126186
4.991876,-0.134888
4.982491,-0.143591
4.973520,-0.152293
4.964959,-0.160996
4.956803,-0.169698
4.949051,-0.178401
4.941699,-0.187103
4.934743,-0.195806
4.928183,-0.204508
4.922013,-0.213211
4.916234,-0.221913
4.910841,-0.230616
4.905833,-0.239318
4.901208,-0.248021
4.896965,-0.256723
4.893101,-0.265425
4.889616,-0.274128
4.886507,-0.282830
4.883774,-0.291533
4.881415,-0.300235
4.879431,-0.308938
4.877819,-0.317640
4.876579,-0.326343
4.875711,-0.335045
4.875215,-0.343748
4.875090,-0.352450
4.875337,-0.361153
4.875954,-0.369855
4.876944,-0.378558
4.878305,-0.387260
4.880039,-0.395963
4.882145,-0.404665
4.884626,-0.413367
4.887482,-0.422070
4.890714,-0.430772
4.894323,-0.439475
4.898311,-0.448177
4.902678,-0.456880
4.907428,-0.465582
4.912562,-0.474285
4.918081,-0.482987
4.923988,-0.491690
4.930285,-0.500392
4.936975,-0.509095
4.944059,-0.517797
4.951542,-0.526500
4.959426,-0.535202
4.967713,-0.543905
4.976408,-0.552607
4.985515,-0.561310
4.995035,-0.570012
5.004974,-0.578714
5.015335,-0.587417
5.026123,-0.596119
5.037341,-0.604822
5.048995,-0.613524
5.061090,-0.622227
5.073629,-0.630929
5.086620,-0.639632
5.100066,-0.648334
5.113975,-0.657037
5.128351,-0.665739
5.143200,-0.674442
5.179478,-0.683144
5.192864,-0.691847
5.211950,-0.700549
5.222245,-0.709252
5.103178,-0.717954
4.987854,-0.726657
4.875998,-0.735359
4.789024,-0.744061
4.683458,-0.752764
4.580674,-0.761466
4.502382,-0.770169
4.404677,-0.778871
4.331297,-0.787574
4.260186,-0.796276
4.168942,-0.804979
4.101875,-0.813681
4.036695,-0.822384
3.973291,-0.831086
3.888892,-0.839789
3.828634,-0.848491
3.769861,-0.857194
3.712490,-0.865896
3.656442,-0.874599
3.601643,-0.883301
3.548023,-0.892003
3.495515,-0.900706
3.444057,-0.909408
3.417326,-0.918111
3.367929,-0.926813
3.319416,-0.935516
3.271738,-0.944218
3.224846,-0.952921
3.203134,-0.961623
3.157829,-0.970326
3.113181,-0.979028
3.069150,-0.987731
3.050766,-0.996433
3.008020,-1.005136
2.965782,-1.013838
2.949601,-1.022541
2.908454,-1.031243
2.893668,-1.039946
2.853500,-1.048648
2.813684,-1.057350
2.800722,-1.066053
2.761723,-1.074755
2.722992,-1.083458
2.711662,-1.092160
2.673602,-1.100863
2.663339,-1.109565
2.625861,-1.118268
2.616602,-1.126970
2.605606,-1.135673
2.583225,-1.144375
2.561420,-1.153078
2.540171,-1.161780
2.519463,-1.170483
2.499278,-1.179185
2.479601,-1.187888
2.460418,-1.196590
2.441713,-1.205293
2.423475,-1.213995
2.405688,-1.222697
2.388341,-1.231400
2.371422,-1.240102
2.354918,-1.248805
2.338820,-1.257507
2.323117,-1.266210
2.307797,-1.274912
2.292851,-1.283615
2.278270,-1.292317
2.264045,-1.301020
2.250167,-1.309722
2.236627,-1.318425
2.223417,-1.327127
2.210530,-1.335830
2.197957,-1.344532
2.185693,-1.353235
2.173729,-1.361937
2.162059,-1.370639
2.150677,-1.379342
2.139576,-1.388044
2.128750,-1.396747
2.118194,-1.405449
2.107901,-1.414152
2.097867,-1.422854
2.088087,-1.431557
2.078555,-1.440259
2.069266,-1.448962
2.060216,-1.457664
2.051401,-1.466367
2.042816,-1.475069
2.034456,-1.483772
2.026318,-1.492474
2.018399,-1.501177
2.010693,-1.509879
2.003198,-1.518582
1.995910,-1.527284
1.988826,-1.535986
1.981942,-1.544689
1.975256,-1.553391
1.968764,-1.562094
1.962463,-1.570796
