scan.pos:7.080618,4.014537,-1.9147500.955994,1.562094
0.959028,1.553391
0.962155,1.544689
0.965376,1.535986
0.968693,1.527284
0.972107,1.518581
0.975620,1.509879
0.979233,1.501177
0.982948,1.492474
0.986767,1.483772
0.990691,1.475069
0.994723,1.466367
0.998864,1.457664
1.003117,1.448962
1.007483,1.440259
1.011964,1.431557
1.016563,1.422854
1.021282,1.414152
1.026124,1.405449
1.031091,1.396747
1.036186,1.388044
1.041411,1.379342
1.046768,1.370639
1.052262,1.361937
1.057895,1.353234
1.063670,1.344532
1.069590,1.335830
1.075659,1.327127
1.081880,1.318425
1.088256,1.309722
1.094793,1.301020
1.101492,1.292317
1.108359,1.283615
1.115398,1.274912
1.122612,1.266210
1.130007,1.257507
1.137588,1.248805
1.145358,1.240102
1.153324,1.231400
1.161491,1.222697
1.169864,1.213995
1.178448,1.205292
1.187251,1.196590
1.196278,1.187888
1.205536,1.179185
1.215032,1.170483
1.224772,1.161780
1.234765,1.153078
1.245017,1.144375
1.255538,1.135673
1.266335,1.126970
1.268217,1.118268
1.285313,1.109565
1.274510,1.100863
1.291461,1.092160
1.308233,1.083458
1.324836,1.074755
1.341276,1.066053
1.357564,1.057350
1.347289,1.048648
1.389711,1.039945
1.379557,1.031243
1.395496,1.022541
1.411314,1.013838
1.427019,1.005136
1.442616,0.996433
1.458113,0.987731
1.498491,0.979028
1.513645,0.970326
1.512546,0.961623
1.528262,0.952921
1.554612,0.944218
1.570803,0.935516
1.598847,0.926813
1.615582,0.918111
1.645437,0.909408
1.662791,0.900706
1.694591,0.892003
1.712651,0.883301
1.746543,0.874598
1.765408,0.865896
1.801562,0.857194
1.821343,0.848491
1.859952,0.839789
1.880777,0.831086
1.899454,0.822384
1.944078,0.813681
1.965885,0.804979
2.011669,0.796276
2.035348,0.787574
2.084040,0.778871
2.131392,0.770169
2.161762,0.761466
2.210833,0.752764
2.245502,0.744061
2.296598,0.735359
2.348172,0.726656
2.389531,0.717954
2.443653,0.709251
2.512032,0.700549
2.569102,0.691847
2.627090,0.683144
2.683049,0.674442
2.766018,0.665739
2.766426,0.657037
2.748993,0.648334
2.754621,0.639632
2.748053,0.630929
2.739577,0.622227
2.737887,0.613524
2.731250,0.604822
2.724852,0.596119
2.718690,0.587417
2.712762,0.578714
2.707066,0.570012
2.701599,0.561309
2.696359,0.552607
2.691344,0.543905
2.686551,0.535202
2.681980,0.526500
2.636973,0.517797
2.632901,0.509095
2.629041,0.500392
2.625392,0.491690
2.601741,0.482987
2.598535,0.474285
2.595534,0.465582
2.592737,0.456880
2.590143,0.448177
2.587752,0.439475
2.585561,0.430772
2.583571,0.422070
2.581780,0.413367
2.580188,0.404665
2.578794,0.395962
2.577598,0.387260
2.576600,0.378558
2.575798,0.369855
2.575192,0.361153
2.574783,0.352450
2.574570,0.343748
2.574553,0.335045
2.574733,0.326343
2.575108,0.317640
2.575680,0.308938
2.576448,0.300235
2.577413,0.291533
2.578575,0.282830
2.579935,0.274128
2.581493,0.265425
2.583249,0.256723
2.585205,0.248020
2.587362,0.239318
2.589719,0.230615
2.592278,0.221913
2.595040,0.213211
2.598006,0.204508
2.560762,0.195806
2.564087,0.187103
2.567617,0.178401
2.571352,0.169698
2.575294,0.160996
2.579445,0.152293
2.583807,0.143591
2.547531,0.134888
2.552243,0.126186
2.557168,0.117483
2.562308,0.108781
2.567664,0.100078
2.573239,0.091376
2.579035,0.082673
2.585055,0.073971
2.591300,0.065269
2.597775,0.056566
2.604480,0.047864
2.611419,0.039161
2.618596,0.030459
2.626012,0.021756
2.633672,0.013054
2.641578,0.004351
2.649735,-0.004351
2.658145,-0.013054
2.666812,-0.021756
2.675740,-0.030459
2.684934,-0.039161
2.694397,-0.047864
2.704133,-0.056566
2.714148,-0.065269
2.724445,-0.073971
2.735029,-0.082674
2.745907,-0.091376
2.757082,-0.100078
2.768559,-0.108781
2.780346,-0.117483
2.792447,-0.126186
2.804868,-0.134888
2.817616,-0.143591
2.830696,-0.152293
2.844116,-0.160996
2.857883,-0.169698
2.872004,-0.178401
2.886485,-0.187103
2.901336,-0.195806
2.916563,-0.204508
2.932175,-0.213211
2.948182,-0.221913
2.944814,-0.230616
2.967793,-0.239318
2.957323,-0.248021
2.971859,-0.256723
3.001018,-0.265425
3.008250,-0.274128
3.027342,-0.282830
3.038422,-0.291533
3.035242,-0.300235
3.049934,-0.308938
3.074182,-0.317640
3.092595,-0.326343
3.119476,-0.335045
2.573746,-0.343748
2.515880,-0.352450
2.437476,-0.361153
2.406955,-0.369855
2.381377,-0.378558
2.355932,-0.387260
2.330603,-0.395963
2.305373,-0.404665
2.307665,-0.413367
2.282811,-0.422070
2.258013,-0.430772
2.233255,-0.439475
2.227296,-0.448177
2.264131,-0.456880
2.245102,-0.465582
2.226559,-0.474285
2.235741,-0.482987
2.217907,-0.491690
2.254173,-0.500392
2.236810,-0.509095
2.246298,-0.517797
2.255813,-0.526500
2.239330,-0.535202
2.223254,-0.543905
2.233235,-0.552607
2.268728,-0.561310
2.253288,-0.570012
2.313647,-0.578714
2.323433,-0.587417
2.358082,-0.596119
2.343155,-0.604822
2.353096,-0.613524
2.363092,-0.622227
2.373147,-0.630929
2.407328,-0.639632
2.417368,-0.648334
2.427476,-0.657037
2.418311,-0.665739
2.424376,-0.674442
2.436427,-0.683144
2.462782,-0.691847
2.482844,-0.700549
2.510825,-0.709252
2.534267,-0.717954
2.518401,-0.726657
2.548921,-0.735359
2.577672,-0.744061
2.587762,-0.752764
2.620668,-0.761466
2.611068,-0.770169
2.624826,-0.778871
2.664268,-0.787574
2.659003,-0.796276
2.676984,-0.804979
2.702008,-0.813681
2.680039,-0.822384
2.690735,-0.831086
2.715546,-0.839789
2.764513,-0.848491
2.762745,-0.857194
2.773694,-0.865896
2.808056,-0.874599
2.797287,-0.883301
2.858958,-0.892003
2.880723,-0.900706
2.884741,-0.909408
2.893265,-0.918111
2.891312,-0.926813
2.925370,-0.935516
2.917797,-0.944218
2.952053,-0.952921
2.944897,-0.961623
3.000055,-0.970326
3.075826,-0.979028
3.192683,-0.987731
6.063587,-1.196590
5.682065,-1.205293
5.641158,-1.213995
5.640692,-1.222697
5.640655,-1.231400
5.641047,-1.240102
5.641870,-1.248805
5.643123,-1.257507
5.644805,-1.266210
5.646920,-1.274912
5.649466,-1.283615
5.652445,-1.292317
5.655859,-1.301020
5.659707,-1.309722
5.663992,-1.318425
5.668716,-1.327127
5.673881,-1.335830
5.719763,-1.344532
5.725857,-1.353235
5.732401,-1.361937
5.779812,-1.370639
5.787316,-1.379342
5.795282,-1.388044
5.824003,-1.396747
5.832932,-1.405449
5.842334,-1.414152
5.852213,-1.422854
5.862573,-1.431557
5.855157,-1.440259
5.884751,-1.448962
5.896579,-1.457664
5.908905,-1.466367
5.921734,-1.475069
5.935073,-1.483772
5.928200,-1.492474
5.942523,-1.501177
5.915714,-1.509879
5.930983,-1.518582
5.946786,-1.527284
5.963128,-1.535986
5.980017,-1.544689
6.039691,-1.553391
6.079002,-1.562094
6.161505,-1.570796
