scan.pos:3.512679,5.924602,-0.3647502.200138,1.562094
2.207578,1.553391
2.215238,1.544689
2.223121,1.535986
2.231230,1.527284
2.239571,1.518581
2.248146,1.509879
2.256959,1.501177
2.266015,1.492474
2.275317,1.483772
2.284872,1.475069
2.294682,1.466367
2.304753,1.457664
2.315090,1.448962
2.325698,1.440259
2.336582,1.431557
2.347749,1.422854
2.359203,1.414152
2.370951,1.405449
2.382999,1.396747
2.395353,1.388044
2.408020,1.379342
2.421008,1.370639
2.434323,1.361937
2.447972,1.353234
2.461964,1.344532
2.476307,1.335830
2.491008,1.327127
2.506077,1.318425
2.521522,1.309722
2.537354,1.301020
2.553581,1.292317
2.570214,1.283615
2.587264,1.274912
2.604741,1.266210
2.622657,1.257507
2.641023,1.248805
2.659853,1.240102
2.679158,1.231400
2.698953,1.222697
2.719251,1.213995
2.740067,1.205292
2.761416,1.196590
2.783314,1.187888
2.805777,1.179185
2.828824,1.170483
2.852470,1.161780
2.876737,1.153078
2.901643,1.144375
2.915006,1.135673
2.925939,1.126970
2.965170,1.118268
3.006519,1.109565
3.019583,1.100863
3.060332,1.092160
3.074659,1.083458
3.120173,1.074755
3.136352,1.066053
3.179484,1.057350
3.223062,1.048648
3.247288,1.039945
3.266977,1.031243
3.312989,1.022541
3.359588,1.013838
3.389818,1.005136
3.438431,0.996433
3.463006,0.987731
3.513251,0.979028
3.564302,0.970326
3.602831,0.961623
3.656383,0.952921
3.686889,0.944218
3.742571,0.935516
3.799333,0.926813
3.847656,0.918111
3.907563,0.909408
3.968764,0.900706
4.031335,0.892003
4.072239,0.883301
4.132395,0.874598
4.200547,0.865896
4.270434,0.857194
4.342162,0.848491
4.415839,0.839789
4.490551,0.831086
4.569452,0.822384
4.650709,0.813681
4.734468,0.804979
4.820889,0.796276
4.910144,0.787574
4.898024,0.778871
4.885954,0.770169
4.878167,0.761466
4.838947,0.752764
4.821615,0.744061
4.804771,0.735359
4.788408,0.726656
4.772519,0.717954
4.757095,0.709251
4.742130,0.700549
4.727619,0.691847
4.713553,0.683144
4.699929,0.674442
4.686738,0.665739
4.673976,0.657037
4.661638,0.648334
4.649718,0.639632
4.638211,0.630929
4.627112,0.622227
4.616417,0.613524
4.606122,0.604822
4.596220,0.596119
4.586711,0.587417
4.577589,0.578714
4.568849,0.570012
4.560490,0.561309
4.552507,0.552607
4.544899,0.543905
4.537660,0.535202
4.530788,0.526500
4.524282,0.517797
4.518138,0.509095
4.512353,0.500392
4.506927,0.491690
4.501855,0.482987
4.497138,0.474285
4.492771,0.465582
4.488755,0.456880
4.485087,0.448177
4.481766,0.439475
4.478791,0.430772
4.476161,0.422070
4.473874,0.413367
4.471930,0.404665
4.470328,0.395962
4.469067,0.387260
4.468147,0.378558
4.467567,0.369855
4.467329,0.361153
4.467430,0.352450
4.467871,0.343748
4.468653,0.335045
4.469775,0.326343
4.471239,0.317640
4.473044,0.308938
4.475192,0.300235
4.477683,0.291533
4.480518,0.282830
4.483699,0.274128
4.487226,0.265425
4.491101,0.256723
4.495325,0.248020
4.499900,0.239318
4.504827,0.230615
4.510110,0.221913
4.515749,0.213211
4.521747,0.204508
4.528107,0.195806
4.534830,0.187103
4.541919,0.178401
4.549377,0.169698
4.557209,0.160996
4.565414,0.152293
4.573999,0.143591
4.582966,0.134888
4.592318,0.126186
4.602060,0.117483
4.612195,0.108781
4.622727,0.100078
4.633662,0.091376
4.645003,0.082673
4.656755,0.073971
4.668923,0.065269
4.681513,0.056566
4.694529,0.047864
4.707977,0.039161
4.721863,0.030459
4.736192,0.021756
4.750972,0.013054
4.766209,0.004351
4.781909,-0.004351
4.798079,-0.013054
4.814727,-0.021756
4.831861,-0.030459
4.849487,-0.039161
4.867614,-0.047864
4.886251,-0.056566
4.905406,-0.065269
4.925088,-0.073971
4.945308,-0.082674
4.966073,-0.091376
4.987395,-0.100078
5.009284,-0.108781
5.031752,-0.117483
5.054808,-0.126186
5.078465,-0.134888
5.102734,-0.143591
5.127629,-0.152293
5.153163,-0.160996
5.179348,-0.169698
5.206200,-0.178401
5.233733,-0.187103
5.261960,-0.195806
5.290899,-0.204508
5.320566,-0.213211
5.350976,-0.221913
5.382149,-0.230616
5.414102,-0.239318
5.446854,-0.248021
5.480424,-0.256723
5.514833,-0.265425
5.550102,-0.274128
5.586254,-0.282830
5.623311,-0.291533
5.661296,-0.300235
5.700235,-0.308938
5.740154,-0.317640
5.781079,-0.326343
5.823039,-0.335045
5.866062,-0.343748
5.910179,-0.352450
5.955421,-0.361153
6.001823,-0.369855
6.049417,-0.378558
6.098240,-0.387260
6.148330,-0.395963
6.199726,-0.404665
6.274685,-0.413367
6.321298,-0.422070
6.354695,-0.430772
6.328562,-0.439475
6.275728,-0.448177
6.224237,-0.456880
6.174052,-0.465582
6.125132,-0.474285
6.023949,-0.482987
5.951318,-0.491690
5.906576,-0.500392
5.862945,-0.509095
5.820394,-0.517797
5.778893,-0.526500
5.738413,-0.535202
5.698928,-0.543905
5.660410,-0.552607
5.622835,-0.561310
5.586178,-0.570012
5.550416,-0.578714
5.466331,-0.587417
5.432596,-0.596119
5.351088,-0.604822
5.319266,-0.613524
5.288221,-0.622227
5.257935,-0.630929
5.228390,-0.639632
5.199568,-0.648334
5.171454,-0.657037
5.144032,-0.665739
5.117287,-0.674442
5.091205,-0.683144
3.938664,-0.691847
3.827824,-0.700549
3.809465,-0.709252
3.768896,-0.717954
3.751557,-0.726657
3.689727,-0.735359
3.651094,-0.744061
3.635345,-0.752764
3.531297,-0.761466
3.516726,-0.770169
3.480545,-0.778871
3.466825,-0.787574
3.409823,-0.796276
3.397000,-0.804979
3.362867,-0.813681
3.350822,-0.822384
3.296094,-0.831086
3.284869,-0.839789
3.167137,-0.848491
3.156902,-0.857194
3.125741,-0.865896
3.073845,-0.874599
3.064700,-0.883301
3.013758,-0.892003
3.005300,-0.900706
2.976192,-0.909408
2.905725,-0.918111
2.898295,-0.926813
2.849592,-0.935516
2.801343,-0.944218
2.794868,-0.952921
2.768013,-0.961623
2.762063,-0.970326
2.756348,-0.979028
2.750866,-0.987731
2.745615,-0.996433
2.740591,-1.005136
2.735794,-1.013838
2.731221,-1.022541
2.726871,-1.031243
2.722742,-1.039946
2.718832,-1.048648
2.715140,-1.057350
2.731865,-1.066053
2.728580,-1.074755
2.725510,-1.083458
2.722653,-1.092160
2.720010,-1.100863
2.717578,-1.109565
2.755517,-1.118268
2.753477,-1.126970
2.751649,-1.135673
2.790112,-1.144375
2.808716,-1.153078
2.847537,-1.161780
2.846516,-1.170483
2.905737,-1.179185
3.005157,-1.187888
3.004768,-1.196590
3.124607,-1.205293
3.124678,-1.213995
3.164992,-1.222697
3.165545,-1.231400
3.226373,-1.240102
3.267465,-1.248805
3.328861,-1.257507
3.390565,-1.266210
3.392453,-1.274912
3.494896,-1.283615
3.497377,-1.292317
3.680930,-1.301020
3.764534,-1.309722
3.848577,-1.318425
3.953223,-1.327127
3.957552,-1.335830
4.063150,-1.344532
4.108665,-1.353235
4.174853,-1.361937
4.180724,-1.370639
4.186931,-1.379342
4.254479,-1.388044
4.302200,-1.396747
4.309606,-1.405449
4.317366,-1.414152
4.325484,-1.422854
4.333963,-1.431557
4.342807,-1.440259
4.352020,-1.448962
4.361604,-1.457664
4.371564,-1.466367
4.381905,-1.475069
4.351039,-1.483772
4.362047,-1.492474
4.373446,-1.501177
4.385238,-1.509879
4.397430,-1.518582
4.410028,-1.527284
4.423035,-1.535986
4.436458,-1.544689
4.450302,-1.553391
4.464574,-1.562094
4.479281,-1.570796
