scan.pos:3.446526,6.899392,-2.9147503.858235,1.562094
3.768684,1.553391
3.761552,1.544689
3.734322,1.535986
3.727847,1.527284
3.721678,1.518581
3.715811,1.509879
3.710245,1.501177
3.704977,1.492474
3.700006,1.483772
3.695329,1.475069
3.690944,1.466367
3.686851,1.457664
3.703175,1.448962
3.699640,1.440259
3.696392,1.431557
3.693430,1.422854
3.730878,1.414152
3.728461,1.405449
3.766405,1.396747
3.784569,1.388044
3.823022,1.379342
3.981811,1.370639
3.980751,1.361937
4.100013,1.353234
4.099546,1.344532
4.139392,1.335830
4.199553,1.327127
4.200035,1.318425
4.300871,1.309722
4.362057,1.301020
4.463650,1.292317
4.525606,1.283615
4.648076,1.274912
4.791080,1.266210
4.814251,1.257507
4.918128,1.248805
5.002446,1.240102
5.067177,1.231400
5.132413,1.222697
5.137719,1.213995
5.203947,1.205292
5.210133,1.196590
5.257176,1.187888
5.264245,1.179185
5.271734,1.170483
5.279647,1.161780
5.287988,1.153078
5.296759,1.144375
5.305964,1.135673
5.315606,1.126970
5.284718,1.118268
5.295166,1.109565
5.306061,1.100863
5.317406,1.092160
5.329206,1.083458
5.341467,1.074755
5.354193,1.066053
5.367390,1.057350
5.381062,1.048648
5.395216,1.039945
5.409858,1.031243
5.424994,1.022541
5.440630,1.013838
5.456774,1.005136
5.473431,0.996433
5.469326,0.987731
5.486966,0.979028
5.505140,0.970326
5.523857,0.961623
5.543125,0.952921
5.562953,0.944218
5.583351,0.935516
5.604326,0.926813
5.625890,0.918111
5.648053,0.909408
5.670824,0.900706
5.694215,0.892003
5.673732,0.883301
5.698205,0.874598
5.723328,0.865896
5.749113,0.857194
5.775572,0.848491
5.802721,0.839789
5.830573,0.831086
5.859141,0.822384
5.888441,0.813681
5.918489,0.804979
5.949300,0.796276
5.980892,0.787574
6.013281,0.778871
6.093915,0.770169
6.223614,0.761466
6.259328,0.752764
3.579147,0.744061
3.533204,0.735359
3.488063,0.726656
3.443678,0.717954
3.400008,0.709251
3.357013,0.700549
3.314653,0.691847
3.272891,0.683144
3.231692,0.674442
3.216576,0.665739
3.176578,0.657037
3.137046,0.648334
3.097948,0.639632
3.076636,0.630929
3.047436,0.622227
3.009665,0.613524
2.999131,0.604822
3.016447,0.596119
2.980218,0.587417
2.971820,0.578714
2.936311,0.570012
2.957097,0.561309
2.950759,0.552607
2.925232,0.543905
2.900472,0.535202
2.876345,0.526500
2.852831,0.517797
2.857038,0.509095
2.834482,0.500392
2.812493,0.491690
2.791053,0.482987
2.770146,0.474285
2.749759,0.465582
2.729875,0.456880
2.710483,0.448177
2.691567,0.439475
2.673115,0.430772
2.655116,0.422070
2.637557,0.413367
2.620427,0.404665
2.603714,0.395962
2.587410,0.387260
2.571503,0.378558
2.555984,0.369855
2.540843,0.361153
2.526073,0.352450
2.511662,0.343748
2.473892,0.335045
2.413144,0.326343
2.400149,0.317640
2.387474,0.308938
2.375112,0.300235
2.363056,0.291533
2.351301,0.282830
2.339839,0.274128
2.328665,0.265425
2.317772,0.256723
2.307156,0.248020
2.296811,0.239318
2.286732,0.230615
2.276913,0.221913
2.289508,0.213211
2.302173,0.204508
2.292931,0.195806
2.283936,0.187103
2.296993,0.178401
2.288398,0.169698
2.301687,0.160996
2.315056,0.152293
2.307011,0.143591
2.320619,0.134888
2.312960,0.126186
2.390660,0.117483
2.383182,0.108781
2.428566,0.100078
2.474352,0.091376
2.515624,0.082673
2.509947,0.073971
2.527862,0.065269
2.569407,0.056566
2.572240,0.047864
2.591036,0.039161
2.665612,0.030459
2.702759,0.021756
2.765013,0.013054
2.811579,0.004351
2.818738,-0.004351
2.921904,-0.013054
2.946151,-0.021756
2.957914,-0.030459
3.083541,-0.039161
3.220423,-0.047864
3.391052,-0.056566
3.574610,-0.065269
3.774180,-0.073971
3.990327,-0.082674
7.148534,-0.152293
6.923367,-0.160996
6.819224,-0.169698
6.755767,-0.178401
6.732920,-0.187103
6.690590,-0.195806
6.688809,-0.204508
6.687539,-0.213211
6.686778,-0.221913
6.686526,-0.230616
6.646782,-0.239318
6.567532,-0.248021
6.568786,-0.256723
6.530516,-0.265425
6.532758,-0.274128
6.535500,-0.282830
6.538742,-0.291533
6.542486,-0.300235
6.546733,-0.308938
6.551485,-0.317640
6.556744,-0.326343
6.602731,-0.335045
6.568789,-0.343748
6.575580,-0.352450
6.599804,-0.361153
6.591983,-0.369855
6.606441,-0.378558
6.656504,-0.387260
6.473166,-0.395963
6.172799,-0.404665
5.893589,-0.413367
5.612246,-0.422070
5.389238,-0.430772
5.141773,-0.439475
4.947000,-0.448177
4.762704,-0.456880
4.587698,-0.465582
4.441572,-0.474285
4.282263,-0.482987
4.150278,-0.491690
4.024341,-0.500392
3.893739,-0.509095
3.780514,-0.517797
3.671663,-0.526500
3.566792,-0.535202
3.465552,-0.543905
3.388719,-0.552607
3.293892,-0.561310
3.201848,-0.570012
3.139024,-0.578714
3.053517,-0.587417
2.991529,-0.596119
2.931613,-0.604822
2.852050,-0.613524
2.795769,-0.622227
2.741151,-0.630929
2.688080,-0.639632
2.631072,-0.648334
2.581905,-0.657037
2.533959,-0.665739
2.487154,-0.674442
2.441414,-0.683144
2.396670,-0.691847
2.352855,-0.700549
2.309909,-0.709252
2.293134,-0.717954
2.252763,-0.726657
2.213082,-0.735359
2.174045,-0.744061
2.135608,-0.752764
2.097730,-0.761466
2.068209,-0.770169
2.055592,-0.778871
2.020078,-0.787574
1.984968,-0.796276
1.974079,-0.804979
1.939820,-0.813681
1.905877,-0.822384
1.885452,-0.831086
1.877209,-0.839789
1.844930,-0.848491
1.812858,-0.857194
1.805849,-0.865896
1.774282,-0.874599
1.760424,-0.883301
1.729826,-0.892003
1.724878,-0.900706
1.694625,-0.909408
1.690351,-0.918111
1.660380,-0.926813
1.652242,-0.935516
1.623001,-0.944218
1.620446,-0.952921
1.591357,-0.961623
1.589346,-0.970326
1.558379,-0.979028
1.557373,-0.987731
1.528920,-0.996433
1.528391,-1.005136
1.528134,-1.013838
1.514973,-1.022541
1.502149,-1.031243
1.489654,-1.039946
1.477476,-1.048648
1.465607,-1.057350
1.454036,-1.066053
1.442756,-1.074755
1.431757,-1.083458
1.421033,-1.092160
1.410574,-1.100863
1.400375,-1.109565
1.390426,-1.118268
1.380723,-1.126970
1.371258,-1.135673
1.362024,-1.144375
1.353017,-1.153078
1.344229,-1.161780
1.335657,-1.170483
1.327293,-1.179185
1.319133,-1.187888
1.311172,-1.196590
1.303405,-1.205293
1.295828,-1.213995
1.288436,-1.222697
1.281224,-1.231400
1.274190,-1.240102
1.267328,-1.248805
1.260636,-1.257507
1.254108,-1.266210
1.247743,-1.274912
1.241536,-1.283615
1.235483,-1.292317
1.229583,-1.301020
1.223832,-1.309722
1.218226,-1.318425
1.212764,-1.327127
1.207442,-1.335830
1.202257,-1.344532
1.197208,-1.353235
1.192291,-1.361937
1.187505,-1.370639
1.182847,-1.379342
1.178314,-1.388044
1.173905,-1.396747
1.169618,-1.405449
1.165450,-1.414152
1.161400,-1.422854
1.157466,-1.431557
1.153646,-1.440259
1.149938,-1.448962
1.146341,-1.457664
1.142854,-1.466367
1.139474,-1.475069
1.136200,-1.483772
1.153364,-1.492474
1.150243,-1.501177
1.147227,-1.509879
1.144313,-1.518582
1.141501,-1.527284
1.138788,-1.535986
1.136176,-1.544689
1.133661,-1.553391
1.131243,-1.562094
1.128922,-1.570796
