scan.pos:6.918756,3.562651,-1.9147501.147192,1.562094
1.150833,1.553391
1.154586,1.544689
1.158451,1.535986
1.162432,1.527284
1.166529,1.518581
1.170744,1.509879
1.175080,1.501177
1.179538,1.492474
1.184120,1.483772
1.188830,1.475069
1.193668,1.466367
1.177820,1.457664
1.182835,1.448962
1.187983,1.440259
1.193267,1.431557
1.198690,1.422854
1.204255,1.414152
1.209964,1.405449
1.215821,1.396747
1.221828,1.388044
1.227989,1.379342
1.234307,1.370639
1.240785,1.361937
1.247427,1.353234
1.254236,1.344532
1.261217,1.335830
1.268373,1.327127
1.275709,1.318425
1.283228,1.309722
1.290935,1.301020
1.298835,1.292317
1.306932,1.283615
1.315232,1.274912
1.323739,1.266210
1.332459,1.257507
1.341397,1.248805
1.350560,1.240102
1.359953,1.231400
1.369583,1.222697
1.379456,1.213995
1.389579,1.205292
1.399958,1.196590
1.410603,1.187888
1.421519,1.179185
1.432716,1.170483
1.444202,1.161780
1.455984,1.153078
1.468074,1.144375
1.480479,1.135673
1.493211,1.126970
1.499532,1.118268
1.496651,1.109565
1.521816,1.100863
1.521072,1.092160
1.546733,1.083458
1.572304,1.074755
1.570974,1.066053
1.600305,1.057350
1.599990,1.048648
1.626260,1.039945
1.631705,1.031243
1.658665,1.022541
1.685644,1.013838
1.687175,1.005136
1.721743,0.996433
1.724452,0.987731
1.752557,0.979028
1.780770,0.970326
1.793993,0.961623
1.823206,0.952921
1.852592,0.944218
1.857965,0.935516
1.899797,0.926813
1.906662,0.918111
1.937862,0.909408
1.969356,0.900706
1.992073,0.892003
2.025033,0.883301
2.058384,0.874598
2.092158,0.865896
2.126387,0.857194
2.156118,0.848491
2.192231,0.839789
2.228928,0.831086
2.243642,0.822384
2.304242,0.813681
2.342509,0.804979
2.382962,0.796276
2.402050,0.787574
2.400110,0.778871
2.399499,0.770169
2.394691,0.761466
2.385386,0.752764
2.376333,0.744061
2.367528,0.735359
2.358968,0.726656
2.350647,0.717954
2.342563,0.709251
2.334711,0.700549
2.327089,0.691847
2.319692,0.683144
2.312517,0.674442
2.305562,0.665739
2.298823,0.657037
2.292298,0.648334
2.285983,0.639632
2.279876,0.630929
2.232300,0.622227
2.226705,0.613524
2.221307,0.604822
2.216104,0.596119
2.211092,0.587417
2.185677,0.578714
2.181088,0.570012
2.176683,0.561309
2.172461,0.552607
2.168420,0.543905
2.164559,0.535202
2.160876,0.526500
2.157369,0.517797
2.154037,0.509095
2.150880,0.500392
2.147894,0.491690
2.145081,0.482987
2.142437,0.474285
2.139963,0.465582
2.137657,0.456880
2.135518,0.448177
2.133546,0.439475
2.131740,0.430772
2.130099,0.422070
2.128623,0.413367
2.127310,0.404665
2.126161,0.395962
2.125175,0.387260
2.124352,0.378558
2.123690,0.369855
2.123191,0.361153
2.122854,0.352450
2.122679,0.343748
2.122665,0.335045
2.122813,0.326343
2.123122,0.317640
2.123593,0.308938
2.124227,0.300235
2.125022,0.291533
2.125980,0.282830
2.127101,0.274128
2.128386,0.265425
2.129834,0.256723
2.091281,0.248020
2.093025,0.239318
2.094932,0.230615
2.097002,0.221913
2.099236,0.213211
2.101636,0.204508
2.104201,0.195806
2.106933,0.187103
2.109833,0.178401
2.072321,0.169698
2.075498,0.160996
2.078844,0.152293
2.082359,0.143591
2.086045,0.134888
2.089904,0.126186
2.093937,0.117483
2.098145,0.108781
2.102531,0.100078
2.107096,0.091376
2.111842,0.082673
2.116772,0.073971
2.121886,0.065269
2.127187,0.056566
2.132678,0.047864
2.138360,0.039161
2.144237,0.030459
2.140280,0.021756
2.156582,0.013054
2.163056,0.004351
2.169735,-0.004351
2.176621,-0.013054
2.183718,-0.021756
2.191030,-0.030459
2.198558,-0.039161
2.206306,-0.047864
2.214279,-0.056566
2.222479,-0.065269
2.230911,-0.073971
2.239578,-0.082674
2.248485,-0.091376
2.257636,-0.100078
2.267034,-0.108781
2.276686,-0.117483
2.286594,-0.126186
2.296765,-0.134888
2.307204,-0.143591
2.317915,-0.152293
2.328904,-0.160996
2.340177,-0.169698
2.351739,-0.178401
2.363598,-0.187103
2.375758,-0.195806
2.388227,-0.204508
2.401011,-0.213211
2.414118,-0.221913
2.427554,-0.230616
2.441328,-0.239318
2.455447,-0.248021
2.469920,-0.256723
2.484754,-0.265425
2.499959,-0.274128
2.510126,-0.282830
2.488174,-0.291533
2.501508,-0.300235
2.515852,-0.308938
2.556485,-0.317640
2.566132,-0.326343
2.584201,-0.335045
2.577464,-0.343748
2.571361,-0.352450
2.587278,-0.361153
2.609507,-0.369855
2.632749,-0.378558
2.653740,-0.387260
2.652535,-0.395963
2.679156,-0.404665
2.624510,-0.413367
2.125614,-0.422070
2.011284,-0.430772
2.008085,-0.439475
1.999212,-0.448177
1.982115,-0.456880
1.965456,-0.465582
1.949222,-0.474285
1.933401,-0.482987
1.917979,-0.491690
1.902944,-0.500392
1.888287,-0.509095
1.855434,-0.517797
1.860058,-0.526500
1.846467,-0.535202
1.833211,-0.543905
1.820282,-0.552607
1.807671,-0.561310
1.845988,-0.570012
1.833649,-0.578714
1.821611,-0.587417
1.809868,-0.596119
1.823068,-0.604822
1.811737,-0.613524
1.825037,-0.622227
1.838314,-0.630929
1.827508,-0.639632
1.816965,-0.648334
1.830472,-0.657037
1.843966,-0.665739
1.833922,-0.674442
1.870934,-0.683144
1.884415,-0.691847
1.874737,-0.700549
1.911391,-0.709252
1.924893,-0.717954
1.984052,-0.726657
1.974657,-0.735359
1.965499,-0.744061
1.979079,-0.752764
2.015094,-0.761466
2.006329,-0.770169
2.042217,-0.778871
2.077959,-0.787574
2.069504,-0.796276
2.061274,-0.804979
2.075122,-0.813681
2.067247,-0.822384
2.081281,-0.831086
2.116987,-0.839789
2.109520,-0.848491
2.166661,-0.857194
2.202186,-0.865896
2.194996,-0.874599
2.209274,-0.883301
2.244821,-0.892003
2.238070,-0.900706
2.315786,-0.909408
2.309212,-0.918111
2.302851,-0.926813
2.358356,-0.935516
2.344331,-0.944218
2.388060,-0.952921
2.392118,-0.961623
2.377665,-0.970326
2.405410,-0.979028
2.419668,-0.987731
2.478101,-0.996433
2.478243,-1.005136
2.502725,-1.013838
2.532204,-1.022541
2.524314,-1.031243
2.568134,-1.039946
2.618562,-1.048648
2.611508,-1.057350
2.624053,-1.066053
2.670138,-1.074755
2.666640,-1.083458
2.663353,-1.092160
2.700604,-1.100863
2.717835,-1.109565
2.795601,-1.118268
6.783789,-1.266210
5.905346,-1.274912
5.587507,-1.283615
5.530328,-1.292317
5.493559,-1.301020
5.497297,-1.309722
5.501460,-1.318425
5.506048,-1.327127
5.511065,-1.335830
5.516510,-1.344532
5.522388,-1.353235
5.528699,-1.361937
5.535447,-1.370639
5.542634,-1.379342
5.550263,-1.388044
5.558337,-1.396747
5.566859,-1.405449
5.575833,-1.414152
5.585261,-1.422854
5.635998,-1.431557
5.646424,-1.440259
5.657320,-1.448962
5.709776,-1.457664
5.721712,-1.466367
5.754766,-1.475069
5.767728,-1.483772
5.781190,-1.492474
5.795158,-1.501177
5.809637,-1.509879
5.824632,-1.518582
5.840151,-1.527284
5.856201,-1.535986
5.872787,-1.544689
5.889917,-1.553391
5.907599,-1.562094
5.925840,-1.570796
