scan.pos:-1.961803,4.464408,1.6352501.002081,1.562094
1.001555,1.553391
1.021128,1.544689
1.020748,1.535986
1.020445,1.527284
1.020221,1.518581
1.020075,1.509879
1.020006,1.501177
1.020015,1.492474
1.060105,1.483772
1.060276,1.475069
1.060527,1.466367
1.060860,1.457664
1.081297,1.448962
1.081802,1.440259
1.082389,1.431557
1.123172,1.422854
1.123953,1.414152
1.124822,1.405449
1.186087,1.396747
1.187186,1.388044
1.188377,1.379342
1.189662,1.370639
6.094688,1.361937
6.102222,1.353234
6.110240,1.344532
6.118746,1.335830
6.127742,1.327127
6.137234,1.318425
6.147223,1.309722
6.157715,1.301020
6.168714,1.292317
6.180223,1.283615
6.192248,1.274912
6.204793,1.266210
6.217864,1.257507
6.231464,1.248805
6.245602,1.240102
6.260282,1.231400
6.275509,1.222697
6.291292,1.213995
6.307635,1.205292
6.324547,1.196590
6.342033,1.187888
6.360103,1.179185
6.378763,1.170483
6.398021,1.161780
6.417886,1.153078
6.438367,1.144375
6.459472,1.135673
6.481211,1.126970
6.503594,1.118268
6.526631,1.109565
6.550333,1.100863
6.574709,1.092160
6.599773,1.083458
6.625535,1.074755
6.652007,1.066053
6.679202,1.057350
6.707133,1.048648
6.735814,1.039945
4.098317,1.031243
4.018930,1.022541
3.962751,1.013838
3.907314,1.005136
3.829740,0.996433
3.775516,0.987731
3.721877,0.979028
3.668776,0.970326
3.616169,0.961623
3.564013,0.952921
3.512267,0.944218
3.460892,0.935516
3.409850,0.926813
3.359103,0.918111
3.308617,0.909408
3.282568,0.900706
3.232645,0.892003
3.182883,0.883301
3.157912,0.874598
3.133354,0.865896
3.084208,0.857194
3.035107,0.848491
3.011332,0.839789
2.987887,0.831086
2.939090,0.822384
2.916072,0.813681
2.893330,0.804979
2.870849,0.796276
2.822190,0.787574
2.799983,0.778871
2.777987,0.770169
2.729144,0.761466
2.707309,0.752764
2.685638,0.744061
2.664116,0.735359
2.642729,0.726656
2.621465,0.717954
2.610251,0.709251
2.588384,0.700549
2.583492,0.691847
2.552738,0.683144
2.548928,0.674442
2.548474,0.665739
2.546309,0.657037
2.521930,0.648334
2.521623,0.639632
2.500517,0.630929
2.476080,0.622227
2.458441,0.613524
2.462056,0.604822
2.440817,0.596119
2.427960,0.587417
2.459368,0.578714
2.449712,0.570012
2.482608,0.561309
2.476248,0.552607
2.486262,0.543905
2.459138,0.535202
2.471451,0.526500
2.484503,0.517797
2.480297,0.509095
2.466311,0.500392
2.499934,0.491690
2.509874,0.482987
2.543278,0.474285
2.530007,0.465582
2.517064,0.456880
2.573513,0.448177
2.629597,0.439475
2.685336,0.430772
2.695365,0.422070
2.750679,0.413367
2.783212,0.404665
2.770895,0.395962
2.781183,0.387260
2.813789,0.378558
2.802131,0.369855
2.812794,0.361153
2.845511,0.352450
2.856347,0.343748
2.867317,0.335045
2.921779,0.326343
2.932867,0.317640
3.030195,0.308938
3.105630,0.300235
3.159413,0.291533
3.234391,0.282830
3.351621,0.274128
3.383666,0.265425
3.500229,0.256723
3.574267,0.248020
3.706253,0.239318
3.696757,0.230615
3.690055,0.221913
3.674764,0.213211
3.655950,0.204508
3.661597,0.195806
3.650524,0.187103
3.642915,0.178401
3.623598,0.169698
3.630436,0.160996
3.611407,0.152293
3.614610,0.143591
3.605382,0.134888
3.585918,0.126186
3.577716,0.117483
3.571966,0.108781
3.566506,0.100078
3.561333,0.091376
3.556446,0.082673
3.551842,0.073971
3.547520,0.065269
3.543478,0.056566
3.539715,0.047864
3.536228,0.039161
3.533017,0.030459
3.530081,0.021756
3.527417,0.013054
3.525026,0.004351
3.522907,-0.004351
3.521058,-0.013054
3.519478,-0.021756
3.518168,-0.030459
3.517127,-0.039161
3.516354,-0.047864
3.515849,-0.056566
3.515612,-0.065269
3.515642,-0.073971
3.515940,-0.082674
3.516507,-0.091376
3.517341,-0.100078
3.518444,-0.108781
3.519815,-0.117483
3.521456,-0.126186
3.523367,-0.134888
3.525548,-0.143591
3.528001,-0.152293
3.530727,-0.160996
3.533726,-0.169698
3.537000,-0.178401
3.540550,-0.187103
3.544377,-0.195806
3.548482,-0.204508
3.552869,-0.213211
3.557537,-0.221913
3.562489,-0.230616
3.567727,-0.239318
3.573253,-0.248021
3.579070,-0.256723
3.585178,-0.265425
3.591582,-0.274128
3.598283,-0.282830
3.605284,-0.291533
3.612588,-0.300235
3.620198,-0.308938
3.628117,-0.317640
3.636348,-0.326343
3.644895,-0.335045
3.653761,-0.343748
3.662950,-0.352450
3.672466,-0.361153
3.682312,-0.369855
3.692493,-0.378558
3.703013,-0.387260
3.713878,-0.395963
3.725090,-0.404665
3.736656,-0.413367
3.748581,-0.422070
3.760869,-0.430772
3.773526,-0.439475
3.786558,-0.448177
3.799971,-0.456880
3.813770,-0.465582
3.827963,-0.474285
3.842556,-0.482987
3.857554,-0.491690
3.872967,-0.500392
3.888801,-0.509095
3.905063,-0.517797
3.921762,-0.526500
3.938905,-0.535202
3.956502,-0.543905
1.803900,-0.552607
1.788478,-0.561310
1.763414,-0.570012
1.735396,-0.578714
1.713518,-0.587417
1.686866,-0.596119
1.660429,-0.604822
1.642514,-0.613524
1.617241,-0.622227
1.592112,-0.630929
1.577786,-0.639632
1.577585,-0.648334
1.589938,-0.657037
1.591199,-0.665739
1.557766,-0.674442
1.560145,-0.683144
1.562849,-0.691847
1.532100,-0.700549
1.535846,-0.709252
1.506904,-0.717954
1.461017,-0.726657
1.433448,-0.735359
1.413123,-0.744061
1.335302,-0.752764
1.340990,-0.761466
1.320721,-0.770169
1.296150,-0.778871
1.299086,-0.787574
1.279635,-0.796276
1.257360,-0.804979
1.265348,-0.813681
1.244445,-0.822384
1.225527,-0.831086
1.233676,-0.839789
1.215088,-0.848491
1.212294,-0.857194
1.201962,-0.865896
1.189402,-0.874599
1.179612,-0.883301
1.170071,-0.892003
1.160770,-0.900706
1.151703,-0.909408
1.142863,-0.918111
1.134243,-0.926813
1.125838,-0.935516
1.117640,-0.944218
1.109645,-0.952921
1.101847,-0.961623
1.094241,-0.970326
1.086820,-0.979028
1.079582,-0.987731
1.072520,-0.996433
1.065631,-1.005136
1.058910,-1.013838
1.052353,-1.022541
1.045956,-1.031243
1.039715,-1.039946
1.033626,-1.048648
1.027685,-1.057350
1.021890,-1.066053
1.016237,-1.074755
1.010723,-1.083458
1.005344,-1.092160
1.000098,-1.100863
0.994982,-1.109565
0.989993,-1.118268
0.985129,-1.126970
0.980386,-1.135673
0.975763,-1.144375
0.971256,-1.153078
0.966865,-1.161780
0.962586,-1.170483
0.958417,-1.179185
0.954357,-1.187888
0.950403,-1.196590
0.946553,-1.205293
0.942806,-1.213995
0.939160,-1.222697
0.935612,-1.231400
0.932163,-1.240102
0.928809,-1.248805
0.925549,-1.257507
0.922382,-1.266210
0.919307,-1.274912
0.916321,-1.283615
0.913424,-1.292317
0.910615,-1.301020
0.907891,-1.309722
0.905253,-1.318425
0.902699,-1.327127
0.900227,-1.335830
0.897837,-1.344532
0.895527,-1.353235
0.893297,-1.361937
0.891147,-1.370639
0.889073,-1.379342
0.887077,-1.388044
0.885158,-1.396747
0.883313,-1.405449
0.881543,-1.414152
0.879848,-1.422854
0.878225,-1.431557
0.876675,-1.440259
0.875197,-1.448962
0.873791,-1.457664
0.872455,-1.466367
0.871190,-1.475069
0.869994,-1.483772
0.868868,-1.492474
0.867811,-1.501177
0.866822,-1.509879
0.865901,-1.518582
0.865048,-1.527284
0.864263,-1.535986
0.863544,-1.544689
0.862893,-1.553391
0.862308,-1.562094
0.861789,-1.570796
