scan.pos:5.889643,3.781844,1.9184351.712059,1.562094
1.749139,1.553391
1.743841,1.544689
1.738707,1.535986
1.754755,1.527284
1.791806,1.518581
1.807886,1.509879
1.844869,1.501177
1.881802,1.492474
2.001682,1.483772
2.038347,1.475069
2.157599,1.466367
4.869894,1.205292
4.810500,1.196590
4.491354,1.187888
4.452581,1.179185
4.454164,1.170483
4.456087,1.161780
4.458352,1.153078
4.460958,1.144375
4.463908,1.135673
4.467202,1.126970
4.470841,1.118268
4.474828,1.109565
4.479164,1.100863
4.483849,1.092160
4.488886,1.083458
4.494278,1.074755
4.500025,1.066053
4.506131,1.057350
4.512598,1.048648
4.519427,1.039945
4.526623,1.031243
4.534188,1.022541
4.582955,1.013838
4.591341,1.005136
4.600109,0.996433
4.650328,0.987731
4.659955,0.979028
4.669978,0.970326
4.680401,0.961623
4.711943,0.952921
4.723230,0.944218
4.734933,0.935516
4.747056,0.926813
4.759605,0.918111
4.772585,0.909408
4.786001,0.900706
4.797128,0.892003
4.814167,0.883301
4.828928,0.874598
4.844150,0.865896
4.859839,0.857194
4.876003,0.848491
4.871140,0.839789
4.866617,0.831086
4.862433,0.822384
4.880331,0.813681
4.898736,0.804979
4.917655,0.796276
4.937099,0.787574
4.957076,0.778871
4.977596,0.770169
5.065472,0.761466
7.775827,0.648334
7.679968,0.639632
7.571801,0.630929
7.477239,0.622227
7.374123,0.613524
7.284822,0.604822
7.197688,0.596119
7.103412,0.587417
7.037139,0.578714
6.957208,0.570012
6.871515,0.561309
6.795630,0.552607
6.714890,0.543905
6.642723,0.535202
6.566605,0.526500
6.497862,0.517797
6.426064,0.509095
6.383110,0.500392
6.319468,0.491690
6.254113,0.482987
6.193283,0.474285
6.133529,0.465582
6.074805,0.456880
6.017063,0.448177
5.960258,0.439475
5.928636,0.430772
5.877713,0.422070
5.828099,0.413367
5.779751,0.404665
5.732632,0.395962
5.686704,0.387260
5.641933,0.378558
5.598284,0.369855
5.555726,0.361153
5.514226,0.352450
5.473755,0.343748
5.434285,0.335045
5.395788,0.326343
5.358238,0.317640
5.321609,0.308938
5.285878,0.300235
5.251020,0.291533
5.217014,0.282830
5.183837,0.274128
5.151470,0.265425
5.119892,0.256723
5.089084,0.248020
5.059027,0.239318
5.029704,0.230615
5.001098,0.221913
4.973192,0.213211
4.945970,0.204508
4.919417,0.195806
4.893518,0.187103
4.868260,0.178401
4.843627,0.169698
4.819609,0.160996
4.796190,0.152293
4.773360,0.143591
4.751106,0.134888
4.729417,0.126186
4.708282,0.117483
4.687691,0.108781
4.667633,0.100078
4.648098,0.091376
4.629077,0.082673
4.610561,0.073971
4.592541,0.065269
4.575008,0.056566
4.557954,0.047864
4.541372,0.039161
4.525253,0.030459
4.509590,0.021756
4.494377,0.013054
4.479605,0.004351
4.465270,-0.004351
4.451364,-0.013054
4.437881,-0.021756
4.424815,-0.030459
4.412161,-0.039161
4.399914,-0.047864
4.388067,-0.056566
4.376616,-0.065269
4.365557,-0.073971
4.354885,-0.082674
4.344594,-0.091376
4.334681,-0.100078
4.325142,-0.108781
4.315973,-0.117483
4.307170,-0.126186
4.298729,-0.134888
4.290648,-0.143591
4.282923,-0.152293
4.275550,-0.160996
4.268527,-0.169698
4.261851,-0.178401
4.255520,-0.187103
4.249530,-0.195806
4.243880,-0.204508
4.238568,-0.213211
4.233591,-0.221913
4.228947,-0.230616
4.224634,-0.239318
4.220652,-0.248021
4.216998,-0.256723
4.213670,-0.265425
4.210669,-0.274128
4.207992,-0.282830
4.205638,-0.291533
4.203607,-0.300235
4.201898,-0.308938
4.200510,-0.317640
4.199442,-0.326343
4.198695,-0.335045
4.198267,-0.343748
4.198160,-0.352450
4.198372,-0.361153
4.198904,-0.369855
4.199756,-0.378558
4.200928,-0.387260
4.202421,-0.395963
4.204236,-0.404665
4.206372,-0.413367
4.208831,-0.422070
4.211615,-0.430772
4.214723,-0.439475
4.218156,-0.448177
4.221918,-0.456880
4.226008,-0.465582
4.230429,-0.474285
4.235181,-0.482987
4.240268,-0.491690
4.245691,-0.500392
4.251451,-0.509095
4.257553,-0.517797
4.263996,-0.526500
4.270785,-0.535202
4.277922,-0.543905
4.285410,-0.552607
4.293252,-0.561310
4.301450,-0.570012
4.310009,-0.578714
4.318931,-0.587417
4.328221,-0.596119
4.337882,-0.604822
4.347918,-0.613524
4.358333,-0.622227
4.369131,-0.630929
4.380318,-0.639632
4.391897,-0.648334
4.403874,-0.657037
4.416254,-0.665739
4.429042,-0.674442
4.442244,-0.683144
4.455864,-0.691847
4.469910,-0.700549
4.484387,-0.709252
4.499302,-0.717954
4.514662,-0.726657
4.530473,-0.735359
4.546743,-0.744061
4.563478,-0.752764
4.580688,-0.761466
4.598380,-0.770169
4.616561,-0.778871
4.638912,-0.787574
4.669093,-0.796276
4.679455,-0.804979
4.650136,-0.813681
4.579462,-0.822384
4.488226,-0.831086
4.421374,-0.839789
4.360079,-0.848491
4.274741,-0.857194
4.219258,-0.865896
4.160646,-0.874599
4.080217,-0.883301
4.032200,-0.892003
3.978283,-0.900706
3.911498,-0.909408
3.860532,-0.918111
3.810616,-0.926813
3.773547,-0.935516
3.702166,-0.944218
3.669018,-0.952921
3.624091,-0.961623
3.570164,-0.970326
3.527326,-0.979028
3.501433,-0.987731
3.460653,-0.996433
3.420485,-1.005136
3.380896,-1.013838
3.341851,-1.022541
3.303319,-1.031243
3.265267,-1.039946
3.227667,-1.048648
3.190488,-1.057350
3.180235,-1.066053
3.144019,-1.074755
3.108146,-1.083458
3.072590,-1.092160
3.037324,-1.100863
3.029933,-1.109565
2.995405,-1.118268
2.961097,-1.126970
2.952003,-1.135673
2.926647,-1.144375
2.901943,-1.153078
2.877869,-1.161780
2.854408,-1.170483
2.831539,-1.179185
2.809247,-1.187888
2.787513,-1.196590
2.766322,-1.205293
2.745658,-1.213995
2.725507,-1.222697
2.705854,-1.231400
2.686686,-1.240102
2.667989,-1.248805
2.649750,-1.257507
2.631959,-1.266210
2.614602,-1.274912
2.597670,-1.283615
2.581151,-1.292317
2.565034,-1.301020
2.549310,-1.309722
2.533970,-1.318425
2.519005,-1.327127
2.504404,-1.335830
2.490160,-1.344532
2.476265,-1.353235
2.462711,-1.361937
2.449490,-1.370639
2.436594,-1.379342
2.424017,-1.388044
2.411752,-1.396747
2.399793,-1.405449
2.388132,-1.414152
2.376764,-1.422854
2.365684,-1.431557
2.354884,-1.440259
2.344361,-1.448962
2.334108,-1.457664
2.324121,-1.466367
2.314394,-1.475069
2.304923,-1.483772
2.295703,-1.492474
2.286731,-1.501177
2.278000,-1.509879
2.269509,-1.518582
2.261252,-1.527284
2.253226,-1.535986
2.245427,-1.544689
2.237852,-1.553391
2.230497,-1.562094
2.223359,-1.570796
