scan.pos:2.354254,6.366930,-0.3647501.726662,1.562094
1.732501,1.553391
1.738512,1.544689
1.744699,1.535986
1.751063,1.527284
1.757609,1.518581
1.764338,1.509879
1.771255,1.501177
1.778362,1.492474
1.785663,1.483772
1.793161,1.475069
1.800860,1.466367
1.808763,1.457664
1.816876,1.448962
1.825201,1.440259
1.833743,1.431557
1.842506,1.422854
1.851496,1.414152
1.860715,1.405449
1.870171,1.396747
1.879866,1.388044
1.889808,1.379342
1.900000,1.370639
1.910450,1.361937
1.921162,1.353234
1.932142,1.344532
1.943398,1.335830
1.954936,1.327127
1.966762,1.318425
1.978884,1.309722
1.991308,1.301020
2.004043,1.292317
2.017097,1.283615
2.030477,1.274912
2.044193,1.266210
2.058254,1.257507
2.072667,1.248805
2.087445,1.240102
2.102596,1.231400
2.118130,1.222697
2.134060,1.213995
2.150397,1.205292
2.167151,1.196590
2.184337,1.187888
2.201966,1.179185
2.220052,1.170483
2.238611,1.161780
2.257655,1.153078
2.277201,1.144375
2.287424,1.135673
2.295672,1.126970
2.332073,1.118268
2.341170,1.109565
2.377995,1.100863
2.388000,1.092160
2.428710,1.083458
2.440191,1.074755
2.452286,1.066053
2.491154,1.057350
2.504328,1.048648
2.543937,1.039945
2.564736,1.031243
2.605718,1.022541
2.621840,1.013838
2.663789,1.005136
2.681271,0.996433
2.724308,0.987731
2.753020,0.979028
2.797855,0.970326
2.818990,0.961623
2.865210,0.952921
2.888100,0.944218
2.935867,0.935516
2.984407,0.926813
3.010161,0.918111
3.051732,0.909408
3.103829,0.900706
3.156928,0.892003
3.187973,0.883301
3.243383,0.874598
3.299993,0.865896
3.357878,0.857194
3.394446,0.848491
3.453262,0.839789
3.516514,0.831086
3.581417,0.822384
3.648077,0.813681
3.716606,0.804979
3.787128,0.796276
3.859775,0.787574
3.934688,0.778871
4.012021,0.770169
4.099426,0.761466
4.183338,0.752764
4.270258,0.744061
4.360404,0.735359
4.454014,0.726656
4.551346,0.717954
4.673985,0.709251
4.779582,0.700549
4.911015,0.691847
5.026274,0.683144
5.169302,0.674442
5.318862,0.665739
5.453965,0.657037
5.617120,0.648334
5.788025,0.639632
5.842854,0.630929
5.845511,0.622227
5.818046,0.613524
5.803047,0.604822
5.788070,0.596119
5.776094,0.587417
5.764606,0.578714
5.753601,0.570012
5.743074,0.561309
5.733021,0.552607
5.723439,0.543905
5.714323,0.535202
5.705670,0.526500
5.697476,0.517797
5.689739,0.509095
5.682455,0.500392
5.675621,0.491690
5.669234,0.482987
5.663293,0.474285
5.657794,0.465582
5.652737,0.456880
5.648118,0.448177
5.643936,0.439475
5.640190,0.430772
5.636877,0.422070
5.633997,0.413367
5.631549,0.404665
5.629531,0.395962
5.627944,0.387260
5.626785,0.378558
5.626055,0.369855
5.625754,0.361153
5.625882,0.352450
5.626438,0.343748
5.627422,0.335045
5.628836,0.326343
5.630679,0.317640
5.632953,0.308938
5.635657,0.300235
5.638794,0.291533
5.642365,0.282830
5.646370,0.274128
5.650811,0.265425
5.655691,0.256723
5.661010,0.248020
5.666772,0.239318
5.672977,0.230615
5.679630,0.221913
5.686731,0.213211
5.694284,0.204508
5.702293,0.195806
5.710759,0.187103
5.719687,0.178401
5.729080,0.169698
5.738941,0.160996
5.749275,0.152293
5.760086,0.143591
5.771378,0.134888
5.783155,0.126186
5.795423,0.117483
5.808186,0.108781
5.821450,0.100078
5.835220,0.091376
5.849502,0.082673
5.864301,0.073971
5.879625,0.065269
5.895479,0.056566
5.911870,0.047864
5.928805,0.039161
5.946292,0.030459
5.964338,0.021756
5.982950,0.013054
6.002138,0.004351
6.021909,-0.004351
6.042273,-0.013054
6.063238,-0.021756
6.084814,-0.030459
6.107010,-0.039161
6.129838,-0.047864
6.153308,-0.056566
6.177430,-0.065269
6.202217,-0.073971
6.227679,-0.082674
6.253829,-0.091376
6.280680,-0.100078
6.308245,-0.108781
6.336538,-0.117483
6.365573,-0.126186
6.395364,-0.134888
6.425928,-0.143591
6.457278,-0.152293
6.489433,-0.160996
6.522409,-0.169698
6.556223,-0.178401
6.590895,-0.187103
6.626442,-0.195806
6.662886,-0.204508
6.700245,-0.213211
6.738542,-0.221913
6.777798,-0.230616
6.818037,-0.239318
6.859281,-0.248021
6.901556,-0.256723
6.944888,-0.265425
6.989303,-0.274128
7.034829,-0.282830
7.081495,-0.291533
7.129331,-0.300235
7.178367,-0.308938
7.228637,-0.317640
7.280175,-0.326343
7.333015,-0.335045
7.402457,-0.343748
7.447329,-0.352450
7.522462,-0.361153
7.440395,-0.369855
7.384318,-0.378558
7.305871,-0.387260
7.253139,-0.395963
7.119786,-0.404665
7.018275,-0.413367
6.975787,-0.422070
6.919755,-0.430772
6.860970,-0.439475
6.803691,-0.448177
6.747869,-0.456880
6.693462,-0.465582
6.626009,-0.474285
6.535231,-0.482987
6.432147,-0.491690
6.383790,-0.500392
6.336634,-0.509095
6.290645,-0.517797
6.245791,-0.526500
4.845685,-0.535202
4.786927,-0.543905
4.754573,-0.552607
4.672859,-0.561310
4.517831,-0.570012
4.464155,-0.578714
4.436094,-0.587417
4.359825,-0.596119
4.309114,-0.604822
4.235182,-0.613524
4.090403,-0.622227
4.043102,-0.630929
3.925421,-0.639632
3.903782,-0.648334
3.788746,-0.657037
3.675226,-0.665739
3.632882,-0.674442
3.610292,-0.683144
3.596308,-0.691847
3.578703,-0.700549
3.561539,-0.709252
3.544807,-0.717954
3.528499,-0.726657
3.512607,-0.735359
3.497123,-0.744061
3.504309,-0.752764
3.489523,-0.761466
3.475125,-0.770169
3.461108,-0.778871
3.469374,-0.787574
3.477840,-0.796276
3.464761,-0.804979
3.495371,-0.813681
3.504437,-0.822384
3.492195,-0.831086
3.523176,-0.839789
3.511485,-0.848491
3.585326,-0.857194
3.658969,-0.865896
3.647772,-0.874599
3.691483,-0.883301
3.719590,-0.892003
3.730110,-0.900706
3.770568,-0.909408
3.770161,-0.918111
3.816016,-0.926813
3.795686,-0.935516
3.833634,-0.944218
3.877595,-0.952921
3.928163,-0.961623
3.927031,-0.970326
3.975925,-0.979028
4.013654,-0.987731
4.077540,-0.996433
4.192582,-1.005136
4.185244,-1.013838
4.259638,-1.022541
4.313798,-1.031243
4.327550,-1.039946
4.402355,-1.048648
4.416604,-1.057350
4.491756,-1.066053
4.506531,-1.074755
4.541770,-1.083458
4.557144,-1.092160
4.592947,-1.100863
4.588841,-1.109565
4.645330,-1.118268
4.641891,-1.126970
4.678912,-1.135673
4.676164,-1.144375
4.673775,-1.153078
4.671744,-1.161780
4.670070,-1.170483
4.668753,-1.179185
4.667792,-1.187888
4.667187,-1.196590
4.666937,-1.205293
4.627042,-1.213995
4.627499,-1.222697
4.628309,-1.231400
4.629471,-1.240102
4.630987,-1.248805
4.632857,-1.257507
4.635082,-1.266210
4.637662,-1.274912
4.640598,-1.283615
4.643892,-1.292317
4.647545,-1.301020
4.651558,-1.309722
4.655933,-1.318425
4.660672,-1.327127
4.665776,-1.335830
4.671247,-1.344532
4.677088,-1.353235
4.683300,-1.361937
4.689887,-1.370639
4.676548,-1.379342
4.683858,-1.388044
4.691550,-1.396747
4.699626,-1.405449
4.708088,-1.414152
4.716941,-1.422854
4.726188,-1.431557
4.735833,-1.440259
4.745879,-1.448962
4.756330,-1.457664
4.767192,-1.466367
4.778469,-1.475069
4.790164,-1.483772
4.802283,-1.492474
4.773026,-1.501177
4.785897,-1.509879
4.799203,-1.518582
4.812951,-1.527284
4.827147,-1.535986
4.841796,-1.544689
4.856905,-1.553391
2.592513,-1.562094
2.548795,-1.570796
