scan.pos:-7.057221,5.862098,2.9684355.450367,1.562094
5.158828,1.553391
4.935083,1.544689
4.723284,1.535986
4.524335,1.527284
4.333370,1.518581
4.183091,1.509879
4.029402,1.501177
3.881036,1.492474
3.760350,1.483772
3.644500,1.475069
3.511607,1.466367
3.413019,1.457664
3.288666,1.448962
3.208593,1.440259
3.127043,1.431557
3.032591,1.422854
2.961029,1.414152
2.892978,1.405449
2.805299,1.396747
2.745280,1.388044
2.682997,1.379342
2.621820,1.370639
2.549859,1.361937
2.491951,1.353234
2.456467,1.344532
2.392223,1.335830
2.359550,1.327127
2.300151,1.318425
2.247937,1.309722
2.218189,1.301020
2.186684,1.292317
2.136780,1.283615
2.109183,1.274912
2.060821,1.266210
2.035152,1.257507
1.989740,1.248805
1.965511,1.240102
1.923041,1.231400
1.900075,1.222697
1.860295,1.213995
1.838439,1.205292
1.816738,1.196590
1.780250,1.187888
1.759479,1.179185
1.748888,1.170483
1.705243,1.161780
1.696964,1.153078
1.677871,1.144375
1.647671,1.135673
1.629217,1.126970
1.600796,1.118268
1.582901,1.109565
1.581001,1.100863
1.538741,1.092160
1.538735,1.083458
1.521925,1.074755
1.498387,1.066053
1.481953,1.057350
1.459821,1.048648
1.443711,1.039945
1.449185,1.031243
1.455775,1.022541
1.440256,1.013838
1.424608,1.005136
1.408821,0.996433
1.392889,0.987731
1.376803,0.979028
1.360554,0.970326
1.372138,0.961623
1.355781,0.952921
1.347774,0.944218
1.336334,0.935516
1.325186,0.926813
1.314322,0.918111
1.303733,0.909408
1.293411,0.900706
1.283348,0.892003
1.273537,0.883301
1.263970,0.874598
1.254640,0.865896
1.245542,0.857194
1.236668,0.848491
1.228012,0.839789
1.219569,0.831086
1.211333,0.822384
1.203299,0.813681
1.195460,0.804979
1.187814,0.796276
1.180353,0.787574
1.173075,0.778871
1.165974,0.770169
1.159046,0.761466
1.152287,0.752764
1.145693,0.744061
1.139261,0.735359
1.132986,0.726656
1.126866,0.717954
1.120896,0.709251
1.115073,0.700549
1.109395,0.691847
1.103858,0.683144
1.098459,0.674442
1.093195,0.665739
1.088064,0.657037
1.083063,0.648334
1.078190,0.639632
1.073442,0.630929
1.068816,0.622227
1.064311,0.613524
1.059924,0.604822
1.055653,0.596119
1.051496,0.587417
1.047451,0.578714
1.043516,0.570012
1.039690,0.561309
1.035970,0.552607
1.032355,0.543905
1.028843,0.535202
1.025433,0.526500
1.022123,0.517797
1.018912,0.509095
1.015798,0.500392
1.012780,0.491690
1.009856,0.482987
1.007026,0.474285
1.004287,0.465582
1.001640,0.456880
0.999083,0.448177
0.996614,0.439475
0.994233,0.430772
0.991938,0.422070
0.989729,0.413367
0.987606,0.404665
0.985566,0.395962
0.983609,0.387260
0.981735,0.378558
0.979942,0.369855
0.978231,0.361153
0.976599,0.352450
0.975047,0.343748
0.973574,0.335045
0.972179,0.326343
0.970862,0.317640
0.969623,0.308938
0.968460,0.300235
0.967374,0.291533
0.966363,0.282830
0.965428,0.274128
0.964569,0.265425
0.963784,0.256723
0.963074,0.248020
0.962438,0.239318
0.961876,0.230615
0.961388,0.221913
0.960973,0.213211
0.960632,0.204508
0.960365,0.195806
0.960170,0.187103
0.960049,0.178401
0.960001,0.169698
0.960026,0.160996
0.960124,0.152293
0.960295,0.143591
0.960540,0.134888
0.960858,0.126186
0.961249,0.117483
0.961714,0.108781
0.962253,0.100078
0.962865,0.091376
0.963552,0.082673
0.964313,0.073971
0.965149,0.065269
0.966060,0.056566
0.967047,0.047864
0.968109,0.039161
0.969248,0.030459
0.970463,0.021756
0.971756,0.013054
0.973126,0.004351
0.974574,-0.004351
0.976101,-0.013054
0.977708,-0.021756
0.979394,-0.030459
0.981161,-0.039161
0.983009,-0.047864
0.984940,-0.056566
0.986954,-0.065269
0.989051,-0.073971
0.991233,-0.082674
0.993500,-0.091376
0.995854,-0.100078
0.998295,-0.108781
1.000824,-0.117483
1.003443,-0.126186
1.006153,-0.134888
1.008954,-0.143591
1.011848,-0.152293
1.014836,-0.160996
1.017920,-0.169698
1.021100,-0.178401
1.024379,-0.187103
1.027758,-0.195806
1.031237,-0.204508
1.034819,-0.213211
1.038506,-0.221913
1.042298,-0.230616
1.046199,-0.239318
1.050209,-0.248021
1.054330,-0.256723
1.058565,-0.265425
1.062915,-0.274128
1.067383,-0.282830
1.071970,-0.291533
1.076680,-0.300235
1.081513,-0.308938
1.086474,-0.317640
1.091563,-0.326343
1.096785,-0.335045
1.102141,-0.343748
1.107634,-0.352450
1.113267,-0.361153
1.119044,-0.369855
1.124967,-0.378558
1.131040,-0.387260
1.137266,-0.395963
1.143648,-0.404665
1.150191,-0.413367
1.156897,-0.422070
1.163771,-0.430772
1.170817,-0.439475
1.178039,-0.448177
1.185442,-0.456880
1.193029,-0.465582
1.200807,-0.474285
1.208779,-0.482987
1.216951,-0.491690
1.225328,-0.500392
1.233916,-0.509095
1.220427,-0.517797
1.229292,-0.526500
1.238382,-0.535202
1.247703,-0.543905
1.257262,-0.552607
1.267065,-0.561310
1.277121,-0.570012
1.287437,-0.578714
1.298020,-0.587417
1.308879,-0.596119
1.320023,-0.604822
1.331460,-0.613524
1.326149,-0.622227
1.345787,-0.630929
1.366657,-0.639632
1.359076,-0.648334
1.381348,-0.657037
1.401578,-0.665739
1.398343,-0.674442
1.419037,-0.683144
1.439623,-0.691847
1.438900,-0.700549
1.460011,-0.709252
1.481048,-0.717954
1.482929,-0.726657
1.504563,-0.735359
1.533719,-0.744061
1.555837,-0.752764
1.577951,-0.761466
1.584542,-0.770169
1.607410,-0.778871
1.630317,-0.787574
1.639936,-0.796276
1.663707,-0.804979
1.687569,-0.813681
1.700444,-0.822384
1.725301,-0.831086
1.750307,-0.839789
1.790195,-0.848491
1.816229,-0.857194
1.842483,-0.865896
1.862660,-0.874599
1.890263,-0.883301
1.918169,-0.892003
1.942663,-0.900706
1.972149,-0.909408
2.024602,-0.918111
2.054826,-0.926813
2.085493,-0.935516
2.117681,-0.944218
2.172612,-0.952921
2.208912,-0.961623
2.243927,-0.970326
2.279683,-0.979028
2.294412,-0.987731
2.317700,-0.996433
2.314089,-1.005136
2.290231,-1.013838
2.279290,-1.022541
2.281409,-1.031243
2.263769,-1.039946
2.269259,-1.048648
2.247870,-1.057350
2.241000,-1.066053
2.234342,-1.074755
2.227892,-1.083458
2.221648,-1.092160
2.215606,-1.100863
2.209766,-1.109565
2.204123,-1.118268
2.198677,-1.126970
2.193424,-1.135673
2.188362,-1.144375
2.183490,-1.153078
2.178804,-1.161780
2.174304,-1.170483
2.169987,-1.179185
2.165852,-1.187888
2.161897,-1.196590
2.158121,-1.205293
2.154522,-1.213995
2.151098,-1.222697
2.147848,-1.231400
2.144771,-1.240102
2.141866,-1.248805
2.139131,-1.257507
2.136566,-1.266210
2.134169,-1.274912
2.131940,-1.283615
2.129878,-1.292317
2.127981,-1.301020
2.126250,-1.309722
2.124683,-1.318425
2.123280,-1.327127
2.122040,-1.335830
2.120963,-1.344532
2.120049,-1.353235
2.119297,-1.361937
2.118706,-1.370639
2.118277,-1.379342
2.118010,-1.388044
2.117904,-1.396747
2.117959,-1.405449
2.118176,-1.414152
2.118554,-1.422854
2.119093,-1.431557
2.119794,-1.440259
2.120657,-1.448962
2.121683,-1.457664
2.122871,-1.466367
2.124223,-1.475069
2.125738,-1.483772
2.127418,-1.492474
2.129262,-1.501177
2.131272,-1.509879
2.133449,-1.518582
2.135792,-1.527284
2.138304,-1.535986
2.140985,-1.544689
2.143837,-1.553391
2.146859,-1.562094
2.150054,-1.570796
