scan.pos:-7.193089,7.052491,1.4184350.829611,1.562094
0.830755,1.553391
0.831967,1.544689
0.833245,1.535986
0.834592,1.527284
0.836006,1.518581
0.837489,1.509879
0.839041,1.501177
0.840663,1.492474
0.842356,1.483772
0.844119,1.475069
0.845955,1.466367
0.847864,1.457664
0.849846,1.448962
0.851902,1.440259
0.854034,1.431557
0.856242,1.422854
0.858526,1.414152
0.860889,1.405449
0.863330,1.396747
0.865852,1.388044
0.868454,1.379342
0.871139,1.370639
0.873908,1.361937
0.876761,1.353234
0.879699,1.344532
0.882725,1.335830
0.885840,1.327127
0.889045,1.318425
0.892341,1.309722
0.895730,1.301020
0.899214,1.292317
0.902794,1.283615
0.906471,1.274912
0.910249,1.266210
0.914128,1.257507
0.918110,1.248805
0.922198,1.240102
0.926394,1.231400
0.930698,1.222697
0.935115,1.213995
0.939645,1.205292
0.944292,1.196590
0.949058,1.187888
0.953945,1.179185
0.958956,1.170483
0.964094,1.161780
0.969362,1.153078
0.974762,1.144375
0.980297,1.135673
0.985972,1.126970
0.991788,1.118268
0.997750,1.109565
1.003860,1.100863
1.010124,1.092160
1.016544,1.083458
1.023125,1.074755
1.029870,1.066053
1.036784,1.057350
1.043872,1.048648
1.051138,1.039945
1.058587,1.031243
1.066224,1.022541
1.074055,1.013838
1.082084,1.005136
1.090318,0.996433
1.098763,0.987731
1.107424,0.979028
1.116309,0.970326
1.125424,0.961623
1.134776,0.952921
1.144373,0.944218
1.154222,0.935516
1.155035,0.926813
1.173096,0.918111
1.163244,0.909408
1.181112,0.900706
1.198777,0.892003
1.189223,0.883301
1.206724,0.874598
1.224046,0.865896
1.214789,0.857194
1.231974,0.848491
1.222980,0.839789
1.214207,0.831086
1.205651,0.822384
1.197304,0.813681
1.189163,0.804979
1.181221,0.796276
1.173473,0.787574
1.165914,0.778871
1.158540,0.770169
1.151345,0.761466
1.144326,0.752764
1.137478,0.744061
1.130797,0.735359
1.124279,0.726656
1.117921,0.717954
1.111718,0.709251
1.105667,0.700549
1.099766,0.691847
1.094010,0.683144
1.088396,0.674442
1.082921,0.665739
1.077583,0.657037
1.072379,0.648334
1.067306,0.639632
1.062360,0.630929
1.057541,0.622227
1.052845,0.613524
1.048270,0.604822
1.043814,0.596119
1.039474,0.587417
1.035249,0.578714
1.031136,0.570012
1.027133,0.561309
1.023240,0.552607
1.019453,0.543905
1.015770,0.535202
1.012192,0.526500
1.008715,0.517797
1.005338,0.509095
1.002059,0.500392
0.998878,0.491690
0.995792,0.482987
0.992801,0.474285
0.989903,0.465582
0.987097,0.456880
0.984381,0.448177
0.981755,0.439475
0.979217,0.430772
0.976767,0.422070
0.974402,0.413367
0.972123,0.404665
0.969929,0.395962
0.967817,0.387260
0.965789,0.378558
0.963842,0.369855
0.961976,0.361153
0.960190,0.352450
0.958483,0.343748
0.956856,0.335045
0.955306,0.326343
0.953835,0.317640
0.952440,0.308938
0.951121,0.300235
0.949878,0.291533
0.948711,0.282830
0.947619,0.274128
0.946601,0.265425
0.945657,0.256723
0.944787,0.248020
0.943991,0.239318
0.943267,0.230615
0.942617,0.221913
0.942039,0.213211
0.941533,0.204508
0.941100,0.195806
0.940738,0.187103
0.940449,0.178401
0.940231,0.169698
0.940085,0.160996
0.940010,0.152293
0.940008,0.143591
0.940076,0.134888
0.940217,0.126186
0.940428,0.117483
0.940712,0.108781
0.941068,0.100078
0.941495,0.091376
0.941995,0.082673
0.942567,0.073971
0.943212,0.065269
0.943929,0.056566
0.944720,0.047864
0.945584,0.039161
0.946521,0.030459
0.947533,0.021756
0.948619,0.013054
0.949781,0.004351
0.951017,-0.004351
0.952329,-0.013054
0.953718,-0.021756
0.955184,-0.030459
0.956727,-0.039161
0.958348,-0.047864
0.960048,-0.056566
0.961827,-0.065269
0.963687,-0.073971
0.965627,-0.082674
0.967649,-0.091376
0.969754,-0.100078
0.971942,-0.108781
0.974214,-0.117483
0.976571,-0.126186
0.979015,-0.134888
0.981545,-0.143591
0.984164,-0.152293
0.986872,-0.160996
0.989671,-0.169698
0.992562,-0.178401
0.995545,-0.187103
0.998623,-0.195806
1.001797,-0.204508
1.005067,-0.213211
1.008436,-0.221913
1.011905,-0.230616
1.015475,-0.239318
1.019149,-0.248021
1.022927,-0.256723
1.026812,-0.265425
1.030806,-0.274128
1.034910,-0.282830
1.039126,-0.291533
1.043456,-0.300235
1.047903,-0.308938
1.052468,-0.317640
1.057154,-0.326343
1.061963,-0.335045
1.066898,-0.343748
1.071961,-0.352450
1.077155,-0.361153
1.082482,-0.369855
1.087945,-0.378558
1.093547,-0.387260
1.099292,-0.395963
1.105181,-0.404665
1.111220,-0.413367
1.117410,-0.422070
1.123755,-0.430772
1.130260,-0.439475
1.136928,-0.448177
1.143762,-0.456880
1.150767,-0.465582
1.157947,-0.474285
1.165307,-0.482987
1.172850,-0.491690
1.180583,-0.500392
1.188509,-0.509095
1.196634,-0.517797
1.204963,-0.526500
1.213502,-0.535202
1.222257,-0.543905
1.231234,-0.552607
1.240438,-0.561310
1.249877,-0.570012
1.259557,-0.578714
1.269486,-0.587417
1.279671,-0.596119
1.290120,-0.604822
1.300841,-0.613524
1.311842,-0.622227
1.323132,-0.630929
1.324064,-0.639632
1.340681,-0.648334
1.357118,-0.657037
1.345918,-0.665739
1.362247,-0.674442
1.378417,-0.683144
1.394437,-0.691847
1.410314,-0.700549
1.426057,-0.709252
1.441672,-0.717954
1.457167,-0.726657
1.472549,-0.735359
1.487824,-0.744061
1.502999,-0.752764
1.518080,-0.761466
1.533074,-0.770169
1.547985,-0.778871
1.463594,-0.787574
1.429687,-0.796276
1.371815,-0.804979
1.363452,-0.813681
1.355293,-0.822384
1.323273,-0.831086
1.315646,-0.839789
1.308205,-0.848491
1.300947,-0.857194
1.293866,-0.865896
1.286960,-0.874599
1.280224,-0.883301
1.273655,-0.892003
1.221167,-0.900706
1.215147,-0.909408
1.209278,-0.918111
1.203557,-0.926813
1.197981,-0.935516
1.192546,-0.944218
1.187251,-0.952921
1.182092,-0.961623
1.177067,-0.970326
1.172173,-0.979028
1.167408,-0.987731
1.162770,-0.996433
1.114549,-1.005136
1.110324,-1.013838
1.106214,-1.022541
1.102219,-1.031243
1.098336,-1.039946
1.094563,-1.048648
1.090898,-1.057350
1.087341,-1.066053
1.083889,-1.074755
1.080541,-1.083458
1.077295,-1.092160
1.074150,-1.100863
1.071105,-1.109565
1.068158,-1.118268
1.065309,-1.126970
1.062555,-1.135673
1.059896,-1.144375
1.057330,-1.153078
1.054857,-1.161780
1.052476,-1.170483
1.050185,-1.179185
1.047984,-1.187888
1.045871,-1.196590
1.043846,-1.205293
1.041908,-1.213995
1.040057,-1.222697
1.038291,-1.231400
1.036609,-1.240102
1.035012,-1.248805
1.033498,-1.257507
1.032068,-1.266210
1.030719,-1.274912
1.029453,-1.283615
1.028267,-1.292317
1.027163,-1.301020
1.026139,-1.309722
1.025195,-1.318425
1.024330,-1.327127
1.023546,-1.335830
1.022840,-1.344532
1.022213,-1.353235
1.021664,-1.361937
1.021194,-1.370639
1.020801,-1.379342
1.020487,-1.388044
1.020251,-1.396747
1.020092,-1.405449
1.020011,-1.414152
1.020008,-1.422854
1.020083,-1.431557
1.020235,-1.440259
1.060483,-1.448962
1.060803,-1.457664
1.061204,-1.466367
1.061686,-1.475069
1.062250,-1.483772
1.062895,-1.492474
1.063622,-1.501177
1.104598,-1.509879
1.105523,-1.518582
1.126653,-1.527284
1.127770,-1.535986
1.128976,-1.544689
1.130270,-1.553391
1.131653,-1.562094
1.133127,-1.570796
