scan.pos:-2.075163,6.220754,1.6352505.937165,1.562094
5.934049,1.553391
5.931387,1.544689
5.929179,1.535986
5.927424,1.527284
5.926122,1.518581
5.925271,1.509879
5.924870,1.501177
5.924922,1.492474
5.925425,1.483772
5.926379,1.475069
2.946302,1.466367
2.366755,1.457664
2.087342,1.448962
1.847914,1.440259
1.608386,1.431557
1.609382,1.422854
1.610502,1.414152
1.611746,1.405449
1.452290,1.396747
1.453635,1.388044
1.394668,1.379342
1.396176,1.370639
1.397793,1.361937
1.399521,1.353234
1.381121,1.344532
1.383808,1.335830
1.353937,1.327127
1.357666,1.318425
1.318530,1.309722
1.321993,1.301020
1.327176,1.292317
1.321946,1.283615
1.313296,1.274912
1.305544,1.266210
1.298602,1.257507
1.271755,1.248805
1.270663,1.240102
1.289122,1.231400
1.287308,1.222697
1.265042,1.213995
1.278323,1.205292
1.279705,1.196590
1.281305,1.187888
1.283114,1.179185
1.288810,1.170483
1.250318,1.161780
1.254200,1.153078
1.258202,1.144375
1.262327,1.135673
1.266575,1.126970
1.270949,1.118268
1.275451,1.109565
1.280083,1.100863
1.284847,1.092160
1.289745,1.083458
1.294779,1.074755
1.299952,1.066053
1.305267,1.057350
1.310725,1.048648
1.316330,1.039945
1.322084,1.031243
1.327991,1.022541
1.334052,1.013838
1.340271,1.005136
1.346652,0.996433
1.353197,0.987731
1.359911,0.979028
1.366796,0.970326
1.373856,0.961623
1.357686,0.952921
1.341449,0.944218
1.348800,0.935516
1.356336,0.926813
1.340130,0.918111
1.347910,0.909408
1.355885,0.900706
1.339701,0.892003
1.323422,0.883301
1.331703,0.874598
1.340191,0.865896
1.323912,0.857194
1.332665,0.848491
1.341637,0.839789
1.350835,0.831086
1.360264,0.822384
1.369930,0.813681
1.353806,0.804979
1.337550,0.796276
1.347576,0.787574
1.357859,0.778871
1.368404,0.770169
1.379221,0.761466
1.390316,0.752764
1.401700,0.744061
1.413379,0.735359
1.425364,0.726656
1.437665,0.717954
1.434829,0.709251
1.450495,0.700549
1.466007,0.691847
1.481373,0.683144
1.496602,0.674442
1.511700,0.665739
1.526676,0.657037
1.541536,0.648334
1.556287,0.639632
1.570936,0.630929
1.585490,0.622227
1.599953,0.613524
1.614334,0.604822
1.628637,0.596119
1.642868,0.587417
1.732353,0.578714
1.721021,0.570012
1.709967,0.561309
1.723808,0.552607
1.762080,0.543905
1.775693,0.535202
1.789276,0.526500
1.826873,0.517797
1.840274,0.509095
1.877427,0.500392
1.890674,0.491690
1.889622,0.482987
1.926508,0.474285
1.955823,0.465582
2.039351,0.456880
2.047479,0.448177
2.016364,0.439475
2.027418,0.430772
1.997995,0.422070
1.989539,0.413367
1.984462,0.404665
1.979468,0.395962
1.976037,0.387260
1.952519,0.378558
1.950953,0.369855
1.949793,0.361153
1.932076,0.352450
1.932986,0.343748
1.919882,0.335045
1.923065,0.326343
1.905206,0.317640
1.899143,0.308938
1.905591,0.300235
1.883818,0.291533
1.893314,0.282830
1.878032,0.274128
1.862785,0.265425
1.857214,0.256723
1.851817,0.248020
1.846592,0.239318
1.841535,0.230615
1.836646,0.221913
1.831922,0.213211
1.827361,0.204508
1.822961,0.195806
1.818720,0.187103
1.814637,0.178401
1.810709,0.169698
1.806937,0.160996
1.803316,0.152293
1.799847,0.143591
1.796528,0.134888
1.793357,0.126186
1.790334,0.117483
1.787457,0.108781
1.784724,0.100078
1.782136,0.091376
1.779690,0.082673
1.777386,0.073971
1.775224,0.065269
1.773201,0.056566
1.771318,0.047864
1.769573,0.039161
1.767966,0.030459
1.766497,0.021756
1.765164,0.013054
1.763967,0.004351
1.762907,-0.004351
1.761981,-0.013054
1.761191,-0.021756
1.760535,-0.030459
1.760014,-0.039161
1.759628,-0.047864
1.759375,-0.056566
1.759256,-0.065269
1.759272,-0.073971
1.759421,-0.082674
1.759704,-0.091376
1.760122,-0.100078
1.760673,-0.108781
1.761360,-0.117483
1.762181,-0.126186
1.763137,-0.134888
1.764229,-0.143591
1.765456,-0.152293
1.766820,-0.160996
1.768321,-0.169698
1.769959,-0.178401
1.771735,-0.187103
1.773651,-0.195806
1.775705,-0.204508
1.777900,-0.213211
1.780236,-0.221913
1.782714,-0.230616
1.785336,-0.239318
1.788101,-0.248021
1.791011,-0.256723
1.794068,-0.265425
1.797273,-0.274128
1.800626,-0.282830
1.804129,-0.291533
1.807784,-0.300235
1.811592,-0.308938
1.815555,-0.317640
1.819674,-0.326343
1.823951,-0.335045
1.828388,-0.343748
1.832986,-0.352450
1.837748,-0.361153
1.842675,-0.369855
1.847770,-0.378558
1.853034,-0.387260
1.858471,-0.395963
1.864082,-0.404665
1.869870,-0.413367
1.875837,-0.422070
1.881986,-0.430772
1.888320,-0.439475
1.894841,-0.448177
1.901553,-0.456880
1.908458,-0.465582
1.915561,-0.474285
1.922863,-0.482987
1.930369,-0.491690
1.938081,-0.500392
1.946005,-0.509095
1.954143,-0.517797
1.962499,-0.526500
1.971078,-0.535202
1.979883,-0.543905
1.988920,-0.552607
1.998192,-0.561310
2.007705,-0.570012
2.017464,-0.578714
2.027472,-0.587417
2.037737,-0.596119
2.048263,-0.604822
2.059056,-0.613524
2.070121,-0.622227
2.081466,-0.630929
2.093096,-0.639632
2.105017,-0.648334
2.117238,-0.657037
2.129764,-0.665739
2.142604,-0.674442
2.155764,-0.683144
2.169253,-0.691847
2.183080,-0.700549
2.197252,-0.709252
2.211779,-0.717954
2.226671,-0.726657
2.241935,-0.735359
2.257584,-0.744061
2.273627,-0.752764
2.290076,-0.761466
2.306941,-0.770169
2.324234,-0.778871
2.341969,-0.787574
2.360157,-0.796276
2.378813,-0.804979
2.397950,-0.813681
2.417583,-0.822384
2.437727,-0.831086
2.458399,-0.839789
2.479615,-0.848491
2.494115,-0.857194
2.504618,-0.865896
2.543364,-0.874599
2.554815,-0.883301
2.566876,-0.892003
2.606552,-0.900706
2.619658,-0.909408
2.659994,-0.918111
2.674219,-0.926813
2.715314,-0.935516
2.730742,-0.944218
2.772702,-0.952921
2.789421,-0.961623
2.832359,-0.970326
2.850469,-0.979028
2.894506,-0.987731
2.914117,-0.996433
2.959384,-1.005136
3.005241,-1.013838
3.027256,-1.022541
3.074568,-1.031243
3.122594,-1.039946
3.147345,-1.048648
3.197082,-1.057350
3.247677,-1.066053
3.275552,-1.074755
3.328156,-1.083458
3.381786,-1.092160
3.436504,-1.100863
3.469237,-1.109565
3.526450,-1.118268
3.584959,-1.126970
3.644843,-1.135673
3.706187,-1.144375
3.769081,-1.153078
3.833619,-1.161780
3.899906,-1.170483
3.968050,-1.179185
4.038169,-1.187888
4.110390,-1.196590
4.184849,-1.205293
4.261694,-1.213995
4.362924,-1.222697
4.444946,-1.231400
4.529875,-1.240102
4.639512,-1.248805
4.730803,-1.257507
4.847120,-1.266210
4.945754,-1.274912
5.069829,-1.283615
5.198219,-1.292317
5.331285,-1.301020
5.448307,-1.309722
5.613063,-1.318425
5.762699,-1.327127
5.918870,-1.335830
6.103059,-1.344532
6.274131,-1.353235
6.474560,-1.361937
6.684332,-1.370639
6.904432,-1.379342
7.135980,-1.388044
7.400841,-1.396747
7.659276,-1.405449
1.442996,-1.570796
