scan.pos:-5.205336,5.538187,2.9684357.617064,1.361937
7.460896,1.353234
7.311060,1.344532
7.159212,1.335830
7.022012,1.327127
6.868066,1.318425
6.740726,1.309722
6.614540,1.301020
6.497006,1.292317
6.383429,1.283615
6.273575,1.274912
6.144800,1.266210
6.043298,1.257507
5.944205,1.248805
5.848037,1.240102
5.754633,1.231400
5.669053,1.222697
5.581585,1.213995
5.496443,1.205292
5.413505,1.196590
5.341165,1.187888
5.263085,1.179185
5.186870,1.170483
5.112425,1.161780
5.051270,1.153078
4.980848,1.144375
4.911928,1.135673
4.868826,1.126970
4.817414,1.118268
4.753437,1.109565
4.690677,1.100863
4.629070,1.092160
4.586011,1.083458
4.527246,1.074755
4.469461,1.066053
4.432181,1.057350
4.376906,1.048648
4.348537,1.039945
4.295064,1.031243
4.238268,1.022541
4.213413,1.013838
4.162748,1.005136
4.137239,0.996433
4.088488,0.987731
4.040281,0.979028
4.019283,0.970326
3.972786,0.961623
3.954977,0.952921
3.923517,0.944218
3.890212,0.935516
3.857759,0.926813
3.826133,0.918111
3.795307,0.909408
3.765259,0.900706
3.735965,0.892003
3.707403,0.883301
3.679553,0.874598
3.652395,0.865896
3.625908,0.857194
3.600075,0.848491
3.574878,0.839789
3.550299,0.831086
3.526323,0.822384
3.502933,0.813681
3.480115,0.804979
3.457854,0.796276
3.436136,0.787574
3.414948,0.778871
3.394276,0.770169
3.374108,0.761466
3.354433,0.752764
3.335238,0.744061
3.316513,0.735359
3.298246,0.726656
3.280428,0.717954
3.263049,0.709251
3.246099,0.700549
3.229568,0.691847
3.213449,0.683144
3.197732,0.674442
3.182410,0.665739
3.167473,0.657037
3.152915,0.648334
3.138728,0.639632
3.124905,0.630929
3.111439,0.622227
3.098324,0.613524
3.085553,0.604822
3.073120,0.596119
3.061019,0.587417
3.049244,0.578714
3.037789,0.570012
3.026650,0.561309
3.015822,0.552607
3.005298,0.543905
2.995075,0.535202
2.985148,0.526500
2.975512,0.517797
2.966164,0.509095
2.957098,0.500392
2.948312,0.491690
2.939801,0.482987
2.931561,0.474285
2.923590,0.465582
2.915883,0.456880
2.908438,0.448177
2.901251,0.439475
2.894319,0.430772
2.887640,0.422070
2.881210,0.413367
2.875027,0.404665
2.869089,0.395962
2.863393,0.387260
2.857937,0.378558
2.852719,0.369855
2.847735,0.361153
2.842986,0.352450
2.838468,0.343748
2.834180,0.335045
2.830120,0.326343
2.826286,0.317640
2.822678,0.308938
2.819293,0.300235
2.816130,0.291533
2.813189,0.282830
2.810467,0.274128
2.807965,0.265425
2.805680,0.256723
2.803612,0.248020
2.801761,0.239318
2.800125,0.230615
2.798704,0.221913
2.797498,0.213211
2.796505,0.204508
2.795726,0.195806
2.795160,0.187103
2.794807,0.178401
2.794667,0.169698
2.794740,0.160996
2.795026,0.152293
2.795524,0.143591
2.796236,0.134888
2.797162,0.126186
2.798301,0.117483
2.799654,0.108781
2.801222,0.100078
2.803005,0.091376
2.805005,0.082673
2.807221,0.073971
2.809655,0.065269
2.812307,0.056566
2.815179,0.047864
2.818272,0.039161
2.821586,0.030459
2.825124,0.021756
2.828887,0.013054
2.832875,0.004351
2.837091,-0.004351
2.841537,-0.013054
2.846213,-0.021756
2.851122,-0.030459
2.856266,-0.039161
2.861648,-0.047864
2.867268,-0.056566
2.873129,-0.065269
2.879235,-0.073971
2.885586,-0.082674
2.892186,-0.091376
2.899038,-0.100078
2.906144,-0.108781
2.913508,-0.117483
2.921132,-0.126186
2.929019,-0.134888
2.937174,-0.143591
2.945599,-0.152293
2.954298,-0.160996
2.963275,-0.169698
2.972534,-0.178401
2.982079,-0.187103
2.991914,-0.195806
3.002043,-0.204508
3.012471,-0.213211
3.023203,-0.221913
3.034244,-0.230616
3.045598,-0.239318
3.057271,-0.248021
3.069269,-0.256723
3.081597,-0.265425
3.094261,-0.274128
3.107267,-0.282830
3.120622,-0.291533
3.134331,-0.300235
3.148403,-0.308938
3.162843,-0.317640
3.177659,-0.326343
3.192859,-0.335045
3.208451,-0.343748
3.224443,-0.352450
3.240843,-0.361153
3.257659,-0.369855
3.274902,-0.378558
3.292581,-0.387260
3.310705,-0.395963
3.329284,-0.404665
3.348330,-0.413367
3.367853,-0.422070
3.387864,-0.430772
3.408376,-0.439475
3.429400,-0.448177
3.450949,-0.456880
3.473038,-0.465582
3.495679,-0.474285
3.518887,-0.482987
3.542676,-0.491690
3.567063,-0.500392
3.592063,-0.509095
3.617694,-0.517797
3.643973,-0.526500
3.670918,-0.535202
3.687482,-0.543905
3.669358,-0.552607
3.630310,-0.561310
3.617241,-0.570012
3.579705,-0.578714
3.547667,-0.587417
3.513862,-0.596119
3.482375,-0.604822
3.453337,-0.613524
3.428138,-0.622227
3.399038,-0.630929
3.370683,-0.639632
3.343050,-0.648334
3.316116,-0.657037
3.289862,-0.665739
3.264266,-0.674442
3.239311,-0.683144
3.214977,-0.691847
3.191247,-0.700549
3.168105,-0.709252
3.145534,-0.717954
3.123518,-0.726657
3.102042,-0.735359
3.081093,-0.744061
3.060657,-0.752764
3.040720,-0.761466
1.214803,-0.770169
1.133401,-0.778871
1.077534,-0.787574
1.071012,-0.796276
1.064648,-0.804979
1.058440,-0.813681
1.074088,-0.822384
1.020588,-0.831086
1.014967,-0.839789
1.009484,-0.848491
0.980784,-0.857194
0.975689,-0.865896
0.970720,-0.874599
0.919881,-0.883301
0.915382,-0.892003
0.910996,-0.900706
0.906720,-0.909408
0.902553,-0.918111
0.898492,-0.926813
0.894535,-0.935516
0.890680,-0.944218
0.886926,-0.952921
0.883270,-0.961623
0.879711,-0.970326
0.876247,-0.979028
0.872876,-0.987731
0.869597,-0.996433
0.866408,-1.005136
0.863308,-1.013838
0.860296,-1.022541
0.857370,-1.031243
0.854528,-1.039946
0.851770,-1.048648
0.849093,-1.057350
0.846498,-1.066053
0.843983,-1.074755
0.841547,-1.083458
0.839188,-1.092160
0.836906,-1.100863
0.834700,-1.109565
0.832569,-1.118268
0.830511,-1.126970
0.828527,-1.135673
0.826615,-1.144375
0.824775,-1.153078
0.823005,-1.161780
0.821305,-1.170483
0.819674,-1.179185
0.818112,-1.187888
0.816619,-1.196590
0.815192,-1.205293
0.813832,-1.213995
0.812539,-1.222697
0.811312,-1.231400
0.810149,-1.240102
0.809052,-1.248805
0.808019,-1.257507
0.807050,-1.266210
0.806145,-1.274912
0.805303,-1.283615
0.804524,-1.292317
0.803807,-1.301020
0.803153,-1.309722
0.802561,-1.318425
0.802031,-1.327127
0.801563,-1.335830
0.801156,-1.344532
0.800811,-1.353235
0.800527,-1.361937
0.800304,-1.370639
0.800142,-1.379342
0.800041,-1.388044
0.800001,-1.396747
0.800022,-1.405449
0.800103,-1.414152
0.800246,-1.422854
0.800450,-1.431557
0.800715,-1.440259
0.801041,-1.448962
0.801428,-1.457664
0.801877,-1.466367
0.802388,-1.475069
0.802960,-1.483772
0.803594,-1.492474
0.804291,-1.501177
0.805050,-1.509879
0.805872,-1.518582
0.806758,-1.527284
0.807707,-1.535986
0.808719,-1.544689
0.809796,-1.553391
0.810938,-1.562094
0.812145,-1.570796
