scan.pos:-1.244684,6.832929,-2.6147500.647849,1.562094
0.667623,1.553391
0.687252,1.544689
0.683944,1.535986
0.680720,1.527284
0.677577,1.518581
0.674514,1.509879
0.671530,1.501177
0.668623,1.492474
0.665791,1.483772
0.663033,1.475069
0.660348,1.466367
0.657735,1.457664
0.677032,1.448962
0.674476,1.440259
0.671990,1.431557
0.669573,1.422854
0.667224,1.414152
0.664941,1.405449
0.662725,1.396747
0.660574,1.388044
0.679728,1.379342
0.698814,1.370639
0.696725,1.361937
0.694701,1.353234
0.692741,1.344532
0.690845,1.335830
0.689012,1.327127
0.687240,1.318425
0.706304,1.309722
0.704604,1.301020
0.702966,1.292317
0.701388,1.283615
0.720456,1.274912
0.739497,1.266210
0.779017,1.257507
0.777519,1.248805
0.776086,1.240102
0.774717,1.231400
0.773412,1.222697
0.772170,1.213995
0.770990,1.205292
0.830653,1.196590
0.869978,1.187888
0.929470,1.179185
0.988884,1.170483
1.028075,1.161780
1.349175,1.153078
1.347848,1.144375
1.346625,1.135673
1.445919,1.126970
1.625433,1.118268
1.784761,1.109565
2.084311,1.100863
2.363653,1.092160
2.883167,1.083458
6.537686,1.074755
4.693350,0.665739
4.487781,0.657037
4.383204,0.648334
4.303135,0.639632
4.204059,0.630929
4.129267,0.622227
4.052217,0.613524
3.983211,0.604822
3.894176,0.596119
3.829140,0.587417
3.765456,0.578714
3.682566,0.570012
3.623593,0.561309
3.566129,0.552607
3.513357,0.543905
3.459541,0.535202
3.406969,0.526500
3.355569,0.517797
3.311985,0.509095
3.263551,0.500392
3.216086,0.491690
3.169534,0.482987
3.110093,0.474285
3.065851,0.465582
3.046293,0.456880
3.051790,0.448177
3.023045,0.439475
2.982723,0.430772
2.967499,0.422070
2.943619,0.413367
2.930656,0.404665
2.943481,0.395962
2.932277,0.387260
2.914543,0.378558
2.947821,0.369855
2.917066,0.361153
2.937801,0.352450
2.959060,0.343748
2.928399,0.335045
2.950356,0.326343
2.972874,0.317640
2.995968,0.308938
3.019655,0.300235
3.043954,0.291533
3.068882,0.282830
3.094460,0.274128
3.120707,0.265425
3.147645,0.256723
3.160718,0.248020
3.193781,0.239318
3.227106,0.230615
3.260717,0.221913
3.267429,0.213211
3.301900,0.204508
3.336724,0.195806
3.448570,0.187103
3.539412,0.178401
3.600657,0.169698
3.636017,0.160996
3.671894,0.152293
3.708318,0.143591
3.821652,0.134888
3.858741,0.126186
3.921585,0.117483
3.959845,0.108781
3.998829,0.100078
4.082519,0.091376
4.144530,0.082673
4.185419,0.073971
4.229901,0.065269
7.775869,-0.013054
7.737672,-0.021756
7.700431,-0.030459
7.664128,-0.039161
7.628744,-0.047864
7.594260,-0.056566
7.560660,-0.065269
7.527927,-0.073971
7.496045,-0.082674
7.464997,-0.091376
7.434770,-0.100078
7.405348,-0.108781
7.376718,-0.117483
7.348865,-0.126186
7.321777,-0.134888
7.295443,-0.143591
7.269848,-0.152293
7.244982,-0.160996
7.220834,-0.169698
7.197392,-0.178401
7.174647,-0.187103
7.152588,-0.195806
7.131206,-0.204508
7.110491,-0.213211
7.090435,-0.221913
7.071028,-0.230616
7.052263,-0.239318
7.034131,-0.248021
7.016625,-0.256723
6.999738,-0.265425
6.983463,-0.274128
6.967793,-0.282830
6.952721,-0.291533
6.938241,-0.300235
6.924347,-0.308938
6.911035,-0.317640
2.262205,-0.326343
2.258215,-0.335045
2.254411,-0.343748
2.230469,-0.352450
2.145905,-0.361153
2.142796,-0.369855
2.139857,-0.378558
2.076472,-0.387260
2.073948,-0.395963
2.071587,-0.404665
2.049252,-0.413367
2.047236,-0.422070
2.045379,-0.430772
2.003517,-0.439475
2.002007,-0.448177
2.000653,-0.456880
1.999452,-0.465582
1.998404,-0.474285
1.997510,-0.482987
1.996769,-0.491690
1.996180,-0.500392
1.995743,-0.509095
1.995459,-0.517797
1.995326,-0.526500
1.995346,-0.535202
1.995517,-0.543905
1.995841,-0.552607
1.996316,-0.561310
1.996944,-0.570012
1.997725,-0.578714
1.958591,-0.587417
1.959656,-0.596119
1.940815,-0.604822
1.942167,-0.613524
1.903497,-0.622227
1.905116,-0.630929
1.886761,-0.639632
1.888657,-0.648334
1.890700,-0.657037
1.892893,-0.665739
1.854810,-0.674442
1.857249,-0.683144
1.859836,-0.691847
1.862573,-0.700549
1.865460,-0.709252
1.868498,-0.717954
1.871690,-0.726657
1.875035,-0.735359
1.878535,-0.744061
1.882192,-0.752764
1.886008,-0.761466
1.889983,-0.770169
1.894119,-0.778871
1.898419,-0.787574
1.902883,-0.796276
1.907514,-0.804979
1.912313,-0.813681
1.917283,-0.822384
1.922426,-0.831086
1.927744,-0.839789
1.933238,-0.848491
1.938912,-0.857194
1.944769,-0.865896
1.950809,-0.874599
1.957037,-0.883301
1.963455,-0.892003
1.970065,-0.900706
1.976871,-0.909408
2.027114,-0.918111
1.991083,-0.926813
1.998495,-0.935516
2.006116,-0.944218
2.013950,-0.952921
2.021999,-0.961623
2.030268,-0.970326
2.038761,-0.979028
2.047482,-0.987731
2.056435,-0.996433
2.065625,-1.005136
2.075056,-1.013838
2.084733,-1.022541
2.094660,-1.031243
2.104844,-1.039946
2.115290,-1.048648
2.126002,-1.057350
2.136987,-1.066053
2.195070,-1.074755
2.183334,-1.083458
2.119658,-1.092160
2.109027,-1.100863
2.075110,-1.109565
2.041539,-1.118268
2.008288,-1.126970
1.999689,-1.135673
1.967145,-1.144375
1.934844,-1.153078
1.927583,-1.161780
1.895857,-1.170483
1.889452,-1.179185
1.858223,-1.187888
1.827127,-1.196590
1.821811,-1.205293
1.791100,-1.213995
1.786500,-1.222697
1.756107,-1.231400
1.752176,-1.240102
1.722037,-1.248805
1.718734,-1.257507
1.688789,-1.266210
1.686073,-1.274912
1.656262,-1.283615
1.654099,-1.292317
1.624365,-1.301020
1.622720,-1.309722
1.613381,-1.318425
1.599635,-1.327127
1.586241,-1.335830
1.573188,-1.344532
1.560466,-1.353235
1.548066,-1.361937
1.535976,-1.370639
1.524190,-1.379342
1.512697,-1.388044
1.501489,-1.396747
1.490559,-1.405449
1.479899,-1.414152
1.469502,-1.422854
1.459360,-1.431557
1.449466,-1.440259
1.439815,-1.448962
1.430400,-1.457664
1.421214,-1.466367
1.412253,-1.475069
1.403510,-1.483772
1.394980,-1.492474
1.386659,-1.501177
1.378540,-1.509879
1.370620,-1.518582
1.362893,-1.527284
1.355355,-1.535986
1.348003,-1.544689
1.340832,-1.553391
1.333837,-1.562094
1.327015,-1.570796
