scan.pos:7.039036,4.577312,-0.5147501.887401,1.562094
1.865960,1.553391
1.839453,1.544689
1.813190,1.535986
1.795773,1.527284
1.770724,1.518581
1.745846,1.509879
1.708238,1.501177
1.684271,1.492474
1.672883,1.483772
1.649857,1.475069
1.626899,1.466367
1.594114,1.457664
1.571822,1.448962
1.574426,1.440259
1.544121,1.431557
1.522557,1.422854
1.500968,1.414152
1.498318,1.405449
1.477352,1.396747
1.450794,1.388044
1.456317,1.379342
1.435838,1.370639
1.411272,1.361937
1.391095,1.353234
1.394722,1.344532
1.375004,1.335830
1.353158,1.327127
1.361209,1.318425
1.340761,1.309722
1.321630,1.301020
1.330596,1.292317
1.319420,1.283615
1.308248,1.274912
1.297362,1.266210
1.286752,1.257507
1.276411,1.248805
1.266331,1.240102
1.256504,1.231400
1.246922,1.222697
1.237579,1.213995
1.253320,1.205292
1.244254,1.196590
1.235411,1.187888
1.226787,1.179185
1.218374,1.170483
1.210167,1.161780
1.202161,1.153078
1.194350,1.144375
1.186731,1.135673
1.179297,1.126970
1.172044,1.118268
1.164968,1.109565
1.158065,1.100863
1.151330,1.092160
1.144760,1.083458
1.138350,1.074755
1.132098,1.066053
1.125999,1.057350
1.120050,1.048648
1.114249,1.039945
1.108591,1.031243
1.103074,1.022541
1.097694,1.013838
1.092450,1.005136
1.087338,0.996433
1.082355,0.987731
1.077500,0.979028
1.072770,0.970326
1.068161,0.961623
1.063673,0.952921
1.059303,0.944218
1.055049,0.935516
1.050908,0.926813
1.046879,0.918111
1.042960,0.909408
1.039149,0.900706
1.035444,0.892003
1.031844,0.883301
1.028347,0.874598
1.024952,0.865896
1.021656,0.857194
1.018459,0.848491
1.015359,0.839789
1.012354,0.831086
1.009444,0.822384
1.006627,0.813681
1.003902,0.804979
1.001267,0.796276
0.998722,0.787574
0.996266,0.778871
0.993898,0.770169
0.991616,0.761466
0.989419,0.752764
0.987308,0.744061
0.985280,0.735359
0.983335,0.726656
0.981472,0.717954
0.979691,0.709251
0.977991,0.700549
0.976371,0.691847
0.974831,0.683144
0.973369,0.674442
0.971985,0.665739
0.970680,0.657037
0.969451,0.648334
0.968299,0.639632
0.967224,0.630929
0.966224,0.622227
0.965300,0.613524
0.964451,0.604822
0.963677,0.596119
0.962978,0.587417
0.962352,0.578714
0.961801,0.570012
0.961324,0.561309
0.960920,0.552607
0.960589,0.543905
0.960332,0.535202
0.960148,0.526500
0.960038,0.517797
0.960000,0.509095
0.960036,0.500392
0.960144,0.491690
0.960326,0.482987
0.960581,0.474285
0.960909,0.465582
0.961311,0.456880
0.961787,0.448177
0.962336,0.439475
0.962959,0.430772
0.963657,0.422070
0.964429,0.413367
0.965276,0.404665
0.966197,0.395962
0.967195,0.387260
0.968268,0.378558
0.969418,0.369855
0.970644,0.361153
0.971948,0.352450
0.973329,0.343748
0.974789,0.335045
0.976327,0.326343
0.977945,0.317640
0.979643,0.308938
0.981422,0.300235
0.983282,0.291533
0.985224,0.282830
0.987250,0.274128
0.989359,0.265425
0.991553,0.256723
0.993833,0.248020
0.996199,0.239318
0.998653,0.230615
1.001195,0.221913
1.003827,0.213211
1.006549,0.204508
1.009364,0.195806
1.012271,0.187103
1.015273,0.178401
1.018371,0.169698
1.021565,0.160996
1.024858,0.152293
1.028251,0.143591
1.031745,0.134888
1.035342,0.126186
1.039044,0.117483
1.042852,0.108781
1.046768,0.100078
1.050794,0.091376
1.054931,0.082673
1.059183,0.073971
1.063549,0.065269
1.068034,0.056566
1.072639,0.047864
1.077366,0.039161
1.082218,0.030459
1.087197,0.021756
1.092305,0.013054
1.097546,0.004351
1.102921,-0.004351
1.108434,-0.013054
1.114088,-0.021756
1.119886,-0.030459
1.125830,-0.039161
1.131925,-0.047864
1.138173,-0.056566
1.144578,-0.065269
1.151144,-0.073971
1.157874,-0.082674
1.164772,-0.091376
1.171843,-0.100078
1.179091,-0.108781
1.186520,-0.117483
1.194135,-0.126186
1.201940,-0.134888
1.209940,-0.143591
1.218141,-0.152293
1.226548,-0.160996
1.235167,-0.169698
1.244003,-0.178401
1.253063,-0.187103
1.262352,-0.195806
1.271877,-0.204508
1.281646,-0.213211
1.291665,-0.221913
1.301942,-0.230616
1.312485,-0.239318
1.323301,-0.248021
1.334400,-0.256723
1.345789,-0.265425
1.357811,-0.274128
1.346112,-0.282830
1.362521,-0.291533
1.378758,-0.300235
1.394833,-0.308938
1.410753,-0.317640
1.426528,-0.326343
1.390205,-0.335045
1.406132,-0.343748
1.426413,-0.352450
1.442594,-0.361153
1.464176,-0.369855
1.480658,-0.378558
1.503610,-0.387260
1.520442,-0.395963
1.519626,-0.404665
1.545214,-0.413367
1.563119,-0.422070
1.580984,-0.430772
1.608685,-0.439475
1.627077,-0.448177
1.656500,-0.456880
1.675493,-0.465582
1.682771,-0.474285
1.702587,-0.482987
1.735960,-0.491690
1.756549,-0.500392
1.792043,-0.509095
1.813510,-0.517797
1.835114,-0.526500
1.850668,-0.535202
1.896414,-0.543905
1.914773,-0.552607
1.961484,-0.561310
1.982871,-0.570012
2.008173,-0.578714
2.056247,-0.587417
2.082239,-0.596119
2.131742,-0.604822
2.161457,-0.613524
2.190565,-0.622227
2.242189,-0.630929
2.299583,-0.639632
2.331400,-0.648334
2.393363,-0.657037
2.427794,-0.665739
2.484655,-0.674442
2.553849,-0.683144
2.592292,-0.691847
2.653219,-0.700549
2.731112,-0.709252
2.795872,-0.717954
2.862000,-0.726657
2.950451,-0.735359
3.021525,-0.744061
3.098060,-0.752764
3.196077,-0.761466
3.275513,-0.770169
3.326074,-0.778871
3.309794,-0.787574
3.297355,-0.796276
3.286294,-0.804979
3.285556,-0.813681
3.269449,-0.822384
3.281507,-0.831086
3.275029,-0.839789
3.268826,-0.848491
3.262895,-0.857194
3.257232,-0.865896
3.251836,-0.874599
3.246705,-0.883301
3.241837,-0.892003
3.196730,-0.900706
3.192436,-0.909408
3.188395,-0.918111
3.164434,-0.926813
3.160920,-0.935516
3.157653,-0.944218
3.154633,-0.952921
3.151859,-0.961623
3.149329,-0.970326
3.147043,-0.979028
3.145000,-0.987731
3.143198,-0.996433
3.141637,-1.005136
3.140317,-1.013838
3.139237,-1.022541
3.138397,-1.031243
3.137796,-1.039946
3.137434,-1.048648
3.137312,-1.057350
3.137428,-1.066053
3.137783,-1.074755
3.138377,-1.083458
3.139211,-1.092160
3.140284,-1.100863
3.141597,-1.109565
3.143151,-1.118268
3.144946,-1.126970
3.146983,-1.135673
3.149262,-1.144375
3.111600,-1.153078
3.114332,-1.161780
3.117307,-1.170483
3.120525,-1.179185
3.123988,-1.187888
3.127697,-1.196590
3.111432,-1.205293
3.095361,-1.213995
3.099761,-1.222697
3.104409,-1.231400
3.109308,-1.240102
3.114460,-1.248805
3.119868,-1.257507
3.125533,-1.266210
3.131457,-1.274912
3.137643,-1.283615
3.144094,-1.292317
3.135350,-1.301020
3.157799,-1.309722
3.165058,-1.318425
3.172594,-1.327127
3.180408,-1.335830
3.188504,-1.344532
3.196886,-1.353235
3.205557,-1.361937
3.214520,-1.370639
3.223780,-1.379342
3.233340,-1.388044
3.243205,-1.396747
3.253378,-1.405449
3.263865,-1.414152
3.274671,-1.422854
3.285798,-1.431557
3.297254,-1.440259
3.309043,-1.448962
3.321170,-1.457664
3.333641,-1.466367
3.346462,-1.475069
3.359639,-1.483772
3.373178,-1.492474
3.387085,-1.501177
3.388680,-1.509879
3.401150,-1.518582
3.416434,-1.527284
3.433763,-1.535986
3.430292,-1.544689
3.454757,-1.553391
3.455407,-1.562094
3.485844,-1.570796
