scan.pos:-1.233372,7.107928,-0.4147500.961520,1.562094
0.965266,1.553391
0.969115,1.544689
0.973069,1.535986
0.977130,1.527284
0.981301,1.518581
0.985582,1.509879
0.989977,1.501177
0.994487,1.492474
0.999115,1.483772
1.003863,1.475069
1.008733,1.466367
1.013728,1.457664
1.018852,1.448962
1.024105,1.440259
1.029492,1.431557
1.035015,1.422854
1.040678,1.414152
1.046483,1.405449
1.052433,1.396747
1.058533,1.388044
1.064785,1.379342
1.071194,1.370639
1.077763,1.361937
1.084496,1.353234
1.091397,1.344532
1.098471,1.335830
1.105722,1.327127
1.113155,1.318425
1.120774,1.309722
1.128585,1.301020
1.136592,1.292317
1.144802,1.283615
1.153220,1.274912
1.161851,1.266210
1.170703,1.257507
1.179781,1.248805
1.189092,1.240102
1.198643,1.231400
1.208442,1.222697
1.218496,1.213995
1.228813,1.205292
1.239401,1.196590
1.227821,1.187888
1.245556,1.179185
1.236659,1.170483
1.254729,1.161780
1.274855,1.153078
1.293065,1.144375
1.287551,1.135673
1.306155,1.126970
1.324613,1.118268
1.347698,1.109565
1.340401,1.100863
1.364982,1.092160
1.384183,1.083458
1.384679,1.074755
1.404412,1.066053
1.424074,1.057350
1.452155,1.048648
1.447466,1.039945
1.477301,1.031243
1.498080,1.022541
1.518854,1.013838
1.526798,1.005136
1.548343,0.996433
1.569925,0.987731
1.604764,0.979028
1.627101,0.970326
1.649529,0.961623
1.663847,0.952921
1.687308,0.944218
1.710919,0.935516
1.728951,0.926813
1.776685,0.918111
1.801609,0.909408
1.823646,0.900706
1.849987,0.892003
1.876637,0.883301
1.925683,0.874598
1.953912,0.865896
1.982560,0.857194
2.014348,0.848491
2.067021,0.839789
2.098141,0.831086
2.151710,0.822384
2.191156,0.813681
2.225350,0.804979
2.281945,0.796276
2.328652,0.787574
2.388152,0.778871
2.448557,0.770169
2.503828,0.761466
2.546674,0.752764
2.633278,0.744061
2.678900,0.735359
2.747955,0.726656
2.840855,0.717954
2.914620,0.709251
2.990500,0.700549
3.098574,0.691847
3.181660,0.683144
3.267722,0.674442
3.394342,0.665739
3.510780,0.657037
3.651980,0.648334
3.777222,0.639632
3.916414,0.630929
4.077100,0.622227
4.244720,0.613524
4.440627,0.604822
4.630722,0.596119
4.851310,0.587417
5.124979,0.578714
5.372577,0.570012
5.708263,0.561309
6.021480,0.552607
6.440652,0.543905
6.869976,0.535202
7.406308,0.526500
2.368420,0.021756
2.323814,0.013054
2.236806,0.004351
2.079039,-0.004351
1.950400,-0.013054
1.910026,-0.021756
1.870446,-0.030459
1.830005,-0.039161
1.815152,-0.047864
1.778702,-0.056566
1.744154,-0.065269
1.709721,-0.073971
1.675749,-0.082674
1.669083,-0.091376
1.636908,-0.100078
1.605076,-0.108781
1.566915,-0.117483
1.549775,-0.126186
1.543008,-0.134888
1.522242,-0.143591
1.493406,-0.152293
1.464736,-0.160996
1.447583,-0.169698
1.443992,-0.178401
1.416580,-0.187103
1.402862,-0.195806
1.376324,-0.204508
1.374470,-0.213211
1.339138,-0.221913
1.338343,-0.230616
1.329958,-0.239318
1.305028,-0.248021
1.280050,-0.256723
1.274366,-0.265425
1.249956,-0.274128
1.246220,-0.282830
1.248525,-0.291533
1.220470,-0.300235
1.223623,-0.308938
1.200228,-0.317640
1.173963,-0.326343
1.177980,-0.335045
1.153073,-0.343748
1.157876,-0.352450
1.134281,-0.361153
1.139856,-0.369855
1.137366,-0.378558
1.127658,-0.387260
1.118200,-0.395963
1.108982,-0.404665
1.099998,-0.413367
1.091241,-0.422070
1.082704,-0.430772
1.074381,-0.439475
1.066265,-0.448177
1.058351,-0.456880
1.050633,-0.465582
1.043106,-0.474285
1.025600,-0.482987
1.018509,-0.491690
1.011592,-0.500392
1.004844,-0.509095
0.998261,-0.517797
0.991838,-0.526500
1.010212,-0.535202
1.028433,-0.543905
1.022171,-0.552607
1.016062,-0.561310
1.010101,-0.570012
1.004287,-0.578714
0.998614,-0.587417
0.993081,-0.596119
0.987683,-0.604822
0.982418,-0.613524
0.977283,-0.622227
0.972275,-0.630929
0.967391,-0.639632
0.962629,-0.648334
0.957986,-0.657037
0.953460,-0.665739
0.949049,-0.674442
0.944750,-0.683144
0.940561,-0.691847
0.936480,-0.700549
0.932504,-0.709252
0.928633,-0.717954
0.924864,-0.726657
0.921196,-0.735359
0.917626,-0.744061
0.914153,-0.752764
0.910775,-0.761466
0.907491,-0.770169
0.904299,-0.778871
0.901198,-0.787574
0.898186,-0.796276
0.895262,-0.804979
0.913674,-0.813681
0.932039,-0.822384
0.929245,-0.831086
0.926538,-0.839789
0.923916,-0.848491
0.921380,-0.857194
0.918927,-0.865896
0.916556,-0.874599
0.935047,-0.883301
0.932788,-0.892003
0.930612,-0.900706
0.928516,-0.909408
0.926500,-0.918111
0.924563,-0.926813
0.963713,-0.935516
0.961853,-0.944218
0.960072,-0.952921
0.958371,-0.961623
0.956749,-0.970326
0.955205,-0.979028
0.974030,-0.987731
0.972611,-0.996433
0.991504,-1.005136
1.050839,-1.013838
1.049554,-1.022541
1.048351,-1.031243
1.047230,-1.039946
1.046192,-1.048648
1.125637,-1.057350
1.225113,-1.066053
1.324523,-1.074755
1.624439,-1.083458
1.683579,-1.092160
2.003195,-1.100863
2.322649,-1.109565
2.922226,-1.118268
6.951121,-1.126970
4.970963,-1.509879
4.733511,-1.518582
4.615112,-1.527284
4.513410,-1.535986
4.436152,-1.544689
4.331679,-1.553391
4.260941,-1.562094
4.164814,-1.570796
