scan.pos:-2.063946,-2.872125,1.7352501.800344,1.562094
1.797809,1.553391
1.795417,1.544689
1.793169,1.535986
1.791062,1.527284
1.789096,1.518581
1.787270,1.509879
1.785584,1.501177
1.784037,1.492474
1.782629,1.483772
1.781358,1.475069
1.780224,1.466367
1.779227,1.457664
1.778367,1.448962
1.777642,1.440259
1.777054,1.431557
1.776601,1.422854
1.776284,1.414152
1.776102,1.405449
1.776055,1.396747
1.776144,1.388044
1.776368,1.379342
1.776727,1.370639
1.777222,1.361937
1.777852,1.353234
1.778619,1.344532
1.779521,1.335830
1.780561,1.327127
1.781737,1.318425
1.783051,1.309722
1.784502,1.301020
1.786092,1.292317
1.787821,1.283615
1.789690,1.274912
1.791700,1.266210
1.793851,1.257507
1.796143,1.248805
1.798579,1.240102
1.801159,1.231400
1.803884,1.222697
1.806755,1.213995
1.809773,1.205292
1.812940,1.196590
1.816256,1.187888
1.819723,1.179185
1.823342,1.170483
1.827116,1.161780
1.831044,1.153078
1.835130,1.144375
1.839374,1.135673
1.843779,1.126970
1.848346,1.118268
1.853077,1.109565
1.857975,1.100863
1.863040,1.092160
1.868276,1.083458
1.873685,1.074755
1.879268,1.066053
1.885029,1.057350
1.890970,1.048648
1.897093,1.039945
1.903401,1.031243
1.909897,1.022541
1.916585,1.013838
1.923466,1.005136
1.930544,0.996433
1.937823,0.987731
1.945306,0.979028
1.952996,0.970326
1.960897,0.961623
1.969013,0.952921
1.977347,0.944218
1.985904,0.935516
1.994688,0.926813
2.003704,0.918111
2.012955,0.909408
2.022446,0.900706
2.032184,0.892003
2.042171,0.883301
2.052415,0.874598
2.062919,0.865896
2.073691,0.857194
2.084735,0.848491
2.096058,0.839789
2.107666,0.831086
2.119565,0.822384
2.131763,0.813681
2.144266,0.804979
2.157082,0.796276
2.170219,0.787574
2.183683,0.778871
2.197484,0.770169
2.211631,0.761466
2.226131,0.752764
2.240995,0.744061
2.256231,0.735359
2.271850,0.726656
2.287862,0.717954
2.304278,0.709251
2.321110,0.700549
2.338369,0.691847
2.356067,0.683144
2.374217,0.674442
2.392832,0.665739
2.411927,0.657037
2.431516,0.648334
2.451614,0.639632
2.472237,0.630929
2.493401,0.622227
2.511680,0.613524
2.679781,0.604822
2.679017,0.596119
5.781799,0.308938
5.666232,0.300235
5.619113,0.291533
5.595066,0.282830
5.571645,0.274128
5.548841,0.265425
5.526641,0.256723
5.505036,0.248020
5.484015,0.239318
5.463569,0.230615
5.443687,0.221913
5.424362,0.213211
5.405583,0.204508
5.387343,0.195806
5.369633,0.187103
5.352445,0.178401
5.335772,0.169698
5.319606,0.160996
5.303941,0.152293
5.288769,0.143591
5.295046,0.134888
5.280786,0.126186
5.267002,0.117483
5.253689,0.108781
5.282336,0.100078
5.269850,0.091376
5.299124,0.082673
5.287459,0.073971
5.276246,0.065269
5.265481,0.056566
5.255159,0.047864
5.245276,0.039161
5.256232,0.030459
5.287919,0.021756
5.299565,0.013054
5.331880,0.004351
5.465870,-0.004351
5.539154,-0.013054
5.855274,-0.021756
6.211410,-0.030459
6.647830,-0.039161
7.103911,-0.047864
7.751002,-0.291533
7.134427,-0.300235
6.819784,-0.308938
6.808275,-0.317640
6.817508,-0.326343
6.827287,-0.335045
6.796988,-0.343748
6.807806,-0.352450
6.819178,-0.361153
6.831110,-0.369855
6.843605,-0.378558
6.856668,-0.387260
6.870306,-0.395963
6.884524,-0.404665
6.899328,-0.413367
4.346780,-0.422070
4.175880,-0.430772
4.157804,-0.439475
4.040512,-0.448177
3.844532,-0.456880
3.736148,-0.465582
3.628427,-0.474285
3.529549,-0.482987
3.307279,-0.491690
3.187172,-0.500392
3.144946,-0.509095
3.057959,-0.517797
3.067861,-0.526500
3.013761,-0.535202
2.981032,-0.543905
2.969888,-0.552607
2.980551,-0.561310
2.948040,-0.570012
2.937333,-0.578714
2.904864,-0.587417
2.916347,-0.596119
2.883982,-0.604822
2.873745,-0.613524
2.885909,-0.622227
2.898398,-0.630929
2.866294,-0.639632
2.879249,-0.648334
2.892543,-0.657037
2.906182,-0.665739
2.920174,-0.674442
2.934526,-0.683144
2.949245,-0.691847
2.964340,-0.700549
2.979818,-0.709252
2.995688,-0.717954
3.011959,-0.726657
3.028639,-0.735359
3.045738,-0.744061
3.063266,-0.752764
3.081232,-0.761466
3.099648,-0.770169
3.118525,-0.778871
3.137874,-0.787574
3.157706,-0.796276
3.178033,-0.804979
3.198869,-0.813681
3.220228,-0.822384
3.242122,-0.831086
3.264566,-0.839789
3.261811,-0.848491
3.285216,-0.857194
3.309213,-0.865896
3.333818,-0.874599
3.359051,-0.883301
3.384927,-0.892003
3.411468,-0.900706
3.438691,-0.909408
3.453183,-0.918111
3.495273,-0.926813
3.524674,-0.935516
3.554848,-0.944218
3.582911,-0.952921
3.595940,-0.961623
3.636504,-0.970326
3.678019,-0.979028
3.688523,-0.987731
3.730118,-0.996433
3.772179,-1.005136
3.811182,-1.013838
3.849704,-1.022541
3.892343,-1.031243
3.930487,-1.039946
3.966355,-1.048648
4.011701,-1.057350
4.055869,-1.066053
4.093576,-1.074755
4.156155,-1.083458
4.201366,-1.092160
4.238588,-1.100863
4.309659,-1.109565
4.356797,-1.118268
4.418755,-1.126970
4.456013,-1.135673
4.517235,-1.144375
4.485747,-1.153078
4.473848,-1.161780
4.512609,-1.170483
4.518454,-1.179185
4.558055,-1.187888
4.566638,-1.196590
4.584011,-1.205293
4.641773,-1.213995
4.637408,-1.222697
4.665903,-1.231400
4.666430,-1.240102
4.689941,-1.248805
4.736123,-1.257507
4.759816,-1.266210
4.761329,-1.274912
4.785427,-1.283615
4.787539,-1.292317
4.856159,-1.301020
4.902627,-1.309722
4.905341,-1.318425
4.930202,-1.327127
4.998680,-1.335830
5.045397,-1.344532
1.254672,-1.353235
1.250328,-1.361937
1.139050,-1.370639
1.131095,-1.379342
1.084928,-1.388044
1.060342,-1.396747
1.057129,-1.405449
1.054016,-1.414152
1.008961,-1.422854
1.006160,-1.431557
1.003450,-1.440259
0.959130,-1.448962
0.956705,-1.457664
0.954366,-1.466367
0.952110,-1.475069
0.949937,-1.483772
0.947846,-1.492474
0.945836,-1.501177
0.923386,-1.509879
0.921576,-1.518582
0.919843,-1.527284
0.918186,-1.535986
0.916605,-1.544689
0.915099,-1.553391
0.913667,-1.562094
0.912309,-1.570796
