scan.pos:3.138993,6.067289,-0.3647502.047404,1.562094
2.054327,1.553391
2.061455,1.544689
2.068791,1.535986
2.076338,1.527284
2.084099,1.518581
2.092079,1.509879
2.100280,1.501177
2.108707,1.492474
2.117364,1.483772
2.126255,1.475069
2.135384,1.466367
2.144756,1.457664
2.154376,1.448962
2.164247,1.440259
2.174376,1.431557
2.184767,1.422854
2.195426,1.414152
2.206359,1.405449
2.217570,1.396747
2.229067,1.388044
2.240855,1.379342
2.252941,1.370639
2.265331,1.361937
2.278033,1.353234
2.291054,1.344532
2.304401,1.335830
2.318081,1.327127
2.332104,1.318425
2.346478,1.309722
2.361210,1.301020
2.376311,1.292317
2.391789,1.283615
2.407655,1.274912
2.423919,1.266210
2.440591,1.257507
2.457683,1.248805
2.475205,1.240102
2.493170,1.231400
2.511591,1.222697
2.530480,1.213995
2.549851,1.205292
2.569718,1.196590
2.590096,1.187888
2.611000,1.179185
2.632446,1.170483
2.654451,1.161780
2.677033,1.153078
2.700210,1.144375
2.711405,1.135673
2.747872,1.126970
2.756887,1.118268
2.793940,1.109565
2.804035,1.100863
2.841758,1.092160
2.879743,1.083458
2.891478,1.074755
2.930272,1.066053
2.943264,1.057350
2.982966,1.048648
3.023067,1.039945
3.038008,1.031243
3.079180,1.022541
3.120845,1.013838
3.163038,1.005136
3.180882,0.996433
3.224398,0.987731
3.268550,0.979028
3.313378,0.970326
3.358923,0.961623
3.405230,0.952921
3.428333,0.944218
3.476440,0.935516
3.525450,0.926813
3.575417,0.918111
3.626395,0.909408
3.678443,0.900706
3.731624,0.892003
3.786005,0.883301
3.841654,0.874598
3.921535,0.865896
3.979839,0.857194
4.039652,0.848491
4.101063,0.839789
4.186635,0.831086
4.251437,0.822384
4.340419,0.813681
4.409063,0.804979
4.479864,0.796276
4.579002,0.787574
4.655559,0.778871
4.756580,0.770169
4.845996,0.761466
4.953824,0.752764
5.053156,0.744061
5.168829,0.735359
5.202405,0.726656
5.190496,0.717954
5.171182,0.709251
5.157445,0.700549
5.123077,0.691847
5.107836,0.683144
5.093071,0.674442
5.078777,0.665739
5.064948,0.657037
5.051578,0.648334
5.038661,0.639632
5.026191,0.630929
5.014163,0.622227
5.002574,0.613524
4.991417,0.604822
4.980688,0.596119
4.970383,0.587417
4.960497,0.578714
4.951027,0.570012
4.941969,0.561309
4.933319,0.552607
4.925073,0.543905
4.917229,0.535202
4.909782,0.526500
4.902732,0.517797
4.896074,0.509095
4.889805,0.500392
4.883924,0.491690
4.878429,0.482987
4.873317,0.474285
4.868585,0.465582
4.864233,0.456880
4.860259,0.448177
4.856660,0.439475
4.853436,0.430772
4.850585,0.422070
4.848107,0.413367
4.846001,0.404665
4.844265,0.395962
4.842898,0.387260
4.841901,0.378558
4.841273,0.369855
4.841014,0.361153
4.841124,0.352450
4.841602,0.343748
4.842449,0.335045
4.843666,0.326343
4.845252,0.317640
4.847208,0.308938
4.849536,0.300235
4.852235,0.291533
4.855308,0.282830
4.858754,0.274128
4.862576,0.265425
4.866775,0.256723
4.871352,0.248020
4.876310,0.239318
4.881650,0.230615
4.887374,0.221913
4.893485,0.213211
4.899985,0.204508
4.906876,0.195806
4.914162,0.187103
4.921844,0.178401
4.929927,0.169698
4.938413,0.160996
4.947305,0.152293
4.956608,0.143591
4.966324,0.134888
4.976459,0.126186
4.987015,0.117483
4.997998,0.108781
5.009412,0.100078
5.021261,0.091376
5.033551,0.082673
5.046286,0.073971
5.059472,0.065269
5.073114,0.056566
5.087219,0.047864
5.101792,0.039161
5.116840,0.030459
5.132368,0.021756
5.148385,0.013054
5.164896,0.004351
5.181909,-0.004351
5.199432,-0.013054
5.217473,-0.021756
5.236039,-0.030459
5.255140,-0.039161
5.274783,-0.047864
5.294979,-0.056566
5.315736,-0.065269
5.337065,-0.073971
5.358976,-0.082674
5.381478,-0.091376
5.404584,-0.100078
5.428304,-0.108781
5.452651,-0.117483
5.477635,-0.126186
5.503271,-0.134888
5.529571,-0.143591
5.556549,-0.152293
5.584218,-0.160996
5.612594,-0.169698
5.641692,-0.178401
5.671527,-0.187103
5.702116,-0.195806
5.733476,-0.204508
5.765624,-0.213211
5.798578,-0.221913
5.832358,-0.230616
5.866984,-0.239318
5.902475,-0.248021
5.938854,-0.256723
5.976141,-0.265425
6.014361,-0.274128
6.053536,-0.282830
6.093693,-0.291533
6.134856,-0.300235
6.177052,-0.308938
6.220310,-0.317640
6.264658,-0.326343
6.310128,-0.335045
6.356750,-0.343748
6.404557,-0.352450
6.453584,-0.361153
6.503867,-0.369855
6.555442,-0.378558
6.634787,-0.387260
6.673063,-0.395963
6.742066,-0.404665
6.674570,-0.413367
6.636382,-0.422070
6.583184,-0.430772
6.527259,-0.439475
6.472766,-0.448177
6.337484,-0.456880
6.286385,-0.465582
6.236575,-0.474285
6.188016,-0.482987
6.140671,-0.491690
6.094505,-0.500392
6.049486,-0.509095
6.005581,-0.517797
5.962759,-0.526500
5.920992,-0.535202
5.804953,-0.543905
5.790020,-0.552607
5.701432,-0.561310
5.664263,-0.570012
5.628001,-0.578714
5.592623,-0.587417
5.558108,-0.596119
5.524435,-0.604822
5.491583,-0.613524
5.459532,-0.622227
4.258403,-0.630929
4.139512,-0.639632
4.093083,-0.648334
4.070952,-0.657037
4.049366,-0.665739
3.981840,-0.674442
3.938427,-0.683144
3.826743,-0.691847
3.785120,-0.700549
3.766965,-0.709252
3.703923,-0.717954
3.686883,-0.726657
3.647811,-0.735359
3.586995,-0.744061
3.571523,-0.752764
3.512099,-0.761466
3.431350,-0.770169
3.395512,-0.778871
3.338307,-0.787574
3.281801,-0.796276
3.269459,-0.804979
3.235794,-0.813681
3.159446,-0.822384
3.105387,-0.831086
3.051936,-0.839789
3.041809,-0.848491
3.010681,-0.857194
3.001210,-0.865896
2.992026,-0.874599
2.983124,-0.883301
2.974502,-0.892003
2.966154,-0.900706
2.958077,-0.909408
2.950268,-0.918111
2.942724,-0.926813
2.935441,-0.935516
2.949133,-0.944218
2.942316,-0.952921
2.935754,-0.961623
2.929444,-0.970326
2.923383,-0.979028
2.917568,-0.987731
2.952907,-0.996433
2.947505,-1.005136
2.942345,-1.013838
2.998470,-1.022541
2.993694,-1.031243
2.989161,-1.039946
3.025378,-1.048648
3.081952,-1.057350
3.158813,-1.066053
3.175191,-1.074755
3.232082,-1.083458
3.268962,-1.092160
3.285902,-1.100863
3.323156,-1.109565
3.340521,-1.118268
3.378176,-1.126970
3.416037,-1.135673
3.414031,-1.144375
3.472374,-1.153078
3.530927,-1.161780
3.589703,-1.170483
3.623625,-1.179185
3.674009,-1.187888
3.807498,-1.196590
3.887295,-1.205293
3.947384,-1.213995
3.967777,-1.222697
4.048495,-1.231400
4.069523,-1.240102
4.150926,-1.248805
4.212678,-1.257507
4.234736,-1.266210
4.277186,-1.274912
4.279895,-1.283615
4.343153,-1.292317
4.346569,-1.301020
4.390535,-1.309722
4.394665,-1.318425
4.399137,-1.327127
4.403955,-1.335830
4.409119,-1.344532
4.414632,-1.353235
4.420496,-1.361937
4.426713,-1.370639
4.433285,-1.379342
4.419882,-1.388044
4.406773,-1.396747
4.414358,-1.405449
4.422307,-1.414152
4.430622,-1.422854
4.439308,-1.431557
4.448367,-1.440259
4.457803,-1.448962
4.467620,-1.457664
4.477823,-1.466367
4.488415,-1.475069
4.499400,-1.483772
4.510784,-1.492474
4.522571,-1.501177
4.534766,-1.509879
4.547374,-1.518582
4.560400,-1.527284
4.573851,-1.535986
4.587731,-1.544689
4.602048,-1.553391
4.595469,-1.562094
4.610607,-1.570796
