scan.pos:-1.587348,7.260906,0.1852500.732533,1.562094
0.731365,1.553391
0.730256,1.544689
0.729206,1.535986
0.728215,1.527284
0.727281,1.518581
0.726405,1.509879
0.725586,1.501177
0.724824,1.492474
0.724119,1.483772
0.723470,1.475069
0.722878,1.466367
0.722341,1.457664
0.721860,1.448962
0.721435,1.440259
0.721065,1.431557
0.720750,1.422854
0.720490,1.414152
0.720286,1.405449
0.720136,1.396747
0.720041,1.388044
0.720001,1.379342
0.720016,1.370639
0.720086,1.361937
0.720211,1.353234
0.720390,1.344532
0.720625,1.335830
0.720914,1.327127
0.721259,1.318425
0.721659,1.309722
0.722115,1.301020
0.722626,1.292317
0.723193,1.283615
0.723816,1.274912
0.724495,1.266210
0.725231,1.257507
0.726024,1.248805
0.726874,1.240102
0.727781,1.231400
0.728747,1.222697
0.729770,1.213995
0.730852,1.205292
0.731993,1.196590
0.733194,1.187888
0.734454,1.179185
0.735775,1.170483
0.737157,1.161780
0.738601,1.153078
0.740107,1.144375
0.741675,1.135673
0.743307,1.126970
0.745003,1.118268
0.746764,1.109565
0.748590,1.100863
0.750482,1.092160
0.752442,1.083458
0.754469,1.074755
0.756565,1.066053
0.758731,1.057350
0.760967,1.048648
0.763275,1.039945
0.765655,1.031243
0.768109,1.022541
0.770637,1.013838
0.773241,1.005136
0.775923,0.996433
0.778682,0.987731
0.781521,0.979028
0.784440,0.970326
0.787442,0.961623
0.790527,0.952921
0.793697,0.944218
0.796953,0.935516
0.800298,0.926813
0.803732,0.918111
0.807258,0.909408
0.810876,0.900706
0.814590,0.892003
0.818400,0.883301
0.822309,0.874598
0.826319,0.865896
0.830432,0.857194
0.834649,0.848491
0.838974,0.839789
0.843409,0.831086
0.847955,0.822384
0.852617,0.813681
0.857395,0.804979
0.862293,0.796276
0.867314,0.787574
0.872461,0.778871
0.877736,0.770169
0.882032,0.761466
0.887567,0.752764
0.893241,0.744061
0.899057,0.735359
0.905018,0.726656
0.911129,0.717954
0.917392,0.709251
0.923814,0.700549
0.930398,0.691847
0.937147,0.683144
0.944068,0.674442
0.951165,0.665739
0.958443,0.657037
0.965907,0.648334
0.973564,0.639632
0.981418,0.630929
0.989475,0.622227
0.997743,0.613524
1.006227,0.604822
1.014935,0.596119
1.012821,0.587417
1.007672,0.578714
1.030371,0.570012
1.025441,0.561309
1.050273,0.552607
1.046069,0.543905
1.068841,0.535202
1.064880,0.526500
1.091867,0.517797
1.088670,0.509095
1.111666,0.500392
1.134520,0.491690
1.131650,0.482987
1.161420,0.474285
1.159388,0.465582
1.182685,0.456880
1.180986,0.448177
1.204297,0.439475
1.212694,0.430772
1.236634,0.422070
1.260549,0.413367
1.260298,0.404665
1.284350,0.395962
1.297269,0.387260
1.322133,0.378558
1.323438,0.369855
1.348557,0.361153
1.373760,0.352450
1.399066,0.343748
1.418113,0.335045
1.444520,0.326343
1.448209,0.317640
1.475095,0.308938
1.502196,0.300235
1.529535,0.291533
1.556080,0.282830
1.584929,0.274128
1.614118,0.265425
1.643678,0.256723
1.673640,0.248020
1.704039,0.239318
1.740040,0.230615
1.772569,0.221913
1.805692,0.213211
1.839456,0.204508
1.895502,0.195806
1.930635,0.187103
1.966581,0.178401
2.017477,0.169698
2.056745,0.160996
2.118342,0.152293
2.181000,0.143591
2.223723,0.134888
2.288899,0.126186
2.334507,0.117483
2.407902,0.108781
2.479984,0.100078
2.554087,0.091376
2.651188,0.082673
2.729948,0.073971
2.832122,0.065269
2.916638,0.056566
3.004564,0.047864
3.143382,0.039161
3.242921,0.030459
3.388479,0.021756
3.539668,0.013054
3.676905,0.004351
3.862288,-0.004351
4.035801,-0.013054
4.257803,-0.021756
4.479610,-0.030459
4.756145,-0.039161
5.029330,-0.047864
5.403519,-0.056566
5.741682,-0.065269
6.150330,-0.073971
6.697158,-0.082674
7.254828,-0.091376
2.754999,-0.578714
2.694671,-0.587417
2.505342,-0.596119
2.360377,-0.604822
2.299536,-0.613524
2.267735,-0.622227
2.215234,-0.630929
2.186134,-0.639632
2.135990,-0.648334
2.109289,-0.657037
2.061214,-0.665739
2.039147,-0.674442
1.993792,-0.683144
1.949956,-0.691847
1.928233,-0.700549
1.908153,-0.709252
1.888910,-0.717954
1.854809,-0.726657
1.814385,-0.735359
1.797981,-0.744061
1.782264,-0.752764
1.743391,-0.761466
1.716441,-0.770169
1.703106,-0.778871
1.690346,-0.787574
1.653759,-0.796276
1.641941,-0.804979
1.630639,-0.813681
1.610966,-0.822384
1.576198,-0.831086
1.566732,-0.839789
1.557712,-0.848491
1.523611,-0.857194
1.509104,-0.865896
1.501692,-0.874599
1.494674,-0.883301
1.461783,-0.892003
1.455328,-0.900706
1.449238,-0.909408
1.416640,-0.918111
1.390901,-0.926813
1.405790,-0.935516
1.373349,-0.944218
1.368527,-0.952921
1.364025,-0.961623
1.359837,-0.970326
1.349864,-0.979028
1.366248,-0.987731
1.354837,-0.996433
1.371114,-1.005136
1.360054,-1.013838
1.349272,-1.022541
1.338762,-1.031243
1.328515,-1.039946
1.318522,-1.048648
1.308778,-1.057350
1.299275,-1.066053
1.290007,-1.074755
1.280967,-1.083458
1.272149,-1.092160
1.263547,-1.100863
1.255155,-1.109565
1.246969,-1.118268
1.238982,-1.126970
1.231190,-1.135673
1.223588,-1.144375
1.216172,-1.153078
1.208936,-1.161780
1.225893,-1.170483
1.218869,-1.179185
1.235760,-1.187888
1.228945,-1.196590
1.222296,-1.205293
1.215812,-1.213995
1.209488,-1.222697
1.203320,-1.231400
1.220310,-1.240102
1.214333,-1.248805
1.208506,-1.257507
1.225501,-1.266210
1.219860,-1.274912
1.214363,-1.283615
1.231377,-1.292317
1.226063,-1.301020
1.243066,-1.309722
1.237934,-1.318425
1.232938,-1.327127
1.271899,-1.335830
1.266999,-1.344532
1.283977,-1.353235
1.300926,-1.361937
1.296264,-1.370639
1.291732,-1.379342
1.287330,-1.388044
1.347160,-1.396747
1.342803,-1.405449
1.420392,-1.414152
1.440312,-1.422854
1.457128,-1.431557
1.473956,-1.440259
1.716562,-1.448962
1.756123,-1.457664
1.804296,-1.466367
1.848809,-1.475069
1.832698,-1.483772
1.839450,-1.492474
1.910440,-1.501177
1.962973,-1.509879
2.018020,-1.518582
2.116947,-1.527284
2.198362,-1.535986
2.276268,-1.544689
2.349000,-1.553391
2.385648,-1.562094
2.611309,-1.570796
