scan.pos:-2.627722,6.028439,-2.6147505.030592,1.562094
5.005375,1.553391
4.980787,1.544689
4.956815,1.535986
4.933446,1.527284
4.910669,1.518581
4.888473,1.509879
4.866844,1.501177
4.845774,1.492474
4.825251,1.483772
4.805265,1.475069
4.829831,1.466367
4.810718,1.457664
4.792118,1.448962
4.774024,1.440259
4.756428,1.431557
4.782518,1.422854
4.765739,1.414152
4.770889,1.405449
4.819121,1.396747
4.824786,1.388044
4.894505,1.379342
5.027689,1.370639
5.223788,1.361937
5.377026,1.353234
5.453435,1.344532
5.609382,1.335830
5.793266,1.327127
5.943123,1.318425
5.950027,1.309722
6.186577,1.301020
3.440576,0.952921
3.141943,0.944218
2.943581,0.935516
2.785335,0.926813
2.445714,0.918111
2.327376,0.909408
2.208950,0.900706
1.989347,0.892003
1.911007,0.883301
1.832600,0.874598
1.774406,0.865896
1.777156,0.857194
1.780051,0.848491
1.742298,0.839789
1.663681,0.831086
1.646315,0.822384
1.629010,0.813681
1.611759,0.804979
1.615156,0.796276
1.598051,0.787574
1.580990,0.778871
1.563972,0.770169
1.567778,0.761466
1.571723,0.752764
1.554914,0.744061
1.538136,0.735359
1.542390,0.726656
1.546787,0.717954
1.551327,0.709251
1.556012,0.700549
1.518328,0.691847
1.523175,0.683144
1.528170,0.674442
1.533315,0.665739
1.538612,0.657037
1.544064,0.648334
1.549674,0.639632
1.555443,0.630929
1.561374,0.622227
1.567471,0.613524
1.573735,0.604822
1.580171,0.596119
1.586782,0.587417
1.593569,0.578714
1.600537,0.570012
1.607690,0.561309
1.615030,0.552607
1.622561,0.543905
1.630288,0.535202
1.638215,0.526500
1.646344,0.517797
1.654682,0.509095
1.663231,0.500392
1.671998,0.491690
1.680986,0.482987
1.690200,0.474285
1.688871,0.465582
1.709330,0.456880
1.719256,0.448177
1.729430,0.439475
1.739859,0.430772
1.750548,0.422070
1.761505,0.413367
1.772736,0.404665
1.784247,0.395962
1.796046,0.387260
1.808142,0.378558
1.871520,0.369855
1.884587,0.361153
1.897983,0.352450
1.911717,0.343748
1.925799,0.335045
1.993091,0.326343
2.008303,0.317640
2.050738,0.308938
2.066952,0.300235
2.083584,0.291533
2.100648,0.282830
2.118156,0.274128
2.136122,0.265425
2.154561,0.256723
2.159841,0.248020
2.241211,0.239318
2.266356,0.230615
2.264125,0.221913
2.289615,0.213211
2.315184,0.204508
2.340852,0.195806
2.366633,0.187103
2.392546,0.178401
2.418607,0.169698
2.476155,0.160996
2.514602,0.152293
2.516989,0.143591
2.559230,0.134888
2.571161,0.126186
2.617898,0.117483
2.625143,0.108781
2.676036,0.100078
2.695292,0.091376
6.573305,0.082673
6.533356,0.073971
6.494381,0.065269
6.456358,0.056566
6.419263,0.047864
6.383075,0.039161
6.347774,0.030459
6.313339,0.021756
6.279751,0.013054
6.246993,0.004351
6.215044,-0.004351
6.183890,-0.013054
6.153512,-0.021756
6.123896,-0.030459
6.095026,-0.039161
6.066885,-0.047864
6.039462,-0.056566
6.012741,-0.065269
5.986710,-0.073971
5.961355,-0.082674
5.936664,-0.091376
5.912625,-0.100078
5.889226,-0.108781
5.866457,-0.117483
5.844307,-0.126186
5.822766,-0.134888
5.801822,-0.143591
5.781468,-0.152293
5.761693,-0.160996
5.742489,-0.169698
5.723846,-0.178401
5.705758,-0.187103
5.688215,-0.195806
5.671211,-0.204508
5.654737,-0.213211
5.638786,-0.221913
5.623353,-0.230616
5.608429,-0.239318
5.594010,-0.248021
5.580089,-0.256723
5.566658,-0.265425
5.553715,-0.274128
5.541253,-0.282830
5.529267,-0.291533
5.517752,-0.300235
5.506703,-0.308938
5.496116,-0.317640
5.485987,-0.326343
5.476311,-0.335045
5.467084,-0.343748
5.458304,-0.352450
5.449967,-0.361153
5.442068,-0.369855
5.434606,-0.378558
5.427577,-0.387260
5.420978,-0.395963
5.414808,-0.404665
5.409062,-0.413367
5.403740,-0.422070
5.398839,-0.430772
5.394358,-0.439475
5.390294,-0.448177
5.386646,-0.456880
5.383413,-0.465582
5.380593,-0.474285
5.378186,-0.482987
5.376189,-0.491690
5.374604,-0.500392
5.373428,-0.509095
5.372663,-0.517797
5.372306,-0.526500
5.372358,-0.535202
5.372820,-0.543905
5.373691,-0.552607
5.374971,-0.561310
5.376662,-0.570012
5.378764,-0.578714
5.381277,-0.587417
5.384203,-0.596119
5.387543,-0.604822
5.391297,-0.613524
5.395468,-0.622227
2.894892,-0.630929
2.696357,-0.639632
2.457358,-0.648334
2.318868,-0.657037
2.139870,-0.665739
2.021243,-0.674442
1.902467,-0.683144
1.803781,-0.691847
1.704950,-0.700549
1.626279,-0.709252
1.547482,-0.717954
1.488936,-0.726657
1.430298,-0.735359
1.371555,-0.744061
1.312693,-0.752764
1.253697,-0.761466
1.215148,-0.770169
1.176525,-0.778871
1.137821,-0.787574
1.099024,-0.796276
1.101698,-0.804979
1.104470,-0.813681
1.107341,-0.822384
1.110311,-0.831086
1.071368,-0.839789
1.053355,-0.848491
1.035317,-0.857194
0.996059,-0.865896
0.977894,-0.874599
0.959690,-0.883301
0.962837,-0.892003
0.966078,-0.900706
0.947873,-0.909408
0.929613,-0.918111
0.911293,-0.926813
0.914685,-0.935516
0.918173,-0.944218
0.921758,-0.952921
0.925442,-0.961623
0.907103,-0.970326
0.910897,-0.979028
0.914794,-0.987731
0.918794,-0.996433
0.922900,-1.005136
0.927113,-1.013838
0.908719,-1.022541
0.890220,-1.031243
0.894548,-1.039946
0.898987,-1.048648
0.903540,-1.057350
0.884921,-1.066053
0.866175,-1.074755
0.870831,-1.083458
0.875605,-1.092160
0.880499,-1.100863
0.885515,-1.109565
0.890657,-1.118268
0.871714,-1.126970
0.876970,-1.135673
0.882358,-1.144375
0.863218,-1.153078
0.868721,-1.161780
0.849380,-1.170483
0.854998,-1.179185
0.860755,-1.187888
0.866658,-1.196590
0.872709,-1.205293
0.878912,-1.213995
0.859235,-1.222697
0.865564,-1.231400
0.872054,-1.240102
0.878710,-1.248805
0.885536,-1.257507
0.892537,-1.266210
0.899719,-1.274912
0.879600,-1.283615
0.886931,-1.292317
0.866502,-1.301020
0.873982,-1.309722
0.872044,-1.318425
0.864614,-1.327127
0.885032,-1.335830
0.905179,-1.344532
0.897859,-1.353235
0.917716,-1.361937
0.910549,-1.370639
0.930137,-1.379342
0.949498,-1.388044
0.942464,-1.396747
0.961592,-1.405449
0.980518,-1.414152
0.973629,-1.422854
0.992354,-1.431557
1.010900,-1.440259
1.004168,-1.448962
1.022542,-1.457664
1.040755,-1.466367
1.034193,-1.475069
1.052262,-1.483772
1.070189,-1.492474
1.087982,-1.501177
1.105648,-1.509879
1.099296,-1.518582
1.093099,-1.527284
1.087053,-1.535986
1.081156,-1.544689
1.098783,-1.553391
1.093051,-1.562094
1.087461,-1.570796
