scan.pos:-1.037228,6.953603,-2.6147500.763536,1.562094
0.782730,1.553391
0.778885,1.544689
0.775137,1.535986
0.771482,1.527284
0.767920,1.518581
0.764449,1.509879
0.761067,1.501177
0.757772,1.492474
0.754563,1.483772
0.751438,1.475069
0.748395,1.466367
0.745433,1.457664
0.742551,1.448962
0.739748,1.440259
0.737021,1.431557
0.734370,1.422854
0.731794,1.414152
0.729291,1.405449
0.726860,1.396747
0.724500,1.388044
0.722211,1.379342
0.719990,1.370639
0.717838,1.361937
0.715752,1.353234
0.713734,1.344532
0.711780,1.335830
0.709891,1.327127
0.708066,1.318425
0.706304,1.309722
0.704604,1.301020
0.702966,1.292317
0.701388,1.283615
0.699871,1.274912
0.698413,1.266210
0.697015,1.257507
0.695675,1.248805
0.694393,1.240102
0.693168,1.231400
0.692000,1.222697
0.690889,1.213995
0.689834,1.205292
0.688834,1.196590
0.728353,1.187888
0.727411,1.179185
0.726527,1.170483
0.725700,1.161780
0.724930,1.153078
0.724217,1.144375
0.723560,1.135673
0.722959,1.126970
0.722415,1.118268
0.721926,1.109565
0.741534,1.100863
0.741145,1.092160
0.740814,1.083458
0.740539,1.074755
0.740320,1.066053
0.740158,1.057350
0.780056,1.048648
0.780004,1.039945
0.780012,1.031243
0.780079,1.022541
0.780205,1.013838
0.780391,1.005136
0.800653,0.996433
0.800966,0.987731
0.801340,0.979028
0.881953,0.970326
0.882500,0.961623
0.883115,0.952921
0.883799,0.944218
0.884550,0.935516
4.736907,0.630929
4.635871,0.622227
4.559291,0.613524
4.463186,0.604822
4.369257,0.596119
4.299572,0.587417
4.231966,0.578714
4.143906,0.570012
4.079998,0.561309
4.017823,0.552607
3.957283,0.543905
3.898286,0.535202
3.817808,0.526500
3.761528,0.517797
3.706542,0.509095
3.652781,0.500392
3.600176,0.491690
3.548662,0.482987
3.498179,0.474285
3.448671,0.465582
3.424014,0.456880
3.376432,0.448177
3.329672,0.439475
3.283686,0.430772
3.262941,0.422070
3.267853,0.413367
3.224403,0.404665
3.206553,0.395962
3.189614,0.387260
3.148246,0.378558
3.158375,0.369855
3.144032,0.361153
3.156365,0.352450
3.143842,0.343748
3.165345,0.335045
3.162653,0.326343
3.160164,0.317640
3.157878,0.308938
3.182846,0.300235
3.208457,0.291533
3.234733,0.282830
3.261693,0.274128
3.289358,0.265425
3.317752,0.256723
3.335111,0.248020
3.374154,0.239318
3.385848,0.230615
3.425766,0.221913
3.468336,0.213211
3.482513,0.204508
3.524317,0.195806
3.566572,0.187103
3.662061,0.178401
3.683561,0.169698
3.831649,0.160996
3.875633,0.152293
3.920268,0.143591
3.940148,0.134888
4.069633,0.126186
4.116662,0.117483
4.164516,0.108781
4.213241,0.100078
4.262883,0.091376
4.344202,0.082673
4.405725,0.073971
4.436614,0.065269
4.519754,0.056566
7.792848,-0.065269
7.759110,-0.073971
7.726248,-0.082674
7.694247,-0.091376
7.663092,-0.100078
7.632766,-0.108781
7.603256,-0.117483
7.574549,-0.126186
7.546629,-0.134888
7.519485,-0.143591
7.493105,-0.152293
7.467476,-0.160996
7.442586,-0.169698
7.418425,-0.178401
7.394981,-0.187103
7.372244,-0.195806
7.350205,-0.204508
7.328855,-0.213211
7.308182,-0.221913
7.288179,-0.230616
7.268837,-0.239318
7.250149,-0.248021
7.232106,-0.256723
7.214700,-0.265425
7.197925,-0.274128
7.181774,-0.282830
7.166239,-0.291533
2.488377,-0.300235
2.483394,-0.308938
2.458159,-0.317640
2.412782,-0.326343
2.367752,-0.335045
2.363762,-0.343748
2.299006,-0.352450
2.295494,-0.361153
2.271907,-0.369855
2.268792,-0.378558
2.265857,-0.387260
2.222740,-0.395963
2.220210,-0.404665
2.217854,-0.413367
2.215672,-0.422070
2.213663,-0.430772
2.211825,-0.439475
2.210159,-0.448177
2.208663,-0.456880
2.207337,-0.465582
2.206181,-0.474285
2.205194,-0.482987
2.204376,-0.491690
2.203725,-0.500392
2.203243,-0.509095
2.202929,-0.517797
2.162783,-0.526500
2.142804,-0.535202
2.142988,-0.543905
2.103325,-0.552607
2.103826,-0.561310
2.084471,-0.570012
2.085286,-0.578714
2.086261,-0.587417
2.087395,-0.596119
2.048576,-0.604822
2.050004,-0.613524
2.051589,-0.622227
2.053334,-0.630929
2.055239,-0.639632
2.057304,-0.648334
2.059530,-0.657037
2.061918,-0.665739
2.064469,-0.674442
2.067184,-0.683144
2.070064,-0.691847
2.073110,-0.700549
2.076323,-0.709252
2.079705,-0.717954
2.083257,-0.726657
2.086980,-0.735359
2.090876,-0.744061
2.094947,-0.752764
2.099194,-0.761466
2.103618,-0.770169
2.108222,-0.778871
2.113007,-0.787574
2.117976,-0.796276
2.123130,-0.804979
2.128472,-0.813681
2.175791,-0.822384
2.160677,-0.831086
2.145647,-0.839789
2.151763,-0.848491
2.158078,-0.857194
2.164596,-0.865896
2.171320,-0.874599
2.178252,-0.883301
2.185395,-0.892003
2.192752,-0.900706
2.200328,-0.909408
2.208125,-0.918111
2.216146,-0.926813
2.224396,-0.935516
2.232879,-0.944218
2.241597,-0.952921
2.250556,-0.961623
2.259760,-0.970326
2.324184,-0.979028
2.282240,-0.987731
2.263546,-0.996433
2.223328,-1.005136
2.183845,-1.013838
2.145047,-1.022541
2.106888,-1.031243
2.074348,-1.039946
2.038188,-1.048648
2.025695,-1.057350
1.990615,-1.066053
1.955966,-1.074755
1.921715,-1.083458
1.897747,-1.092160
1.888768,-1.100863
1.856426,-1.109565
1.824358,-1.118268
1.792539,-1.126970
1.785303,-1.135673
1.768477,-1.144375
1.738136,-1.153078
1.707946,-1.161780
1.702867,-1.170483
1.673081,-1.179185
1.668703,-1.187888
1.632483,-1.196590
1.629286,-1.205293
1.600634,-1.213995
1.598035,-1.222697
1.569588,-1.231400
1.563375,-1.240102
1.535584,-1.248805
1.534574,-1.257507
1.506871,-1.266210
1.506350,-1.274912
1.477019,-1.283615
1.477453,-1.292317
1.450272,-1.301020
1.451138,-1.309722
1.443651,-1.318425
1.431351,-1.327127
1.419366,-1.335830
1.407686,-1.344532
1.396303,-1.353235
1.385207,-1.361937
1.374389,-1.370639
1.363842,-1.379342
1.353559,-1.388044
1.343530,-1.396747
1.333750,-1.405449
1.324212,-1.414152
1.314908,-1.422854
1.305833,-1.431557
1.296980,-1.440259
1.288345,-1.448962
1.279920,-1.457664
1.271700,-1.466367
1.263682,-1.475069
1.255859,-1.483772
1.248226,-1.492474
1.240780,-1.501177
1.233515,-1.509879
1.226428,-1.518582
1.219514,-1.527284
1.212770,-1.535986
1.206191,-1.544689
1.199774,-1.553391
1.193515,-1.562094
1.187411,-1.570796
