scan.pos:0.152527,7.200222,-0.0147500.780085,1.562094
0.780215,1.553391
0.780405,1.544689
0.780654,1.535986
0.780963,1.527284
0.781331,1.518581
0.781760,1.509879
0.782248,1.501177
0.782797,1.492474
0.783406,1.483772
0.784077,1.475069
0.784808,1.466367
0.785600,1.457664
0.786454,1.448962
0.787369,1.440259
0.788347,1.431557
0.789388,1.422854
0.790491,1.414152
0.791658,1.405449
0.792889,1.396747
0.794185,1.388044
0.795545,1.379342
0.796971,1.370639
0.798462,1.361937
0.800021,1.353234
0.801647,1.344532
0.803340,1.335830
0.805102,1.327127
0.806934,1.318425
0.808836,1.309722
0.810808,1.301020
0.812852,1.292317
0.814969,1.283615
0.817159,1.274912
0.819424,1.266210
0.821764,1.257507
0.824180,1.248805
0.826674,1.240102
0.829246,1.231400
0.831898,1.222697
0.834630,1.213995
0.837445,1.205292
0.840342,1.196590
0.843325,1.187888
0.846393,1.179185
0.849549,1.170483
0.852793,1.161780
0.856128,1.153078
0.859554,1.144375
0.863075,1.135673
0.866690,1.126970
0.870402,1.118268
0.874214,1.109565
0.878125,1.100863
0.882140,1.092160
0.886259,1.083458
0.890485,1.074755
0.894820,1.066053
0.899266,1.057350
0.903826,1.048648
0.908502,1.039945
0.913296,1.031243
0.918211,1.022541
0.923251,1.013838
0.928417,1.005136
0.933713,0.996433
0.939141,0.987731
0.944705,0.979028
0.950409,0.970326
0.956255,0.961623
0.962247,0.952921
0.968388,0.944218
0.974684,0.935516
0.981137,0.926813
0.987752,0.918111
0.994532,0.909408
1.001484,0.900706
1.008610,0.892003
1.015917,0.883301
1.023409,0.874598
1.031091,0.865896
1.038969,0.857194
1.047049,0.848491
1.055336,0.839789
1.063838,0.831086
1.072559,0.822384
1.081508,0.813681
1.090692,0.804979
1.100117,0.796276
1.096502,0.787574
1.115046,0.778871
1.106727,0.770169
1.125547,0.761466
1.144156,0.752764
1.138407,0.744061
1.157336,0.735359
1.179909,0.726656
1.172625,0.717954
1.191739,0.709251
1.216060,0.700549
1.209601,0.691847
1.228983,0.683144
1.255178,0.674442
1.249592,0.665739
1.269336,0.657037
1.297556,0.648334
1.317679,0.639632
1.313120,0.630929
1.343544,0.622227
1.364231,0.613524
1.384887,0.604822
1.393560,0.596119
1.414947,0.587417
1.436346,0.578714
1.448103,0.570012
1.470351,0.561309
1.492661,0.552607
1.507774,0.543905
1.531075,0.535202
1.554496,0.526500
1.578053,0.517797
1.620679,0.509095
1.622662,0.500392
1.670225,0.491690
1.695338,0.482987
1.720532,0.474285
1.747163,0.465582
1.774124,0.456880
1.801443,0.448177
1.855087,0.439475
1.884230,0.430772
1.913865,0.422070
1.951387,0.413367
2.005017,0.404665
2.037559,0.395962
2.092336,0.387260
2.138822,0.378558
2.175040,0.369855
2.233528,0.361153
2.292925,0.352450
2.353325,0.343748
2.414026,0.335045
2.478588,0.326343
2.544576,0.317640
2.612134,0.308938
2.688578,0.300235
2.762035,0.291533
2.858500,0.282830
2.957343,0.274128
3.034527,0.265425
3.162573,0.256723
3.273459,0.248020
3.388287,0.239318
3.516851,0.230615
3.665436,0.221913
3.819937,0.213211
3.981191,0.204508
4.190886,0.195806
4.380578,0.187103
4.595022,0.178401
4.862620,0.169698
5.124748,0.160996
5.444448,0.152293
5.794907,0.143591
6.212435,0.134888
6.662738,0.126186
7.234368,0.117483
6.887592,-0.717954
6.594757,-0.726657
6.443656,-0.735359
6.301710,-0.744061
5.966806,-0.752764
5.658280,-0.761466
1.610777,-0.770169
1.602892,-0.778871
1.533497,-0.787574
1.520671,-0.796276
1.508171,-0.804979
1.495988,-0.813681
1.484112,-0.822384
1.472535,-0.831086
1.461247,-0.839789
1.371153,-0.848491
1.361005,-0.857194
1.299154,-0.865896
1.289873,-0.874599
1.280821,-0.883301
1.271991,-0.892003
1.263377,-0.900706
1.254974,-0.909408
1.246777,-0.918111
1.238780,-0.926813
1.230978,-0.935516
1.198904,-0.944218
1.191626,-0.952921
1.184525,-0.961623
1.177598,-0.970326
1.170840,-0.979028
1.164248,-0.987731
1.157817,-0.996433
1.151543,-1.005136
1.098424,-1.013838
1.092701,-1.022541
1.087119,-1.031243
1.081676,-1.039946
1.076370,-1.048648
1.071196,-1.057350
1.066152,-1.066053
1.061236,-1.074755
1.056446,-1.083458
1.051778,-1.092160
1.047230,-1.100863
0.998427,-1.109565
0.994297,-1.118268
0.990277,-1.126970
0.986363,-1.135673
0.982556,-1.144375
0.978851,-1.153078
0.975249,-1.161780
0.971746,-1.170483
0.968342,-1.179185
0.965035,-1.187888
0.961824,-1.196590
0.958707,-1.205293
0.955682,-1.213995
0.952749,-1.222697
0.949906,-1.231400
0.947151,-1.240102
0.944485,-1.248805
0.941904,-1.257507
0.939410,-1.266210
0.936999,-1.274912
0.934672,-1.283615
0.932427,-1.292317
0.930264,-1.301020
0.928181,-1.309722
0.926178,-1.318425
0.924254,-1.327127
0.922408,-1.335830
0.920639,-1.344532
0.918947,-1.353235
0.917330,-1.361937
0.915789,-1.370639
0.914323,-1.379342
0.912931,-1.388044
0.911612,-1.396747
0.910367,-1.405449
0.909194,-1.414152
0.908093,-1.422854
0.907063,-1.431557
0.906105,-1.440259
0.905218,-1.448962
0.904401,-1.457664
0.903655,-1.466367
0.902978,-1.475069
0.902372,-1.483772
0.901834,-1.492474
0.901366,-1.501177
0.900967,-1.509879
0.900637,-1.518582
0.900376,-1.527284
0.900183,-1.535986
0.900059,-1.544689
0.900003,-1.553391
0.900016,-1.562094
0.900098,-1.570796
