scan.pos:6.576897,4.754575,-0.3647503.470619,1.562094
3.477440,1.553391
3.487606,1.544689
3.491727,1.535986
3.509340,1.527284
3.508009,1.518581
3.443613,1.509879
3.381149,1.501177
3.317089,1.492474
3.259185,1.483772
3.180604,1.475069
3.147951,1.466367
3.072008,1.457664
3.021271,1.448962
2.971070,1.440259
2.921980,1.431557
2.873934,1.422854
2.849823,1.414152
2.786739,1.405449
2.765476,1.396747
2.721943,1.388044
2.679160,1.379342
2.646346,1.370639
2.605707,1.361937
2.565674,1.353234
2.526208,1.344532
2.487271,1.335830
2.461904,1.327127
2.449044,1.318425
2.412367,1.309722
2.376083,1.301020
2.356152,1.292317
2.321279,1.283615
2.286708,1.274912
2.277756,1.266210
2.237201,1.257507
2.229781,1.248805
2.197042,1.240102
2.164480,1.231400
2.153738,1.222697
2.122169,1.213995
2.117373,1.205292
2.083133,1.196590
2.079626,1.187888
2.049303,1.179185
2.019014,1.170483
2.015404,1.161780
1.985849,1.153078
1.984504,1.144375
1.970624,1.135673
1.953884,1.126970
1.937572,1.118268
1.921674,1.109565
1.906180,1.100863
1.891077,1.092160
1.876352,1.083458
1.861996,1.074755
1.847998,1.066053
1.834347,1.057350
1.821034,1.048648
1.808049,1.039945
1.795384,1.031243
1.783031,1.022541
1.770979,1.013838
1.759223,1.005136
1.747754,0.996433
1.736565,0.987731
1.725649,0.979028
1.715000,0.970326
1.704609,0.961623
1.694473,0.952921
1.684583,0.944218
1.674935,0.935516
1.665524,0.926813
1.656342,0.918111
1.647387,0.909408
1.638651,0.900706
1.630131,0.892003
1.621823,0.883301
1.613721,0.874598
1.605821,0.865896
1.598119,0.857194
1.590611,0.848491
1.583294,0.839789
1.576162,0.831086
1.569214,0.822384
1.562446,0.813681
1.555853,0.804979
1.549433,0.796276
1.543184,0.787574
1.537101,0.778871
1.531181,0.770169
1.525423,0.761466
1.519824,0.752764
1.514380,0.744061
1.509090,0.735359
1.503950,0.726656
1.498960,0.717954
1.494115,0.709251
1.489415,0.700549
1.484858,0.691847
1.480440,0.683144
1.476161,0.674442
1.472018,0.665739
1.468009,0.657037
1.464134,0.648334
1.460390,0.639632
1.456776,0.630929
1.453290,0.622227
1.449931,0.613524
1.446697,0.604822
1.443588,0.596119
1.440601,0.587417
1.437736,0.578714
1.434991,0.570012
1.432366,0.561309
1.429858,0.552607
1.427468,0.543905
1.425195,0.535202
1.423037,0.526500
1.420993,0.517797
1.419063,0.509095
1.417247,0.500392
1.415542,0.491690
1.413949,0.482987
1.412467,0.474285
1.411096,0.465582
1.409835,0.456880
1.408683,0.448177
1.407640,0.439475
1.406705,0.430772
1.405879,0.422070
1.405161,0.413367
1.404550,0.404665
1.404047,0.395962
1.403651,0.387260
1.403362,0.378558
1.403180,0.369855
1.403105,0.361153
1.403137,0.352450
1.403275,0.343748
1.403521,0.335045
1.403874,0.326343
1.404333,0.317640
1.404900,0.308938
1.405575,0.300235
1.406357,0.291533
1.407248,0.282830
1.408247,0.274128
1.409355,0.265425
1.410572,0.256723
1.411898,0.248020
1.413335,0.239318
1.414883,0.230615
1.416542,0.221913
1.418313,0.213211
1.420197,0.204508
1.422194,0.195806
1.424306,0.187103
1.426533,0.178401
1.428875,0.169698
1.431335,0.160996
1.433912,0.152293
1.436608,0.143591
1.439425,0.134888
1.442362,0.126186
1.445422,0.117483
1.448605,0.108781
1.451913,0.100078
1.455347,0.091376
1.458909,0.082673
1.462600,0.073971
1.466422,0.065269
1.470376,0.056566
1.474464,0.047864
1.478688,0.039161
1.483050,0.030459
1.487550,0.021756
1.492192,0.013054
1.496978,0.004351
1.501909,-0.004351
1.506988,-0.013054
1.512217,-0.021756
1.517598,-0.030459
1.523134,-0.039161
1.528827,-0.047864
1.534681,-0.056566
1.540697,-0.065269
1.546879,-0.073971
1.553230,-0.082674
1.559752,-0.091376
1.566448,-0.100078
1.573323,-0.108781
1.580380,-0.117483
1.587621,-0.126186
1.595052,-0.134888
1.602674,-0.143591
1.610493,-0.152293
1.618513,-0.160996
1.626737,-0.169698
1.635171,-0.178401
1.643818,-0.187103
1.652684,-0.195806
1.661773,-0.204508
1.671091,-0.213211
1.680643,-0.221913
1.690433,-0.230616
1.700469,-0.239318
1.710756,-0.248021
1.721300,-0.256723
1.732107,-0.265425
1.743184,-0.274128
1.754539,-0.282830
1.766178,-0.291533
1.778108,-0.300235
1.790338,-0.308938
1.802876,-0.317640
1.815730,-0.326343
1.828909,-0.335045
1.842421,-0.343748
1.856278,-0.352450
1.870488,-0.361153
1.885061,-0.369855
1.900010,-0.378558
1.915344,-0.387260
1.931077,-0.395963
1.947219,-0.404665
1.963784,-0.413367
1.980786,-0.422070
1.987217,-0.430772
1.991302,-0.439475
2.023465,-0.448177
2.028247,-0.456880
2.063051,-0.465582
2.069073,-0.474285
2.102336,-0.482987
2.109151,-0.491690
2.142823,-0.500392
2.155386,-0.509095
2.190059,-0.517797
2.199144,-0.526500
2.234392,-0.535202
2.269871,-0.543905
2.287899,-0.552607
2.299557,-0.561310
2.336772,-0.570012
2.374330,-0.578714
2.387663,-0.587417
2.412039,-0.596119
2.451694,-0.604822
2.491824,-0.613524
2.508452,-0.622227
2.549778,-0.630929
2.591687,-0.639632
2.624638,-0.648334
2.668629,-0.657037
2.689988,-0.665739
2.735601,-0.674442
2.782035,-0.683144
2.829347,-0.691847
2.854702,-0.700549
2.923051,-0.709252
2.951572,-0.717954
3.004019,-0.726657
3.057686,-0.735359
3.112652,-0.744061
3.169003,-0.752764
3.228761,-0.761466
3.289207,-0.770169
3.351364,-0.778871
3.415349,-0.787574
3.481286,-0.796276
3.549312,-0.804979
3.619574,-0.813681
3.637457,-0.822384
3.628188,-0.831086
3.617121,-0.839789
3.605118,-0.848491
3.593467,-0.857194
3.582163,-0.865896
3.571201,-0.874599
3.560576,-0.883301
3.550284,-0.892003
3.540320,-0.900706
3.530680,-0.909408
3.521360,-0.918111
3.470722,-0.926813
3.462133,-0.935516
3.453848,-0.944218
3.425198,-0.952921
3.417559,-0.961623
3.410213,-0.970326
3.403157,-0.979028
3.396388,-0.987731
3.389904,-0.996433
3.383702,-1.005136
3.377779,-1.013838
3.372134,-1.022541
3.366763,-1.031243
3.361665,-1.039946
3.356837,-1.048648
3.352278,-1.057350
3.347986,-1.066053
3.343960,-1.074755
3.340197,-1.083458
3.336697,-1.092160
3.333457,-1.100863
3.330477,-1.109565
3.327756,-1.118268
3.325292,-1.126970
3.323085,-1.135673
3.321133,-1.144375
3.319436,-1.153078
3.277952,-1.161780
3.276778,-1.170483
3.275854,-1.179185
3.275180,-1.187888
3.274755,-1.196590
3.274580,-1.205293
3.234653,-1.213995
3.234972,-1.222697
3.235538,-1.231400
3.236351,-1.240102
3.237411,-1.248805
3.238718,-1.257507
3.240273,-1.266210
3.242077,-1.274912
3.244130,-1.283615
3.246433,-1.292317
3.248986,-1.301020
3.251792,-1.309722
3.254850,-1.318425
3.258163,-1.327127
3.261731,-1.335830
3.265556,-1.344532
3.269639,-1.353235
3.273982,-1.361937
3.278586,-1.370639
3.283454,-1.379342
3.288587,-1.388044
3.293988,-1.396747
3.299657,-1.405449
3.305599,-1.414152
3.311815,-1.422854
3.318307,-1.431557
3.325078,-1.440259
3.332132,-1.448962
3.339470,-1.457664
3.347097,-1.466367
3.355014,-1.475069
3.363225,-1.483772
3.368990,-1.492474
3.377284,-1.501177
3.369632,-1.509879
3.387540,-1.518582
3.388717,-1.527284
3.416649,-1.535986
3.406051,-1.544689
3.398724,-1.553391
3.429647,-1.562094
3.435920,-1.570796
