scan.pos:-0.191295,7.122828,-0.4147500.939668,1.562094
0.943328,1.553391
0.947090,1.544689
0.950954,1.535986
0.954923,1.527284
0.958998,1.518581
0.963182,1.509879
0.967477,1.501177
0.971885,1.492474
0.976407,1.483772
0.981048,1.475069
0.985807,1.466367
0.990689,1.457664
0.995696,1.448962
1.000830,1.440259
1.006095,1.431557
1.011492,1.422854
1.017026,1.414152
1.022699,1.405449
1.028514,1.396747
1.034475,1.388044
1.040585,1.379342
1.046848,1.370639
1.053268,1.361937
1.059848,1.353234
1.066593,1.344532
1.073506,1.335830
1.080592,1.327127
1.087856,1.318425
1.095302,1.309722
1.102935,1.301020
1.110760,1.292317
1.118784,1.283615
1.127010,1.274912
1.135445,1.266210
1.144096,1.257507
1.152967,1.248805
1.162067,1.240102
1.171401,1.231400
1.180977,1.222697
1.190803,1.213995
1.200885,1.205292
1.211233,1.196590
1.210670,1.187888
1.228252,1.179185
1.245630,1.170483
1.235362,1.161780
1.252584,1.153078
1.269626,1.144375
1.286495,1.135673
1.276605,1.126970
1.293357,1.118268
1.309957,1.109565
1.326412,1.100863
1.342731,1.092160
1.358920,1.083458
1.374987,1.074755
1.390938,1.066053
1.406781,1.057350
1.422521,1.048648
1.438165,1.039945
1.453720,1.031243
1.469190,1.022541
1.484581,1.013838
1.499900,1.005136
1.539202,0.996433
1.537761,0.987731
1.577229,0.979028
1.582953,0.970326
1.622741,0.961623
1.630658,0.952921
1.647593,0.944218
1.681110,0.935516
1.698804,0.926813
1.734576,0.918111
1.753138,0.909408
1.791360,0.900706
1.810915,0.892003
1.851811,0.883301
1.894898,0.874598
1.916330,0.865896
1.960532,0.857194
1.982694,0.848491
2.030907,0.839789
2.054655,0.831086
2.106599,0.822384
2.153948,0.813681
2.188286,0.804979
2.237608,0.796276
2.287357,0.787574
2.349885,0.778871
2.402058,0.770169
2.448755,0.761466
2.503904,0.752764
2.578251,0.744061
2.636894,0.735359
2.696661,0.726656
2.781320,0.717954
2.866584,0.709251
2.939254,0.700549
3.050799,0.691847
3.122659,0.683144
3.210738,0.674442
3.331477,0.665739
3.455034,0.657037
3.583626,0.648334
3.717207,0.639632
3.843245,0.630929
4.010225,0.622227
4.162484,0.613524
4.383190,0.604822
4.554374,0.596119
4.765947,0.587417
5.023574,0.578714
5.273702,0.570012
5.609878,0.561309
5.921185,0.552607
6.335594,0.543905
6.734047,0.535202
7.280665,0.526500
1.813633,-0.204508
1.731169,-0.213211
1.722686,-0.221913
1.689723,-0.230616
1.682031,-0.239318
1.667437,-0.248021
1.482879,-0.256723
1.450163,-0.265425
1.443306,-0.274128
1.436825,-0.282830
1.404504,-0.291533
1.398558,-0.300235
1.366354,-0.308938
1.328990,-0.317640
1.326028,-0.326343
1.321508,-0.335045
1.234908,-0.343748
1.230327,-0.352450
1.226032,-0.361153
1.222022,-0.369855
1.214651,-0.378558
1.204284,-0.387260
1.194182,-0.395963
1.129433,-0.404665
1.120284,-0.413367
1.111365,-0.422070
1.102671,-0.430772
1.094194,-0.439475
1.085929,-0.448177
1.077869,-0.456880
1.070009,-0.465582
1.062342,-0.474285
1.054865,-0.482987
1.047572,-0.491690
1.040457,-0.500392
1.033516,-0.509095
1.026745,-0.517797
1.020140,-0.526500
1.013695,-0.535202
1.007408,-0.543905
1.001274,-0.552607
0.995290,-0.561310
0.989452,-0.570012
0.983756,-0.578714
0.978199,-0.587417
0.972779,-0.596119
0.967491,-0.604822
0.962334,-0.613524
0.957304,-0.622227
0.952398,-0.630929
0.947614,-0.639632
0.942950,-0.648334
0.938402,-0.657037
0.933968,-0.665739
0.929647,-0.674442
0.925436,-0.683144
0.921332,-0.691847
0.917335,-0.700549
0.913441,-0.709252
0.909649,-0.717954
0.905957,-0.726657
0.902364,-0.735359
0.898867,-0.744061
0.895464,-0.752764
0.892156,-0.761466
0.888939,-0.770169
0.885812,-0.778871
0.882774,-0.787574
0.879824,-0.796276
0.876960,-0.804979
0.874181,-0.813681
0.871486,-0.822384
0.868873,-0.831086
0.866342,-0.839789
0.863891,-0.848491
0.861519,-0.857194
0.859225,-0.865896
0.857009,-0.874599
0.854869,-0.883301
0.852805,-0.892003
0.850815,-0.900706
0.848899,-0.909408
0.847055,-0.918111
0.845284,-0.926813
0.840686,-0.935516
0.839063,-0.944218
0.837510,-0.952921
0.836026,-0.961623
0.834611,-0.970326
0.833264,-0.979028
0.831984,-0.987731
0.830772,-0.996433
0.829626,-1.005136
0.828546,-1.013838
0.827533,-1.022541
0.826584,-1.031243
0.825701,-1.039946
0.824882,-1.048648
0.824127,-1.057350
0.823437,-1.066053
0.822810,-1.074755
0.822247,-1.083458
0.821747,-1.092160
0.821310,-1.100863
0.820936,-1.109565
0.820625,-1.118268
0.820377,-1.126970
0.820191,-1.135673
0.820068,-1.144375
0.820007,-1.153078
0.820009,-1.161780
0.820073,-1.170483
0.820199,-1.179185
0.820389,-1.187888
0.820640,-1.196590
0.820955,-1.205293
0.821332,-1.213995
0.821772,-1.222697
0.822275,-1.231400
0.822842,-1.240102
0.823472,-1.248805
0.824166,-1.257507
0.824924,-1.266210
0.825746,-1.274912
0.826633,-1.283615
0.827585,-1.292317
0.828603,-1.301020
0.829686,-1.309722
0.830835,-1.318425
0.832051,-1.327127
0.833334,-1.335830
0.834685,-1.344532
0.836104,-1.353235
0.837591,-1.361937
0.839148,-1.370639
0.840775,-1.379342
0.842472,-1.388044
0.844241,-1.396747
0.846082,-1.405449
0.847996,-1.414152
0.849983,-1.422854
0.852044,-1.431557
0.854181,-1.440259
0.856393,-1.448962
0.858683,-1.457664
0.861051,-1.466367
0.863498,-1.475069
0.866025,-1.483772
0.868633,-1.492474
0.871324,-1.501177
0.874098,-1.509879
0.876956,-1.518582
0.879901,-1.527284
0.882933,-1.535986
0.886054,-1.544689
0.889265,-1.553391
0.892567,-1.562094
0.895962,-1.570796
