scan.pos:0.401869,7.229202,-2.9147500.985241,1.562094
0.983297,1.553391
0.981436,1.544689
0.979657,1.535986
0.977959,1.527284
0.935659,1.518581
0.934184,1.509879
0.932785,1.501177
0.931460,1.492474
0.930211,1.483772
0.929035,1.475069
0.927933,1.466367
0.926903,1.457664
0.925947,1.448962
0.925063,1.440259
0.924251,1.431557
0.923510,1.422854
0.922841,1.414152
0.922243,1.405449
0.921716,1.396747
0.921260,1.388044
0.920874,1.379342
0.920559,1.370639
0.920314,1.361937
0.920139,1.353234
0.920035,1.344532
0.920000,1.335830
0.920035,1.327127
0.920141,1.318425
0.920317,1.309722
0.920562,1.301020
0.920878,1.292317
0.921265,1.283615
0.921722,1.274912
0.922250,1.266210
0.922848,1.257507
0.923518,1.248805
0.924260,1.240102
0.925072,1.231400
0.925957,1.222697
0.926915,1.213995
0.927945,1.205292
0.929048,1.196590
0.930225,1.187888
0.931475,1.179185
0.932801,1.170483
0.934201,1.161780
0.935677,1.153078
0.937229,1.144375
0.938857,1.135673
0.940563,1.126970
0.942348,1.118268
0.944211,1.109565
0.946153,1.100863
0.948176,1.092160
0.950281,1.083458
0.952467,1.074755
0.954736,1.066053
0.957089,1.057350
0.959527,1.048648
0.962051,1.039945
0.964662,1.031243
0.967361,1.022541
0.970149,1.013838
0.973028,1.005136
0.975998,0.996433
0.979061,0.987731
0.982219,0.979028
0.985472,0.970326
0.988823,0.961623
0.992272,0.952921
0.995822,0.944218
0.999473,0.935516
1.003228,0.926813
1.007088,0.918111
1.011055,0.909408
1.015131,0.900706
1.019319,0.892003
1.023619,0.883301
1.028034,0.874598
1.032567,0.865896
1.047593,0.857194
1.052414,0.848491
1.057361,0.839789
1.062436,0.831086
1.067642,0.822384
1.072981,0.813681
1.078456,0.804979
1.084070,0.796276
1.089827,0.787574
1.095729,0.778871
1.101779,0.770169
1.107982,0.761466
1.114340,0.752764
1.120858,0.744061
1.127538,0.735359
1.134386,0.726656
1.141404,0.717954
1.148598,0.709251
1.155972,0.700549
1.163531,0.691847
1.171278,0.683144
1.179220,0.674442
1.187361,0.665739
1.195708,0.657037
1.204265,0.648334
1.213038,0.639632
1.222033,0.630929
1.231258,0.622227
1.240718,0.613524
1.250421,0.604822
1.260373,0.596119
1.270582,0.587417
1.281057,0.578714
1.291805,0.570012
1.302835,0.561309
1.314156,0.552607
1.313363,0.543905
1.312940,0.535202
1.341874,0.526500
1.342322,0.517797
1.370204,0.509095
1.374036,0.500392
1.375707,0.491690
1.457198,0.482987
1.489719,0.474285
1.492105,0.465582
1.494849,0.456880
1.520719,0.448177
1.510107,0.439475
1.563136,0.430772
1.575203,0.422070
1.605613,0.413367
1.611235,0.404665
1.691449,0.395962
4.497811,0.387260
4.574115,0.378558
4.630367,0.369855
4.676390,0.361153
4.737978,0.352450
4.825843,0.343748
4.892258,0.335045
5.107544,0.326343
5.212116,0.317640
5.286583,0.308938
5.433579,0.300235
5.530921,0.291533
5.615268,0.282830
5.735411,0.274128
5.837702,0.265425
3.955589,-0.013054
3.948103,-0.021756
3.920536,-0.030459
3.832241,-0.039161
3.805558,-0.047864
3.738635,-0.056566
3.733034,-0.065269
3.687236,-0.073971
3.682288,-0.082674
3.677634,-0.091376
3.673270,-0.100078
3.669196,-0.108781
3.665410,-0.117483
3.661910,-0.126186
3.658695,-0.134888
3.655764,-0.143591
3.612992,-0.152293
3.590603,-0.160996
3.548477,-0.169698
3.526693,-0.178401
3.525216,-0.187103
3.483985,-0.195806
3.483058,-0.204508
3.482396,-0.213211
3.482000,-0.221913
3.481869,-0.230616
3.482003,-0.239318
3.482402,-0.248021
3.483067,-0.256723
3.483997,-0.265425
3.485194,-0.274128
3.486656,-0.282830
3.488386,-0.291533
3.490383,-0.300235
3.492649,-0.308938
3.495184,-0.317640
3.497990,-0.326343
3.541287,-0.335045
3.504416,-0.343748
3.508039,-0.352450
3.511937,-0.361153
3.516112,-0.369855
3.520565,-0.378558
3.530092,-0.387260
3.543751,-0.395963
3.536036,-0.404665
3.559729,-0.413367
3.552383,-0.422070
3.594256,-0.430772
3.567976,-0.439475
3.423153,-0.448177
3.303841,-0.456880
3.168439,-0.465582
3.078146,-0.474285
2.952933,-0.482987
2.872214,-0.491690
2.773496,-0.500392
2.697964,-0.509095
2.603814,-0.517797
2.547755,-0.526500
2.459420,-0.535202
2.393562,-0.543905
2.350211,-0.552607
2.287120,-0.561310
2.228945,-0.570012
2.169725,-0.578714
2.111404,-0.587417
2.075321,-0.596119
2.018624,-0.604822
1.973923,-0.613524
1.941497,-0.622227
1.887995,-0.630929
1.856743,-0.639632
1.820668,-0.648334
1.791605,-0.657037
1.740915,-0.665739
1.712612,-0.674442
1.684684,-0.683144
1.656981,-0.691847
1.630682,-0.700549
1.604650,-0.709252
1.578863,-0.717954
1.556903,-0.726657
1.532417,-0.735359
1.508094,-0.744061
1.483915,-0.752764
1.466886,-0.761466
1.443759,-0.770169
1.420713,-0.778871
1.397732,-0.787574
1.385012,-0.796276
1.362889,-0.804979
1.340780,-0.813681
1.318672,-0.822384
1.309783,-0.831086
1.288377,-0.839789
1.266928,-0.848491
1.260847,-0.857194
1.240000,-0.865896
1.244115,-0.874599
1.223262,-0.883301
1.195209,-0.892003
1.200238,-0.900706
1.179763,-0.909408
1.153634,-0.918111
1.159509,-0.926813
1.139309,-0.935516
1.114962,-0.944218
1.121631,-0.952921
1.101614,-0.961623
1.106054,-0.970326
1.086350,-0.979028
1.066431,-0.987731
1.073105,-0.996433
1.053451,-1.005136
1.061736,-1.013838
1.052591,-1.022541
1.043682,-1.031243
1.047685,-1.039946
1.039120,-1.048648
1.030772,-1.057350
1.022635,-1.066053
1.014701,-1.074755
1.006966,-1.083458
0.999423,-1.092160
0.992068,-1.100863
0.984894,-1.109565
0.977898,-1.118268
0.971073,-1.126970
0.964416,-1.135673
0.957922,-1.144375
0.951587,-1.153078
0.945407,-1.161780
0.939377,-1.170483
0.933495,-1.179185
0.927756,-1.187888
0.922157,-1.196590
0.916695,-1.205293
0.911366,-1.213995
0.906167,-1.222697
0.901095,-1.231400
0.896147,-1.240102
0.891322,-1.248805
0.886615,-1.257507
0.882024,-1.266210
0.877547,-1.274912
0.873181,-1.283615
0.868925,-1.292317
0.864775,-1.301020
0.860730,-1.309722
0.856788,-1.318425
0.852946,-1.327127
0.849203,-1.335830
0.845557,-1.344532
0.842006,-1.353235
0.838548,-1.361937
0.835181,-1.370639
0.831905,-1.379342
0.828717,-1.388044
0.825616,-1.396747
0.822601,-1.405449
0.819670,-1.414152
0.816821,-1.422854
0.814055,-1.431557
0.811368,-1.440259
0.808760,-1.448962
0.806231,-1.457664
0.803778,-1.466367
0.801401,-1.475069
0.799098,-1.483772
0.796870,-1.492474
0.794714,-1.501177
0.792629,-1.509879
0.790616,-1.518582
0.788673,-1.527284
0.786799,-1.535986
0.784994,-1.544689
0.783257,-1.553391
0.781586,-1.562094
0.779982,-1.570796
