scan.pos:-2.738446,1.192288,1.7352505.333515,1.562094
5.326005,1.553391
5.318920,1.544689
5.312258,1.535986
5.306016,1.527284
5.300192,1.518581
5.294784,1.509879
5.289789,1.501177
5.285206,1.492474
5.281033,1.483772
5.277267,1.475069
5.273909,1.466367
5.270956,1.457664
5.268406,1.448962
5.266261,1.440259
5.264518,1.431557
5.263176,1.422854
5.262237,1.414152
5.261697,1.405449
5.261559,1.396747
5.261822,1.388044
5.262485,1.379342
5.263549,1.370639
5.265015,1.361937
5.266883,1.353234
5.269154,1.344532
5.271828,1.335830
5.274906,1.327127
5.278391,1.318425
5.282283,1.309722
5.286583,1.301020
5.291294,1.292317
5.296416,1.283615
5.301953,1.274912
5.307906,1.266210
5.314278,1.257507
5.321071,1.248805
5.328287,1.240102
5.335929,1.231400
5.344002,1.222697
5.352507,1.213995
5.361448,1.205292
5.370829,1.196590
5.380652,1.187888
5.390924,1.179185
5.401647,1.170483
5.412825,1.161780
5.424464,1.153078
5.436568,1.144375
5.449142,1.135673
5.462191,1.126970
5.475721,1.118268
5.489737,1.109565
5.504245,1.100863
5.519252,1.092160
5.534763,1.083458
5.550786,1.074755
5.567327,1.066053
5.584393,1.057350
5.601992,1.048648
5.620132,1.039945
5.638821,1.031243
5.658066,1.022541
5.677877,1.013838
5.698263,1.005136
5.719233,0.996433
5.740797,0.987731
5.762964,0.979028
5.785746,0.970326
5.809152,0.961623
5.833195,0.952921
5.857885,0.944218
5.883236,0.935516
5.909259,0.926813
2.070777,0.918111
2.036440,0.909408
2.002624,0.900706
1.973908,0.892003
1.941886,0.883301
1.910263,0.874598
1.879010,0.865896
1.856056,0.857194
1.826257,0.848491
1.796732,0.839789
1.777782,0.831086
1.749502,0.822384
1.721417,0.813681
1.706104,0.804979
1.679088,0.796276
1.676637,0.787574
1.650008,0.778871
1.639000,0.770169
1.613260,0.761466
1.579469,0.752764
1.579601,0.744061
1.554684,0.735359
1.523281,0.726656
1.524645,0.717954
1.500399,0.709251
1.497320,0.700549
1.473679,0.691847
1.449967,0.683144
1.449504,0.674442
1.426317,0.665739
1.427780,0.657037
1.405073,0.648334
1.382230,0.639632
1.386164,0.630929
1.363737,0.622227
1.366704,0.613524
1.354963,0.604822
1.343524,0.596119
1.359914,0.587417
1.348825,0.578714
1.338018,0.570012
1.327482,0.561309
1.317210,0.552607
1.307195,0.543905
1.297429,0.535202
1.287906,0.526500
1.278617,0.517797
1.269558,0.509095
1.260722,0.500392
1.252102,0.491690
1.243694,0.482987
1.260508,0.474285
1.277199,0.465582
1.269076,0.456880
1.261150,0.448177
1.253418,0.439475
1.245875,0.430772
1.238516,0.422070
1.246059,0.413367
1.238971,0.404665
1.255749,0.395962
1.272438,0.387260
1.265606,0.378558
1.258942,0.369855
1.252443,0.361153
1.246105,0.352450
1.239924,0.343748
1.233898,0.335045
1.228024,0.326343
1.222298,0.317640
1.216717,0.308938
1.211279,0.300235
1.205980,0.291533
1.200819,0.282830
1.195792,0.274128
1.190898,0.265425
1.186134,0.256723
1.181497,0.248020
1.176985,0.239318
1.172597,0.230615
1.168330,0.221913
1.164182,0.213211
1.160152,0.204508
1.156237,0.195806
1.173778,0.187103
1.170021,0.178401
1.166376,0.169698
1.162842,0.160996
1.159418,0.152293
1.156101,0.143591
1.173853,0.134888
1.191597,0.126186
1.188487,0.117483
1.185483,0.108781
1.182584,0.100078
1.200486,0.091376
1.197747,0.082673
1.215715,0.073971
1.233699,0.065269
1.231182,0.056566
1.228768,0.047864
1.226457,0.039161
1.265056,0.030459
1.283247,0.021756
1.281138,0.013054
1.360348,0.004351
1.419147,-0.004351
1.437394,-0.013054
1.435482,-0.021756
1.433684,-0.030459
1.492507,-0.039161
1.591603,-0.047864
1.730863,-0.056566
1.849874,-0.065269
2.049170,-0.073971
2.228218,-0.082674
2.527526,-0.091376
2.806574,-0.100078
5.958339,-0.108781
6.656369,-0.117483
6.793783,-0.126186
6.791534,-0.134888
6.789804,-0.143591
6.788592,-0.152293
6.787896,-0.160996
6.787718,-0.169698
6.788056,-0.178401
6.788912,-0.187103
6.790285,-0.195806
6.792176,-0.204508
6.794586,-0.213211
6.797515,-0.221913
6.800965,-0.230616
6.804936,-0.239318
6.809432,-0.248021
6.814452,-0.256723
6.820000,-0.265425
6.826077,-0.274128
6.832686,-0.282830
6.839828,-0.291533
6.847508,-0.300235
6.855728,-0.308938
6.864491,-0.317640
6.873800,-0.326343
6.883660,-0.335045
6.894074,-0.343748
6.905046,-0.352450
6.916580,-0.361153
6.928682,-0.369855
6.941355,-0.378558
6.954606,-0.387260
6.968439,-0.395963
6.982860,-0.404665
6.997875,-0.413367
7.013489,-0.422070
7.029711,-0.430772
7.046545,-0.439475
7.063999,-0.448177
7.082081,-0.456880
7.100797,-0.465582
7.120157,-0.474285
7.140167,-0.482987
5.109509,-0.491690
4.988433,-0.500392
4.872690,-0.509095
4.820668,-0.517797
4.741074,-0.526500
4.532164,-0.535202
4.433996,-0.543905
4.339478,-0.552607
4.248361,-0.561310
4.160414,-0.570012
4.045424,-0.578714
3.993203,-0.587417
3.913567,-0.596119
3.836353,-0.604822
3.783581,-0.613524
3.710858,-0.622227
3.640134,-0.630929
3.571287,-0.639632
3.526767,-0.648334
3.461444,-0.657037
3.379424,-0.665739
3.358269,-0.674442
3.297466,-0.683144
3.261074,-0.691847
3.202912,-0.700549
3.145902,-0.709252
3.160404,-0.717954
3.176690,-0.726657
3.170992,-0.735359
3.190615,-0.744061
3.211931,-0.752764
3.234918,-0.761466
3.210975,-0.770169
3.212516,-0.778871
3.230809,-0.787574
3.251228,-0.796276
3.272158,-0.804979
3.293612,-0.813681
3.315603,-0.822384
3.338145,-0.831086
3.361253,-0.839789
3.384944,-0.848491
3.409232,-0.857194
3.434135,-0.865896
3.459670,-0.874599
3.485854,-0.883301
3.512708,-0.892003
3.540250,-0.900706
3.568501,-0.909408
3.597483,-0.918111
3.627218,-0.926813
3.657730,-0.935516
3.689043,-0.944218
3.718275,-0.952921
3.732505,-0.961623
3.775364,-0.970326
3.818640,-0.979028
3.835052,-0.987731
3.879477,-0.996433
3.924411,-1.005136
3.943218,-1.013838
3.989479,-1.022541
4.040924,-1.031243
4.088960,-1.039946
4.111797,-1.048648
4.161443,-1.057350
4.211860,-1.066053
4.263092,-1.074755
4.315185,-1.083458
4.368186,-1.092160
4.397289,-1.100863
4.461808,-1.109565
4.518565,-1.118268
4.576447,-1.126970
4.732497,-1.135673
4.792240,-1.144375
4.853310,-1.153078
4.917895,-1.161780
6.810911,-1.431557
6.667137,-1.440259
6.608033,-1.448962
6.570533,-1.457664
6.512971,-1.466367
6.476878,-1.475069
6.379493,-1.483772
6.303633,-1.492474
2.013443,-1.501177
1.947776,-1.509879
1.943958,-1.518582
1.899420,-1.527284
1.875594,-1.535986
1.872365,-1.544689
1.828617,-1.553391
1.825756,-1.562094
1.823042,-1.570796
