scan.pos:-2.155626,-2.319680,1.7352501.707411,1.562094
1.705006,1.553391
1.702738,1.544689
1.700606,1.535986
1.698608,1.527284
1.696743,1.518581
1.695012,1.509879
1.693413,1.501177
1.691946,1.492474
1.690610,1.483772
1.689404,1.475069
1.688329,1.466367
1.687384,1.457664
1.686568,1.448962
1.685881,1.440259
1.685323,1.431557
1.684893,1.422854
1.684592,1.414152
1.684420,1.405449
1.684376,1.396747
1.684460,1.388044
1.684672,1.379342
1.685013,1.370639
1.685482,1.361937
1.686080,1.353234
1.686807,1.344532
1.687663,1.335830
1.688648,1.327127
1.689764,1.318425
1.691010,1.309722
1.692387,1.301020
1.693895,1.292317
1.695534,1.283615
1.697307,1.274912
1.699213,1.266210
1.701252,1.257507
1.703427,1.248805
1.705737,1.240102
1.708184,1.231400
1.710768,1.222697
1.713491,1.213995
1.716353,1.205292
1.719356,1.196590
1.722501,1.187888
1.725789,1.179185
1.729222,1.170483
1.732800,1.161780
1.736526,1.153078
1.740401,1.144375
1.744426,1.135673
1.748604,1.126970
1.752935,1.118268
1.757422,1.109565
1.762066,1.100863
1.766870,1.092160
1.771836,1.083458
1.776965,1.074755
1.782261,1.066053
1.787724,1.057350
1.793358,1.048648
1.799165,1.039945
1.805148,1.031243
1.811309,1.022541
1.817651,1.013838
1.824177,1.005136
1.830890,0.996433
1.837793,0.987731
1.844890,0.979028
1.852183,0.970326
1.859676,0.961623
1.867373,0.952921
1.875277,0.944218
1.883392,0.935516
1.891723,0.926813
1.900273,0.918111
1.909046,0.909408
1.918048,0.900706
1.927283,0.892003
1.936755,0.883301
1.946470,0.874598
1.956432,0.865896
1.966647,0.857194
1.977121,0.848491
1.987860,0.839789
1.998868,0.831086
2.010154,0.822384
2.021722,0.813681
2.033580,0.804979
2.045734,0.796276
2.058192,0.787574
2.070962,0.778871
2.084051,0.770169
2.147277,0.761466
2.161355,0.752764
2.251493,0.744061
2.266801,0.735359
2.359242,0.726656
7.528557,0.717954
7.582578,0.709251
7.637964,0.700549
7.694757,0.691847
7.752995,0.683144
5.257830,0.343748
5.140878,0.335045
5.116403,0.326343
5.069910,0.317640
5.046762,0.308938
5.024204,0.300235
5.002227,0.291533
4.980819,0.282830
4.959970,0.274128
4.939669,0.265425
4.919907,0.256723
4.900673,0.248020
4.881960,0.239318
4.863759,0.230615
4.846060,0.221913
4.828856,0.213211
4.812139,0.204508
4.795901,0.195806
4.780135,0.187103
4.764834,0.178401
4.749992,0.169698
4.735601,0.160996
4.742736,0.152293
4.729169,0.143591
4.716039,0.134888
4.703338,0.126186
4.732762,0.117483
4.720800,0.108781
4.709256,0.100078
4.739520,0.091376
4.728703,0.082673
4.718294,0.073971
4.708288,0.065269
4.698681,0.056566
4.689471,0.047864
4.701092,0.039161
4.692625,0.030459
4.725282,0.021756
4.758188,0.013054
4.791350,0.004351
4.966691,-0.004351
4.979942,-0.013054
5.215935,-0.021756
5.572871,-0.030459
6.010041,-0.039161
6.305648,-0.047864
7.440886,-0.308938
7.026022,-0.317640
6.541608,-0.326343
6.287316,-0.335045
6.296828,-0.343748
6.286503,-0.352450
6.297005,-0.361153
6.267191,-0.369855
6.278655,-0.378558
6.290641,-0.387260
6.303153,-0.395963
6.316197,-0.404665
6.329778,-0.413367
6.343903,-0.422070
6.358575,-0.430772
6.373802,-0.439475
6.389590,-0.448177
6.405945,-0.456880
6.422875,-0.465582
3.928719,-0.474285
3.823663,-0.482987
3.722166,-0.491690
3.687414,-0.500392
3.596356,-0.509095
3.505684,-0.517797
3.353651,-0.526500
3.310114,-0.535202
3.226202,-0.543905
3.165799,-0.552607
3.098556,-0.561310
3.021373,-0.570012
2.967484,-0.578714
2.805591,-0.587417
2.754219,-0.596119
2.701144,-0.604822
2.653372,-0.613524
2.606725,-0.622227
2.583494,-0.630929
2.583907,-0.639632
2.565013,-0.648334
2.561090,-0.657037
2.504843,-0.665739
2.516902,-0.674442
2.506276,-0.683144
2.472623,-0.691847
2.462048,-0.700549
2.451552,-0.709252
2.464608,-0.717954
2.430787,-0.726657
2.444249,-0.735359
2.458048,-0.744061
2.448189,-0.752764
2.462548,-0.761466
2.477266,-0.770169
2.443475,-0.778871
2.458635,-0.787574
2.474174,-0.796276
2.490102,-0.804979
2.506428,-0.813681
2.523163,-0.822384
2.540317,-0.831086
2.557903,-0.839789
2.575931,-0.848491
2.594414,-0.857194
2.613365,-0.865896
2.632797,-0.874599
2.652724,-0.883301
2.673159,-0.892003
2.687854,-0.900706
2.715618,-0.909408
2.737673,-0.918111
2.760302,-0.926813
2.783521,-0.935516
2.807350,-0.944218
2.829818,-0.952921
2.842088,-0.961623
2.882782,-0.970326
2.896150,-0.979028
2.910205,-0.987731
2.924962,-0.996433
2.943489,-1.005136
2.986868,-1.013838
3.004124,-1.022541
3.048425,-1.031243
3.067057,-1.039946
3.086509,-1.048648
3.138636,-1.057350
3.160144,-1.066053
3.189008,-1.074755
3.231075,-1.083458
3.280221,-1.092160
3.305182,-1.100863
3.355869,-1.109565
3.392734,-1.118268
3.445713,-1.126970
3.475309,-1.135673
3.530209,-1.144375
3.586077,-1.153078
3.619146,-1.161780
3.677264,-1.170483
3.736534,-1.179185
3.788511,-1.187888
3.795041,-1.196590
3.891873,-1.205293
3.957425,-1.213995
4.001564,-1.222697
4.070419,-1.231400
4.141013,-1.240102
4.213450,-1.248805
4.286206,-1.257507
4.318759,-1.266210
4.286935,-1.274912
4.264715,-1.283615
4.344081,-1.292317
4.344168,-1.301020
4.369753,-1.309722
4.376980,-1.318425
4.453468,-1.327127
4.460471,-1.335830
4.500076,-1.344532
4.522661,-1.353235
4.528488,-1.361937
4.598855,-1.370639
4.583736,-1.379342
4.632884,-1.388044
4.660866,-1.396747
4.667888,-1.405449
4.738463,-1.414152
4.808989,-1.422854
4.816598,-1.431557
4.824531,-1.440259
4.895341,-1.448962
4.966159,-1.457664
5.037003,-1.466367
5.128587,-1.475069
5.158184,-1.483772
5.146829,-1.492474
5.316078,-1.501177
7.207846,-1.509879
7.424170,-1.518582
7.535209,-1.527284
