scan.pos:-5.914568,5.662238,2.9684357.568450,1.457664
7.334386,1.448962
7.131576,1.440259
6.934391,1.431557
6.751829,1.422854
6.577173,1.414152
6.409779,1.405449
6.231333,1.396747
6.099641,1.388044
5.952365,1.379342
5.810291,1.370639
5.682725,1.361937
5.551349,1.353234
5.445707,1.344532
5.336110,1.335830
5.239343,1.327127
5.124127,1.318425
5.011954,1.309722
4.921314,1.301020
4.837911,1.292317
4.757134,1.283615
4.678545,1.274912
4.581104,1.266210
4.508159,1.257507
4.439813,1.248805
4.348995,1.240102
4.282607,1.231400
4.217914,1.222697
4.160878,1.213995
4.100132,1.205292
4.040804,1.196590
3.991325,1.187888
3.935395,1.179185
3.880654,1.170483
3.814062,1.161780
3.762132,1.153078
3.723561,1.144375
3.674309,1.135673
3.625937,1.126970
3.592977,1.118268
3.546952,1.109565
3.501665,1.100863
3.448797,1.092160
3.405410,1.083458
3.387987,1.074755
3.339304,1.066053
3.298348,1.057350
3.252291,1.048648
3.238906,1.039945
3.200072,1.031243
3.157583,1.022541
3.146718,1.013838
3.106682,1.005136
3.070528,0.996433
3.032615,0.987731
3.025063,0.979028
2.990450,0.970326
2.956062,0.961623
2.950120,0.952921
2.927802,0.944218
2.902950,0.935516
2.878733,0.926813
2.855133,0.918111
2.832130,0.909408
2.809708,0.900706
2.787848,0.892003
2.766535,0.883301
2.745752,0.874598
2.725486,0.865896
2.705721,0.857194
2.686444,0.848491
2.667641,0.839789
2.649300,0.831086
2.631409,0.822384
2.613955,0.813681
2.596928,0.804979
2.580316,0.796276
2.564110,0.787574
2.548299,0.778871
2.532873,0.770169
2.517823,0.761466
2.503141,0.752764
2.488818,0.744061
2.474844,0.735359
2.461214,0.726656
2.447918,0.717954
2.434949,0.709251
2.422300,0.700549
2.409965,0.691847
2.397937,0.683144
2.386208,0.674442
2.374774,0.665739
2.363628,0.657037
2.352765,0.648334
2.342178,0.639632
2.331863,0.630929
2.321815,0.622227
2.312028,0.613524
2.302498,0.604822
2.293220,0.596119
2.284190,0.587417
2.275403,0.578714
2.266856,0.570012
2.258544,0.561309
2.250463,0.552607
2.242610,0.543905
2.234982,0.535202
2.227574,0.526500
2.220384,0.517797
2.213408,0.509095
2.206643,0.500392
2.200086,0.491690
2.193735,0.482987
2.187587,0.474285
2.181638,0.465582
2.175887,0.456880
2.170331,0.448177
2.164968,0.439475
2.159796,0.430772
2.154811,0.422070
2.150013,0.413367
2.145400,0.404665
2.140969,0.395962
2.136719,0.387260
2.132647,0.378558
2.128753,0.369855
2.125034,0.361153
2.121490,0.352450
2.118119,0.343748
2.114918,0.335045
2.111889,0.326343
2.109028,0.317640
2.106335,0.308938
2.103810,0.300235
2.101450,0.291533
2.099255,0.282830
2.097224,0.274128
2.095356,0.265425
2.093652,0.256723
2.092108,0.248020
2.090727,0.239318
2.089506,0.230615
2.088446,0.221913
2.087546,0.213211
2.086805,0.204508
2.086224,0.195806
2.085801,0.187103
2.085538,0.178401
2.085433,0.169698
2.085488,0.160996
2.085701,0.152293
2.086073,0.143591
2.086604,0.134888
2.087295,0.126186
2.088145,0.117483
2.089155,0.108781
2.090325,0.100078
2.091656,0.091376
2.093148,0.082673
2.094801,0.073971
2.096617,0.065269
2.098597,0.056566
2.100740,0.047864
2.103048,0.039161
2.105521,0.030459
2.108161,0.021756
2.110969,0.013054
2.113945,0.004351
2.117091,-0.004351
2.120408,-0.013054
2.123898,-0.021756
2.127561,-0.030459
2.131400,-0.039161
2.135416,-0.047864
2.139610,-0.056566
2.143983,-0.065269
2.148539,-0.073971
2.153279,-0.082674
2.158204,-0.091376
2.163317,-0.100078
2.168620,-0.108781
2.174115,-0.117483
2.179804,-0.126186
2.185690,-0.134888
2.191775,-0.143591
2.198062,-0.152293
2.204553,-0.160996
2.211252,-0.169698
2.218161,-0.178401
2.225284,-0.187103
2.232623,-0.195806
2.240181,-0.204508
2.247963,-0.213211
2.255971,-0.221913
2.264210,-0.230616
2.272683,-0.239318
2.281394,-0.248021
2.290347,-0.256723
2.299546,-0.265425
2.308996,-0.274128
2.318702,-0.282830
2.328667,-0.291533
2.338897,-0.300235
2.349398,-0.308938
2.360173,-0.317640
2.371229,-0.326343
2.382572,-0.335045
2.394207,-0.343748
2.406140,-0.352450
2.418378,-0.361153
2.430927,-0.369855
2.443794,-0.378558
2.456986,-0.387260
2.470511,-0.395963
2.484375,-0.404665
2.498587,-0.413367
2.513155,-0.422070
2.528088,-0.430772
2.543394,-0.439475
2.559083,-0.448177
2.575164,-0.456880
2.591647,-0.465582
2.608542,-0.474285
2.625860,-0.482987
2.643612,-0.491690
2.661810,-0.500392
2.680466,-0.509095
2.699592,-0.517797
2.719201,-0.526500
2.739308,-0.535202
2.759926,-0.543905
2.781070,-0.552607
2.802756,-0.561310
2.825000,-0.570012
2.847817,-0.578714
2.871227,-0.587417
2.895248,-0.596119
2.919898,-0.604822
2.945197,-0.613524
2.954116,-0.622227
2.988363,-0.630929
3.022829,-0.639632
3.030158,-0.648334
3.065358,-0.657037
3.100847,-0.665739
3.109915,-0.674442
3.074744,-0.683144
3.051647,-0.691847
3.029123,-0.700549
3.007156,-0.709252
2.985731,-0.717954
2.964834,-0.726657
2.944450,-0.735359
2.924565,-0.744061
2.905167,-0.752764
2.886243,-0.761466
2.867780,-0.770169
2.849768,-0.778871
2.832196,-0.787574
2.815052,-0.796276
2.798325,-0.804979
2.782007,-0.813681
2.766088,-0.822384
2.750558,-0.831086
2.735409,-0.839789
2.720632,-0.848491
2.706218,-0.857194
2.692160,-0.865896
2.678451,-0.874599
2.665082,-0.883301
2.652047,-0.892003
2.639339,-0.900706
2.626952,-0.909408
2.614878,-0.918111
2.603112,-0.926813
2.591648,-0.935516
2.580480,-0.944218
2.569603,-0.952921
2.559011,-0.961623
2.548700,-0.970326
2.538664,-0.979028
2.528898,-0.987731
2.519398,-0.996433
2.510160,-1.005136
2.501179,-1.013838
2.492452,-1.022541
2.483973,-1.031243
2.475740,-1.039946
2.467749,-1.048648
2.459996,-1.057350
2.452477,-1.066053
2.445190,-1.074755
2.438131,-1.083458
2.431298,-1.092160
2.424687,-1.100863
2.418295,-1.109565
2.412120,-1.118268
2.406160,-1.126970
2.400411,-1.135673
2.394871,-1.144375
2.391846,-1.153078
2.386714,-1.161780
2.381784,-1.170483
2.377056,-1.179185
2.372526,-1.187888
2.368194,-1.196590
1.385827,-1.205293
1.383515,-1.213995
1.320376,-1.222697
1.318381,-1.231400
1.316493,-1.240102
1.132673,-1.248805
1.131227,-1.257507
1.129870,-1.266210
1.047988,-1.274912
1.046894,-1.283615
1.025768,-1.292317
1.024854,-1.301020
1.024020,-1.309722
1.023266,-1.318425
0.962438,-1.327127
0.961876,-1.335830
0.961388,-1.344532
0.960973,-1.353235
0.960632,-1.361937
0.920349,-1.370639
0.920163,-1.379342
0.860044,-1.388044
0.860001,-1.396747
0.860023,-1.405449
0.860111,-1.414152
0.860265,-1.422854
0.860484,-1.431557
0.820733,-1.440259
0.821067,-1.448962
0.821464,-1.457664
0.801877,-1.466367
0.802388,-1.475069
0.802960,-1.483772
0.803594,-1.492474
0.804291,-1.501177
0.805050,-1.509879
0.765579,-1.518582
0.766420,-1.527284
0.767321,-1.535986
0.768283,-1.544689
0.769307,-1.553391
0.770391,-1.562094
0.771538,-1.570796
