scan.pos:4.553028,7.138316,2.8184355.693000,1.562094
5.752213,1.553391
5.769785,1.544689
5.787907,1.535986
5.806587,1.527284
5.825832,1.518581
5.845653,1.509879
5.866056,1.501177
5.843752,1.492474
5.865193,1.483772
5.887241,1.475069
5.909907,1.466367
5.933202,1.457664
5.957137,1.448962
5.981723,1.440259
6.006972,1.431557
6.032897,1.422854
6.059510,1.414152
6.086824,1.405449
6.114854,1.396747
6.143613,1.388044
6.150245,1.379342
6.180396,1.370639
6.211318,1.361937
6.243030,1.353234
6.275547,1.344532
6.308888,1.335830
6.343071,1.327127
6.378114,1.318425
6.414038,1.309722
6.426874,1.301020
6.440352,1.292317
6.478756,1.283615
6.518120,1.274912
6.558467,1.266210
6.599823,1.257507
6.642213,1.248805
6.685664,1.240102
6.730202,1.231400
6.775857,1.222697
6.822660,1.213995
6.870640,1.205292
7.075381,1.196590
7.126949,1.187888
7.179825,1.179185
7.234047,1.170483
7.289653,1.161780
7.346685,1.153078
7.405184,1.144375
7.465196,1.135673
7.581923,1.126970
7.645563,1.118268
4.429242,1.109565
4.402197,1.100863
4.363401,1.092160
4.326484,1.083458
4.290510,1.074755
4.255451,1.066053
4.221280,1.057350
4.187969,1.048648
4.155493,1.039945
4.123829,1.031243
4.092954,1.022541
4.062844,1.013838
4.033479,1.005136
4.004838,0.996433
3.976902,0.987731
4.000401,0.979028
3.973477,0.970326
3.947211,0.961623
3.946462,0.952921
3.946021,0.944218
3.921323,0.935516
3.897227,0.926813
3.873718,0.918111
3.874902,0.909408
3.852387,0.900706
3.830421,0.892003
3.808993,0.883301
3.788090,0.874598
3.767701,0.865896
3.747814,0.857194
3.728419,0.848491
3.709504,0.839789
3.691059,0.831086
3.673076,0.822384
3.655544,0.813681
3.619658,0.804979
3.621798,0.796276
3.605567,0.787574
3.589753,0.778871
3.552099,0.770169
3.492877,0.761466
3.478541,0.752764
3.464585,0.744061
3.451002,0.735359
3.437785,0.726656
3.424930,0.717954
3.412429,0.709251
3.400277,0.700549
3.388469,0.691847
3.376998,0.683144
3.408561,0.674442
3.397614,0.665739
3.408209,0.657037
3.418998,0.648334
3.429981,0.639632
3.441162,0.630929
3.515446,0.622227
3.505943,0.613524
3.601042,0.604822
3.654316,0.596119
3.647750,0.587417
3.706693,0.578714
3.716827,0.570012
3.835875,0.561309
3.899233,0.552607
3.954130,0.543905
4.017291,0.535202
4.067268,0.526500
4.166773,0.517797
4.345186,0.509095
4.557283,0.500392
4.778192,0.491690
5.049827,0.482987
7.797704,0.352450
7.795644,0.343748
7.694163,0.335045
7.673302,0.326343
7.633028,0.317640
7.633337,0.308938
7.634227,0.300235
7.635699,0.291533
7.637753,0.282830
7.640390,0.274128
7.643612,0.265425
7.647418,0.256723
7.651812,0.248020
7.662993,0.239318
7.677911,0.230615
7.683860,0.221913
7.723719,0.213211
7.349863,0.204508
6.863078,0.195806
6.362557,0.187103
5.995137,0.178401
5.631987,0.169698
5.343755,0.160996
5.024826,0.152293
4.800860,0.143591
4.560607,0.134888
4.363897,0.126186
4.175653,0.117483
4.000944,0.108781
3.850965,0.100078
3.685904,0.091376
3.563405,0.082673
3.451716,0.073971
3.323036,0.065269
3.218244,0.056566
3.124643,0.047864
3.027896,0.039161
2.933380,0.030459
2.835273,0.021756
2.767605,0.013054
2.701579,0.004351
2.616249,-0.004351
2.554796,-0.013054
2.498290,-0.021756
2.440685,-0.030459
2.362619,-0.039161
2.315154,-0.047864
2.282869,-0.056566
2.229775,-0.065269
2.168307,-0.073971
2.139227,-0.082674
2.088902,-0.091376
2.055479,-0.100078
2.007027,-0.108781
1.955661,-0.117483
1.930864,-0.126186
1.906394,-0.134888
1.859778,-0.143591
1.836756,-0.152293
1.813966,-0.160996
1.771464,-0.169698
1.749873,-0.178401
1.710076,-0.187103
1.689531,-0.195806
1.652209,-0.204508
1.632576,-0.213211
1.613007,-0.221913
1.578691,-0.230616
1.559881,-0.239318
1.551317,-0.248021
1.533301,-0.256723
1.515273,-0.265425
1.485605,-0.274128
1.468130,-0.282830
1.440173,-0.291533
1.423176,-0.300235
1.421546,-0.308938
1.405119,-0.317640
1.380428,-0.326343
1.364359,-0.335045
1.370830,-0.343748
1.354738,-0.352450
1.338524,-0.361153
1.348107,-0.369855
1.331819,-0.378558
1.315392,-0.387260
1.298819,-0.395963
1.282093,-0.404665
1.265204,-0.413367
1.248145,-0.422070
1.258260,-0.430772
1.241058,-0.439475
1.223665,-0.448177
1.206069,-0.456880
1.215894,-0.465582
1.205426,-0.474285
1.195227,-0.482987
1.185289,-0.491690
1.175604,-0.500392
1.166164,-0.509095
1.156961,-0.517797
1.147990,-0.526500
1.139242,-0.535202
1.130713,-0.543905
1.122395,-0.552607
1.114282,-0.561310
1.106370,-0.570012
1.098652,-0.578714
1.091124,-0.587417
1.083781,-0.596119
1.076617,-0.604822
1.069627,-0.613524
1.062809,-0.622227
1.056157,-0.630929
1.049667,-0.639632
1.043335,-0.648334
1.037158,-0.657037
1.031131,-0.665739
1.025252,-0.674442
1.019516,-0.683144
1.013921,-0.691847
1.008464,-0.700549
1.003141,-0.709252
0.997950,-0.717954
0.992887,-0.726657
0.987950,-0.735359
0.983137,-0.744061
0.978444,-0.752764
0.973870,-0.761466
0.969412,-0.770169
0.965067,-0.778871
0.960834,-0.787574
0.956711,-0.796276
0.952695,-0.804979
0.948785,-0.813681
0.944978,-0.822384
0.941274,-0.831086
0.937669,-0.839789
0.934162,-0.848491
0.930753,-0.857194
0.927438,-0.865896
0.924217,-0.874599
0.921089,-0.883301
0.918051,-0.892003
0.915102,-0.900706
0.912242,-0.909408
0.909469,-0.918111
0.906781,-0.926813
0.904178,-0.935516
0.901658,-0.944218
0.899220,-0.952921
0.896864,-0.961623
0.894588,-0.970326
0.892391,-0.979028
0.890273,-0.987731
0.888232,-0.996433
0.886268,-1.005136
0.884379,-1.013838
0.882566,-1.022541
0.880827,-1.031243
0.879162,-1.039946
0.877570,-1.048648
0.876050,-1.057350
0.874602,-1.066053
0.873225,-1.074755
0.871919,-1.083458
0.870683,-1.092160
0.869516,-1.100863
0.868419,-1.109565
0.867390,-1.118268
0.866430,-1.126970
0.865537,-1.135673
0.864712,-1.144375
0.863955,-1.153078
0.863265,-1.161780
0.862641,-1.170483
0.862084,-1.179185
0.861593,-1.187888
0.861168,-1.196590
0.860809,-1.205293
0.860516,-1.213995
0.860289,-1.222697
0.860127,-1.231400
0.860031,-1.240102
0.860000,-1.248805
0.860035,-1.257507
0.860135,-1.266210
0.860301,-1.274912
0.860532,-1.283615
0.860830,-1.292317
0.861193,-1.301020
0.861621,-1.309722
0.862116,-1.318425
0.862678,-1.327127
0.863306,-1.335830
0.864000,-1.344532
0.864762,-1.353235
0.865591,-1.361937
0.866487,-1.370639
0.867452,-1.379342
0.868485,-1.388044
0.869587,-1.396747
0.870757,-1.405449
0.871998,-1.414152
0.873309,-1.422854
0.874690,-1.431557
0.876143,-1.440259
0.877667,-1.448962
0.879264,-1.457664
0.880933,-1.466367
0.882677,-1.475069
0.884495,-1.483772
0.886388,-1.492474
0.888357,-1.501177
0.890402,-1.509879
0.892525,-1.518582
0.894727,-1.527284
0.897008,-1.535986
0.899370,-1.544689
0.901812,-1.553391
0.904337,-1.562094
0.906946,-1.570796
