scan.pos:5.455842,5.182633,-0.3647502.994356,1.562094
3.004482,1.553391
3.014907,1.544689
3.025635,1.535986
3.036673,1.527284
3.048023,1.518581
3.059694,1.509879
3.071688,1.501177
3.084013,1.492474
3.096674,1.483772
3.109677,1.475069
3.123029,1.466367
3.136735,1.457664
3.150804,1.448962
3.165241,1.440259
3.180055,1.431557
3.195252,1.422854
3.210841,1.414152
3.226830,1.405449
3.243227,1.396747
3.260041,1.388044
3.277281,1.379342
3.294957,1.370639
3.313078,1.361937
3.331655,1.353234
3.350698,1.344532
3.370217,1.335830
3.390226,1.327127
3.410734,1.318425
3.431755,1.309722
3.453302,1.301020
3.475387,1.292317
3.498024,1.283615
3.521229,1.274912
3.545015,1.266210
3.569398,1.257507
3.594394,1.248805
3.620021,1.240102
3.646296,1.231400
3.673236,1.222697
3.700861,1.213995
3.729192,1.205292
3.764904,1.196590
3.717706,1.187888
3.698291,1.179185
3.652243,1.170483
3.634368,1.161780
3.589354,1.153078
3.572929,1.144375
3.545120,1.135673
3.515004,1.126970
3.485658,1.118268
3.457060,1.109565
3.429186,1.100863
3.402015,1.092160
3.375526,1.083458
3.349699,1.074755
3.324517,1.066053
3.299959,1.057350
3.276009,1.048648
3.252650,1.039945
3.229866,1.031243
3.207642,1.022541
3.185962,1.013838
3.164813,1.005136
3.144181,0.996433
3.124052,0.987731
3.104414,0.979028
3.085255,0.970326
3.066564,0.961623
3.048328,0.952921
3.030537,0.944218
3.013180,0.935516
2.996249,0.926813
2.979732,0.918111
2.963621,0.909408
2.947906,0.900706
2.932579,0.892003
2.917632,0.883301
2.903056,0.874598
2.888844,0.865896
2.874989,0.857194
2.861482,0.848491
2.848318,0.839789
2.835490,0.831086
2.822990,0.822384
2.810813,0.813681
2.798954,0.804979
2.787405,0.796276
2.776161,0.787574
2.765218,0.778871
2.754569,0.770169
2.744211,0.761466
2.734137,0.752764
2.724344,0.744061
2.714827,0.735359
2.705581,0.726656
2.696603,0.717954
2.687888,0.709251
2.679433,0.700549
2.671234,0.691847
2.663286,0.683144
2.655588,0.674442
2.648135,0.665739
2.640924,0.657037
2.633953,0.648334
2.627218,0.639632
2.620716,0.630929
2.614444,0.622227
2.608402,0.613524
2.602584,0.604822
2.596990,0.596119
2.591617,0.587417
2.586462,0.578714
2.581524,0.570012
2.576801,0.561309
2.572291,0.552607
2.567991,0.543905
2.563901,0.535202
2.560019,0.526500
2.556343,0.517797
2.552871,0.509095
2.549603,0.500392
2.546536,0.491690
2.543671,0.482987
2.541005,0.474285
2.538538,0.465582
2.536269,0.456880
2.534197,0.448177
2.532320,0.439475
2.530639,0.430772
2.529153,0.422070
2.527861,0.413367
2.526762,0.404665
2.525857,0.395962
2.525145,0.387260
2.524625,0.378558
2.524297,0.369855
2.524163,0.361153
2.524220,0.352450
2.524469,0.343748
2.524911,0.335045
2.525545,0.326343
2.526372,0.317640
2.527392,0.308938
2.528606,0.300235
2.530013,0.291533
2.531615,0.282830
2.533412,0.274128
2.535405,0.265425
2.537594,0.256723
2.539981,0.248020
2.542566,0.239318
2.545351,0.230615
2.548335,0.221913
2.551522,0.213211
2.554910,0.204508
2.558504,0.195806
2.562302,0.187103
2.566308,0.178401
2.570523,0.169698
2.574947,0.160996
2.579584,0.152293
2.584434,0.143591
2.589501,0.134888
2.594785,0.126186
2.600289,0.117483
2.606016,0.108781
2.611967,0.100078
2.618145,0.091376
2.624553,0.082673
2.631194,0.073971
2.638069,0.065269
2.645182,0.056566
2.652537,0.047864
2.660135,0.039161
2.667981,0.030459
2.676078,0.021756
2.684429,0.013054
2.693038,0.004351
2.701909,-0.004351
2.711046,-0.013054
2.720452,-0.021756
2.730133,-0.030459
2.740092,-0.039161
2.750335,-0.047864
2.760865,-0.056566
2.771688,-0.065269
2.782809,-0.073971
2.794234,-0.082674
2.805967,-0.091376
2.818014,-0.100078
2.830382,-0.108781
2.843077,-0.117483
2.856104,-0.126186
2.869471,-0.134888
2.883184,-0.143591
2.897250,-0.152293
2.911678,-0.160996
2.926473,-0.169698
2.941645,-0.178401
2.957202,-0.187103
2.973151,-0.195806
2.989502,-0.204508
3.006265,-0.213211
3.023448,-0.221913
3.041061,-0.230616
3.059115,-0.239318
3.077621,-0.248021
3.096589,-0.256723
3.116031,-0.265425
3.135959,-0.274128
3.156386,-0.282830
3.177324,-0.291533
3.198787,-0.300235
3.220788,-0.308938
3.243344,-0.317640
3.266468,-0.326343
3.290176,-0.335045
3.314485,-0.343748
3.339412,-0.352450
3.364976,-0.361153
3.391194,-0.369855
3.418086,-0.378558
3.445672,-0.387260
3.473974,-0.395963
3.503014,-0.404665
3.532815,-0.413367
3.563401,-0.422070
3.582595,-0.430772
3.599513,-0.439475
3.644892,-0.448177
3.690674,-0.456880
3.709725,-0.465582
3.756636,-0.474285
3.777306,-0.482987
3.825468,-0.491690
3.874205,-0.500392
3.897409,-0.509095
3.947603,-0.517797
3.998488,-0.526500
4.024516,-0.535202
4.077089,-0.543905
4.130482,-0.552607
4.159667,-0.561310
4.215010,-0.570012
4.271319,-0.578714
4.328648,-0.587417
4.362607,-0.596119
4.422297,-0.604822
4.483183,-0.613524
4.565490,-0.622227
4.539343,-0.630929
4.513835,-0.639632
4.488953,-0.648334
4.464681,-0.657037
4.441007,-0.665739
4.417917,-0.674442
4.395399,-0.683144
4.373441,-0.691847
4.306252,-0.700549
4.285598,-0.709252
4.242792,-0.717954
4.223273,-0.726657
4.204252,-0.735359
4.185719,-0.744061
4.167664,-0.752764
4.145319,-0.761466
4.132955,-0.770169
4.116284,-0.778871
4.100058,-0.787574
4.084270,-0.796276
4.068911,-0.804979
4.053975,-0.813681
4.039454,-0.822384
4.025342,-0.831086
4.011634,-0.839789
3.998322,-0.848491
3.985400,-0.857194
3.972863,-0.865896
3.918375,-0.874599
3.906717,-0.883301
3.895425,-0.892003
3.884492,-0.900706
3.873915,-0.909408
3.821949,-0.918111
3.812176,-0.926813
3.802741,-0.935516
3.793642,-0.944218
3.784873,-0.952921
3.776432,-0.961623
3.768314,-0.970326
3.760518,-0.979028
3.753038,-0.987731
3.745873,-0.996433
3.739020,-1.005136
3.732475,-1.013838
3.726237,-1.022541
3.720302,-1.031243
3.714668,-1.039946
3.709334,-1.048648
3.704296,-1.057350
3.699554,-1.066053
3.695105,-1.074755
3.690947,-1.083458
3.687079,-1.092160
3.683499,-1.100863
3.680206,-1.109565
3.677199,-1.118268
3.674476,-1.126970
3.672037,-1.135673
3.669881,-1.144375
3.668006,-1.153078
3.666412,-1.161780
3.665098,-1.170483
3.664064,-1.179185
2.763144,-1.187888
2.762786,-1.196590
2.682638,-1.205293
2.682698,-1.213995
2.642959,-1.222697
2.643421,-1.231400
2.604063,-1.240102
2.604916,-1.248805
2.605968,-1.257507
2.587184,-1.266210
2.588624,-1.274912
2.590263,-1.283615
2.592102,-1.292317
2.594141,-1.301020
2.556168,-1.309722
2.558572,-1.318425
2.561176,-1.327127
2.543813,-1.335830
2.546796,-1.344532
2.549980,-1.353235
2.553367,-1.361937
2.516414,-1.370639
2.479545,-1.379342
2.483422,-1.388044
2.487500,-1.396747
2.471379,-1.405449
2.475829,-1.414152
2.480485,-1.422854
2.485348,-1.431557
2.490419,-1.440259
2.454496,-1.448962
2.459901,-1.457664
2.465519,-1.466367
2.450606,-1.475069
2.456604,-1.483772
2.462819,-1.492474
2.469255,-1.501177
2.433995,-1.509879
2.440762,-1.518582
2.447754,-1.527284
2.412694,-1.535986
2.420017,-1.544689
2.406299,-1.553391
2.371340,-1.562094
2.379151,-1.570796
