scan.pos:-3.385854,-4.107563,0.2852501.604850,1.562094
1.642394,1.553391
1.721356,1.544689
1.758690,1.535986
1.816629,1.527284
1.895047,1.518581
1.952717,1.509879
2.030810,1.501177
2.108748,1.492474
2.186548,1.483772
2.305028,1.475069
2.402905,1.466367
2.541300,1.457664
2.638849,1.448962
2.817380,1.440259
2.955132,1.431557
6.334611,1.422854
6.326755,1.414152
6.319398,1.405449
6.312539,1.396747
6.306175,1.388044
6.300303,1.379342
6.294920,1.370639
6.290025,1.361937
6.285616,1.353234
6.281692,1.344532
6.278250,1.335830
6.275290,1.327127
6.292826,1.318425
6.290819,1.309722
6.289292,1.301020
6.328249,1.292317
6.327676,1.283615
6.367587,1.274912
6.367980,1.266210
6.368860,1.257507
6.370224,1.248805
6.372075,1.240102
6.394434,1.231400
6.457359,1.222697
6.560918,1.213995
5.990996,0.865896
5.911631,0.857194
5.804761,0.848491
5.723630,0.839789
5.623918,0.831086
5.482863,0.822384
5.389211,0.813681
5.298410,0.804979
5.210298,0.796276
5.124723,0.787574
4.950376,0.778871
4.869017,0.770169
4.812799,0.761466
4.735692,0.752764
4.753484,0.744061
4.703938,0.735359
4.684577,0.726656
4.639226,0.717954
4.617486,0.709251
4.619745,0.700549
4.622384,0.691847
4.625407,0.683144
4.628821,0.674442
4.632631,0.665739
4.661458,0.657037
4.691005,0.648334
4.721291,0.639632
4.752334,0.630929
4.784155,0.622227
4.816775,0.613524
4.850214,0.604822
4.884496,0.596119
4.919643,0.587417
4.955680,0.578714
4.992631,0.570012
5.030524,0.561309
5.069385,0.552607
5.082264,0.543905
5.122934,0.535202
5.164656,0.526500
5.207463,0.517797
5.251389,0.509095
5.296469,0.500392
5.337800,0.491690
5.368202,0.482987
5.426753,0.474285
5.483496,0.465582
5.539120,0.456880
5.566603,0.448177
5.623445,0.439475
5.676639,0.430772
5.732994,0.422070
5.811004,0.413367
5.861664,0.404665
5.917124,0.395962
5.992240,0.387260
6.047408,0.378558
6.120897,0.369855
6.201089,0.361153
6.272936,0.352450
6.289258,0.343748
6.259799,0.335045
6.330838,0.326343
6.338447,0.317640
2.816933,0.308938
2.704022,0.300235
2.688393,0.291533
2.649341,0.282830
2.634600,0.274128
2.620220,0.265425
2.606194,0.256723
2.592514,0.248020
2.579172,0.239318
2.566161,0.230615
2.553474,0.221913
2.541105,0.213211
2.529046,0.204508
2.517292,0.195806
2.505837,0.187103
2.494675,0.178401
2.483800,0.169698
2.473207,0.160996
2.462891,0.152293
2.452846,0.143591
2.443068,0.134888
2.433553,0.126186
2.424295,0.117483
2.415291,0.108781
2.406536,0.100078
2.398026,0.091376
2.389757,0.082673
2.381726,0.073971
2.373929,0.065269
2.366363,0.056566
2.359024,0.047864
2.351908,0.039161
2.345014,0.030459
2.338337,0.021756
2.331875,0.013054
2.325626,0.004351
2.319586,-0.004351
2.313753,-0.013054
2.308125,-0.021756
2.302699,-0.030459
2.297472,-0.039161
2.292444,-0.047864
2.287612,-0.056566
2.282974,-0.065269
2.278527,-0.073971
2.274270,-0.082674
2.270202,-0.091376
2.266321,-0.100078
2.262625,-0.108781
2.259113,-0.117483
2.255783,-0.126186
2.252635,-0.134888
2.249666,-0.143591
2.246876,-0.152293
2.244263,-0.160996
2.241827,-0.169698
2.239567,-0.178401
2.237481,-0.187103
2.235570,-0.195806
2.233832,-0.204508
2.232266,-0.213211
2.230872,-0.221913
2.229650,-0.230616
2.228599,-0.239318
2.227718,-0.248021
2.227007,-0.256723
2.226466,-0.265425
2.226096,-0.274128
2.225894,-0.282830
2.225863,-0.291533
2.246002,-0.300235
2.246312,-0.308938
2.246793,-0.317640
2.287474,-0.326343
2.288313,-0.335045
2.349418,-0.343748
2.390721,-0.352450
2.432251,-0.361153
2.433887,-0.369855
2.455793,-0.378558
2.658800,-0.387260
2.721550,-0.395963
7.742690,-0.813681
7.609514,-0.822384
7.502595,-0.831086
7.398648,-0.839789
7.297524,-0.848491
7.199088,-0.857194
7.103209,-0.865896
7.009765,-0.874599
6.918638,-0.883301
6.829721,-0.892003
6.742908,-0.900706
6.658103,-0.909408
6.575209,-0.918111
6.494138,-0.926813
6.439901,-0.935516
6.362394,-0.944218
6.286472,-0.952921
6.212060,-0.961623
6.139088,-0.970326
6.093465,-0.979028
6.023362,-0.987731
5.954507,-0.996433
5.886842,-1.005136
5.847076,-1.013838
5.781826,-1.022541
5.717603,-1.031243
5.681769,-1.039946
5.619669,-1.048648
5.558449,-1.057350
5.526175,-1.066053
5.489775,-1.074755
5.442744,-1.083458
5.396920,-1.092160
5.352265,-1.100863
5.308745,-1.109565
5.266324,-1.118268
5.224970,-1.126970
5.184653,-1.135673
5.145341,-1.144375
5.107008,-1.153078
5.069624,-1.161780
5.033165,-1.170483
4.997604,-1.179185
4.962917,-1.187888
4.929081,-1.196590
4.896074,-1.205293
4.863874,-1.213995
4.832460,-1.222697
4.801813,-1.231400
4.771913,-1.240102
4.742743,-1.248805
4.714283,-1.257507
4.686518,-1.266210
4.659430,-1.274912
4.633005,-1.283615
4.607226,-1.292317
4.582080,-1.301020
4.557553,-1.309722
4.533629,-1.318425
4.510298,-1.327127
4.487545,-1.335830
4.465359,-1.344532
4.443727,-1.353235
4.422640,-1.361937
4.402086,-1.370639
4.382054,-1.379342
4.362534,-1.388044
4.343516,-1.396747
4.324992,-1.405449
4.306952,-1.414152
4.289386,-1.422854
4.272287,-1.431557
4.255648,-1.440259
4.239458,-1.448962
4.223712,-1.457664
4.208402,-1.466367
4.193520,-1.475069
4.179060,-1.483772
4.165017,-1.492474
4.151381,-1.501177
4.138150,-1.509879
4.125315,-1.518582
4.112872,-1.527284
4.100815,-1.535986
4.089140,-1.544689
4.077840,-1.553391
4.066911,-1.562094
4.056349,-1.570796
