scan.pos:0.118297,7.193807,0.3352500.847163,1.562094
0.844627,1.553391
0.842171,1.544689
0.839792,1.535986
0.837490,1.527284
0.835265,1.518581
0.833114,1.509879
0.831038,1.501177
0.829034,1.492474
0.827104,1.483772
0.825245,1.475069
0.823457,1.466367
0.821739,1.457664
0.820090,1.448962
0.818511,1.440259
0.816999,1.431557
0.815555,1.422854
0.814178,1.414152
0.812868,1.405449
0.811623,1.396747
0.810444,1.388044
0.809330,1.379342
0.808281,1.370639
0.807295,1.361937
0.806373,1.353234
0.805515,1.344532
0.804720,1.335830
0.803987,1.327127
0.803317,1.318425
0.802709,1.309722
0.802163,1.301020
0.801679,1.292317
0.801256,1.283615
0.800895,1.274912
0.800595,1.266210
0.800356,1.257507
0.800178,1.248805
0.800061,1.240102
0.800005,1.231400
0.800010,1.222697
0.800076,1.213995
0.800203,1.205292
0.800391,1.196590
0.800640,1.187888
0.800950,1.179185
0.801322,1.170483
0.801755,1.161780
0.802249,1.153078
0.802806,1.144375
0.803424,1.135673
0.804105,1.126970
0.804848,1.118268
0.805653,1.109565
0.806522,1.100863
0.807455,1.092160
0.808451,1.083458
0.809511,1.074755
0.810636,1.066053
0.811826,1.057350
0.813081,1.048648
0.814403,1.039945
0.815791,1.031243
0.817246,1.022541
0.818769,1.013838
0.820360,1.005136
0.822020,0.996433
0.823749,0.987731
0.825549,0.979028
0.827420,0.970326
0.829363,0.961623
0.831378,0.952921
0.833467,0.944218
0.835630,0.935516
0.837868,0.926813
0.840182,0.918111
0.842574,0.909408
0.845044,0.900706
0.847593,0.892003
0.850222,0.883301
0.852933,0.874598
0.855727,0.865896
0.858604,0.857194
0.861567,0.848491
0.864617,0.839789
0.867754,0.831086
0.870981,0.822384
0.874299,0.813681
0.877709,0.804979
0.881213,0.796276
0.884814,0.787574
0.888511,0.778871
0.892308,0.770169
0.896206,0.761466
0.900207,0.752764
0.904313,0.744061
0.908526,0.735359
0.912849,0.726656
0.917283,0.717954
0.921831,0.709251
0.926495,0.700549
0.931278,0.691847
0.936182,0.683144
0.941210,0.674442
0.946364,0.665739
0.951649,0.657037
0.957066,0.648334
0.962619,0.639632
0.968311,0.630929
0.974145,0.622227
0.980125,0.613524
0.986254,0.604822
0.992537,0.596119
0.998977,0.587417
1.005578,0.578714
1.012344,0.570012
1.019281,0.561309
1.026391,0.552607
1.033681,0.543905
1.041155,0.535202
1.048818,0.526500
1.056676,0.517797
1.064735,0.509095
1.072999,0.500392
1.081476,0.491690
1.090171,0.482987
1.099092,0.474285
1.108245,0.465582
1.117638,0.456880
1.127278,0.448177
1.125657,0.439475
1.143960,0.430772
1.134374,0.422070
1.152472,0.413367
1.170363,0.404665
1.170272,0.395962
1.161288,0.387260
1.182891,0.378558
1.201051,0.369855
1.197648,0.361153
1.216191,0.352450
1.234586,0.343748
1.233563,0.335045
1.252396,0.326343
1.278528,0.317640
1.297673,0.308938
1.291776,0.300235
1.319970,0.291533
1.339581,0.282830
1.334652,0.274128
1.365092,0.265425
1.385285,0.256723
1.405453,0.248020
1.414315,0.239318
1.435227,0.230615
1.456155,0.221913
1.468145,0.213211
1.489937,0.204508
1.511795,0.195806
1.550337,0.187103
1.573088,0.178401
1.595964,0.169698
1.618982,0.160996
1.639079,0.152293
1.685933,0.143591
1.710310,0.134888
1.734647,0.126186
1.760505,0.117483
1.786674,0.108781
1.815928,0.100078
1.865882,0.091376
1.894161,0.082673
1.944749,0.073971
1.981141,0.065269
2.012064,0.056566
2.043617,0.047864
2.097377,0.039161
2.142648,0.030459
2.199132,0.021756
2.256395,0.013054
2.310090,0.004351
2.370839,-0.004351
2.411591,-0.013054
2.495804,-0.021756
2.563023,-0.030459
2.630987,-0.039161
2.700700,-0.047864
2.793169,-0.056566
2.878430,-0.065269
2.977749,-0.073971
3.059063,-0.082674
3.164088,-0.091376
3.295088,-0.100078
3.410463,-0.108781
3.550800,-0.117483
3.675630,-0.126186
3.823022,-0.134888
4.005309,-0.143591
4.195282,-0.152293
4.394123,-0.160996
4.623540,-0.169698
4.848057,-0.178401
5.151263,-0.187103
5.431498,-0.195806
5.813482,-0.204508
6.198677,-0.213211
6.689213,-0.221913
7.200042,-0.230616
6.970423,-1.057350
6.889647,-1.066053
6.602044,-1.074755
6.452935,-1.083458
6.122492,-1.092160
1.617112,-1.100863
1.538378,-1.109565
1.544304,-1.118268
1.539065,-1.126970
1.525941,-1.135673
1.513154,-1.144375
1.500693,-1.153078
1.488548,-1.161780
1.476709,-1.170483
1.384797,-1.179185
1.374162,-1.187888
1.311025,-1.196590
1.301304,-1.205293
1.291824,-1.213995
1.282577,-1.222697
1.273559,-1.231400
1.264762,-1.240102
1.256181,-1.248805
1.247810,-1.257507
1.239644,-1.266210
1.206890,-1.274912
1.199273,-1.283615
1.191843,-1.292317
1.184593,-1.301020
1.177521,-1.309722
1.105938,-1.318425
1.099579,-1.327127
1.093375,-1.335830
1.087323,-1.344532
1.081419,-1.353235
1.075661,-1.361937
1.070045,-1.370639
1.064567,-1.379342
1.059226,-1.388044
1.054018,-1.396747
1.048940,-1.405449
0.998600,-1.414152
0.993985,-1.422854
0.989488,-1.431557
0.985105,-1.440259
0.980836,-1.448962
0.976678,-1.457664
0.972629,-1.466367
0.968686,-1.475069
0.964849,-1.483772
0.961115,-1.492474
0.957482,-1.501177
0.953949,-1.509879
0.950514,-1.518582
0.947175,-1.527284
0.943932,-1.535986
0.940782,-1.544689
0.937724,-1.553391
0.934757,-1.562094
0.931880,-1.570796
