scan.pos:-2.005601,5.142996,1.6352506.006872,1.562094
6.003719,1.553391
6.001026,1.544689
5.998792,1.535986
5.997016,1.527284
5.995698,1.518581
5.994837,1.509879
5.994433,1.501177
5.994485,1.492474
5.994994,1.483772
5.995959,1.475069
5.997382,1.466367
5.999262,1.457664
6.001600,1.448962
6.004398,1.440259
6.007656,1.431557
6.011376,1.422854
6.015558,1.414152
6.020206,1.405449
6.025320,1.396747
6.030901,1.388044
6.036954,1.379342
6.043479,1.370639
6.050480,1.361937
6.057959,1.353234
6.065919,1.344532
6.074363,1.335830
6.083295,1.327127
6.092717,1.318425
6.102634,1.309722
6.113050,1.301020
6.123969,1.292317
6.135395,1.283615
6.147332,1.274912
6.159786,1.266210
6.172762,1.257507
6.186265,1.248805
6.200299,1.240102
6.214872,1.231400
6.229990,1.222697
6.245658,1.213995
6.261883,1.205292
6.278672,1.196590
3.823718,1.187888
3.729597,1.179185
3.638718,1.170483
3.528761,1.161780
3.441422,1.153078
3.376758,1.144375
3.278552,1.135673
3.217841,1.126970
3.158227,1.118268
3.090166,1.109565
3.012042,1.100863
2.956340,1.092160
2.895548,1.083458
2.842386,1.074755
2.789804,1.066053
2.737748,1.057350
2.684660,1.048648
2.634515,1.039945
2.584730,1.031243
2.559644,1.022541
2.548716,1.013838
2.469733,1.005136
2.458666,0.996433
2.424745,0.987731
2.367626,0.979028
2.356447,0.970326
2.275476,0.961623
2.264058,0.952921
2.252691,0.944218
2.194046,0.935516
2.182510,0.926813
2.171010,0.918111
2.111404,0.909408
2.099684,0.900706
2.063625,0.892003
2.051793,0.883301
2.064632,0.874598
2.052973,0.865896
2.041321,0.857194
2.004528,0.848491
1.992710,0.839789
1.955396,0.831086
1.943379,0.822384
1.931342,0.813681
1.945314,0.804979
1.907187,0.796276
1.921484,0.787574
1.909521,0.778871
1.924351,0.770169
1.939562,0.761466
1.927904,0.752764
1.916204,0.744061
1.932171,0.735359
1.892659,0.726656
1.908992,0.717954
1.914843,0.709251
1.942168,0.700549
1.932092,0.691847
1.916189,0.683144
1.900689,0.674442
1.912576,0.665739
1.924420,0.657037
1.909649,0.648334
1.974379,0.639632
1.959748,0.630929
1.945478,0.622227
1.957367,0.613524
1.994860,0.604822
1.981089,0.596119
2.043480,0.587417
2.029870,0.578714
2.041535,0.570012
2.102768,0.561309
2.114131,0.552607
2.149987,0.543905
2.161241,0.535202
2.172524,0.526500
2.159801,0.517797
2.171289,0.509095
2.182810,0.500392
2.194368,0.491690
2.182461,0.482987
2.194227,0.474285
2.182777,0.465582
2.217889,0.456880
2.252815,0.448177
2.241745,0.439475
2.253752,0.430772
2.265816,0.422070
2.345701,0.413367
2.357580,0.404665
2.391918,0.395962
2.448425,0.387260
2.482441,0.378558
2.516361,0.369855
2.553797,0.361153
2.603990,0.352450
2.704410,0.343748
2.713056,0.335045
2.765982,0.326343
2.807712,0.317640
2.884925,0.308938
2.941377,0.300235
3.033968,0.291533
3.029821,0.282830
3.027240,0.274128
3.005134,0.265425
3.005082,0.256723
2.988614,0.248020
2.995329,0.239318
2.988181,0.230615
2.980807,0.221913
2.955402,0.213211
2.953890,0.204508
2.949059,0.195806
2.936413,0.187103
2.927912,0.178401
2.926097,0.169698
2.930441,0.160996
2.908072,0.152293
2.902478,0.143591
2.897125,0.134888
2.892012,0.126186
2.887137,0.117483
2.882497,0.108781
2.878090,0.100078
2.873916,0.091376
2.869972,0.082673
2.866257,0.073971
2.862769,0.065269
2.859508,0.056566
2.856470,0.047864
2.853657,0.039161
2.851066,0.030459
2.848696,0.021756
2.846547,0.013054
2.844617,0.004351
2.842907,-0.004351
2.841414,-0.013054
2.840140,-0.021756
2.839083,-0.030459
2.838243,-0.039161
2.837619,-0.047864
2.837211,-0.056566
2.837020,-0.065269
2.837044,-0.073971
2.837285,-0.082674
2.837742,-0.091376
2.838415,-0.100078
2.839305,-0.108781
2.840412,-0.117483
2.841736,-0.126186
2.843278,-0.134888
2.845038,-0.143591
2.847018,-0.152293
2.849217,-0.160996
2.851638,-0.169698
2.854280,-0.178401
2.857144,-0.187103
2.860232,-0.195806
2.863546,-0.204508
2.867085,-0.213211
2.870852,-0.221913
2.874849,-0.230616
2.879076,-0.239318
2.883535,-0.248021
2.888229,-0.256723
2.893159,-0.265425
2.898326,-0.274128
2.903734,-0.282830
2.909383,-0.291533
2.915277,-0.300235
2.921419,-0.308938
2.927809,-0.317640
2.934451,-0.326343
2.941349,-0.335045
2.948503,-0.343748
2.955918,-0.352450
2.963597,-0.361153
2.971543,-0.369855
2.979759,-0.378558
2.988249,-0.387260
2.997016,-0.395963
3.006064,-0.404665
3.015398,-0.413367
3.025021,-0.422070
3.034937,-0.430772
3.045151,-0.439475
3.055667,-0.448177
3.066491,-0.456880
3.077627,-0.465582
3.089080,-0.474285
3.100856,-0.482987
3.112960,-0.491690
3.125398,-0.500392
3.138175,-0.509095
3.151298,-0.517797
3.164774,-0.526500
3.178608,-0.535202
3.192808,-0.543905
3.207381,-0.552607
3.222334,-0.561310
3.237675,-0.570012
3.253412,-0.578714
3.269552,-0.587417
3.286105,-0.596119
3.303079,-0.604822
3.320484,-0.613524
3.338328,-0.622227
3.356623,-0.630929
3.375377,-0.639632
3.394603,-0.648334
3.414310,-0.657037
3.434510,-0.665739
3.455215,-0.674442
3.476438,-0.683144
3.498191,-0.691847
3.520488,-0.700549
3.543343,-0.709252
3.566770,-0.717954
3.590783,-0.726657
3.615400,-0.735359
3.640635,-0.744061
3.666507,-0.752764
3.693032,-0.761466
3.720229,-0.770169
3.748117,-0.778871
3.776716,-0.787574
3.806047,-0.796276
3.836132,-0.804979
3.866993,-0.813681
1.366616,-0.822384
1.291155,-0.831086
1.269799,-0.839789
1.277619,-0.848491
1.273904,-0.857194
1.263048,-0.865896
1.252470,-0.874599
1.242161,-0.883301
1.232113,-0.892003
1.222319,-0.900706
1.212772,-0.909408
1.203463,-0.918111
1.186999,-0.926813
1.178202,-0.935516
1.169623,-0.944218
1.161257,-0.952921
1.153096,-0.961623
1.145135,-0.970326
1.137370,-0.979028
1.129795,-0.987731
1.122405,-0.996433
1.115196,-1.005136
1.108162,-1.013838
1.101300,-1.022541
1.118930,-1.031243
1.112253,-1.039946
1.129777,-1.048648
1.123284,-1.057350
1.116950,-1.066053
1.110771,-1.074755
1.104744,-1.083458
1.098865,-1.092160
1.116389,-1.100863
1.110678,-1.109565
1.105109,-1.118268
1.099679,-1.126970
1.094384,-1.135673
1.089224,-1.144375
1.061606,-1.153078
1.056806,-1.161780
1.052129,-1.170483
1.047572,-1.179185
1.043134,-1.187888
1.038812,-1.196590
1.034604,-1.205293
1.030509,-1.213995
1.026523,-1.222697
1.022646,-1.231400
1.018875,-1.240102
1.015210,-1.248805
1.011647,-1.257507
0.965284,-1.266210
0.962065,-1.274912
0.958941,-1.283615
0.955909,-1.292317
0.952969,-1.301020
0.950119,-1.309722
0.947358,-1.318425
0.944685,-1.327127
0.942098,-1.335830
0.939596,-1.344532
0.937180,-1.353235
0.934846,-1.361937
0.932595,-1.370639
0.930426,-1.379342
0.928337,-1.388044
0.926328,-1.396747
0.924398,-1.405449
0.922545,-1.414152
0.920771,-1.422854
0.919073,-1.431557
0.917451,-1.440259
0.915904,-1.448962
0.914432,-1.457664
0.913034,-1.466367
0.911710,-1.475069
0.910459,-1.483772
0.909280,-1.492474
0.908174,-1.501177
0.907139,-1.509879
0.906176,-1.518582
0.905283,-1.527284
0.904461,-1.535986
0.903709,-1.544689
0.903027,-1.553391
0.902415,-1.562094
0.901873,-1.570796
