scan.pos:-2.194917,-2.082918,1.7352501.667582,1.562094
1.665234,1.553391
1.663019,1.544689
1.660936,1.535986
1.658984,1.527284
1.657164,1.518581
1.655473,1.509879
1.653911,1.501177
1.652478,1.492474
1.651173,1.483772
1.649996,1.475069
1.648946,1.466367
1.648022,1.457664
1.647225,1.448962
1.646554,1.440259
1.646009,1.431557
1.645590,1.422854
1.645296,1.414152
1.645128,1.405449
1.645085,1.396747
1.645167,1.388044
1.645374,1.379342
1.645707,1.370639
1.646165,1.361937
1.646749,1.353234
1.647459,1.344532
1.648295,1.335830
1.649258,1.327127
1.650347,1.318425
1.651564,1.309722
1.652908,1.301020
1.654381,1.292317
1.655983,1.283615
1.657714,1.274912
1.659575,1.266210
1.661567,1.257507
1.663691,1.248805
1.665948,1.240102
1.668337,1.231400
1.670861,1.222697
1.673520,1.213995
1.676316,1.205292
1.679249,1.196590
1.682320,1.187888
1.685532,1.179185
1.688884,1.170483
1.692379,1.161780
1.696018,1.153078
1.699803,1.144375
1.703734,1.135673
1.707814,1.126970
1.712044,1.118268
1.716427,1.109565
1.720963,1.100863
1.725655,1.092160
1.730505,1.083458
1.735514,1.074755
1.740686,1.066053
1.746022,1.057350
1.751525,1.048648
1.757196,1.039945
1.763039,1.031243
1.769057,1.022541
1.775251,1.013838
1.781625,1.005136
1.788181,0.996433
1.794923,0.987731
1.801854,0.979028
1.808977,0.970326
1.816296,0.961623
1.823813,0.952921
1.831532,0.944218
1.839458,0.935516
1.847595,0.926813
1.855945,0.918111
1.864514,0.909408
1.873306,0.900706
1.882325,0.892003
1.891576,0.883301
1.901065,0.874598
1.910794,0.865896
1.920771,0.857194
1.977953,0.848491
1.988696,0.839789
1.999709,0.831086
2.082604,0.822384
2.094589,0.813681
2.179314,0.804979
7.050486,0.796276
7.093422,0.787574
7.137433,0.778871
7.182542,0.770169
7.228780,0.761466
7.276175,0.752764
7.324756,0.744061
7.374556,0.735359
7.425607,0.726656
7.477943,0.717954
7.531600,0.709251
7.586615,0.700549
7.643025,0.691847
7.700872,0.683144
7.760196,0.674442
5.036348,0.361153
5.010861,0.352450
4.871201,0.343748
4.847528,0.335045
4.824449,0.326343
4.801953,0.317640
4.780028,0.308938
4.758663,0.300235
4.737848,0.291533
4.717571,0.282830
4.697824,0.274128
4.678596,0.265425
4.659878,0.256723
4.641661,0.248020
4.623937,0.239318
4.606698,0.230615
4.589934,0.221913
4.573639,0.213211
4.557806,0.204508
4.542426,0.195806
4.527493,0.187103
4.513001,0.178401
4.498943,0.169698
4.506456,0.160996
4.493185,0.152293
4.480332,0.143591
4.467893,0.134888
4.476765,0.126186
4.485930,0.117483
4.474592,0.108781
4.505144,0.100078
4.494495,0.091376
4.484237,0.082673
4.474366,0.073971
4.464877,0.065269
4.455768,0.056566
4.447032,0.047864
4.459110,0.039161
4.451078,0.030459
4.484151,0.021756
4.537789,0.013054
4.591600,0.004351
4.665870,-0.004351
4.740280,-0.013054
4.956373,-0.021756
5.192478,-0.030459
5.650265,-0.039161
5.966413,-0.047864
7.291699,-0.317640
6.881529,-0.326343
6.432579,-0.335045
6.117296,-0.343748
6.065994,-0.352450
6.055748,-0.361153
6.066343,-0.369855
6.077439,-0.378558
6.048057,-0.387260
6.060087,-0.395963
6.072628,-0.404665
6.085686,-0.413367
6.099265,-0.422070
6.113372,-0.430772
6.128012,-0.439475
6.143191,-0.448177
6.158916,-0.456880
6.175192,-0.465582
6.192028,-0.474285
6.209430,-0.482987
6.227406,-0.491690
3.823700,-0.500392
3.652673,-0.509095
3.568698,-0.517797
3.486933,-0.526500
3.471505,-0.535202
3.372363,-0.543905
3.317971,-0.552607
3.200352,-0.561310
3.090211,-0.570012
3.077568,-0.578714
3.007279,-0.587417
2.938146,-0.596119
2.892157,-0.604822
2.847328,-0.613524
2.781320,-0.622227
2.649048,-0.630929
2.606786,-0.639632
2.565408,-0.648334
2.524857,-0.657037
2.485081,-0.665739
2.446032,-0.674442
2.407663,-0.683144
2.393042,-0.691847
2.402482,-0.700549
2.366263,-0.709252
2.351029,-0.717954
2.340194,-0.726657
2.308099,-0.735359
2.342571,-0.744061
2.308041,-0.752764
2.297432,-0.761466
2.286873,-0.770169
2.276361,-0.778871
2.290484,-0.787574
2.255469,-0.796276
2.269989,-0.804979
2.284872,-0.813681
2.274892,-0.822384
2.290359,-0.831086
2.280631,-0.839789
2.270941,-0.848491
2.287236,-0.857194
2.303943,-0.865896
2.321074,-0.874599
2.338641,-0.883301
2.356657,-0.892003
2.375135,-0.900706
2.394089,-0.909408
2.413533,-0.918111
2.433482,-0.926813
2.453952,-0.935516
2.474960,-0.944218
2.494380,-0.952921
2.502689,-0.961623
2.539343,-0.970326
2.548586,-0.979028
2.585741,-0.987731
2.598531,-0.996433
2.609892,-1.005136
2.648566,-1.013838
2.687487,-1.022541
2.700414,-1.031243
2.719118,-1.039946
2.759852,-1.048648
2.800949,-1.057350
2.816912,-1.066053
2.808298,-1.074755
2.851190,-1.083458
2.877825,-1.092160
2.922440,-1.100863
2.942922,-1.109565
2.988858,-1.118268
3.035436,-1.126970
3.058454,-1.135673
3.094223,-1.144375
3.133019,-1.153078
3.194380,-1.161780
3.222066,-1.170483
3.274515,-1.179185
3.327961,-1.187888
3.374756,-1.196590
3.431198,-1.205293
3.465770,-1.213995
3.524812,-1.222697
3.585209,-1.231400
3.647045,-1.240102
3.710408,-1.248805
3.773756,-1.257507
3.785153,-1.266210
3.888589,-1.274912
3.960170,-1.283615
4.033848,-1.292317
4.109762,-1.301020
4.188057,-1.309722
4.247013,-1.318425
4.228385,-1.327127
4.207943,-1.335830
4.235107,-1.344532
4.265248,-1.353235
4.321315,-1.361937
4.338690,-1.370639
4.403440,-1.379342
4.409088,-1.388044
4.448046,-1.396747
4.476855,-1.405449
4.484752,-1.414152
4.534983,-1.422854
4.543354,-1.431557
4.593833,-1.440259
4.623544,-1.448962
4.632655,-1.457664
4.725061,-1.466367
4.775987,-1.475069
4.806388,-1.483772
4.816413,-1.492474
4.950131,-1.501177
4.940031,-1.509879
5.053224,-1.518582
5.105043,-1.527284
5.136656,-1.535986
5.229656,-1.544689
7.409899,-1.553391
7.655727,-1.562094
