scan.pos:2.106614,6.590888,-3.0647504.905364,1.562094
4.902256,1.553391
4.899526,1.544689
4.897171,1.535986
4.855157,1.527284
4.853564,1.518581
4.852343,1.509879
4.851490,1.501177
4.851008,1.492474
4.850895,1.483772
4.851152,1.475069
4.851778,1.466367
4.852774,1.457664
4.854140,1.448962
4.855876,1.440259
4.857985,1.431557
4.860465,1.422854
4.863318,1.414152
4.866545,1.405449
4.870148,1.396747
4.874127,1.388044
4.878486,1.379342
4.863090,1.370639
4.868189,1.361937
4.873670,1.353234
4.879535,1.344532
4.885787,1.335830
4.892428,1.327127
4.899461,1.318425
4.906888,1.309722
4.914712,1.301020
4.922937,1.292317
4.931566,1.283615
4.940602,1.274912
4.950049,1.266210
4.918843,1.257507
4.929038,1.248805
2.680734,1.240102
2.604055,1.231400
2.506512,1.222697
2.429464,1.213995
2.352225,1.205292
2.274776,1.196590
2.218021,1.187888
2.161129,1.179185
2.104088,1.170483
2.046880,1.161780
2.031822,1.153078
2.038057,1.144375
2.001894,1.135673
1.965651,1.126970
1.929321,1.118268
1.935912,1.109565
1.942697,1.100863
1.906353,1.092160
1.869890,1.083458
1.811472,1.074755
1.796564,1.066053
1.803672,1.057350
1.766805,1.048648
1.729771,1.039945
1.714829,1.031243
1.677522,1.022541
1.640017,1.013838
1.624868,1.005136
1.587032,0.996433
1.571743,0.987731
1.533539,0.979028
1.518081,0.970326
1.502585,0.961623
1.487047,0.952921
1.448104,0.944218
1.432342,0.935516
1.416518,0.926813
1.400630,0.918111
1.384670,0.909408
1.368633,0.900706
1.328362,0.892003
1.312011,0.883301
1.320007,0.874598
1.180625,0.865896
1.163340,0.857194
1.170834,0.848491
1.153442,0.839789
1.135906,0.831086
1.118220,0.822384
1.100377,0.813681
1.082367,0.804979
1.090139,0.796276
1.071962,0.787574
1.053598,0.778871
1.061578,0.770169
1.043018,0.761466
1.024248,0.752764
1.032427,0.744061
1.013428,0.735359
0.994194,0.726656
1.002562,0.717954
0.983063,0.709251
0.975558,0.700549
0.967947,0.691847
0.988310,0.683144
0.980894,0.674442
1.000992,0.665739
0.993772,0.657037
0.986756,0.648334
0.983517,0.639632
0.977401,0.630929
0.971478,0.622227
0.965744,0.613524
0.986079,0.604822
0.980529,0.596119
0.975162,0.587417
0.951836,0.578714
0.947536,0.570012
0.968423,0.561309
0.989160,0.552607
0.985068,0.543905
0.981155,0.535202
0.977419,0.526500
0.973860,0.517797
0.958140,0.509095
0.979640,0.500392
0.977231,0.491690
0.975008,0.482987
0.996532,0.474285
0.994560,0.465582
1.016091,0.456880
1.037576,0.448177
1.029931,0.439475
1.029365,0.430772
1.029025,0.422070
1.028915,0.413367
1.029040,0.404665
1.051934,0.395962
1.074874,0.387260
1.075546,0.378558
1.098718,0.369855
1.121980,0.361153
1.148745,0.352450
1.151363,0.343748
1.154329,0.335045
1.157659,0.326343
1.139657,0.317640
1.165476,0.308938
1.170002,0.300235
1.153486,0.291533
1.180398,0.282830
1.207658,0.274128
1.208971,0.265425
1.196349,0.256723
1.205661,0.248020
1.215683,0.239318
1.247486,0.230615
1.279994,0.221913
1.313280,0.213211
1.326574,0.204508
1.320124,0.195806
1.356412,0.187103
1.414550,0.178401
1.431607,0.169698
1.449064,0.160996
1.445996,0.152293
1.442392,0.143591
1.491883,0.134888
1.564364,0.126186
1.558054,0.117483
1.555253,0.108781
1.556427,0.100078
1.643351,0.091376
1.714985,0.082673
1.820536,0.073971
1.927303,0.065269
1.965278,0.056566
2.187436,0.047864
2.333694,0.039161
2.536891,0.030459
2.740849,0.021756
5.791706,-0.039161
5.569685,-0.047864
5.508265,-0.056566
5.467292,-0.065269
5.406747,-0.073971
5.386621,-0.082674
5.386906,-0.091376
5.347594,-0.100078
5.348692,-0.108781
5.350197,-0.117483
5.352112,-0.126186
5.354435,-0.134888
5.357169,-0.143591
5.300159,-0.152293
5.263548,-0.160996
5.247365,-0.169698
5.231557,-0.178401
5.216121,-0.187103
5.221187,-0.195806
5.226661,-0.204508
5.232545,-0.213211
5.238842,-0.221913
5.245555,-0.230616
5.252685,-0.239318
5.260236,-0.248021
5.268209,-0.256723
5.276610,-0.265425
5.285441,-0.274128
5.294705,-0.282830
5.304407,-0.291533
5.314549,-0.300235
5.325137,-0.308938
5.347295,-0.317640
5.358932,-0.326343
5.402793,-0.335045
5.297636,-0.343748
5.135668,-0.352450
4.981394,-0.361153
4.834101,-0.369855
4.693158,-0.378558
4.578986,-0.387260
4.449183,-0.395963
4.324226,-0.404665
4.224878,-0.413367
4.108514,-0.422070
4.017204,-0.430772
3.915376,-0.439475
3.832434,-0.448177
3.752534,-0.456880
3.675461,-0.465582
3.601019,-0.474285
3.529031,-0.482987
3.437506,-0.491690
3.369859,-0.500392
3.304208,-0.509095
3.262509,-0.517797
3.198625,-0.526500
3.139333,-0.535202
3.081551,-0.543905
3.025184,-0.552607
2.970144,-0.561310
2.939022,-0.570012
2.886503,-0.578714
2.835085,-0.587417
2.784698,-0.596119
2.758396,-0.604822
2.717181,-0.613524
2.670456,-0.622227
2.624518,-0.630929
2.602926,-0.639632
2.558545,-0.648334
2.538685,-0.657037
2.495694,-0.665739
2.453269,-0.674442
2.424740,-0.683144
2.408509,-0.691847
2.368432,-0.700549
2.353522,-0.709252
2.314402,-0.717954
2.275635,-0.726657
2.262434,-0.735359
2.224454,-0.744061
2.205863,-0.752764
2.194866,-0.761466
2.158493,-0.770169
2.148452,-0.778871
2.112621,-0.787574
2.103470,-0.796276
2.068097,-0.804979
2.056893,-0.813681
2.049567,-0.822384
2.015340,-0.831086
2.008759,-0.839789
1.974799,-0.848491
1.968913,-0.857194
1.961175,-0.865896
1.944339,-0.874599
1.927936,-0.883301
1.911951,-0.892003
1.896372,-0.900706
1.881187,-0.909408
1.866385,-0.918111
1.851954,-0.926813
1.837882,-0.935516
1.824161,-0.944218
1.810781,-0.952921
1.797731,-0.961623
1.785002,-0.970326
1.772587,-0.979028
1.760476,-0.987731
1.748662,-0.996433
1.737137,-1.005136
1.725894,-1.013838
1.714924,-1.022541
1.704223,-1.031243
1.693782,-1.039946
1.683596,-1.048648
1.673658,-1.057350
1.663963,-1.066053
1.654505,-1.074755
1.645278,-1.083458
1.636278,-1.092160
1.627499,-1.100863
1.618936,-1.109565
1.610584,-1.118268
1.602440,-1.126970
1.594499,-1.135673
1.586756,-1.144375
1.579208,-1.153078
1.571850,-1.161780
1.564679,-1.170483
1.557692,-1.179185
1.550884,-1.187888
1.544252,-1.196590
1.537794,-1.205293
1.531505,-1.213995
1.525384,-1.222697
1.519426,-1.231400
1.513630,-1.240102
1.507992,-1.248805
1.502510,-1.257507
1.497181,-1.266210
1.492003,-1.274912
1.486974,-1.283615
1.482090,-1.292317
1.477351,-1.301020
1.472754,-1.309722
1.468297,-1.318425
1.463979,-1.327127
1.459796,-1.335830
1.455747,-1.344532
1.451832,-1.353235
1.448047,-1.361937
1.444391,-1.370639
1.440864,-1.379342
1.437463,-1.388044
1.434187,-1.396747
1.431034,-1.405449
1.428004,-1.414152
1.425095,-1.422854
1.422306,-1.431557
1.419635,-1.440259
1.417083,-1.448962
1.414647,-1.457664
1.412327,-1.466367
1.410121,-1.475069
1.408030,-1.483772
1.406051,-1.492474
1.404185,-1.501177
1.402431,-1.509879
1.400787,-1.518582
1.399254,-1.527284
1.397831,-1.535986
1.396516,-1.544689
1.395311,-1.553391
1.394213,-1.562094
1.393223,-1.570796
