scan.pos:-4.929523,5.489945,2.9684357.700831,1.327127
7.553845,1.318425
7.412284,1.309722
7.272458,1.301020
7.141826,1.292317
6.993426,1.283615
6.893708,1.274912
6.753286,1.266210
6.640569,1.257507
6.530667,1.248805
6.424077,1.240102
6.320615,1.231400
6.243076,1.222697
6.128473,1.213995
6.034260,1.205292
5.965861,1.196590
5.876643,1.187888
5.798976,1.179185
5.714924,1.170483
5.632888,1.161780
5.552766,1.153078
5.474462,1.144375
5.410993,1.135673
5.336792,1.126970
5.288683,1.118268
5.217659,1.109565
5.164061,1.100863
5.096488,1.092160
5.030174,1.083458
4.990410,1.074755
4.919947,1.066053
4.883454,1.057350
4.822456,1.048648
4.762427,1.039945
4.725012,1.031243
4.667473,1.022541
4.637425,1.013838
4.578631,1.005136
4.551219,0.996433
4.497619,0.987731
4.444669,0.979028
4.419030,0.970326
4.367989,0.961623
4.345728,0.952921
4.310739,0.944218
4.274148,0.935516
4.238492,0.926813
4.203744,0.918111
4.169876,0.909408
4.136862,0.900706
4.104677,0.892003
4.073297,0.883301
4.042698,0.874598
4.012859,0.865896
3.983758,0.857194
3.955376,0.848491
3.927691,0.839789
3.900687,0.831086
3.874345,0.822384
3.848647,0.813681
3.823577,0.804979
3.799119,0.796276
3.775258,0.787574
3.751978,0.778871
3.729266,0.770169
3.707108,0.761466
3.685490,0.752764
3.664401,0.744061
3.643828,0.735359
3.623759,0.726656
3.604182,0.717954
3.585088,0.709251
3.566465,0.700549
3.548303,0.691847
3.530593,0.683144
3.513325,0.674442
3.496490,0.665739
3.480079,0.657037
3.464084,0.648334
3.448497,0.639632
3.433310,0.630929
3.418516,0.622227
3.404106,0.613524
3.390074,0.604822
3.376414,0.596119
3.363119,0.587417
3.350182,0.578714
3.337597,0.570012
3.325358,0.561309
3.313461,0.552607
3.301899,0.543905
3.290667,0.535202
3.279760,0.526500
3.269173,0.517797
3.258902,0.509095
3.248942,0.500392
3.239289,0.491690
3.229938,0.482987
3.220885,0.474285
3.212127,0.465582
3.203659,0.456880
3.195479,0.448177
3.187583,0.439475
3.179967,0.430772
3.172628,0.422070
3.165564,0.413367
3.158772,0.404665
3.152247,0.395962
3.145989,0.387260
3.139995,0.378558
3.134261,0.369855
3.128786,0.361153
3.123568,0.352450
3.118604,0.343748
3.113892,0.335045
3.109432,0.326343
3.105220,0.317640
3.101255,0.308938
3.097536,0.300235
3.094061,0.291533
3.090830,0.282830
3.087840,0.274128
3.085090,0.265425
3.082580,0.256723
3.080308,0.248020
3.078274,0.239318
3.076477,0.230615
3.074916,0.221913
3.073590,0.213211
3.072499,0.204508
3.071643,0.195806
3.071022,0.187103
3.070634,0.178401
3.070480,0.169698
3.070560,0.160996
3.070874,0.152293
3.071422,0.143591
3.072204,0.134888
3.073221,0.126186
3.074472,0.117483
3.075959,0.108781
3.077682,0.100078
3.079641,0.091376
3.081838,0.082673
3.084273,0.073971
3.086947,0.065269
3.089861,0.056566
3.093016,0.047864
3.096414,0.039161
3.100056,0.030459
3.103943,0.021756
3.108077,0.013054
3.112459,0.004351
3.117091,-0.004351
3.121975,-0.013054
3.127113,-0.021756
3.132507,-0.030459
3.138159,-0.039161
3.144071,-0.047864
3.150246,-0.056566
3.156686,-0.065269
3.163394,-0.073971
3.170372,-0.082674
3.177624,-0.091376
3.185152,-0.100078
3.192959,-0.108781
3.201050,-0.117483
3.209426,-0.126186
3.218092,-0.134888
3.227051,-0.143591
3.236308,-0.152293
3.245866,-0.160996
3.255729,-0.169698
3.265902,-0.178401
3.276388,-0.187103
3.287194,-0.195806
3.298322,-0.204508
3.309780,-0.213211
3.321571,-0.221913
3.333701,-0.230616
3.346176,-0.239318
3.359002,-0.248021
3.372184,-0.256723
3.385728,-0.265425
3.399642,-0.274128
3.413932,-0.282830
3.428604,-0.291533
3.443667,-0.300235
3.459127,-0.308938
3.474992,-0.317640
3.491271,-0.326343
3.507971,-0.335045
3.525102,-0.343748
3.542671,-0.352450
3.560690,-0.361153
3.579166,-0.369855
3.598111,-0.378558
3.617534,-0.387260
3.637447,-0.395963
3.657860,-0.404665
3.678786,-0.413367
3.700235,-0.422070
3.722221,-0.430772
3.744757,-0.439475
3.767856,-0.448177
3.791533,-0.456880
3.815801,-0.465582
3.840677,-0.474285
3.866175,-0.482987
3.892312,-0.491690
3.919106,-0.500392
3.931184,-0.509095
3.887871,-0.517797
3.873266,-0.526500
3.813660,-0.535202
3.777581,-0.543905
3.740438,-0.552607
3.712869,-0.561310
3.684163,-0.570012
3.630538,-0.578714
3.607925,-0.587417
3.585595,-0.596119
3.537581,-0.604822
3.519632,-0.613524
3.495867,-0.622227
1.294650,-0.630929
1.283850,-0.639632
1.273325,-0.648334
1.222249,-0.657037
1.185626,-0.665739
1.176402,-0.674442
1.114344,-0.683144
1.105973,-0.691847
1.097810,-0.700549
1.089849,-0.709252
1.082084,-0.717954
1.074511,-0.726657
1.067123,-0.735359
1.059917,-0.744061
1.052886,-0.752764
1.046028,-0.761466
1.039337,-0.770169
1.032809,-0.778871
1.026440,-0.787574
1.020227,-0.796276
1.014165,-0.804979
1.008251,-0.813681
1.002482,-0.822384
0.996853,-0.831086
0.991363,-0.839789
0.986007,-0.848491
0.980784,-0.857194
0.975689,-0.865896
0.970720,-0.874599
0.965875,-0.883301
0.961151,-0.892003
0.956546,-0.900706
0.952056,-0.909408
0.947680,-0.918111
0.943416,-0.926813
0.939261,-0.935516
0.935214,-0.944218
0.931272,-0.952921
0.927433,-0.961623
0.923696,-0.970326
0.920059,-0.979028
0.916520,-0.987731
0.913077,-0.996433
0.909729,-1.005136
0.906474,-1.013838
0.903311,-1.022541
0.900238,-1.031243
0.897254,-1.039946
0.894358,-1.048648
0.891548,-1.057350
0.888823,-1.066053
0.886182,-1.074755
0.883624,-1.083458
0.881147,-1.092160
0.878751,-1.100863
0.876435,-1.109565
0.874197,-1.118268
0.872037,-1.126970
0.869953,-1.135673
0.867946,-1.144375
0.866013,-1.153078
0.864155,-1.161780
0.862370,-1.170483
0.860658,-1.179185
0.859018,-1.187888
0.857449,-1.196590
0.855952,-1.205293
0.854524,-1.213995
0.853166,-1.222697
0.851877,-1.231400
0.850657,-1.240102
0.849505,-1.248805
0.848420,-1.257507
0.847403,-1.266210
0.846452,-1.274912
0.845568,-1.283615
0.844750,-1.292317
0.843998,-1.301020
0.843311,-1.309722
0.842689,-1.318425
0.842133,-1.327127
0.841641,-1.335830
0.841214,-1.344532
0.840852,-1.353235
0.840553,-1.361937
0.840319,-1.370639
0.840149,-1.379342
0.840043,-1.388044
0.840001,-1.396747
0.840023,-1.405449
0.840109,-1.414152
0.840258,-1.422854
0.840472,-1.431557
0.840751,-1.440259
0.841093,-1.448962
0.841500,-1.457664
0.841971,-1.466367
0.842507,-1.475069
0.843108,-1.483772
0.843774,-1.492474
0.844506,-1.501177
0.845303,-1.509879
0.846166,-1.518582
0.847096,-1.527284
0.848092,-1.535986
0.849155,-1.544689
0.850286,-1.553391
0.851485,-1.562094
0.852752,-1.570796
