scan.pos:5.494455,4.872453,1.9184354.209362,1.448962
4.159738,1.440259
4.151587,1.431557
4.143782,1.422854
4.136321,1.414152
4.129200,1.405449
4.122417,1.396747
4.115970,1.388044
4.109856,1.379342
4.104071,1.370639
4.098615,1.361937
4.093484,1.353234
4.088677,1.344532
4.084192,1.335830
4.080027,1.327127
4.076181,1.318425
4.072652,1.309722
4.069438,1.301020
4.066540,1.292317
4.063954,1.283615
4.061681,1.274912
4.059720,1.266210
4.098105,1.257507
4.096751,1.248805
4.095710,1.240102
4.134986,1.231400
4.134565,1.222697
4.134459,1.213995
4.134668,1.205292
4.135192,1.196590
4.156039,1.187888
4.157199,1.179185
4.158676,1.170483
4.160472,1.161780
4.162586,1.153078
4.165020,1.144375
4.167774,1.135673
4.170849,1.126970
4.174248,1.118268
4.177970,1.109565
4.182017,1.100863
4.186392,1.092160
4.191095,1.083458
4.196129,1.074755
4.201495,1.066053
4.207196,1.057350
4.192951,1.048648
4.199296,1.039945
4.165290,1.031243
4.172251,1.022541
4.179554,1.013838
4.187202,1.005136
4.195198,0.996433
4.203545,0.987731
4.212247,0.979028
4.221307,0.970326
4.272061,0.961623
4.281944,0.952921
4.354491,0.944218
4.386095,0.935516
4.731210,0.926813
7.730864,0.804979
7.583788,0.796276
7.442101,0.787574
7.302460,0.778871
7.171634,0.770169
7.045252,0.761466
6.923057,0.752764
6.804806,0.744061
6.692212,0.735359
6.582115,0.726656
6.475318,0.717954
6.371643,0.709251
6.276402,0.700549
6.179317,0.691847
6.084865,0.683144
5.992909,0.674442
5.903319,0.665739
5.825528,0.657037
5.764826,0.648334
5.682534,0.639632
5.602155,0.630929
5.536198,0.622227
5.460104,0.613524
5.385643,0.604822
5.337324,0.596119
5.266043,0.587417
5.196165,0.578714
5.127620,0.570012
5.085577,0.561309
5.019669,0.552607
4.954903,0.543905
4.916986,0.535202
4.854515,0.526500
4.819159,0.517797
4.758780,0.509095
4.725810,0.500392
4.667337,0.491690
4.609649,0.482987
4.579860,0.474285
4.523820,0.465582
4.496043,0.456880
4.441498,0.448177
4.415607,0.439475
4.388478,0.430772
4.350785,0.422070
4.314059,0.413367
4.278271,0.404665
4.243393,0.395962
4.209397,0.387260
4.176256,0.378558
4.143947,0.369855
4.112444,0.361153
4.081725,0.352450
4.051768,0.343748
4.022552,0.335045
3.994055,0.326343
3.966260,0.317640
3.939147,0.308938
3.912698,0.300235
3.886895,0.291533
3.861723,0.282830
3.837166,0.274128
3.813207,0.265425
3.789832,0.256723
3.767028,0.248020
3.744779,0.239318
3.723074,0.230615
3.701899,0.221913
3.681242,0.213211
3.661092,0.204508
3.641437,0.195806
3.622267,0.187103
3.603570,0.178401
3.585337,0.169698
3.567557,0.160996
3.550223,0.152293
3.533323,0.143591
3.516850,0.134888
3.500796,0.126186
3.485152,0.117483
3.469910,0.108781
3.455062,0.100078
3.440602,0.091376
3.426523,0.082673
3.412817,0.073971
3.399478,0.065269
3.386500,0.056566
3.373876,0.047864
3.361602,0.039161
3.349670,0.030459
3.338076,0.021756
3.326815,0.013054
3.315881,0.004351
3.305270,-0.004351
3.294976,-0.013054
3.284996,-0.021756
3.275324,-0.030459
3.265958,-0.039161
3.256892,-0.047864
3.248123,-0.056566
3.239647,-0.065269
3.231461,-0.073971
3.223561,-0.082674
3.215944,-0.091376
3.208606,-0.100078
3.201545,-0.108781
3.194758,-0.117483
3.188241,-0.126186
3.181994,-0.134888
3.176012,-0.143591
3.170293,-0.152293
3.164836,-0.160996
3.159637,-0.169698
3.154696,-0.178401
3.150009,-0.187103
3.145576,-0.195806
3.141393,-0.204508
3.137461,-0.213211
3.133777,-0.221913
3.130339,-0.230616
3.127147,-0.239318
3.124199,-0.248021
3.121494,-0.256723
3.119031,-0.265425
3.116810,-0.274128
3.114828,-0.282830
3.113086,-0.291533
3.111583,-0.300235
3.110317,-0.308938
3.109290,-0.317640
3.108500,-0.326343
3.107946,-0.335045
3.107630,-0.343748
3.107551,-0.352450
3.107708,-0.361153
3.108101,-0.369855
3.108732,-0.378558
3.109600,-0.387260
3.110705,-0.395963
3.112048,-0.404665
3.113629,-0.413367
3.115450,-0.422070
3.117510,-0.430772
3.119810,-0.439475
3.122352,-0.448177
3.125136,-0.456880
3.128164,-0.465582
3.131436,-0.474285
3.134954,-0.482987
3.138720,-0.491690
3.142734,-0.500392
3.146998,-0.509095
3.151514,-0.517797
3.156284,-0.526500
3.161309,-0.535202
3.166592,-0.543905
3.172134,-0.552607
3.177939,-0.561310
3.184007,-0.570012
3.190343,-0.578714
3.196947,-0.587417
3.203824,-0.596119
3.210975,-0.604822
3.218404,-0.613524
3.226113,-0.622227
3.234106,-0.630929
3.242387,-0.639632
3.250958,-0.648334
3.259824,-0.657037
3.268987,-0.665739
3.278453,-0.674442
3.288225,-0.683144
3.298307,-0.691847
3.308705,-0.700549
3.319421,-0.709252
3.330461,-0.717954
3.341831,-0.726657
3.353534,-0.735359
3.365578,-0.744061
3.377966,-0.752764
3.390704,-0.761466
3.403800,-0.770169
3.417258,-0.778871
3.431086,-0.787574
3.445289,-0.796276
3.459875,-0.804979
3.474850,-0.813681
3.490223,-0.822384
3.506001,-0.831086
3.522191,-0.839789
3.538802,-0.848491
3.555843,-0.857194
3.573322,-0.865896
3.591249,-0.874599
3.609632,-0.883301
3.628483,-0.892003
3.647811,-0.900706
3.667627,-0.909408
3.687941,-0.918111
3.708766,-0.926813
3.730113,-0.935516
3.751994,-0.944218
3.774423,-0.952921
3.797413,-0.961623
3.820977,-0.970326
3.845130,-0.979028
3.869887,-0.987731
3.895263,-0.996433
3.921275,-1.005136
3.956036,-1.013838
3.976971,-1.022541
3.922465,-1.031243
3.894648,-1.039946
3.841763,-1.048648
3.811456,-1.057350
3.760544,-1.066053
3.736941,-1.074755
3.687340,-1.083458
3.665401,-1.092160
3.615081,-1.100863
3.595192,-1.109565
3.548317,-1.118268
3.529884,-1.126970
3.510086,-1.135673
3.479938,-1.144375
3.450563,-1.153078
3.421938,-1.161780
3.394041,-1.170483
3.366849,-1.179185
3.340342,-1.187888
3.314500,-1.196590
3.289303,-1.205293
3.264732,-1.213995
3.240772,-1.222697
3.217403,-1.231400
3.194611,-1.240102
3.172379,-1.248805
3.150692,-1.257507
3.129537,-1.266210
3.108900,-1.274912
3.088766,-1.283615
3.069124,-1.292317
3.049961,-1.301020
3.031265,-1.309722
3.013024,-1.318425
2.995229,-1.327127
2.977868,-1.335830
2.960932,-1.344532
2.944410,-1.353235
2.928293,-1.361937
2.912572,-1.370639
2.897239,-1.379342
2.882284,-1.388044
2.867701,-1.396747
2.853480,-1.405449
2.839615,-1.414152
2.826098,-1.422854
2.812922,-1.431557
2.800081,-1.440259
2.787568,-1.448962
2.775377,-1.457664
2.763502,-1.466367
2.751936,-1.475069
2.740674,-1.483772
2.729712,-1.492474
2.719043,-1.501177
2.708663,-1.509879
2.698566,-1.518582
2.688748,-1.527284
2.679205,-1.535986
2.669931,-1.544689
2.660924,-1.553391
2.652179,-1.562094
2.643691,-1.570796
