scan.pos:5.453574,4.985274,1.9184354.153574,1.475069
4.144096,1.466367
4.134977,1.457664
4.126211,1.448962
4.117795,1.440259
4.109725,1.431557
4.101999,1.422854
4.094614,1.414152
4.087565,1.405449
4.080851,1.396747
4.074469,1.388044
4.068416,1.379342
4.062689,1.370639
4.057288,1.361937
4.052209,1.353234
4.047451,1.344532
4.043011,1.335830
4.038888,1.327127
4.035080,1.318425
4.031587,1.309722
4.028406,1.301020
4.025537,1.292317
4.063071,1.283615
4.060798,1.274912
4.058837,1.266210
4.097222,1.257507
4.095869,1.248805
4.094828,1.240102
4.094100,1.231400
4.113683,1.222697
4.113578,1.213995
4.113786,1.205292
4.114307,1.196590
4.115142,1.187888
4.116291,1.179185
4.117754,1.170483
4.119531,1.161780
4.121624,1.153078
4.124034,1.144375
4.126761,1.135673
4.129807,1.126970
4.133172,1.118268
4.136857,1.109565
4.140865,1.100863
4.145196,1.092160
4.149853,1.083458
4.134637,1.074755
4.139925,1.066053
4.105034,1.057350
4.110925,1.048648
4.117146,1.039945
4.123702,1.031243
4.130593,1.022541
4.137823,1.013838
4.145394,1.005136
4.153310,0.996433
4.202640,0.987731
4.211340,0.979028
4.241018,0.970326
4.312481,0.961623
4.591733,0.952921
7.779264,0.822384
7.625184,0.813681
7.455198,0.804979
7.312493,0.796276
7.170890,0.787574
7.039331,0.778871
6.912322,0.770169
6.789593,0.761466
6.670894,0.752764
6.555994,0.744061
6.446610,0.735359
6.339592,0.726656
6.235747,0.717954
6.134904,0.709251
6.036899,0.700549
5.947905,0.691847
5.879190,0.683144
5.789761,0.674442
5.702605,0.665739
5.617607,0.657037
5.544985,0.648334
5.464741,0.639632
5.386329,0.630929
5.333804,0.622227
5.258926,0.613524
5.199702,0.604822
5.128617,0.596119
5.058941,0.587417
5.015510,0.578714
4.948606,0.570012
4.900591,0.561309
4.836750,0.552607
4.773993,0.543905
4.738026,0.535202
4.697962,0.526500
4.639015,0.517797
4.580940,0.509095
4.550221,0.500392
4.490552,0.491690
4.462464,0.482987
4.408331,0.474285
4.382232,0.465582
4.328183,0.456880
4.276603,0.448177
4.253637,0.439475
4.229152,0.430772
4.192827,0.422070
4.157434,0.413367
4.122946,0.404665
4.089334,0.395962
4.056571,0.387260
4.024634,0.378558
3.993498,0.369855
3.963139,0.361153
3.933535,0.352450
3.904666,0.343748
3.876510,0.335045
3.849049,0.326343
3.822262,0.317640
3.796134,0.308938
3.770645,0.300235
3.745779,0.291533
3.721521,0.282830
3.697855,0.274128
3.674766,0.265425
3.652240,0.256723
3.630263,0.248020
3.608822,0.239318
3.587905,0.230615
3.567499,0.221913
3.547592,0.213211
3.528174,0.204508
3.509233,0.195806
3.490758,0.187103
3.472740,0.178401
3.455169,0.169698
3.438035,0.160996
3.421329,0.152293
3.405044,0.143591
3.389169,0.134888
3.373697,0.126186
3.358621,0.117483
3.343932,0.108781
3.329624,0.100078
3.315689,0.091376
3.302120,0.082673
3.288912,0.073971
3.276057,0.065269
3.263551,0.056566
3.251385,0.047864
3.239557,0.039161
3.228058,0.030459
3.216885,0.021756
3.206033,0.013054
3.195496,0.004351
3.185270,-0.004351
3.175350,-0.013054
3.165732,-0.021756
3.156412,-0.030459
3.147385,-0.039161
3.138648,-0.047864
3.130198,-0.056566
3.122030,-0.065269
3.114141,-0.073971
3.106527,-0.082674
3.099186,-0.091376
3.092115,-0.100078
3.085311,-0.108781
3.078770,-0.117483
3.072490,-0.126186
3.066469,-0.134888
3.060704,-0.143591
3.055194,-0.152293
3.049934,-0.160996
3.044924,-0.169698
3.040163,-0.178401
3.035646,-0.187103
3.031374,-0.195806
3.027343,-0.204508
3.023553,-0.213211
3.020003,-0.221913
3.016690,-0.230616
3.013614,-0.239318
3.010773,-0.248021
3.008167,-0.256723
3.005793,-0.265425
3.003652,-0.274128
3.001742,-0.282830
3.000063,-0.291533
2.998614,-0.300235
2.997395,-0.308938
2.996405,-0.317640
2.995643,-0.326343
2.995111,-0.335045
2.994806,-0.343748
2.994729,-0.352450
2.994880,-0.361153
2.995260,-0.369855
2.995867,-0.378558
2.996704,-0.387260
2.997769,-0.395963
2.999063,-0.404665
3.000587,-0.413367
3.002341,-0.422070
3.004327,-0.430772
3.006544,-0.439475
3.008993,-0.448177
3.011676,-0.456880
3.014594,-0.465582
3.017747,-0.474285
3.021138,-0.482987
3.024766,-0.491690
3.028635,-0.500392
3.032744,-0.509095
3.037096,-0.517797
3.041693,-0.526500
3.046535,-0.535202
3.051627,-0.543905
3.056968,-0.552607
3.062562,-0.561310
3.068410,-0.570012
3.074515,-0.578714
3.080880,-0.587417
3.087507,-0.596119
3.094398,-0.604822
3.101557,-0.613524
3.108987,-0.622227
3.116690,-0.630929
3.124670,-0.639632
3.132930,-0.648334
3.141474,-0.657037
3.150305,-0.665739
3.159427,-0.674442
3.168844,-0.683144
3.178560,-0.691847
3.188580,-0.700549
3.198907,-0.709252
3.209547,-0.717954
3.220504,-0.726657
3.231782,-0.735359
3.243388,-0.744061
3.255327,-0.752764
3.267603,-0.761466
3.280223,-0.770169
3.293192,-0.778871
3.306518,-0.787574
3.320205,-0.796276
3.334261,-0.804979
3.348693,-0.813681
3.363508,-0.822384
3.378713,-0.831086
3.394315,-0.839789
3.410324,-0.848491
3.426746,-0.857194
3.443590,-0.865896
3.460866,-0.874599
3.478582,-0.883301
3.496749,-0.892003
3.515375,-0.900706
3.534471,-0.909408
3.554048,-0.918111
3.574116,-0.926813
3.594689,-0.935516
3.615776,-0.944218
3.637390,-0.952921
3.659545,-0.961623
3.682254,-0.970326
3.705530,-0.979028
3.729388,-0.987731
3.753843,-0.996433
3.778911,-1.005136
3.804607,-1.013838
3.830949,-1.022541
3.857954,-1.031243
3.900227,-1.039946
3.901862,-1.048648
3.878582,-1.057350
3.829779,-1.066053
3.781553,-1.074755
3.760813,-1.083458
3.713842,-1.092160
3.694725,-1.100863
3.648886,-1.109565
3.603454,-1.118268
3.586474,-1.126970
3.567819,-1.135673
3.537174,-1.144375
3.507317,-1.153078
3.478221,-1.161780
3.449865,-1.170483
3.422226,-1.179185
3.395283,-1.187888
3.369016,-1.196590
3.343404,-1.205293
3.318430,-1.213995
3.294075,-1.222697
3.270322,-1.231400
3.247154,-1.240102
3.224557,-1.248805
3.202514,-1.257507
3.181011,-1.266210
3.160034,-1.274912
3.139569,-1.283615
3.119604,-1.292317
3.100125,-1.301020
3.081122,-1.309722
3.062582,-1.318425
3.044494,-1.327127
3.026847,-1.335830
3.009632,-1.344532
2.992839,-1.353235
2.976457,-1.361937
2.960477,-1.370639
2.944891,-1.379342
2.929691,-1.388044
2.914867,-1.396747
2.900413,-1.405449
2.886320,-1.414152
2.872581,-1.422854
2.859189,-1.431557
2.846136,-1.440259
2.833417,-1.448962
2.821026,-1.457664
2.808955,-1.466367
2.797199,-1.475069
2.785752,-1.483772
2.774609,-1.492474
2.763765,-1.501177
2.753214,-1.509879
2.742951,-1.518582
2.732972,-1.527284
2.723271,-1.535986
2.713846,-1.544689
2.704690,-1.553391
2.695801,-1.562094
2.687174,-1.570796
