scan.pos:-2.424116,-0.701807,1.7352501.540788,1.562094
1.538619,1.553391
1.536572,1.544689
1.534648,1.535986
1.573182,1.527284
1.591603,1.518581
1.589979,1.509879
1.588479,1.501177
1.627282,1.492474
1.625997,1.483772
1.624838,1.475069
1.623804,1.466367
1.683002,1.457664
1.802344,1.448962
2.242004,1.440259
2.761554,1.431557
5.577603,1.422854
5.576607,1.414152
5.576036,1.405449
5.575889,1.396747
5.576168,1.388044
5.576870,1.379342
5.577998,1.370639
5.579552,1.361937
5.581531,1.353234
5.583937,1.344532
5.586771,1.335830
5.590034,1.327127
5.593727,1.318425
5.597851,1.309722
5.602408,1.301020
5.607400,1.292317
5.612829,1.283615
5.618696,1.274912
5.625005,1.266210
5.631757,1.257507
5.638956,1.248805
5.646603,1.240102
5.654703,1.231400
5.663257,1.222697
5.672270,1.213995
5.681746,1.205292
5.691687,1.196590
5.702097,1.187888
5.712982,1.179185
5.724346,1.170483
5.736192,1.161780
5.748526,1.153078
5.761353,1.144375
5.774678,1.135673
5.788507,1.126970
5.802845,1.118268
5.817698,1.109565
5.833074,1.100863
5.848977,1.092160
5.865415,1.083458
5.882395,1.074755
5.899924,1.066053
5.918010,1.057350
5.936660,1.048648
5.955884,1.039945
5.975688,1.031243
5.996084,1.022541
6.017078,1.013838
6.038682,1.005136
6.060905,0.996433
6.083757,0.987731
6.107249,0.979028
6.131391,0.970326
6.156196,0.961623
6.181675,0.952921
6.207840,0.944218
6.234705,0.935516
6.262283,0.926813
6.290586,0.918111
6.319630,0.909408
6.349430,0.900706
6.379999,0.892003
6.411355,0.883301
6.443514,0.874598
6.476493,0.865896
6.510310,0.857194
6.544982,0.848491
6.580530,0.839789
6.616973,0.831086
6.654331,0.822384
6.692626,0.813681
6.731880,0.804979
6.772115,0.796276
6.813357,0.787574
6.855629,0.778871
6.898958,0.770169
6.943370,0.761466
6.988894,0.752764
7.035557,0.744061
7.083391,0.735359
7.132426,0.726656
7.182696,0.717954
7.234235,0.709251
7.287077,0.700549
7.341260,0.691847
7.396823,0.683144
7.453805,0.674442
7.512248,0.665739
7.572196,0.657037
7.633695,0.648334
7.696792,0.639632
7.761537,0.630929
3.754623,0.491690
3.628675,0.482987
3.579725,0.474285
3.556539,0.465582
3.533918,0.456880
3.511850,0.448177
3.490319,0.439475
3.469313,0.430772
3.448820,0.422070
3.428827,0.413367
3.409322,0.404665
3.390295,0.395962
3.371734,0.387260
3.353630,0.378558
3.335972,0.369855
3.318749,0.361153
3.301955,0.352450
3.285578,0.343748
3.269610,0.335045
3.254044,0.326343
3.238871,0.317640
3.224082,0.308938
3.209672,0.300235
3.195632,0.291533
3.181956,0.282830
3.168636,0.274128
3.155667,0.265425
3.143042,0.256723
3.130755,0.248020
3.118801,0.239318
3.128887,0.230615
3.117502,0.221913
3.106434,0.213211
3.095680,0.204508
3.085234,0.195806
3.117775,0.187103
3.107795,0.178401
3.098114,0.169698
3.088728,0.160996
3.079632,0.152293
3.112863,0.143591
3.104220,0.134888
3.095860,0.126186
3.087779,0.117483
3.079974,0.108781
3.072443,0.100078
3.065180,0.091376
3.058184,0.082673
3.051452,0.073971
3.065543,0.065269
3.059288,0.056566
3.053291,0.047864
3.088431,0.039161
3.103272,0.030459
3.138666,0.021756
3.133508,0.013054
3.189517,0.004351
3.245597,-0.004351
3.342252,-0.013054
3.398460,-0.021756
3.616323,-0.030459
3.894440,-0.039161
4.192369,-0.047864
4.389354,-0.056566
4.747146,-0.065269
7.736428,-0.073971
6.849424,-0.361153
6.636467,-0.369855
6.292044,-0.378558
6.035659,-0.387260
5.807130,-0.395963
5.611677,-0.404665
5.404105,-0.413367
5.235816,-0.422070
5.052700,-0.430772
4.906814,-0.439475
4.782861,-0.448177
4.780510,-0.456880
4.772222,-0.465582
4.785233,-0.474285
4.798681,-0.482987
4.770374,-0.491690
4.784589,-0.500392
4.799256,-0.509095
4.814381,-0.517797
4.829970,-0.526500
4.846032,-0.535202
4.862571,-0.543905
4.879597,-0.552607
4.897117,-0.561310
4.915139,-0.570012
4.933671,-0.578714
4.952721,-0.587417
4.972300,-0.596119
4.992415,-0.604822
5.013078,-0.613524
5.034297,-0.622227
5.056083,-0.630929
5.078447,-0.639632
5.101400,-0.648334
5.124954,-0.657037
5.149120,-0.665739
5.173911,-0.674442
5.199339,-0.683144
5.225419,-0.691847
5.252163,-0.700549
5.279587,-0.709252
5.307705,-0.717954
5.336533,-0.726657
5.366086,-0.735359
5.396382,-0.744061
2.677292,-0.752764
2.597297,-0.761466
2.554778,-0.770169
2.524184,-0.778871
2.508748,-0.787574
2.479559,-0.796276
2.450670,-0.804979
2.422060,-0.813681
2.393705,-0.822384
2.365587,-0.831086
2.363267,-0.839789
2.335739,-0.848491
2.308393,-0.857194
2.276353,-0.865896
2.254167,-0.874599
2.253782,-0.883301
2.227177,-0.892003
2.200666,-0.900706
2.147071,-0.909408
2.120474,-0.918111
2.121521,-0.926813
2.095211,-0.935516
2.068907,-0.944218
2.067777,-0.952921
2.050014,-0.961623
2.032707,-0.970326
2.015842,-0.979028
1.999406,-0.987731
1.983385,-0.996433
1.967767,-1.005136
1.952542,-1.013838
1.937696,-1.022541
1.923220,-1.031243
1.909102,-1.039946
1.895334,-1.048648
1.881905,-1.057350
1.868807,-1.066053
1.856030,-1.074755
1.843566,-1.083458
1.831407,-1.092160
1.819544,-1.100863
1.807972,-1.109565
1.747595,-1.118268
1.736881,-1.126970
1.726428,-1.135673
1.716230,-1.144375
1.706281,-1.153078
1.696575,-1.161780
1.687106,-1.170483
1.677870,-1.179185
1.668861,-1.187888
1.660073,-1.196590
1.651503,-1.205293
1.643146,-1.213995
1.634996,-1.222697
1.627050,-1.231400
1.619304,-1.240102
1.611753,-1.248805
1.604394,-1.257507
1.597223,-1.266210
1.590237,-1.274912
1.583431,-1.283615
1.576803,-1.292317
1.614456,-1.301020
1.607997,-1.309722
1.601711,-1.318425
1.595595,-1.327127
1.611361,-1.335830
1.605497,-1.344532
1.599798,-1.353235
1.594259,-1.361937
1.588880,-1.370639
1.626339,-1.379342
1.621134,-1.388044
1.616084,-1.396747
1.611187,-1.405449
1.606443,-1.414152
1.622868,-1.422854
1.618362,-1.431557
1.614003,-1.440259
1.630641,-1.448962
1.647317,-1.457664
1.643289,-1.466367
1.639405,-1.475069
1.676965,-1.483772
1.714484,-1.492474
1.731410,-1.501177
1.727877,-1.509879
1.724490,-1.518582
1.782570,-1.527284
1.820167,-1.535986
1.878139,-1.544689
2.037737,-1.553391
2.115764,-1.562094
2.193713,-1.570796
