scan.pos:-0.864349,7.054164,-2.6147500.856086,1.562094
0.851795,1.553391
0.847611,1.544689
0.843531,1.535986
0.839554,1.527284
0.835678,1.518581
0.831901,1.509879
0.828220,1.501177
0.824634,1.492474
0.821142,1.483772
0.817741,1.475069
0.814430,1.466367
0.811207,1.457664
0.808070,1.448962
0.805019,1.440259
0.802052,1.431557
0.799167,1.422854
0.796364,1.414152
0.793640,1.405449
0.790994,1.396747
0.788427,1.388044
0.785935,1.379342
0.783519,1.370639
0.781176,1.361937
0.778907,1.353234
0.776710,1.344532
0.774584,1.335830
0.814287,1.327127
0.812193,1.318425
0.810172,1.309722
0.808222,1.301020
0.806343,1.292317
0.804534,1.283615
0.802793,1.274912
0.801121,1.266210
0.799517,1.257507
0.797980,1.248805
0.796509,1.240102
0.795105,1.231400
0.793765,1.222697
0.792490,1.213995
0.791280,1.205292
0.790133,1.196590
0.789049,1.187888
0.788029,1.179185
0.787071,1.170483
0.786175,1.161780
0.785341,1.153078
0.784568,1.144375
0.783857,1.135673
0.783206,1.126970
0.782616,1.118268
0.782086,1.109565
0.781617,1.100863
0.781207,1.092160
0.780858,1.083458
0.780568,1.074755
0.780338,1.066053
0.780167,1.057350
0.780056,1.048648
0.780004,1.039945
0.780012,1.031243
0.780079,1.022541
0.780205,1.013838
0.780391,1.005136
0.780637,0.996433
0.780942,0.987731
0.781307,0.979028
0.821820,0.970326
0.822330,0.961623
0.822903,0.952921
0.823540,0.944218
0.824240,0.935516
0.825005,0.926813
0.825833,0.918111
0.826727,0.909408
0.847873,0.900706
0.848922,0.892003
0.850038,0.883301
0.851223,0.874598
0.852475,0.865896
0.853797,0.857194
0.895911,0.848491
0.897441,0.839789
0.899045,0.831086
0.900723,0.822384
0.922987,0.813681
1.007068,0.804979
1.009190,0.796276
1.011399,0.787574
5.117291,0.613524
4.890494,0.604822
4.775496,0.596119
4.706840,0.587417
4.618013,0.578714
4.531012,0.570012
4.468222,0.561309
4.384614,0.552607
4.325208,0.543905
4.244576,0.535202
4.188172,0.526500
4.110146,0.517797
4.056408,0.509095
4.003948,0.500392
3.929289,0.491690
3.879062,0.482987
3.829918,0.474285
3.781802,0.465582
3.734659,0.456880
3.688438,0.448177
3.618876,0.439475
3.574209,0.430772
3.530321,0.422070
3.487171,0.413367
3.469537,0.404665
3.452883,0.395962
3.437184,0.387260
3.397100,0.378558
3.357579,0.369855
3.369924,0.361153
3.331796,0.352450
3.346219,0.343748
3.335626,0.335045
3.325855,0.326343
3.347304,0.317640
3.346472,0.308938
3.372931,0.300235
3.345544,0.291533
3.372942,0.282830
3.401054,0.274128
3.429901,0.265425
3.459508,0.256723
3.475631,0.248020
3.512001,0.239318
3.548708,0.230615
3.560145,0.221913
3.598328,0.213211
3.639717,0.204508
3.679262,0.195806
3.719284,0.187103
3.764117,0.178401
3.858057,0.169698
3.944673,0.160996
4.025489,0.152293
4.068521,0.143591
4.112265,0.134888
4.156755,0.126186
4.285333,0.117483
4.331499,0.108781
4.378556,0.100078
4.436211,0.091376
4.496000,0.082673
4.579647,0.073971
4.632375,0.065269
4.676993,0.056566
7.792039,-0.117483
7.762619,-0.126186
7.734006,-0.134888
7.706188,-0.143591
7.679152,-0.152293
7.652887,-0.160996
7.627379,-0.169698
7.602618,-0.178401
7.578592,-0.187103
7.555291,-0.195806
7.532705,-0.204508
7.510824,-0.213211
7.489638,-0.221913
7.469139,-0.230616
7.449317,-0.239318
7.430164,-0.248021
7.411673,-0.256723
7.393836,-0.265425
7.376644,-0.274128
2.677293,-0.282830
2.650917,-0.291533
2.645396,-0.300235
2.558098,-0.308938
2.553180,-0.317640
2.487204,-0.326343
2.462430,-0.335045
2.458281,-0.343748
2.454333,-0.352450
2.410006,-0.361153
2.406513,-0.369855
2.403213,-0.378558
2.400105,-0.387260
2.397187,-0.395963
2.394458,-0.404665
2.391918,-0.413367
2.389564,-0.422070
2.387397,-0.430772
2.385415,-0.439475
2.383618,-0.448177
2.382005,-0.456880
2.380575,-0.465582
2.379328,-0.474285
2.338220,-0.482987
2.317338,-0.491690
2.316654,-0.500392
2.276139,-0.509095
2.255813,-0.517797
2.255663,-0.526500
2.255685,-0.535202
2.255879,-0.543905
2.216234,-0.552607
2.216762,-0.561310
2.217460,-0.570012
2.218327,-0.578714
2.219363,-0.587417
2.220570,-0.596119
2.221947,-0.604822
2.223495,-0.613524
2.225215,-0.622227
2.227108,-0.630929
2.229174,-0.639632
2.231413,-0.648334
2.233828,-0.657037
2.236418,-0.665739
2.239185,-0.674442
2.242130,-0.683144
2.245253,-0.691847
2.248557,-0.700549
2.252042,-0.709252
2.255711,-0.717954
2.259563,-0.726657
2.263601,-0.735359
2.267827,-0.744061
2.272242,-0.752764
2.317953,-0.761466
2.281647,-0.770169
2.286641,-0.778871
2.291831,-0.787574
2.297220,-0.796276
2.302811,-0.804979
2.308605,-0.813681
2.314605,-0.822384
2.320813,-0.831086
2.327233,-0.839789
2.333866,-0.848491
2.340716,-0.857194
2.347786,-0.865896
2.355079,-0.874599
2.365489,-0.883301
2.380785,-0.892003
2.440889,-0.900706
2.449252,-0.909408
2.428124,-0.918111
2.364880,-0.926813
2.324298,-0.935516
2.262827,-0.944218
2.219354,-0.952921
2.182498,-0.961623
2.146390,-0.970326
2.110981,-0.979028
2.075730,-0.987731
2.020143,-0.996433
1.987404,-1.005136
1.955164,-1.013838
1.926656,-1.022541
1.896195,-1.031243
1.866112,-1.039946
1.836380,-1.048648
1.813681,-1.057350
1.785388,-1.066053
1.757352,-1.074755
1.729551,-1.083458
1.711878,-1.092160
1.685252,-1.100863
1.658787,-1.109565
1.656535,-1.118268
1.619213,-1.126970
1.593856,-1.135673
1.593090,-1.144375
1.558516,-1.153078
1.558895,-1.161780
1.534642,-1.170483
1.510405,-1.179185
1.504182,-1.187888
1.480643,-1.196590
1.457075,-1.205293
1.453597,-1.213995
1.430633,-1.222697
1.407598,-1.231400
1.406731,-1.240102
1.384220,-1.248805
1.388434,-1.257507
1.363239,-1.266210
1.341072,-1.274912
1.346245,-1.283615
1.322827,-1.292317
1.300905,-1.301020
1.306991,-1.309722
1.302209,-1.318425
1.291114,-1.327127
1.280304,-1.335830
1.269768,-1.344532
1.259500,-1.353235
1.249491,-1.361937
1.239733,-1.370639
1.230220,-1.379342
1.220944,-1.388044
1.211898,-1.396747
1.203076,-1.405449
1.194472,-1.414152
1.186080,-1.422854
1.177894,-1.431557
1.169909,-1.440259
1.162119,-1.448962
1.154519,-1.457664
1.147105,-1.466367
1.139872,-1.475069
1.132816,-1.483772
1.125931,-1.492474
1.136337,-1.501177
1.129684,-1.509879
1.123194,-1.518582
1.116862,-1.527284
1.110685,-1.535986
1.104660,-1.544689
1.098783,-1.553391
1.093051,-1.562094
1.087461,-1.570796
