scan.pos:4.148081,7.061321,-2.9147504.537568,1.562094
4.508133,1.553391
4.499601,1.544689
4.409805,1.535986
4.402159,1.527284
4.374533,1.518581
4.367638,1.509879
4.320539,1.501177
4.294156,1.492474
4.288394,1.483772
4.242580,1.475069
4.237546,1.466367
4.192546,1.457664
4.127832,1.448962
4.103781,1.440259
4.100178,1.431557
4.056741,1.422854
4.053802,1.414152
4.011078,1.405449
3.988749,1.396747
3.946720,1.388044
3.925049,1.379342
3.883680,1.370639
3.842633,1.361937
3.841903,1.353234
3.821465,1.344532
3.821321,1.335830
3.821469,1.327127
3.821907,1.318425
3.822636,1.309722
3.823657,1.301020
3.824970,1.292317
3.826576,1.283615
3.828474,1.274912
3.850715,1.266210
3.853215,1.257507
3.856012,1.248805
3.859107,1.240102
3.890721,1.231400
3.906455,1.222697
3.970944,1.213995
4.015703,1.205292
4.081067,1.196590
4.248013,1.187888
4.314474,1.179185
4.422003,1.170483
4.469258,1.161780
4.537341,1.153078
4.667114,1.144375
4.777274,1.135673
5.072214,1.126970
5.184266,1.118268
5.276620,1.109565
5.369751,1.100863
5.422457,1.092160
5.475808,1.083458
5.509111,1.074755
5.563747,1.066053
5.577460,1.057350
5.591667,1.048648
5.606376,1.039945
5.621591,1.031243
5.637319,1.022541
5.653567,1.013838
5.628037,1.005136
5.645217,0.996433
5.662935,0.987731
5.681199,0.979028
5.700016,0.970326
5.719396,0.961623
5.739347,0.952921
5.759876,0.944218
5.780996,0.935516
5.800907,0.926813
5.825041,0.918111
5.847989,0.909408
5.871566,0.900706
5.895785,0.892003
5.898405,0.883301
5.923847,0.874598
5.949964,0.865896
5.976770,0.857194
6.004278,0.848491
6.032502,0.839789
6.061456,0.831086
6.091156,0.822384
6.121616,0.813681
6.152853,0.804979
6.138218,0.796276
6.170813,0.787574
6.204231,0.778871
6.238491,0.770169
6.273611,0.761466
6.309612,0.752764
6.346515,0.744061
6.384341,0.735359
6.423113,0.726656
6.462854,0.717954
6.503588,0.709251
6.545340,0.700549
6.713356,0.691847
6.783268,0.683144
6.829262,0.674442
6.876412,0.665739
6.910995,0.657037
6.974303,0.648334
7.025112,0.639632
4.131288,0.630929
4.104775,0.622227
4.057935,0.613524
4.038607,0.604822
3.993144,0.596119
3.948213,0.587417
3.931356,0.578714
3.887622,0.570012
3.844326,0.561309
3.829723,0.552607
3.796629,0.543905
3.764493,0.535202
3.733178,0.526500
3.702660,0.517797
3.672914,0.509095
3.643917,0.500392
3.615648,0.491690
3.641084,0.482987
3.613810,0.474285
3.587214,0.465582
3.561275,0.456880
3.587444,0.448177
3.562408,0.439475
3.537987,0.430772
3.514163,0.422070
3.490923,0.413367
3.493130,0.404665
3.470852,0.395962
3.449118,0.387260
3.427913,0.378558
3.407226,0.369855
3.387043,0.361153
3.367352,0.352450
3.348143,0.343748
3.329404,0.335045
3.311124,0.326343
3.293293,0.317640
3.275902,0.308938
3.258940,0.300235
3.242398,0.291533
3.226268,0.282830
3.210541,0.274128
3.195209,0.265425
3.157612,0.256723
3.098056,0.248020
3.084164,0.239318
3.070630,0.230615
3.057445,0.221913
3.044604,0.213211
3.032101,0.204508
3.019928,0.195806
3.008082,0.187103
2.996555,0.178401
2.985342,0.169698
2.996087,0.160996
3.006981,0.152293
2.996531,0.143591
3.007804,0.134888
2.997877,0.126186
3.009526,0.117483
3.021329,0.108781
3.033289,0.100078
3.087587,0.091376
3.099745,0.082673
3.112070,0.073971
3.229131,0.065269
3.241521,0.056566
3.243039,0.047864
3.288266,0.039161
3.296909,0.030459
3.393672,0.021756
3.434254,0.013054
3.543092,0.004351
3.538738,-0.004351
3.670224,-0.013054
3.663834,-0.021756
3.770329,-0.030459
3.949809,-0.039161
4.122279,-0.047864
4.330474,-0.056566
4.556466,-0.065269
4.809636,-0.073971
7.637109,-0.143591
7.571391,-0.152293
7.466242,-0.160996
7.441938,-0.169698
7.398200,-0.178401
7.395103,-0.187103
7.392571,-0.195806
7.390604,-0.204508
7.389200,-0.213211
7.288355,-0.221913
7.268081,-0.230616
7.228359,-0.239318
7.229188,-0.248021
7.230568,-0.256723
7.232499,-0.265425
7.234982,-0.274128
7.238019,-0.282830
7.241610,-0.291533
7.285854,-0.300235
7.250460,-0.308938
7.255723,-0.317640
7.267743,-0.326343
7.283040,-0.335045
7.283595,-0.343748
7.325655,-0.352450
6.973503,-0.361153
6.559901,-0.369855
6.138169,-0.378558
5.824199,-0.387260
5.492880,-0.395963
5.247258,-0.404665
5.017582,-0.413367
4.760900,-0.422070
4.577223,-0.430772
4.363118,-0.439475
4.199018,-0.448177
4.056760,-0.456880
3.890811,-0.465582
3.772155,-0.474285
3.638423,-0.482987
3.509605,-0.491690
3.405953,-0.500392
3.306369,-0.509095
3.202638,-0.517797
3.112253,-0.526500
3.024793,-0.535202
2.939996,-0.543905
2.878716,-0.552607
2.798625,-0.561310
2.720563,-0.570012
2.671023,-0.578714
2.598154,-0.587417
2.526781,-0.596119
2.478273,-0.604822
2.431169,-0.613524
2.363719,-0.622227
2.333051,-0.630929
2.268968,-0.639632
2.227618,-0.648334
2.187203,-0.657037
2.147660,-0.665739
2.108927,-0.674442
2.069836,-0.683144
2.033554,-0.691847
1.997899,-0.700549
1.962829,-0.709252
1.928303,-0.717954
1.917038,-0.726657
1.865209,-0.735359
1.855927,-0.744061
1.824163,-0.752764
1.792754,-0.761466
1.761670,-0.770169
1.739526,-0.778871
1.709805,-0.787574
1.704033,-0.796276
1.674893,-0.804979
1.645946,-0.813681
1.617170,-0.822384
1.601774,-0.831086
1.574014,-0.839789
1.570924,-0.848491
1.543505,-0.857194
1.541036,-0.865896
1.505714,-0.874599
1.504372,-0.883301
1.478003,-0.892003
1.451634,-0.900706
1.444943,-0.909408
1.419230,-0.918111
1.419577,-0.926813
1.393942,-0.935516
1.394731,-0.944218
1.365652,-0.952921
1.367363,-0.961623
1.342251,-0.970326
1.344353,-0.979028
1.317704,-0.987731
1.320675,-0.996433
1.295902,-1.005136
1.299143,-1.013838
1.287953,-1.022541
1.277052,-1.031243
1.266429,-1.039946
1.256076,-1.048648
1.245985,-1.057350
1.236148,-1.066053
1.226558,-1.074755
1.217208,-1.083458
1.208091,-1.092160
1.199199,-1.100863
1.190528,-1.109565
1.182070,-1.118268
1.173821,-1.126970
1.165774,-1.135673
1.157925,-1.144375
1.150267,-1.153078
1.142796,-1.161780
1.135508,-1.170483
1.128397,-1.179185
1.121460,-1.187888
1.114692,-1.196590
1.108089,-1.205293
1.101647,-1.213995
1.095363,-1.222697
1.089232,-1.231400
1.083252,-1.240102
1.077419,-1.248805
1.071729,-1.257507
1.066180,-1.266210
1.060768,-1.274912
1.055491,-1.283615
1.050346,-1.292317
1.045330,-1.301020
1.040440,-1.309722
1.035675,-1.318425
1.031031,-1.327127
1.027983,-1.335830
1.023569,-1.344532
1.019270,-1.353235
1.015084,-1.361937
1.011009,-1.370639
1.007043,-1.379342
1.003184,-1.388044
0.999430,-1.396747
0.995780,-1.405449
0.992232,-1.414152
0.988784,-1.422854
0.985434,-1.431557
0.982182,-1.440259
0.979026,-1.448962
0.975963,-1.457664
0.972994,-1.466367
0.970117,-1.475069
0.967330,-1.483772
0.964632,-1.492474
0.962022,-1.501177
0.959499,-1.509879
0.957062,-1.518582
0.954710,-1.527284
0.952441,-1.535986
0.950256,-1.544689
0.948153,-1.553391
0.946131,-1.562094
0.944189,-1.570796
