scan.pos:4.731334,6.978455,1.9184353.543295,1.562094
3.532260,1.553391
3.521561,1.544689
3.511194,1.535986
3.501153,1.527284
3.533356,1.518581
3.523843,1.509879
3.535498,1.501177
3.526564,1.492474
3.559436,1.483772
3.571722,1.475069
3.584223,1.466367
3.638151,1.457664
3.733244,1.448962
3.787188,1.440259
3.800245,1.431557
3.854423,1.422854
3.847483,1.414152
3.966857,1.405449
4.084675,1.396747
4.115304,1.388044
4.223634,1.379342
4.310922,1.370639
4.562695,1.361937
4.861528,1.353234
5.192633,1.344532
7.556180,1.083458
7.069099,1.074755
6.658249,1.066053
6.277293,1.057350
5.962053,1.048648
5.668278,1.039945
5.413229,1.031243
5.174092,1.022541
4.951235,1.013838
4.742237,1.005136
4.543513,0.996433
4.394914,0.987731
4.233927,0.979028
4.080154,0.970326
3.953492,0.961623
3.811987,0.952921
3.696434,0.944218
3.596718,0.935516
3.471736,0.926813
3.371378,0.918111
3.295466,0.909408
3.201793,0.900706
3.111008,0.892003
3.044025,0.883301
2.958360,0.874598
2.880549,0.865896
2.822061,0.857194
2.765521,0.848491
2.689279,0.839789
2.636146,0.831086
2.584569,0.822384
2.534439,0.813681
2.485654,0.804979
2.432923,0.796276
2.387671,0.787574
2.343476,0.778871
2.300265,0.770169
2.257973,0.761466
2.216538,0.752764
2.175902,0.744061
2.137945,0.735359
2.099666,0.726656
2.084789,0.717954
2.047829,0.709251
2.011415,0.700549
1.975506,0.691847
1.940066,0.683144
1.913026,0.674442
1.902699,0.665739
1.869378,0.657037
1.836388,0.648334
1.827569,0.639632
1.795293,0.630929
1.763268,0.622227
1.744817,0.613524
1.738395,0.604822
1.707857,0.596119
1.677472,0.587417
1.672125,0.578714
1.642143,0.570012
1.629937,0.561309
1.600830,0.552607
1.597358,0.543905
1.568511,0.535202
1.565631,0.526500
1.536986,0.517797
1.530248,0.509095
1.502257,0.500392
1.500950,0.491690
1.473044,0.482987
1.472216,0.474285
1.442445,0.465582
1.442561,0.456880
1.415165,0.448177
1.415702,0.439475
1.414382,0.430772
1.402233,0.422070
1.390397,0.413367
1.378863,0.404665
1.367621,0.395962
1.356665,0.387260
1.345984,0.378558
1.335570,0.369855
1.325417,0.361153
1.315517,0.352450
1.305862,0.343748
1.296445,0.335045
1.287261,0.326343
1.278303,0.317640
1.269565,0.308938
1.261040,0.300235
1.252724,0.291533
1.244612,0.282830
1.236697,0.274128
1.228975,0.265425
1.221441,0.256723
1.214092,0.248020
1.206921,0.239318
1.199926,0.230615
1.193101,0.221913
1.186443,0.213211
1.179949,0.204508
1.173615,0.195806
1.167436,0.187103
1.161410,0.178401
1.155534,0.169698
1.149804,0.160996
1.144217,0.152293
1.138770,0.143591
1.133461,0.134888
1.128287,0.126186
1.123245,0.117483
1.118332,0.108781
1.113547,0.100078
1.108887,0.091376
1.104349,0.082673
1.099931,0.073971
1.095632,0.065269
1.091450,0.056566
1.087381,0.047864
1.083425,0.039161
1.079580,0.030459
1.075843,0.021756
1.072214,0.013054
1.068690,0.004351
1.065270,-0.004351
1.081520,-0.013054
1.078244,-0.021756
1.075070,-0.030459
1.071996,-0.039161
1.069020,-0.047864
1.066142,-0.056566
1.063359,-0.065269
1.060673,-0.073971
1.058079,-0.082674
1.055579,-0.091376
1.053171,-0.100078
1.050853,-0.108781
1.048625,-0.117483
1.046486,-0.126186
1.044436,-0.134888
1.042472,-0.143591
1.040595,-0.152293
1.038804,-0.160996
1.037098,-0.169698
1.035476,-0.178401
1.033937,-0.187103
1.032482,-0.195806
1.031109,-0.204508
1.029819,-0.213211
1.028609,-0.221913
1.027481,-0.230616
1.026433,-0.239318
1.025466,-0.248021
1.024578,-0.256723
1.023769,-0.265425
1.023040,-0.274128
1.022390,-0.282830
1.021818,-0.291533
1.021325,-0.300235
1.020909,-0.308938
1.020572,-0.317640
1.020313,-0.326343
1.020131,-0.335045
1.020027,-0.343748
1.020001,-0.352450
1.020053,-0.361153
1.020182,-0.369855
1.020389,-0.378558
1.020674,-0.387260
1.021036,-0.395963
1.021477,-0.404665
1.021996,-0.413367
1.022594,-0.422070
1.023270,-0.430772
1.024025,-0.439475
1.024859,-0.448177
1.025773,-0.456880
1.026767,-0.465582
1.027841,-0.474285
1.028996,-0.482987
1.030232,-0.491690
1.031549,-0.500392
1.032949,-0.509095
1.034431,-0.517797
1.035997,-0.526500
1.037646,-0.535202
1.039380,-0.543905
1.041200,-0.552607
1.043105,-0.561310
1.045097,-0.570012
1.047176,-0.578714
1.049344,-0.587417
1.051601,-0.596119
1.053948,-0.604822
1.056387,-0.613524
1.058917,-0.622227
1.061541,-0.630929
1.064259,-0.639632
1.067072,-0.648334
1.069982,-0.657037
1.072990,-0.665739
1.076097,-0.674442
1.079304,-0.683144
1.082614,-0.691847
1.086026,-0.700549
1.089544,-0.709252
1.093168,-0.717954
1.096900,-0.726657
1.100741,-0.735359
1.104694,-0.744061
1.108760,-0.752764
1.112942,-0.761466
1.117240,-0.770169
1.121657,-0.778871
1.126196,-0.787574
1.130858,-0.796276
1.135646,-0.804979
1.140561,-0.813681
1.145607,-0.822384
1.150786,-0.831086
1.156100,-0.839789
1.161552,-0.848491
1.146028,-0.857194
1.151661,-0.865896
1.157439,-0.874599
1.163364,-0.883301
1.169439,-0.892003
1.175669,-0.900706
1.182055,-0.909408
1.188602,-0.918111
1.195314,-0.926813
1.202194,-0.935516
1.209246,-0.944218
1.216475,-0.952921
1.223885,-0.961623
1.231479,-0.970326
1.239264,-0.979028
1.247243,-0.987731
1.255421,-0.996433
1.263805,-1.005136
1.272398,-1.013838
1.281208,-1.022541
1.290240,-1.031243
1.299499,-1.039946
1.308993,-1.048648
1.318727,-1.057350
1.328709,-1.066053
1.338947,-1.074755
1.349447,-1.083458
1.360217,-1.092160
1.371266,-1.100863
1.382602,-1.109565
1.394234,-1.118268
1.406171,-1.126970
1.415679,-1.135673
1.411469,-1.144375
1.435344,-1.153078
1.433104,-1.161780
1.457426,-1.170483
1.481631,-1.179185
1.478855,-1.187888
1.506639,-1.196590
1.504821,-1.205293
1.529609,-1.213995
1.533360,-1.222697
1.558770,-1.231400
1.584161,-1.240102
1.590682,-1.248805
1.616792,-1.257507
1.617751,-1.266210
1.644107,-1.274912
1.679359,-1.283615
1.681723,-1.292317
1.709041,-1.301020
1.736480,-1.309722
1.750953,-1.318425
1.779434,-1.327127
1.808103,-1.335830
1.813156,-1.344532
1.856013,-1.353235
1.886157,-1.361937
1.893156,-1.370639
1.924030,-1.379342
1.948362,-1.388044
1.980778,-1.396747
2.013608,-1.405449
2.046886,-1.414152
2.080645,-1.422854
2.112369,-1.431557
2.148126,-1.440259
2.184503,-1.448962
2.243876,-1.457664
2.260582,-1.466367
2.322267,-1.475069
2.362568,-1.483772
2.403780,-1.492474
2.445970,-1.501177
2.495939,-1.509879
2.541501,-1.518582
2.609947,-1.527284
2.658026,-1.535986
2.707550,-1.544689
2.771825,-1.553391
2.847376,-1.562094
2.903390,-1.570796
