scan.pos:0.238679,7.166227,-2.7647500.924899,1.562094
0.921751,1.553391
0.918694,1.544689
0.915726,1.535986
0.912847,1.527284
0.910055,1.518581
0.907349,1.509879
0.904728,1.501177
0.902190,1.492474
0.899735,1.483772
0.897362,1.475069
0.895069,1.466367
0.892855,1.457664
0.890720,1.448962
0.888662,1.440259
0.886682,1.431557
0.884777,1.422854
0.882948,1.414152
0.881193,1.405449
0.879513,1.396747
0.877905,1.388044
0.876369,1.379342
0.874906,1.370639
0.873514,1.361937
0.872193,1.353234
0.870941,1.344532
0.869760,1.335830
0.868648,1.327127
0.867604,1.318425
0.866629,1.309722
0.865723,1.301020
0.864883,1.292317
0.864112,1.283615
0.863407,1.274912
0.862769,1.266210
0.862197,1.257507
0.861692,1.248805
0.861253,1.240102
0.860880,1.231400
0.860573,1.222697
0.860332,1.213995
0.860156,1.205292
0.860046,1.196590
0.860001,1.187888
0.860022,1.179185
0.860108,1.170483
0.860260,1.161780
0.860477,1.153078
0.860760,1.144375
0.861109,1.135673
0.861524,1.126970
0.862005,1.118268
0.862552,1.109565
0.863166,1.100863
0.863846,1.092160
0.864593,1.083458
0.865408,1.074755
0.866290,1.066053
0.867240,1.057350
0.868258,1.048648
0.869345,1.039945
0.870501,1.031243
0.871727,1.022541
0.873022,1.013838
0.874388,1.005136
0.875826,0.996433
0.877335,0.987731
0.878916,0.979028
0.880570,0.970326
0.882297,0.961623
0.884099,0.952921
0.885976,0.944218
0.887929,0.935516
0.889958,0.926813
0.892064,0.918111
0.894249,0.909408
0.896513,0.900706
0.898857,0.892003
0.901282,0.883301
0.903790,0.874598
0.912944,0.865896
0.915638,0.857194
0.918418,0.848491
0.921286,0.839789
0.924242,0.831086
0.927288,0.822384
0.930425,0.813681
0.933655,0.804979
0.936979,0.796276
0.940399,0.787574
0.943916,0.778871
0.947532,0.770169
0.951248,0.761466
0.955066,0.752764
0.958989,0.744061
0.963018,0.735359
0.967154,0.726656
0.971401,0.717954
0.975759,0.709251
0.980232,0.700549
0.984822,0.691847
0.989530,0.683144
0.994360,0.674442
0.999313,0.665739
1.004393,0.657037
1.009602,0.648334
1.014944,0.639632
1.020420,0.630929
1.026034,0.622227
1.031789,0.613524
1.037689,0.604822
1.043736,0.596119
1.049935,0.587417
1.056289,0.578714
1.062801,0.570012
1.069477,0.561309
1.076319,0.552607
1.083332,0.543905
1.090521,0.535202
1.097890,0.526500
1.105444,0.517797
1.113188,0.509095
1.121128,0.500392
1.129268,0.491690
1.137614,0.482987
1.146173,0.474285
1.154950,0.465582
1.163952,0.456880
1.173185,0.448177
1.182657,0.439475
1.192374,0.430772
1.202345,0.422070
1.212577,0.413367
1.223079,0.404665
1.227405,0.395962
1.286261,0.387260
1.289244,0.378558
1.319914,0.369855
1.325665,0.361153
1.329843,0.352450
1.361081,0.343748
1.351641,0.335045
1.341483,0.326343
1.380855,0.317640
1.412964,0.308938
1.419295,0.300235
1.425997,0.291533
1.458492,0.282830
1.566755,0.274128
4.235667,0.265425
4.282792,0.256723
4.304884,0.248020
4.388128,0.239318
4.456118,0.230615
4.492234,0.221913
4.555062,0.213211
4.620247,0.204508
4.687883,0.195806
4.829282,0.187103
4.996159,0.178401
5.070877,0.169698
5.148507,0.160996
5.291712,0.152293
5.376037,0.143591
5.509713,0.134888
5.563870,0.126186
5.653737,0.117483
4.007590,-0.169698
3.755267,-0.178401
3.707939,-0.187103
3.661054,-0.195806
3.634914,-0.204508
3.588848,-0.213211
3.563446,-0.221913
3.558612,-0.230616
3.513659,-0.239318
3.509439,-0.248021
3.505495,-0.256723
3.501827,-0.265425
3.498432,-0.274128
3.495310,-0.282830
3.492459,-0.291533
3.489879,-0.300235
3.487567,-0.308938
3.445446,-0.317640
3.423661,-0.326343
3.382138,-0.335045
3.360918,-0.343748
3.359975,-0.352450
3.359289,-0.361153
3.318856,-0.369855
3.318683,-0.378558
3.318763,-0.387260
3.319096,-0.395963
3.319682,-0.404665
3.320521,-0.413367
3.321613,-0.422070
3.322960,-0.430772
3.324560,-0.439475
3.326416,-0.448177
3.328527,-0.456880
3.330895,-0.465582
3.333520,-0.474285
3.336404,-0.482987
3.339547,-0.491690
3.383243,-0.500392
3.386953,-0.509095
3.350546,-0.517797
3.354740,-0.526500
3.359201,-0.535202
3.363931,-0.543905
3.368931,-0.552607
3.374203,-0.561310
3.399731,-0.570012
3.395833,-0.578714
3.405003,-0.587417
3.401882,-0.596119
3.447037,-0.604822
3.457737,-0.613524
3.350682,-0.622227
3.227764,-0.630929
3.129738,-0.639632
3.035567,-0.648334
2.934294,-0.657037
2.849062,-0.665739
2.766549,-0.674442
2.686503,-0.683144
2.629717,-0.691847
2.554013,-0.700549
2.480169,-0.709252
2.429225,-0.717954
2.363769,-0.726657
2.296229,-0.735359
2.251327,-0.744061
2.207689,-0.752764
2.165220,-0.761466
2.102203,-0.770169
2.061746,-0.778871
2.022220,-0.787574
1.977964,-0.796276
1.941227,-0.804979
1.905199,-0.813681
1.869831,-0.822384
1.835074,-0.831086
1.800884,-0.839789
1.767219,-0.848491
1.756568,-0.857194
1.726476,-0.865896
1.695168,-0.874599
1.664225,-0.883301
1.633615,-0.892003
1.603312,-0.900706
1.596477,-0.909408
1.566825,-0.918111
1.545893,-0.926813
1.517472,-0.935516
1.489222,-0.944218
1.484947,-0.952921
1.457116,-0.961623
1.429399,-0.970326
1.414867,-0.979028
1.412446,-0.987731
1.385838,-0.996433
1.359267,-1.005136
1.357567,-1.013838
1.331180,-1.022541
1.322219,-1.031243
1.296507,-1.039946
1.296274,-1.048648
1.270635,-1.057350
1.270809,-1.066053
1.245199,-1.074755
1.241168,-1.083458
1.242515,-1.092160
1.217472,-1.100863
1.192290,-1.109565
1.194041,-1.118268
1.166682,-1.126970
1.169239,-1.135673
1.172058,-1.144375
1.147145,-1.153078
1.150251,-1.161780
1.142730,-1.170483
1.133026,-1.179185
1.123570,-1.187888
1.114354,-1.196590
1.105372,-1.205293
1.096617,-1.213995
1.088081,-1.222697
1.079759,-1.231400
1.071645,-1.240102
1.063731,-1.248805
1.056014,-1.257507
1.048487,-1.266210
1.041145,-1.274912
1.033983,-1.283615
1.026998,-1.292317
1.020182,-1.301020
1.013534,-1.309722
1.007048,-1.318425
1.000720,-1.327127
0.994546,-1.335830
0.988523,-1.344532
0.982647,-1.353235
0.976914,-1.361937
0.971321,-1.370639
0.965865,-1.379342
0.960543,-1.388044
0.955351,-1.396747
0.950287,-1.405449
0.945348,-1.414152
0.940532,-1.422854
0.935835,-1.431557
0.931256,-1.440259
0.926791,-1.448962
0.922439,-1.457664
0.918197,-1.466367
0.914063,-1.475069
0.910035,-1.483772
0.913046,-1.492474
0.909195,-1.501177
0.905445,-1.509879
0.901795,-1.518582
0.898242,-1.527284
0.894784,-1.535986
0.891421,-1.544689
0.888150,-1.553391
0.884971,-1.562094
0.881881,-1.570796
