scan.pos:-0.589306,7.270619,0.2852500.750319,1.562094
0.748433,1.553391
0.746612,1.544689
0.744857,1.535986
0.743166,1.527284
0.741540,1.518581
0.739977,1.509879
0.738476,1.501177
0.737038,1.492474
0.735661,1.483772
0.734345,1.475069
0.733090,1.466367
0.731894,1.457664
0.730758,1.448962
0.729681,1.440259
0.728663,1.431557
0.727702,1.422854
0.726800,1.414152
0.725955,1.405449
0.725167,1.396747
0.724436,1.388044
0.723761,1.379342
0.723143,1.370639
0.722580,1.361937
0.722074,1.353234
0.721623,1.344532
0.721228,1.335830
0.720888,1.327127
0.720603,1.318425
0.720373,1.309722
0.720198,1.301020
0.720078,1.292317
0.720013,1.283615
0.720003,1.274912
0.720047,1.266210
0.720147,1.257507
0.720301,1.248805
0.720510,1.240102
0.720775,1.231400
0.721094,1.222697
0.721469,1.213995
0.721899,1.205292
0.722384,1.196590
0.722926,1.187888
0.723523,1.179185
0.724176,1.170483
0.724886,1.161780
0.725653,1.153078
0.726477,1.144375
0.727358,1.135673
0.728296,1.126970
0.729293,1.118268
0.730348,1.109565
0.731462,1.100863
0.732635,1.092160
0.733868,1.083458
0.735161,1.074755
0.736515,1.066053
0.737930,1.057350
0.739408,1.048648
0.740947,1.039945
0.742550,1.031243
0.744216,1.022541
0.745947,1.013838
0.747743,1.005136
0.749605,0.996433
0.751534,0.987731
0.753530,0.979028
0.755594,0.970326
0.757728,0.961623
0.759931,0.952921
0.762206,0.944218
0.764553,0.935516
0.766973,0.926813
0.769467,0.918111
0.772036,0.909408
0.774682,0.900706
0.777405,0.892003
0.780207,0.883301
0.783090,0.874598
0.786053,0.865896
0.789100,0.857194
0.792231,0.848491
0.795447,0.839789
0.798751,0.831086
0.802144,0.822384
0.805628,0.813681
0.809203,0.804979
0.812873,0.796276
0.816639,0.787574
0.820502,0.778871
0.824465,0.770169
0.828530,0.761466
0.832700,0.752764
0.836975,0.744061
0.841359,0.735359
0.845854,0.726656
0.850462,0.717954
0.855186,0.709251
0.860029,0.700549
0.864993,0.691847
0.870082,0.683144
0.875298,0.674442
0.880644,0.665739
0.886124,0.657037
0.891741,0.648334
0.897498,0.639632
0.903399,0.630929
0.909448,0.622227
0.915649,0.613524
0.922006,0.604822
0.928523,0.596119
0.935204,0.587417
0.942054,0.578714
0.949079,0.570012
0.956282,0.561309
0.963669,0.552607
0.971246,0.543905
0.979018,0.535202
0.986991,0.526500
0.995172,0.517797
1.003567,0.509095
1.012182,0.500392
1.015466,0.491690
1.006767,0.482987
1.026021,0.474285
1.045032,0.465582
1.036535,0.456880
1.055311,0.448177
1.073871,0.439475
1.065585,0.430772
1.083943,0.422070
1.102108,0.413367
1.120089,0.404665
1.112034,0.395962
1.129856,0.387260
1.147514,0.378558
1.165017,0.369855
1.182372,0.361153
1.199587,0.352450
1.191840,0.343748
1.208954,0.335045
1.217642,0.326343
1.234869,0.317640
1.238996,0.308938
1.256761,0.300235
1.274441,0.291533
1.305113,0.282830
1.299609,0.274128
1.317857,0.265425
1.351090,0.256723
1.369936,0.248020
1.388770,0.239318
1.401673,0.230615
1.421356,0.221913
1.463902,0.213211
1.480227,0.204508
1.500835,0.195806
1.521530,0.187103
1.541786,0.178401
1.585988,0.169698
1.607932,0.160996
1.630050,0.152293
1.655883,0.143591
1.701447,0.134888
1.725240,0.126186
1.778014,0.117483
1.803539,0.108781
1.829453,0.100078
1.887995,0.091376
1.916060,0.082673
1.966077,0.073971
2.016551,0.065269
2.062667,0.056566
2.115885,0.047864
2.169815,0.039161
2.224870,0.030459
2.282363,0.021756
2.340919,0.013054
2.421547,0.004351
2.491073,-0.004351
2.555834,-0.013054
2.643072,-0.021756
2.732142,-0.030459
2.821422,-0.039161
2.938485,-0.047864
3.037706,-0.056566
3.168516,-0.065269
3.278163,-0.073971
3.412587,-0.082674
3.572277,-0.091376
3.721601,-0.100078
3.918761,-0.108781
4.103440,-0.117483
4.337851,-0.126186
4.571354,-0.134888
4.816835,-0.143591
5.159267,-0.152293
5.480735,-0.160996
5.913274,-0.169698
6.341541,-0.178401
6.929748,-0.187103
7.528005,-0.195806
2.227217,-0.857194
2.121291,-0.865896
2.087005,-0.874599
1.883881,-0.883301
1.873555,-0.892003
1.821595,-0.900706
1.829955,-0.909408
1.796337,-0.918111
1.737981,-0.926813
1.729652,-0.935516
1.646011,-0.944218
1.612669,-0.952921
1.605025,-0.961623
1.597806,-0.970326
1.513069,-0.979028
1.479933,-0.987731
1.473155,-0.996433
1.466749,-1.005136
1.433939,-1.013838
1.428044,-1.022541
1.422496,-1.031243
1.417288,-1.039946
1.384772,-1.048648
1.379997,-1.057350
1.375541,-1.066053
1.368932,-1.074755
1.357204,-1.083458
1.345778,-1.092160
1.334642,-1.100863
1.323790,-1.109565
1.313212,-1.118268
1.302900,-1.126970
1.292846,-1.135673
1.283044,-1.144375
1.273485,-1.153078
1.264163,-1.161780
1.255071,-1.170483
1.246204,-1.179185
1.237554,-1.187888
1.229117,-1.196590
1.220886,-1.205293
1.212857,-1.213995
1.205024,-1.222697
1.197381,-1.231400
1.189926,-1.240102
1.182652,-1.248805
1.175555,-1.257507
1.156129,-1.266210
1.161877,-1.274912
1.155287,-1.283615
1.148859,-1.292317
1.142589,-1.301020
1.136473,-1.309722
1.130507,-1.318425
1.124689,-1.327127
1.119015,-1.335830
1.113483,-1.344532
1.108089,-1.353235
1.102831,-1.361937
1.097705,-1.370639
1.092710,-1.379342
1.087843,-1.388044
1.083100,-1.396747
1.078481,-1.405449
1.073983,-1.414152
1.069602,-1.422854
1.065339,-1.431557
1.061189,-1.440259
1.057153,-1.448962
1.053226,-1.457664
1.049408,-1.466367
1.045697,-1.475069
1.042092,-1.483772
1.038590,-1.492474
1.035190,-1.501177
1.031890,-1.509879
1.028690,-1.518582
1.025587,-1.527284
1.022581,-1.535986
1.019669,-1.544689
1.016851,-1.553391
1.014126,-1.562094
1.011492,-1.570796
