scan.pos:-2.471223,2.025394,1.1352500.683844,1.562094
0.686659,1.553391
0.667306,1.544689
0.647839,1.535986
0.650689,1.527284
0.653614,1.518581
0.656616,1.509879
0.659697,1.501177
0.640000,1.492474
0.643129,1.483772
0.646339,1.475069
0.649631,1.466367
0.653006,1.457664
0.656467,1.448962
0.660016,1.440259
0.663654,1.431557
0.643548,1.422854
0.623263,1.414152
0.626901,1.405449
0.630631,1.396747
0.634454,1.388044
0.638372,1.379342
0.642389,1.370639
0.646506,1.361937
0.650725,1.353234
0.655051,1.344532
0.659485,1.335830
0.664030,1.327127
0.642971,1.318425
0.647564,1.309722
0.652274,1.301020
0.657103,1.292317
0.662054,1.283615
0.667132,1.274912
0.672341,1.266210
0.677683,1.257507
0.683163,1.248805
0.688786,1.240102
0.694555,1.231400
0.700475,1.222697
0.706552,1.213995
0.701558,1.205292
0.695610,1.196590
0.717407,1.187888
0.711532,1.179185
0.732953,1.170483
0.727157,1.161780
0.748228,1.153078
0.742515,1.144375
0.763263,1.135673
0.757636,1.126970
0.752148,1.118268
0.746796,1.109565
0.741575,1.100863
0.736483,1.092160
0.731515,1.083458
0.751727,1.074755
0.746836,1.066053
0.766800,1.057350
0.786570,1.048648
0.781726,1.039945
0.801281,1.031243
0.796526,1.022541
0.815884,1.013838
0.835081,1.005136
0.830398,0.996433
0.849426,0.987731
0.868311,0.979028
0.863717,0.970326
0.882459,0.961623
0.901076,0.952921
0.919574,0.944218
0.915082,0.935516
0.933471,0.926813
0.951757,0.918111
0.969946,0.909408
0.988043,0.900706
1.006055,0.892003
1.023987,0.883301
1.041844,0.874598
1.059631,0.865896
1.077355,0.857194
1.116920,0.848491
1.134447,0.839789
1.151927,0.831086
1.169365,0.822384
1.208343,0.813681
1.225636,0.804979
1.264333,0.796276
1.281508,0.787574
1.319958,0.778871
1.358265,0.770169
1.375280,0.761466
1.413392,0.752764
1.472424,0.744061
1.489281,0.735359
1.527077,0.726656
1.585652,0.717954
1.644044,0.709251
1.681509,0.700549
1.739631,0.691847
1.797613,0.683144
1.855469,0.674442
1.933786,0.665739
1.991392,0.657037
2.089895,0.648334
2.167725,0.639632
2.187222,0.630929
2.307713,0.622227
4.611993,0.613524
4.629584,0.604822
4.679389,0.596119
4.895481,0.587417
4.969774,0.578714
5.024051,0.570012
5.038227,0.561309
5.113211,0.552607
5.349471,0.543905
5.827008,0.535202
5.982601,0.526500
5.977765,0.517797
5.973390,0.509095
5.969477,0.500392
5.966022,0.491690
5.963026,0.482987
5.960485,0.474285
5.958401,0.465582
5.956772,0.456880
5.955597,0.448177
5.954875,0.439475
5.954608,0.430772
5.954794,0.422070
5.955433,0.413367
5.956527,0.404665
5.958074,0.395962
5.960076,0.387260
5.962534,0.378558
5.965448,0.369855
5.968821,0.361153
5.972651,0.352450
5.976943,0.343748
5.981696,0.335045
5.986913,0.326343
5.992596,0.317640
5.998747,0.308938
6.005369,0.300235
6.012463,0.291533
6.020033,0.282830
6.028082,0.274128
6.036613,0.265425
6.045630,0.256723
6.055134,0.248020
6.065132,0.239318
6.075626,0.230615
6.086621,0.221913
6.098120,0.213211
6.110130,0.204508
6.122654,0.195806
6.135698,0.187103
6.149267,0.178401
6.163366,0.169698
6.178001,0.160996
6.193180,0.152293
6.208906,0.143591
6.225189,0.134888
6.242033,0.126186
6.259447,0.117483
6.277437,0.108781
4.191613,0.100078
4.096658,0.091376
4.010843,0.082673
4.010377,0.073971
3.934850,0.065269
3.719949,0.056566
3.632766,0.047864
3.559871,0.039161
3.489385,0.030459
3.414502,0.021756
3.349520,0.013054
3.286461,0.004351
3.225203,-0.004351
3.117215,-0.013054
3.106423,-0.021756
3.050902,-0.030459
2.996741,-0.039161
2.945554,-0.047864
2.894790,-0.056566
2.867876,-0.065269
2.823761,-0.073971
2.777082,-0.082674
2.731301,-0.091376
2.693306,-0.100078
2.649974,-0.108781
2.607369,-0.117483
2.565446,-0.126186
2.534295,-0.134888
2.494375,-0.143591
2.466666,-0.152293
2.428555,-0.160996
2.415165,-0.169698
2.367594,-0.178401
2.356066,-0.187103
2.320505,-0.195806
2.326221,-0.204508
2.342244,-0.213211
2.334023,-0.221913
2.344621,-0.230616
2.363852,-0.239318
2.384023,-0.248021
2.399570,-0.256723
2.396065,-0.265425
2.414872,-0.274128
2.386722,-0.282830
2.412094,-0.291533
2.435410,-0.300235
2.436120,-0.308938
2.462687,-0.317640
2.492776,-0.326343
2.495071,-0.335045
2.527477,-0.343748
2.560937,-0.352450
2.560807,-0.361153
2.555392,-0.369855
2.579585,-0.378558
2.602959,-0.387260
2.628904,-0.395963
2.680003,-0.404665
2.680845,-0.413367
2.705878,-0.422070
2.731121,-0.430772
2.787674,-0.439475
2.813713,-0.448177
2.846020,-0.456880
2.873146,-0.465582
2.900586,-0.474285
2.935956,-0.482987
2.964633,-0.491690
2.993694,-0.500392
3.032418,-0.509095
3.062889,-0.517797
3.118256,-0.526500
3.160528,-0.535202
3.192934,-0.543905
3.225905,-0.552607
3.272290,-0.561310
3.307121,-0.570012
3.366223,-0.578714
3.417077,-0.587417
3.454604,-0.596119
3.516168,-0.604822
3.572090,-0.613524
3.612810,-0.622227
3.677385,-0.630929
3.739093,-0.639632
3.806262,-0.648334
3.874402,-0.657037
4.054944,-0.665739
4.125732,-0.674442
4.197773,-0.683144
4.273206,-0.691847
6.277236,-0.952921
6.165738,-0.961623
6.156455,-0.970326
6.127417,-0.979028
6.078700,-0.987731
6.050772,-0.996433
6.003199,-1.005136
5.936039,-1.013838
5.889608,-1.022541
5.863829,-1.031243
5.818450,-1.039946
5.773590,-1.048648
5.749302,-1.057350
5.705435,-1.066053
5.682096,-1.074755
5.679241,-1.083458
5.636783,-1.092160
5.634811,-1.100863
5.593256,-1.109565
5.572149,-1.118268
5.531473,-1.126970
5.511224,-1.135673
5.471395,-1.144375
5.431977,-1.153078
5.412968,-1.161780
5.354339,-1.170483
5.283101,-1.179185
5.258214,-1.187888
3.457507,-1.196590
3.162671,-1.205293
2.764397,-1.213995
2.715119,-1.222697
2.663284,-1.231400
2.645499,-1.240102
2.648010,-1.248805
2.610431,-1.257507
2.613312,-1.266210
2.333679,-1.274912
2.235519,-1.283615
2.137274,-1.292317
1.957820,-1.301020
1.920132,-1.309722
1.923151,-1.318425
1.865213,-1.327127
1.827627,-1.335830
1.790048,-1.344532
1.731983,-1.353235
1.735394,-1.361937
1.738951,-1.370639
1.722048,-1.379342
1.684548,-1.388044
1.647009,-1.396747
1.650920,-1.405449
1.654976,-1.414152
1.638324,-1.422854
1.642620,-1.431557
1.647065,-1.440259
1.609612,-1.448962
1.614239,-1.457664
1.619015,-1.466367
1.623944,-1.475069
1.629028,-1.483772
1.634268,-1.492474
1.618251,-1.501177
1.623739,-1.509879
1.629389,-1.518582
1.635204,-1.527284
1.641185,-1.535986
1.647337,-1.544689
1.653661,-1.553391
1.660161,-1.562094
1.666839,-1.570796
