scan.pos:0.710040,6.994750,-0.3647501.070420,1.562094
1.074039,1.553391
1.077766,1.544689
1.081601,1.535986
1.085547,1.527284
1.089605,1.518581
1.093776,1.509879
1.098064,1.501177
1.102470,1.492474
1.106996,1.483772
1.111645,1.475069
1.116417,1.466367
1.121317,1.457664
1.126346,1.448962
1.131507,1.440259
1.136803,1.431557
1.142236,1.422854
1.147808,1.414152
1.153524,1.405449
1.159386,1.396747
1.165396,1.388044
1.171559,1.379342
1.177878,1.370639
1.184356,1.361937
1.190997,1.353234
1.197804,1.344532
1.204782,1.335830
1.211935,1.327127
1.219266,1.318425
1.226781,1.309722
1.234483,1.301020
1.242378,1.292317
1.250471,1.283615
1.258766,1.274912
1.267269,1.266210
1.275985,1.257507
1.284921,1.248805
1.294082,1.240102
1.284249,1.231400
1.293737,1.222697
1.303467,1.213995
1.313445,1.205292
1.323679,1.196590
1.334176,1.187888
1.344943,1.179185
1.355990,1.170483
1.367326,1.161780
1.378958,1.153078
1.390896,1.144375
1.386226,1.135673
1.405415,1.126970
1.425828,1.118268
1.417813,1.109565
1.439651,1.100863
1.459483,1.092160
1.482574,1.083458
1.476146,1.074755
1.500757,1.066053
1.521404,1.057350
1.541981,1.048648
1.542666,1.039945
1.563844,1.031243
1.591984,1.022541
1.588398,1.013838
1.610221,1.005136
1.640679,0.996433
1.663083,0.987731
1.670687,0.979028
1.693911,0.970326
1.717208,0.961623
1.752111,0.952921
1.752192,0.944218
1.776553,0.935516
1.814437,0.926813
1.839746,0.918111
1.865248,0.909408
1.882965,0.900706
1.909722,0.892003
1.953506,0.883301
1.981547,0.874598
2.009920,0.865896
2.038652,0.857194
2.064887,0.848491
2.095339,0.839789
2.148727,0.831086
2.179984,0.822384
2.212841,0.813681
2.268486,0.804979
2.305490,0.796276
2.341298,0.787574
2.399803,0.778871
2.443460,0.770169
2.482905,0.761466
2.545029,0.752764
2.586502,0.744061
2.640452,0.735359
2.707169,0.726656
2.775157,0.717954
2.838836,0.709251
2.911354,0.700549
2.985595,0.691847
3.061721,0.683144
3.141152,0.674442
3.244517,0.665739
3.329410,0.657037
3.424513,0.648334
3.538413,0.639632
3.634990,0.630929
3.756196,0.622227
3.878301,0.613524
4.011393,0.604822
4.149944,0.596119
4.315142,0.587417
4.476330,0.578714
4.680357,0.570012
4.852487,0.561309
5.055338,0.552607
5.317613,0.543905
5.551173,0.535202
5.861820,0.526500
6.170976,0.517797
6.555114,0.509095
6.941257,0.500392
7.339817,0.491690
7.334561,0.482987
7.331362,0.474285
7.330824,0.465582
7.310140,0.456880
7.298872,0.448177
7.293468,0.439475
7.288626,0.430772
7.284345,0.422070
7.280624,0.413367
7.277460,0.404665
7.274853,0.395962
7.272801,0.387260
7.271304,0.378558
7.270361,0.369855
7.269972,0.361153
7.270136,0.352450
7.270854,0.343748
7.272127,0.335045
7.273954,0.326343
7.276336,0.317640
7.279274,0.308938
7.282769,0.300235
7.286823,0.291533
7.291437,0.282830
7.296612,0.274128
7.302352,0.265425
7.308658,0.256723
7.315532,0.248020
7.322977,0.239318
7.330997,0.230615
7.339593,0.221913
7.348770,0.213211
7.358531,0.204508
7.368880,0.195806
7.379821,0.187103
7.391358,0.178401
7.403496,0.169698
7.416239,0.160996
7.429594,0.152293
7.443563,0.143591
7.458156,0.134888
7.473375,0.126186
7.489228,0.117483
7.505722,0.108781
7.522862,0.100078
7.540657,0.091376
7.559113,0.082673
7.578238,0.073971
7.598040,0.065269
7.618527,0.056566
7.639709,0.047864
7.661594,0.039161
7.684192,0.030459
7.707511,0.021756
7.731564,0.013054
7.756360,0.004351
7.781909,-0.004351
6.401603,-0.395963
6.334882,-0.404665
6.187478,-0.413367
5.988755,-0.422070
5.838807,-0.430772
5.618570,-0.439475
5.433570,-0.448177
5.169856,-0.456880
5.101001,-0.465582
5.060583,-0.474285
5.021180,-0.482987
4.982763,-0.491690
4.945302,-0.500392
4.934919,-0.509095
4.899103,-0.517797
4.864171,-0.526500
4.881282,-0.535202
4.828393,-0.543905
4.858156,-0.552607
4.838582,-0.561310
4.870331,-0.570012
4.902947,-0.578714
4.911864,-0.587417
4.970909,-0.596119
4.957727,-0.604822
4.994436,-0.613524
1.176600,-0.622227
1.122112,-0.630929
1.092066,-0.639632
1.086046,-0.648334
1.080174,-0.657037
1.074447,-0.665739
1.068860,-0.674442
1.017177,-0.683144
1.012095,-0.691847
1.007141,-0.700549
1.002310,-0.709252
0.997602,-0.717954
0.993012,-0.726657
0.988540,-0.735359
0.984182,-0.744061
0.979937,-0.752764
0.975802,-0.761466
0.971776,-0.770169
0.967856,-0.778871
0.964041,-0.787574
0.960328,-0.796276
0.956717,-0.804979
0.909878,-0.813681
0.885032,-0.822384
0.881941,-0.831086
0.878937,-0.839789
0.876020,-0.848491
0.873189,-0.857194
0.870443,-0.865896
0.825448,-0.874599
0.822992,-0.883301
0.820614,-0.892003
0.818310,-0.900706
0.816082,-0.909408
0.813928,-0.918111
0.811847,-0.926813
0.809838,-0.935516
0.807900,-0.944218
0.806032,-0.952921
0.804235,-0.961623
0.802506,-0.970326
0.800846,-0.979028
0.799253,-0.987731
0.797727,-0.996433
0.796267,-1.005136
0.794874,-1.013838
0.793545,-1.022541
0.792281,-1.031243
0.770797,-1.039946
0.769690,-1.048648
0.768645,-1.057350
0.767661,-1.066053
0.766738,-1.074755
0.765875,-1.083458
0.765072,-1.092160
0.764330,-1.100863
0.763646,-1.109565
0.763022,-1.118268
0.762457,-1.126970
0.761951,-1.135673
0.761504,-1.144375
0.761115,-1.153078
0.760784,-1.161780
0.760511,-1.170483
0.760297,-1.179185
0.760140,-1.187888
0.720040,-1.196590
0.720001,-1.205293
0.720017,-1.213995
0.720089,-1.222697
0.720215,-1.231400
0.720396,-1.240102
0.720631,-1.248805
0.720922,-1.257507
0.721269,-1.266210
0.721670,-1.274912
0.722127,-1.283615
0.722640,-1.292317
0.723208,-1.301020
0.723832,-1.309722
0.724513,-1.318425
0.725251,-1.327127
0.726045,-1.335830
0.726896,-1.344532
0.727805,-1.353235
0.728772,-1.361937
0.729797,-1.370639
0.730880,-1.379342
0.711689,-1.388044
0.692490,-1.396747
0.693682,-1.405449
0.694931,-1.414152
0.696238,-1.422854
0.697603,-1.431557
0.699027,-1.440259
0.700509,-1.448962
0.702052,-1.457664
0.703655,-1.466367
0.705320,-1.475069
0.707046,-1.483772
0.708835,-1.492474
0.710687,-1.501177
0.712603,-1.509879
0.714585,-1.518582
0.716632,-1.527284
0.718745,-1.535986
0.720927,-1.544689
0.723176,-1.553391
0.725496,-1.562094
0.727885,-1.570796
