scan.pos:-1.557512,7.262706,-0.1147500.724766,1.562094
0.725524,1.553391
0.726338,1.544689
0.727210,1.535986
0.728139,1.527284
0.729126,1.518581
0.730172,1.509879
0.731276,1.501177
0.732439,1.492474
0.733663,1.483772
0.734946,1.475069
0.736290,1.466367
0.737695,1.457664
0.739162,1.448962
0.740691,1.440259
0.742284,1.431557
0.743940,1.422854
0.745660,1.414152
0.747445,1.405449
0.749296,1.396747
0.751214,1.388044
0.753199,1.379342
0.755252,1.370639
0.757374,1.361937
0.759566,1.353234
0.761829,1.344532
0.764164,1.335830
0.766572,1.327127
0.769054,1.318425
0.771611,1.309722
0.774244,1.301020
0.776955,1.292317
0.779744,1.283615
0.782613,1.274912
0.785564,1.266210
0.788597,1.257507
0.791713,1.248805
0.794916,1.240102
0.798206,1.231400
0.801584,1.222697
0.805052,1.213995
0.808613,1.205292
0.812267,1.196590
0.816017,1.187888
0.819864,1.179185
0.823811,1.170483
0.827859,1.161780
0.832011,1.153078
0.836269,1.144375
0.840635,1.135673
0.841936,1.126970
0.846508,1.118268
0.851196,1.109565
0.856001,1.100863
0.860926,1.092160
0.865975,1.083458
0.871151,1.074755
0.876455,1.066053
0.881893,1.057350
0.887466,1.048648
0.893178,1.039945
0.899034,1.031243
0.905036,1.022541
0.911188,1.013838
0.917496,1.005136
0.923962,0.996433
0.930591,0.987731
0.937387,0.979028
0.944357,0.970326
0.951503,0.961623
0.958833,0.952921
0.966350,0.944218
0.974061,0.935516
0.981971,0.926813
0.990086,0.918111
0.998414,0.909408
1.006961,0.900706
1.013741,0.892003
1.009415,0.883301
1.033084,0.874598
1.028979,0.865896
1.025101,0.857194
1.051095,0.848491
1.047951,0.839789
1.071709,0.831086
1.068817,0.822384
1.092428,0.813681
1.094886,0.804979
1.118903,0.796276
1.117083,0.787574
1.141035,0.778871
1.139526,0.770169
1.163450,0.761466
1.170544,0.752764
1.195032,0.744061
1.194771,0.735359
1.219325,0.726656
1.243852,0.717954
1.244122,0.709251
1.256414,0.700549
1.281844,0.691847
1.307312,0.683144
1.309142,0.674442
1.334869,0.665739
1.360681,0.657037
1.378886,0.648334
1.405744,0.639632
1.409681,0.630929
1.436986,0.622227
1.464487,0.613524
1.492207,0.604822
1.520169,0.596119
1.546756,0.587417
1.553793,0.578714
1.583705,0.570012
1.613990,0.561309
1.644682,0.552607
1.675815,0.543905
1.707426,0.535202
1.739555,0.526500
1.778960,0.517797
1.813455,0.509095
1.848649,0.500392
1.906158,0.491690
1.942850,0.482987
1.980427,0.474285
2.018963,0.465582
2.079810,0.456880
2.116956,0.448177
2.181674,0.439475
2.247674,0.430772
2.294066,0.422070
2.363090,0.413367
2.433827,0.404665
2.506452,0.395962
2.581163,0.387260
2.671134,0.378558
2.753318,0.369855
2.838511,0.361153
2.947660,0.352450
3.060463,0.343748
3.156855,0.335045
3.278442,0.326343
3.425714,0.317640
3.578871,0.308938
3.742443,0.300235
3.915247,0.291533
4.138109,0.282830
4.331292,0.274128
4.557594,0.265425
4.839475,0.256723
5.139307,0.248020
5.501124,0.239318
5.869107,0.230615
6.367889,0.221913
6.864675,0.213211
7.557065,0.204508
2.692707,-0.291533
2.480746,-0.300235
2.329725,-0.308938
2.295793,-0.317640
2.241306,-0.326343
2.210249,-0.335045
2.158284,-0.343748
2.129777,-0.352450
2.102486,-0.361153
2.055706,-0.369855
2.031478,-0.378558
1.985496,-0.387260
1.963149,-0.395963
1.905815,-0.404665
1.898072,-0.413367
1.878253,-0.422070
1.843840,-0.430772
1.826269,-0.439475
1.785816,-0.448177
1.769528,-0.456880
1.753902,-0.465582
1.714908,-0.474285
1.700392,-0.482987
1.675510,-0.491690
1.662735,-0.500392
1.650498,-0.509095
1.614036,-0.517797
1.602663,-0.526500
1.591774,-0.535202
1.573790,-0.543905
1.538958,-0.552607
1.529793,-0.561310
1.521048,-0.570012
1.486767,-0.578714
1.478643,-0.587417
1.466488,-0.596119
1.459635,-0.604822
1.426414,-0.613524
1.420076,-0.622227
1.414085,-0.630929
1.392967,-0.639632
1.374102,-0.648334
1.369378,-0.657037
1.364972,-0.665739
1.359700,-0.674442
1.348019,-0.683144
1.336637,-0.691847
1.325546,-0.700549
1.342050,-0.709252
1.358390,-0.717954
1.347693,-0.726657
1.337264,-0.735359
1.327095,-0.744061
1.317180,-0.752764
1.307510,-0.761466
1.298080,-0.770169
1.288882,-0.778871
1.279910,-0.787574
1.271158,-0.796276
1.262621,-0.804979
1.254292,-0.813681
1.246167,-0.822384
1.238241,-0.831086
1.230507,-0.839789
1.222962,-0.848491
1.215601,-0.857194
1.208420,-0.865896
1.201414,-0.874599
1.194579,-0.883301
1.187912,-0.892003
1.181408,-0.900706
1.221939,-0.909408
1.215504,-0.918111
1.209228,-0.926813
1.203108,-0.935516
1.197141,-0.944218
1.214172,-0.952921
1.208391,-0.961623
1.202756,-0.970326
1.197264,-0.979028
1.191912,-0.987731
1.186697,-0.996433
1.226094,-1.005136
1.220961,-1.013838
1.215963,-1.022541
1.211098,-1.031243
1.228243,-1.039946
1.223552,-1.048648
1.240705,-1.057350
1.236189,-1.066053
1.253359,-1.074755
1.291989,-1.083458
1.287629,-1.092160
1.283395,-1.100863
1.300560,-1.109565
1.317716,-1.118268
1.334866,-1.126970
1.415257,-1.135673
1.432228,-1.144375
1.498035,-1.153078
1.541553,-1.161780
1.728375,-1.170483
1.791043,-1.179185
1.834390,-1.187888
1.838030,-1.196590
1.823078,-1.205293
1.851683,-1.213995
1.944367,-1.222697
1.998418,-1.231400
2.075843,-1.240102
2.171478,-1.248805
2.260034,-1.257507
2.373473,-1.266210
2.463372,-1.274912
2.540732,-1.283615
2.747867,-1.292317
2.887310,-1.301020
3.076731,-1.309722
3.257231,-1.318425
5.710594,-1.327127
5.724471,-1.335830
5.758880,-1.344532
5.833874,-1.353235
6.130167,-1.361937
6.767695,-1.370639
7.023645,-1.379342
