scan.pos:-7.098232,7.139704,0.0184350.860146,1.562094
0.860041,1.553391
0.860000,1.544689
0.860026,1.535986
0.860117,1.527284
0.860273,1.518581
0.860495,1.509879
0.860783,1.501177
0.861136,1.492474
0.861556,1.483772
0.862041,1.475069
0.862593,1.466367
0.863211,1.457664
0.863896,1.448962
0.864648,1.440259
0.865468,1.431557
0.866354,1.422854
0.867309,1.414152
0.868332,1.405449
0.869424,1.396747
0.870585,1.388044
0.871816,1.379342
0.873116,1.370639
0.874487,1.361937
0.875930,1.353234
0.877444,1.344532
0.879030,1.335830
0.880689,1.327127
0.882422,1.318425
0.884229,1.309722
0.886111,1.301020
0.888069,1.292317
0.890104,1.283615
0.892216,1.274912
0.894406,1.266210
0.896676,1.257507
0.899025,1.248805
0.901456,1.240102
0.903970,1.231400
0.906566,1.222697
0.909247,1.213995
0.912013,1.205292
0.914866,1.196590
0.917808,1.187888
0.920838,1.179185
0.923959,1.170483
0.927172,1.161780
0.930479,1.153078
0.933881,1.144375
0.937380,1.135673
0.940976,1.126970
0.944673,1.118268
0.948471,1.109565
0.952373,1.100863
0.956380,1.092160
0.960495,1.083458
0.964718,1.074755
0.969054,1.066053
0.973502,1.057350
0.978067,1.048648
0.982750,1.039945
0.987554,1.031243
0.992480,1.022541
0.997533,1.013838
1.002714,1.005136
1.008026,0.996433
1.013472,0.987731
1.019055,0.979028
1.024779,0.970326
1.030647,0.961623
1.036661,0.952921
1.042826,0.944218
1.049145,0.935516
1.055622,0.926813
1.062261,0.918111
1.069066,0.909408
1.076041,0.900706
1.083191,0.892003
1.090520,0.883301
1.098032,0.874598
1.105734,0.865896
1.113631,0.857194
1.121727,0.848491
1.130028,0.839789
1.138540,0.831086
1.147269,0.822384
1.156222,0.813681
1.165406,0.804979
1.174826,0.796276
1.184491,0.787574
1.194409,0.778871
1.204586,0.770169
1.215031,0.761466
1.206913,0.752764
1.224506,0.744061
1.241897,0.735359
1.231723,0.726656
1.248959,0.717954
1.266015,0.709251
1.282900,0.700549
1.299623,0.691847
1.316192,0.683144
1.332614,0.674442
1.348898,0.665739
1.339296,0.657037
1.355505,0.648334
1.371593,0.639632
1.387566,0.630929
1.403431,0.622227
1.419195,0.613524
1.335907,0.604822
1.302940,0.596119
1.246047,0.587417
1.238511,0.578714
1.231158,0.570012
1.223985,0.561309
1.193125,0.552607
1.186432,0.543905
1.179903,0.535202
1.173535,0.526500
1.167323,0.517797
1.161264,0.509095
1.155356,0.500392
1.149595,0.491690
1.098218,0.482987
1.092961,0.474285
1.087836,0.465582
1.082841,0.456880
1.077973,0.448177
1.073230,0.439475
1.068610,0.430772
1.064110,0.422070
1.059729,0.413367
1.055463,0.404665
1.051311,0.395962
1.047271,0.387260
1.043341,0.378558
1.039520,0.369855
0.992646,0.361153
0.989186,0.352450
0.985825,0.343748
0.982562,0.335045
0.979394,0.326343
0.976321,0.317640
0.973341,0.308938
0.970452,0.300235
0.967654,0.291533
0.964946,0.282830
0.962326,0.274128
0.959793,0.265425
0.957346,0.256723
0.954983,0.248020
0.952705,0.239318
0.950510,0.230615
0.948397,0.221913
0.946366,0.213211
0.944414,0.204508
0.942543,0.195806
0.940750,0.187103
0.939036,0.178401
0.937399,0.169698
0.935839,0.160996
0.934355,0.152293
0.932946,0.143591
0.931613,0.134888
0.930355,0.126186
0.929170,0.117483
0.928059,0.108781
0.927021,0.100078
0.926056,0.091376
0.925164,0.082673
0.924343,0.073971
0.923594,0.065269
0.922917,0.056566
0.922310,0.047864
0.921775,0.039161
0.921310,0.030459
0.920916,0.021756
0.920593,0.013054
0.920339,0.004351
0.920156,-0.004351
0.920043,-0.013054
0.920000,-0.021756
0.920028,-0.030459
0.920125,-0.039161
0.920292,-0.047864
0.920530,-0.056566
0.920837,-0.065269
0.921216,-0.073971
0.921664,-0.082674
0.922184,-0.091376
0.922774,-0.100078
0.923435,-0.108781
0.924168,-0.117483
0.924973,-0.126186
0.925849,-0.134888
0.967093,-0.143591
0.968159,-0.152293
0.969301,-0.160996
0.970520,-0.169698
0.971816,-0.178401
0.973189,-0.187103
0.974641,-0.195806
1.016846,-0.204508
1.018523,-0.213211
1.040689,-0.221913
1.042570,-0.230616
1.044538,-0.239318
1.046593,-0.248021
1.048737,-0.256723
1.050969,-0.265425
1.053291,-0.274128
1.055704,-0.282830
1.058209,-0.291533
1.060807,-0.300235
1.063499,-0.308938
1.066286,-0.317640
1.069169,-0.326343
1.072150,-0.335045
1.075229,-0.343748
1.078409,-0.352450
1.124109,-0.361153
1.127626,-0.369855
1.131251,-0.378558
1.134986,-0.387260
1.138833,-0.395963
1.142794,-0.404665
1.168509,-0.413367
1.216217,-0.422070
1.220773,-0.430772
1.225457,-0.439475
1.230272,-0.448177
1.279333,-0.456880
1.284596,-0.465582
1.312242,-0.474285
1.317888,-0.482987
1.323683,-0.491690
1.329632,-0.500392
1.381015,-0.509095
1.410236,-0.517797
1.462698,-0.526500
4.664042,-0.596119
4.590935,-0.604822
4.529774,-0.613524
4.467601,-0.622227
4.404402,-0.630929
4.364709,-0.639632
4.299560,-0.648334
4.258194,-0.657037
4.207802,-0.665739
4.215802,-0.674442
4.172955,-0.683144
4.160051,-0.691847
4.137802,-0.700549
4.115554,-0.709252
4.067213,-0.717954
4.018472,-0.726657
3.995787,-0.735359
3.973062,-0.744061
3.950290,-0.752764
3.954563,-0.761466
3.904565,-0.770169
3.854048,-0.778871
3.830762,-0.787574
3.779362,-0.796276
3.783877,-0.804979
3.743608,-0.813681
3.728764,-0.822384
3.697683,-0.831086
3.667393,-0.839789
3.637869,-0.848491
3.609090,-0.857194
3.581033,-0.865896
3.553678,-0.874599
3.553327,-0.883301
3.553251,-0.892003
3.553444,-0.900706
3.553903,-0.909408
3.554624,-0.918111
3.555605,-0.926813
3.582069,-0.935516
3.558329,-0.944218
3.609824,-0.952921
3.606298,-0.961623
3.663135,-0.970326
3.711540,-0.979028
3.747494,-0.987731
3.798405,-0.996433
3.790464,-1.005136
3.820531,-1.013838
3.889112,-1.022541
3.946041,-1.031243
3.995464,-1.039946
4.172434,-1.048648
4.203433,-1.057350
4.289636,-1.066053
4.354510,-1.074755
4.416465,-1.083458
4.485632,-1.092160
4.689851,-1.100863
4.763176,-1.109565
4.861104,-1.118268
4.918641,-1.126970
5.042074,-1.135673
5.216315,-1.144375
