scan.pos:-2.002717,-3.522718,1.0852502.077387,1.562094
2.087077,1.553391
2.097018,1.544689
2.107216,1.535986
2.117676,1.527284
2.128402,1.518581
2.139402,1.509879
2.150681,1.501177
2.162245,1.492474
2.174100,1.483772
2.186253,1.475069
2.198711,1.466367
2.211482,1.457664
2.224572,1.448962
2.237989,1.440259
2.251742,1.431557
2.265839,1.422854
2.280288,1.414152
2.295098,1.405449
2.310279,1.396747
2.325840,1.388044
2.341792,1.379342
2.358146,1.370639
2.374911,1.361937
2.392100,1.353234
2.409724,1.344532
2.427796,1.335830
2.446330,1.327127
2.465337,1.318425
2.484833,1.309722
2.504832,1.301020
2.525349,1.292317
2.546401,1.283615
2.568003,1.274912
2.590175,1.266210
2.598410,1.257507
2.626941,1.248805
2.655601,1.240102
2.684407,1.231400
2.688473,1.222697
2.718350,1.213995
2.748431,1.205292
2.778738,1.196590
2.813602,1.187888
2.818759,1.179185
2.850579,1.170483
2.908515,1.161780
2.921569,1.153078
2.954936,1.144375
2.988697,1.135673
3.022881,1.126970
3.232081,1.118268
6.505266,0.926813
6.389928,0.918111
6.276019,0.909408
6.229265,0.900706
6.205188,0.892003
6.181765,0.883301
6.158986,0.874598
6.136839,0.865896
6.115315,0.857194
6.094405,0.848491
6.074097,0.839789
6.054384,0.831086
6.035257,0.822384
6.016707,0.813681
5.998726,0.804979
5.981307,0.796276
5.964441,0.787574
5.948122,0.778871
5.932342,0.770169
5.937920,0.761466
5.923148,0.752764
5.908898,0.744061
5.895164,0.735359
5.923199,0.726656
5.910391,0.717954
5.939170,0.709251
5.927283,0.700549
5.915892,0.691847
5.904994,0.683144
5.894585,0.674442
5.905012,0.665739
5.936173,0.657037
5.987978,0.648334
6.040083,0.639632
6.193660,0.630929
6.529150,0.622227
6.904657,0.613524
7.360440,0.604822
7.455468,0.361153
7.463542,0.352450
7.452014,0.343748
7.461240,0.335045
7.430580,0.326343
7.440939,0.317640
7.451894,0.308938
7.463452,0.300235
7.475615,0.291533
7.488389,0.282830
5.053953,0.274128
4.846063,0.265425
4.750734,0.256723
4.475086,0.248020
4.286813,0.239318
4.151710,0.230615
3.871502,0.221913
3.756189,0.213211
3.661397,0.204508
3.628933,0.195806
3.617474,0.187103
3.564331,0.178401
3.511170,0.169698
3.500114,0.160996
3.489260,0.152293
3.478609,0.143591
3.468158,0.134888
3.457906,0.126186
3.469249,0.117483
3.437994,0.108781
3.449875,0.100078
3.462103,0.091376
3.474683,0.082673
3.487622,0.073971
3.500925,0.065269
3.514599,0.056566
3.528649,0.047864
3.543084,0.039161
3.557909,0.030459
3.573132,0.021756
3.588760,0.013054
3.604801,0.004351
3.621263,-0.004351
3.638155,-0.013054
3.655484,-0.021756
3.673261,-0.030459
3.691494,-0.039161
3.710192,-0.047864
3.729367,-0.056566
3.749027,-0.065269
3.769185,-0.073971
3.766185,-0.082674
3.787238,-0.091376
3.808819,-0.100078
3.830941,-0.108781
3.853617,-0.117483
3.869605,-0.126186
3.900685,-0.134888
3.925104,-0.143591
3.950134,-0.152293
3.975789,-0.160996
4.002087,-0.169698
4.029044,-0.178401
4.056678,-0.187103
4.085007,-0.195806
4.114049,-0.204508
4.143825,-0.213211
4.174356,-0.221913
4.205662,-0.230616
4.237767,-0.239318
4.270694,-0.248021
4.304466,-0.256723
1.251215,-0.265425
1.248415,-0.274128
1.192620,-0.282830
1.192080,-0.291533
1.191812,-0.300235
1.185186,-0.308938
1.175090,-0.317640
1.165253,-0.326343
1.155666,-0.335045
1.146323,-0.343748
1.137215,-0.352450
1.128336,-0.361153
1.119679,-0.369855
1.111238,-0.378558
1.103006,-0.387260
1.094979,-0.395963
1.087149,-0.404665
1.079513,-0.413367
1.072064,-0.422070
1.064797,-0.430772
1.057709,-0.439475
1.050794,-0.448177
1.044047,-0.456880
1.037465,-0.465582
1.031044,-0.474285
1.024779,-0.482987
1.018667,-0.491690
1.012704,-0.500392
1.006887,-0.509095
1.001212,-0.517797
0.995676,-0.526500
0.990276,-0.535202
0.985009,-0.543905
0.979872,-0.552607
0.974861,-0.561310
0.969976,-0.570012
0.965212,-0.578714
0.960568,-0.587417
0.956040,-0.596119
0.951627,-0.604822
0.947327,-0.613524
0.943136,-0.622227
0.939054,-0.630929
0.935078,-0.639632
0.931206,-0.648334
0.927436,-0.657037
0.923767,-0.665739
0.920197,-0.674442
0.913767,-0.683144
0.910400,-0.691847
0.907127,-0.700549
0.903945,-0.709252
0.900854,-0.717954
0.897852,-0.726657
0.894938,-0.735359
0.892111,-0.744061
0.889369,-0.752764
0.886711,-0.761466
0.884136,-0.770169
0.881643,-0.778871
0.879231,-0.787574
0.876899,-0.796276
0.874645,-0.804979
0.872469,-0.813681
0.870370,-0.822384
0.868347,-0.831086
0.866399,-0.839789
0.864526,-0.848491
0.862726,-0.857194
0.861000,-0.865896
0.859345,-0.874599
0.857762,-0.883301
0.856250,-0.892003
0.854808,-0.900706
0.853436,-0.909408
0.852133,-0.918111
0.850899,-0.926813
0.849733,-0.935516
0.848635,-0.944218
0.847604,-0.952921
0.846639,-0.961623
0.845742,-0.970326
0.844911,-0.979028
0.844145,-0.987731
0.843445,-0.996433
0.842810,-1.005136
0.842241,-1.013838
0.841736,-1.022541
0.841296,-1.031243
0.840920,-1.039946
0.840609,-1.048648
0.840361,-1.057350
0.840178,-1.066053
0.840059,-1.074755
0.840004,-1.083458
0.840013,-1.092160
0.840086,-1.100863
0.840223,-1.109565
0.840424,-1.118268
0.840689,-1.126970
0.841018,-1.135673
0.841412,-1.144375
0.841870,-1.153078
0.842393,-1.161780
0.842981,-1.170483
0.843634,-1.179185
0.844352,-1.187888
0.845136,-1.196590
0.845986,-1.205293
0.846902,-1.213995
0.847884,-1.222697
0.848934,-1.231400
0.850051,-1.240102
0.851236,-1.248805
0.852490,-1.257507
0.853812,-1.266210
0.855203,-1.274912
0.856665,-1.283615
0.858196,-1.292317
0.859799,-1.301020
0.861474,-1.309722
0.863221,-1.318425
0.865041,-1.327127
0.866935,-1.335830
0.868904,-1.344532
0.870948,-1.353235
0.873068,-1.361937
0.875266,-1.370639
0.877541,-1.379342
0.879896,-1.388044
0.882331,-1.396747
0.884847,-1.405449
0.887444,-1.414152
0.890126,-1.422854
0.892891,-1.431557
0.895743,-1.440259
0.898681,-1.448962
0.901708,-1.457664
0.904824,-1.466367
0.908031,-1.475069
0.911330,-1.483772
0.914724,-1.492474
0.918213,-1.501177
0.921799,-1.509879
0.925484,-1.518582
0.932276,-1.527284
0.936177,-1.535986
0.940183,-1.544689
0.944295,-1.553391
0.948515,-1.562094
0.952847,-1.570796
