scan.pos:-1.126677,7.113037,0.2852500.917057,1.562094
0.914751,1.553391
0.912526,1.544689
0.910381,1.535986
0.908315,1.527284
0.906327,1.518581
0.904416,1.509879
0.902582,1.501177
0.900824,1.492474
0.899141,1.483772
0.897533,1.475069
0.895999,1.466367
0.894537,1.457664
0.893149,1.448962
0.891832,1.440259
0.890588,1.431557
0.889414,1.422854
0.888311,1.414152
0.887278,1.405449
0.886315,1.396747
0.885421,1.388044
0.884597,1.379342
0.883841,1.370639
0.883154,1.361937
0.882535,1.353234
0.881984,1.344532
0.881501,1.335830
0.881085,1.327127
0.880737,1.318425
0.880456,1.309722
0.880242,1.301020
0.880095,1.292317
0.880016,1.283615
0.880003,1.274912
0.880058,1.266210
0.880179,1.257507
0.880368,1.248805
0.880624,1.240102
0.880947,1.231400
0.881337,1.222697
0.881795,1.213995
0.882321,1.205292
0.882914,1.196590
0.883576,1.187888
0.884306,1.179185
0.885104,1.170483
0.885972,1.161780
0.886909,1.153078
0.887916,1.144375
0.888993,1.135673
0.890140,1.126970
0.891358,1.118268
0.892648,1.109565
0.894009,1.100863
0.895443,1.092160
0.896950,1.083458
0.898530,1.074755
0.900185,1.066053
0.901915,1.057350
0.903720,1.048648
0.905602,1.039945
0.907561,1.031243
0.909598,1.022541
0.911713,1.013838
0.913908,1.005136
0.916184,0.996433
0.918541,0.987731
0.920981,0.979028
0.923504,0.970326
0.926112,0.961623
0.928805,0.952921
0.931585,0.944218
0.934453,0.935516
0.937411,0.926813
0.940459,0.918111
0.943600,0.909408
0.946833,0.900706
0.950162,0.892003
0.953587,0.883301
0.957110,0.874598
0.960732,0.865896
0.964455,0.857194
0.968282,0.848491
0.972214,0.839789
0.976252,0.831086
0.980398,0.822384
0.984656,0.813681
0.989026,0.804979
0.993511,0.796276
0.998114,0.787574
1.002836,0.778871
1.007680,0.770169
1.012648,0.761466
1.017744,0.752764
1.022969,0.744061
1.028328,0.735359
1.033821,0.726656
1.039454,0.717954
1.045228,0.709251
1.051147,0.700549
1.057214,0.691847
1.063434,0.683144
1.069808,0.674442
1.076343,0.665739
1.083040,0.657037
1.089905,0.648334
1.096942,0.639632
1.104154,0.630929
1.111548,0.622227
1.119127,0.613524
1.126896,0.604822
1.134861,0.596119
1.126094,0.587417
1.134342,0.578714
1.142800,0.570012
1.151474,0.561309
1.160369,0.552607
1.169492,0.543905
1.178851,0.535202
1.188452,0.526500
1.198302,0.517797
1.208410,0.509095
1.218784,0.500392
1.223564,0.491690
1.215730,0.482987
1.235898,0.474285
1.257510,0.465582
1.250523,0.456880
1.273495,0.448177
1.294173,0.439475
1.288063,0.430772
1.312802,0.422070
1.333777,0.413367
1.328589,0.404665
1.355220,0.395962
1.376592,0.387260
1.372384,0.378558
1.401055,0.369855
1.422934,0.361153
1.444772,0.352450
1.450668,0.343748
1.473182,0.335045
1.471176,0.326343
1.504490,0.317640
1.527783,0.308938
1.551124,0.300235
1.563031,0.291533
1.587273,0.282830
1.611618,0.274128
1.612538,0.265425
1.652294,0.256723
1.677852,0.248020
1.703595,0.239318
1.729543,0.230615
1.750641,0.221913
1.777929,0.213211
1.805505,0.204508
1.830979,0.195806
1.860135,0.187103
1.889682,0.178401
1.941970,0.169698
1.973734,0.160996
2.005586,0.152293
2.037999,0.143591
2.092968,0.134888
2.132291,0.126186
2.167737,0.117483
2.203977,0.108781
2.241071,0.100078
2.311289,0.091376
2.351565,0.082673
2.414364,0.073971
2.456906,0.065269
2.538414,0.056566
2.585212,0.047864
2.654755,0.039161
2.725923,0.030459
2.798870,0.021756
2.878006,0.013054
2.957154,0.004351
3.059620,-0.004351
3.143919,-0.013054
3.244599,-0.021756
3.358568,-0.030459
3.455668,-0.039161
3.598267,-0.047864
3.724939,-0.056566
3.864824,-0.065269
4.006498,-0.073971
4.175650,-0.082674
4.373127,-0.091376
4.563723,-0.100078
4.785814,-0.108781
5.020386,-0.117483
5.310029,-0.126186
5.596360,-0.134888
5.899120,-0.143591
6.299015,-0.152293
6.708732,-0.160996
7.235720,-0.169698
7.767744,-0.178401
2.290850,-0.691847
2.245501,-0.700549
2.152365,-0.709252
2.022018,-0.717954
1.980240,-0.726657
1.850543,-0.735359
1.831464,-0.744061
1.792696,-0.752764
1.754560,-0.761466
1.739589,-0.770169
1.705669,-0.778871
1.670158,-0.787574
1.657994,-0.796276
1.623449,-0.804979
1.595730,-0.813681
1.585981,-0.822384
1.553405,-0.831086
1.521103,-0.839789
1.498719,-0.848491
1.456997,-0.857194
1.441358,-0.865896
1.442070,-0.874599
1.436556,-0.883301
1.407129,-0.892003
1.391988,-0.900706
1.388074,-0.909408
1.359750,-0.918111
1.356391,-0.926813
1.320262,-0.935516
1.317959,-0.944218
1.290542,-0.952921
1.282292,-0.961623
1.281283,-0.970326
1.249233,-0.979028
1.249144,-0.987731
1.222977,-0.996433
1.219430,-1.005136
1.220492,-1.013838
1.194849,-1.022541
1.193921,-1.031243
1.168665,-1.039946
1.170866,-1.048648
1.144620,-1.057350
1.147605,-1.066053
1.146682,-1.074755
1.136859,-1.083458
1.127287,-1.092160
1.117960,-1.100863
1.108869,-1.109565
1.100009,-1.118268
1.091371,-1.126970
1.082950,-1.135673
1.074738,-1.144375
1.066731,-1.153078
1.058923,-1.161780
1.051307,-1.170483
1.043880,-1.179185
1.036634,-1.187888
1.029567,-1.196590
1.022672,-1.205293
1.015947,-1.213995
1.009385,-1.222697
1.002984,-1.231400
0.996738,-1.240102
0.990645,-1.248805
0.984701,-1.257507
0.978901,-1.266210
0.957638,-1.274912
0.952206,-1.283615
0.946908,-1.292317
0.941740,-1.301020
0.936699,-1.309722
0.955077,-1.318425
0.973336,-1.327127
0.968426,-1.335830
0.963638,-1.344532
0.958970,-1.353235
0.954419,-1.361937
0.949984,-1.370639
0.945661,-1.379342
0.941448,-1.388044
0.937344,-1.396747
0.933347,-1.405449
0.929453,-1.414152
0.925663,-1.422854
0.921973,-1.431557
0.918382,-1.440259
0.914888,-1.448962
0.911490,-1.457664
0.908186,-1.466367
0.904975,-1.475069
0.901854,-1.483772
0.898823,-1.492474
0.895881,-1.501177
0.893026,-1.509879
0.890256,-1.518582
0.887571,-1.527284
0.884969,-1.535986
0.882449,-1.544689
0.880010,-1.553391
0.877652,-1.562094
0.875373,-1.570796
