scan.pos:-7.145602,7.125390,0.5184350.990104,1.562094
0.985237,1.553391
0.980491,1.544689
0.975865,1.535986
0.971356,1.527284
0.966962,1.518581
0.962681,1.509879
0.958510,1.501177
0.954447,1.492474
0.950490,1.483772
0.946638,1.475069
0.942889,1.466367
0.939241,1.457664
0.935691,1.448962
0.932239,1.440259
0.928883,1.431557
0.925621,1.422854
0.922452,1.414152
0.919375,1.405449
0.916387,1.396747
0.913488,1.388044
0.910677,1.379342
0.907952,1.370639
0.905311,1.361937
0.902755,1.353234
0.900281,1.344532
0.897889,1.335830
0.895578,1.327127
0.893347,1.318425
0.891194,1.309722
0.889119,1.301020
0.887121,1.292317
0.885200,1.283615
0.883354,1.274912
0.881582,1.266210
0.879885,1.257507
0.878261,1.248805
0.876709,1.240102
0.875230,1.231400
0.873821,1.222697
0.872484,1.213995
0.871217,1.205292
0.870020,1.196590
0.868892,1.187888
0.867833,1.179185
0.866843,1.170483
0.865921,1.161780
0.865067,1.153078
0.864280,1.144375
0.863560,1.135673
0.862907,1.126970
0.862320,1.118268
0.861800,1.109565
0.861347,1.100863
0.860959,1.092160
0.860637,1.083458
0.860381,1.074755
0.860190,1.066053
0.860065,1.057350
0.860005,1.048648
0.860011,1.039945
0.860083,1.031243
0.860220,1.022541
0.860423,1.013838
0.860691,1.005136
0.861025,0.996433
0.861425,0.987731
0.861891,0.979028
0.862423,0.970326
0.863021,0.961623
0.863687,0.952921
0.864419,0.944218
0.865218,0.935516
0.866085,0.926813
0.867020,0.918111
0.868023,0.909408
0.869094,0.900706
0.870234,0.892003
0.871444,0.883301
0.872724,0.874598
0.874074,0.865896
0.875496,0.857194
0.876988,0.848491
0.878553,0.839789
0.880191,0.831086
0.881902,0.822384
0.883687,0.813681
0.885547,0.804979
0.887482,0.796276
0.889494,0.787574
0.891583,0.778871
0.893750,0.770169
0.895996,0.761466
0.898322,0.752764
0.900729,0.744061
0.903218,0.735359
0.905789,0.726656
0.908445,0.717954
0.911186,0.709251
0.914013,0.700549
0.916928,0.691847
0.919932,0.683144
0.923027,0.674442
0.926212,0.665739
0.929491,0.657037
0.932865,0.648334
0.936335,0.639632
0.939902,0.630929
0.943569,0.622227
0.947337,0.613524
0.951208,0.604822
0.955184,0.596119
0.959266,0.587417
0.963458,0.578714
0.967760,0.570012
0.972175,0.561309
0.976705,0.552607
0.981352,0.543905
0.986120,0.535202
0.991010,0.526500
0.996025,0.517797
1.001168,0.509095
1.006441,0.500392
1.011847,0.491690
1.017390,0.482987
1.023072,0.474285
1.028896,0.465582
1.034867,0.456880
1.040987,0.448177
1.047260,0.439475
1.053690,0.430772
1.060280,0.422070
1.067036,0.413367
1.073960,0.404665
1.081057,0.395962
1.088333,0.387260
1.095791,0.378558
1.103436,0.369855
1.111275,0.361153
1.119311,0.352450
1.127551,0.343748
1.136000,0.335045
1.144664,0.326343
1.153551,0.317640
1.162665,0.308938
1.172015,0.300235
1.181607,0.291533
1.191449,0.282830
1.201548,0.274128
1.211913,0.265425
1.209992,0.256723
1.227576,0.248020
1.244956,0.239318
1.234705,0.230615
1.251930,0.221913
1.268974,0.213211
1.285846,0.204508
1.275973,0.195806
1.319110,0.187103
1.309330,0.178401
1.325789,0.169698
1.342111,0.160996
1.358304,0.152293
1.374375,0.143591
1.390330,0.134888
1.406176,0.126186
1.421921,0.117483
1.437569,0.108781
1.453128,0.100078
1.468603,0.091376
1.386688,0.082673
1.378410,0.073971
1.346293,0.065269
1.290747,0.056566
1.283466,0.047864
1.276363,0.039161
1.245926,0.030459
1.239293,0.021756
1.232823,0.013054
1.226514,0.004351
1.220361,-0.004351
1.214362,-0.013054
1.208512,-0.021756
1.202811,-0.030459
1.152074,-0.039161
1.146862,-0.047864
1.141784,-0.056566
1.136837,-0.065269
1.132018,-0.073971
1.127326,-0.082674
1.122757,-0.091376
1.118310,-0.100078
1.113983,-0.108781
1.109773,-0.117483
1.105679,-0.126186
1.101698,-0.134888
1.097830,-0.143591
1.094071,-0.152293
1.047660,-0.160996
1.044255,-0.169698
1.040952,-0.178401
1.037748,-0.187103
1.034643,-0.195806
1.031634,-0.204508
1.028721,-0.213211
1.025902,-0.221913
1.023176,-0.230616
1.020543,-0.239318
1.018000,-0.248021
1.015547,-0.256723
1.013182,-0.265425
1.010906,-0.274128
1.008716,-0.282830
1.006612,-0.291533
1.004594,-0.300235
1.002660,-0.308938
1.000809,-0.317640
0.999041,-0.326343
0.997355,-0.335045
0.995750,-0.343748
0.994226,-0.352450
0.992782,-0.361153
0.991418,-0.369855
0.990133,-0.378558
0.988927,-0.387260
0.987798,-0.395963
0.986747,-0.404665
0.985774,-0.413367
0.984877,-0.422070
0.984056,-0.430772
0.983312,-0.439475
0.982644,-0.448177
0.982052,-0.456880
0.981534,-0.465582
0.981093,-0.474285
0.980726,-0.482987
0.980434,-0.491690
0.980216,-0.500392
0.980074,-0.509095
0.980006,-0.517797
0.980013,-0.526500
0.980095,-0.535202
0.980251,-0.543905
0.980482,-0.552607
0.980787,-0.561310
0.981168,-0.570012
0.981624,-0.578714
0.982155,-0.587417
0.982761,-0.596119
0.983443,-0.604822
0.984201,-0.613524
0.985035,-0.622227
0.985946,-0.630929
1.027217,-0.639632
1.028326,-0.648334
1.029515,-0.657037
1.030786,-0.665739
1.032138,-0.674442
1.033574,-0.683144
1.075683,-0.691847
1.077347,-0.700549
1.099460,-0.709252
1.101334,-0.717954
1.103299,-0.726657
1.105356,-0.735359
1.107504,-0.744061
1.109746,-0.752764
1.112082,-0.761466
1.114512,-0.770169
1.117039,-0.778871
1.119662,-0.787574
1.122384,-0.796276
1.125204,-0.804979
1.128125,-0.813681
1.131148,-0.822384
1.134273,-0.831086
1.179633,-0.839789
1.183091,-0.848491
1.186661,-0.857194
1.190343,-0.865896
1.194139,-0.874599
1.198051,-0.883301
1.223547,-0.892003
1.270850,-0.900706
1.275349,-0.909408
1.279977,-0.918111
1.284738,-0.926813
1.333349,-0.935516
1.338551,-0.944218
1.365928,-0.952921
1.371509,-0.961623
1.377242,-0.970326
1.383128,-0.979028
1.433983,-0.987731
1.462892,-0.996433
1.514784,-1.005136
1.709917,-1.013838
4.711418,-1.083458
4.651312,-1.092160
4.590235,-1.100863
4.528177,-1.109565
4.465122,-1.118268
4.401057,-1.126970
4.350359,-1.135673
4.309604,-1.144375
4.243275,-1.153078
4.275759,-1.161780
4.207886,-1.170483
4.183250,-1.179185
4.160950,-1.187888
4.138659,-1.196590
4.116371,-1.205293
4.068047,-1.213995
4.045550,-1.222697
3.996608,-1.231400
3.973851,-1.240102
3.977875,-1.248805
3.928189,-1.257507
3.905266,-1.266210
3.854789,-1.274912
3.803772,-1.283615
3.780129,-1.292317
3.756370,-1.301020
3.750118,-1.309722
3.718146,-1.318425
3.686993,-1.327127
3.656635,-1.335830
3.627045,-1.344532
3.598203,-1.353235
3.596874,-1.361937
3.569255,-1.370639
3.568707,-1.379342
3.568436,-1.388044
3.594435,-1.396747
3.568712,-1.405449
3.569251,-1.414152
3.595504,-1.422854
3.571113,-1.431557
3.622650,-1.440259
3.633116,-1.448962
3.680066,-1.457664
3.737429,-1.466367
3.762070,-1.475069
3.823011,-1.483772
3.802121,-1.492474
3.843149,-1.501177
3.898002,-1.509879
3.943434,-1.518582
4.001319,-1.527284
4.177983,-1.535986
4.229626,-1.544689
4.291640,-1.553391
4.371758,-1.562094
4.437562,-1.570796
