scan.pos:-2.057128,5.941335,1.6352505.955237,1.562094
5.952111,1.553391
5.949441,1.544689
5.947227,1.535986
5.945467,1.527284
5.944160,1.518581
5.943306,1.509879
5.942905,1.501177
5.942957,1.492474
5.943461,1.483772
5.944418,1.475069
5.945828,1.466367
5.947692,1.457664
5.950011,1.448962
5.952785,1.440259
5.956015,1.431557
5.959702,1.422854
5.963850,1.414152
5.968457,1.405449
5.973526,1.396747
3.504080,1.388044
3.265893,1.379342
2.946803,1.370639
2.768533,1.361937
2.650683,1.353234
2.532734,1.344532
2.313325,1.335830
2.215243,1.327127
2.157690,1.318425
1.957591,1.309722
1.920141,1.301020
1.862273,1.292317
1.804337,1.283615
1.684786,1.274912
1.667647,1.266210
1.671160,1.257507
1.654176,1.248805
1.616554,1.240102
1.599618,1.231400
1.561937,1.222697
1.524189,1.213995
1.528148,1.205292
1.490349,1.196590
1.473463,1.187888
1.477661,1.179185
1.481996,1.170483
1.486470,1.161780
1.469828,1.153078
1.474519,1.144375
1.479352,1.135673
1.441396,1.126970
1.417960,1.118268
1.428635,1.109565
1.418467,1.100863
1.430737,1.092160
1.416111,1.083458
1.409037,1.074755
1.402495,1.066053
1.396460,1.057350
1.389400,1.048648
1.407628,1.039945
1.404063,1.031243
1.379818,1.022541
1.400490,1.013838
1.399014,1.005136
1.402031,0.996433
1.402114,0.987731
1.379462,0.979028
1.380053,0.970326
1.388464,0.961623
1.390458,0.952921
1.392732,0.944218
1.405187,0.935516
1.408783,0.926813
1.436574,0.918111
1.428959,0.909408
1.434089,0.900706
1.463834,0.892003
1.459530,0.883301
1.466160,0.874598
1.473046,0.865896
1.496768,0.857194
1.504892,0.848491
1.505967,0.839789
1.515160,0.831086
1.524621,0.822384
1.554481,0.813681
1.539169,0.804979
1.523762,0.796276
1.509909,0.787574
1.521430,0.778871
1.506414,0.770169
1.518322,0.761466
1.530536,0.752764
1.543067,0.744061
1.528211,0.735359
1.513222,0.726656
1.526281,0.717954
1.524526,0.709251
1.513591,0.700549
1.531944,0.691847
1.549372,0.683144
1.539471,0.674442
1.559673,0.665739
1.577488,0.657037
1.542054,0.648334
1.564392,0.639632
1.556677,0.630929
1.575266,0.622227
1.599632,0.613524
1.618624,0.604822
1.637576,0.596119
1.663933,0.587417
1.683378,0.578714
1.702819,0.570012
1.706573,0.561309
1.726762,0.552607
1.746985,0.543905
1.791578,0.535202
1.798988,0.526500
1.819988,0.517797
1.864981,0.509095
1.875542,0.500392
1.897503,0.491690
1.966622,0.482987
1.965262,0.474285
1.980254,0.465582
2.003602,0.456880
2.050202,0.448177
2.073913,0.439475
2.116753,0.430772
2.141810,0.422070
2.189791,0.413367
2.215442,0.404665
2.286005,0.395962
2.290960,0.387260
2.274387,0.378558
2.258689,0.369855
2.247735,0.361153
2.256879,0.352450
2.244994,0.343748
2.234126,0.335045
2.211117,0.326343
2.203737,0.317640
2.197542,0.308938
2.192588,0.300235
2.181398,0.291533
2.180665,0.282830
2.181443,0.274128
2.162646,0.265425
2.166793,0.256723
2.152603,0.248020
2.141502,0.239318
2.153635,0.230615
2.147239,0.221913
2.122884,0.213211
2.117598,0.204508
2.112499,0.195806
2.107585,0.187103
2.102853,0.178401
2.098302,0.169698
2.093930,0.160996
2.089734,0.152293
2.085714,0.143591
2.081868,0.134888
2.078194,0.126186
2.074690,0.117483
2.071356,0.108781
2.068190,0.100078
2.065190,0.091376
2.062356,0.082673
2.059686,0.073971
2.057180,0.065269
2.054836,0.056566
2.052654,0.047864
2.050632,0.039161
2.048770,0.030459
2.047067,0.021756
2.045522,0.013054
2.044136,0.004351
2.042907,-0.004351
2.041834,-0.013054
2.040919,-0.021756
2.040159,-0.030459
2.039555,-0.039161
2.039107,-0.047864
2.038814,-0.056566
2.038676,-0.065269
2.038694,-0.073971
2.038867,-0.082674
2.039195,-0.091376
2.039679,-0.100078
2.040319,-0.108781
2.041114,-0.117483
2.042065,-0.126186
2.043174,-0.134888
2.044439,-0.143591
2.045861,-0.152293
2.047441,-0.160996
2.049181,-0.169698
2.051079,-0.178401
2.053138,-0.187103
2.055357,-0.195806
2.057738,-0.204508
2.060281,-0.213211
2.062989,-0.221913
2.065860,-0.230616
2.068898,-0.239318
2.072102,-0.248021
2.075475,-0.256723
2.079018,-0.265425
2.082731,-0.274128
2.086617,-0.282830
2.090677,-0.291533
2.094912,-0.300235
2.099325,-0.308938
2.103917,-0.317640
2.108691,-0.326343
2.113647,-0.335045
2.118788,-0.343748
2.124117,-0.352450
2.129635,-0.361153
2.135345,-0.369855
2.141248,-0.378558
2.147349,-0.387260
2.153649,-0.395963
2.160151,-0.404665
2.166858,-0.413367
2.173773,-0.422070
2.180899,-0.430772
2.188239,-0.439475
2.195796,-0.448177
2.203574,-0.456880
2.211576,-0.465582
2.219806,-0.474285
2.228269,-0.482987
2.236966,-0.491690
2.245904,-0.500392
2.255086,-0.509095
2.264516,-0.517797
2.274200,-0.526500
2.284141,-0.535202
2.294345,-0.543905
2.304817,-0.552607
2.315562,-0.561310
2.326586,-0.570012
2.337895,-0.578714
2.349493,-0.587417
2.361388,-0.596119
2.373586,-0.604822
2.386093,-0.613524
2.398916,-0.622227
2.412062,-0.630929
2.425539,-0.639632
2.439354,-0.648334
2.453516,-0.657037
2.468031,-0.665739
2.482910,-0.674442
2.498161,-0.683144
2.513793,-0.691847
2.529815,-0.700549
2.546239,-0.709252
2.563073,-0.717954
2.580329,-0.726657
2.598019,-0.735359
2.616153,-0.744061
2.634744,-0.752764
2.653805,-0.761466
2.673349,-0.770169
2.693389,-0.778871
2.713940,-0.787574
2.735018,-0.796276
2.756636,-0.804979
2.778813,-0.813681
2.801564,-0.822384
2.824908,-0.831086
2.848863,-0.839789
2.873448,-0.848491
2.887163,-0.857194
2.922196,-0.865896
2.929770,-0.874599
2.965458,-0.883301
3.001393,-0.892003
3.010607,-0.900706
3.047324,-0.909408
3.084362,-0.918111
3.121749,-0.926813
3.133330,-0.935516
3.171689,-0.944218
3.210479,-0.952921
3.249729,-0.961623
3.289473,-0.970326
3.329741,-0.979028
3.345463,-0.987731
3.387048,-0.996433
3.429260,-1.005136
3.472136,-1.013838
3.515714,-1.022541
3.560037,-1.031243
3.605148,-1.039946
3.651091,-1.048648
3.697913,-1.057350
3.745664,-1.066053
3.818029,-1.074755
3.867669,-1.083458
3.918406,-1.092160
3.970301,-1.100863
4.023420,-1.109565
4.100853,-1.118268
4.156516,-1.126970
4.213624,-1.135673
4.294952,-1.144375
4.377688,-1.153078
4.439448,-1.161780
4.525412,-1.170483
4.590818,-1.179185
4.680464,-1.187888
4.772096,-1.196590
4.865856,-1.205293
4.961898,-1.213995
5.060386,-1.222697
5.161498,-1.231400
5.265427,-1.240102
5.372380,-1.248805
5.504109,-1.257507
5.617739,-1.266210
5.735140,-1.274912
5.877916,-1.283615
6.024949,-1.292317
6.176600,-1.301020
6.333270,-1.309722
6.516454,-1.318425
6.684478,-1.327127
6.859001,-1.335830
7.082391,-1.344532
1.187094,-1.353235
1.184139,-1.361937
1.119114,-1.370639
1.075159,-1.379342
1.072745,-1.388044
1.070423,-1.396747
1.068193,-1.405449
1.025051,-1.414152
1.002617,-1.422854
1.000768,-1.431557
0.999002,-1.440259
0.997318,-1.448962
0.995715,-1.457664
0.994193,-1.466367
0.992751,-1.475069
0.991388,-1.483772
0.990105,-1.492474
0.948537,-1.501177
0.947456,-1.509879
0.946450,-1.518582
0.945518,-1.527284
0.944659,-1.535986
0.943874,-1.544689
0.943162,-1.553391
0.942523,-1.562094
0.941956,-1.570796
