scan.pos:-6.466194,5.758722,2.9684357.705933,1.535986
7.400597,1.527284
7.092166,1.518581
6.820408,1.509879
6.583595,1.501177
6.338351,1.492474
6.128902,1.483772
5.929603,1.475069
5.726470,1.466367
5.567811,1.457664
5.395739,1.448962
5.245225,1.440259
5.087997,1.431557
4.957203,1.422854
4.831471,1.414152
4.712133,1.405449
4.575830,1.396747
4.485796,1.388044
4.363473,1.379342
4.281933,1.370639
4.182027,1.361937
4.074420,1.353234
4.002740,1.344532
3.911817,1.335830
3.838112,1.327127
3.752569,1.318425
3.690801,1.309722
3.627532,1.301020
3.548271,1.292317
3.492664,1.283615
3.438280,1.274912
3.364131,1.266210
3.313617,1.257507
3.244252,1.248805
3.196915,1.240102
3.150643,1.231400
3.110580,1.222697
3.067102,1.213995
3.001305,1.205292
2.967110,1.196590
2.926786,1.187888
2.872915,1.179185
2.834629,1.170483
2.796962,1.161780
2.771491,1.153078
2.735705,1.144375
2.689287,1.135673
2.655069,1.126970
2.621283,1.118268
2.603204,1.109565
2.570919,1.100863
2.530703,1.092160
2.499631,1.083458
2.494201,1.074755
2.457203,1.066053
2.427637,1.057350
2.392685,1.048648
2.364057,1.039945
2.357299,1.031243
2.329707,1.022541
2.298694,1.013838
2.271860,1.005136
2.269661,0.996433
2.243721,0.987731
2.216287,0.979028
2.190957,0.970326
2.165658,0.961623
2.168617,0.952921
2.153358,0.944218
2.135079,0.935516
2.117268,0.926813
2.099910,0.918111
2.082993,0.909408
2.066501,0.900706
2.050423,0.892003
2.034748,0.883301
2.019463,0.874598
2.004557,0.865896
1.990020,0.857194
1.975842,0.848491
1.962013,0.839789
1.948524,0.831086
1.935365,0.822384
1.922528,0.813681
1.910004,0.804979
1.897787,0.796276
1.885867,0.787574
1.874238,0.778871
1.862893,0.770169
1.851824,0.761466
1.841026,0.752764
1.830491,0.744061
1.820214,0.735359
1.810189,0.726656
1.800409,0.717954
1.790871,0.709251
1.781568,0.700549
1.772496,0.691847
1.763649,0.683144
1.755023,0.674442
1.746614,0.665739
1.738416,0.657037
1.730426,0.648334
1.722640,0.639632
1.715053,0.630929
1.707663,0.622227
1.700465,0.613524
1.693455,0.604822
1.686632,0.596119
1.679990,0.587417
1.673528,0.578714
1.667241,0.570012
1.661128,0.561309
1.655184,0.552607
1.649409,0.543905
1.643798,0.535202
1.638350,0.526500
1.633061,0.517797
1.627931,0.509095
1.622955,0.500392
1.618133,0.491690
1.613462,0.482987
1.608940,0.474285
1.604565,0.465582
1.600335,0.456880
1.596249,0.448177
1.592304,0.439475
1.588500,0.430772
1.584834,0.422070
1.581305,0.413367
1.577912,0.404665
1.574653,0.395962
1.571527,0.387260
1.568532,0.378558
1.565668,0.369855
1.562933,0.361153
1.560326,0.352450
1.557847,0.343748
1.555493,0.335045
1.553265,0.326343
1.551161,0.317640
1.549181,0.308938
1.547323,0.300235
1.545587,0.291533
1.543973,0.282830
1.542479,0.274128
1.541106,0.265425
1.539852,0.256723
1.538717,0.248020
1.537701,0.239318
1.536803,0.230615
1.536023,0.221913
1.535361,0.213211
1.534816,0.204508
1.534388,0.195806
1.534078,0.187103
1.533884,0.178401
1.533807,0.169698
1.533847,0.160996
1.534004,0.152293
1.534278,0.143591
1.534669,0.134888
1.535176,0.126186
1.535802,0.117483
1.536544,0.108781
1.537405,0.100078
1.538384,0.091376
1.539481,0.082673
1.540697,0.073971
1.542033,0.065269
1.543489,0.056566
1.545065,0.047864
1.546762,0.039161
1.548582,0.030459
1.550523,0.021756
1.552588,0.013054
1.554777,0.004351
1.557091,-0.004351
1.559531,-0.013054
1.562098,-0.021756
1.564792,-0.030459
1.567615,-0.039161
1.570569,-0.047864
1.573653,-0.056566
1.576870,-0.065269
1.580221,-0.073971
1.583707,-0.082674
1.587329,-0.091376
1.591090,-0.100078
1.594990,-0.108781
1.599031,-0.117483
1.603215,-0.126186
1.607545,-0.134888
1.612020,-0.143591
1.616644,-0.152293
1.621418,-0.160996
1.626345,-0.169698
1.631427,-0.178401
1.636665,-0.187103
1.642063,-0.195806
1.647622,-0.204508
1.653346,-0.213211
1.659236,-0.221913
1.665295,-0.230616
1.671527,-0.239318
1.677934,-0.248021
1.684518,-0.256723
1.691284,-0.265425
1.698235,-0.274128
1.705373,-0.282830
1.712702,-0.291533
1.720227,-0.300235
1.727949,-0.308938
1.735875,-0.317640
1.744006,-0.326343
1.752349,-0.335045
1.760906,-0.343748
1.769683,-0.352450
1.778684,-0.361153
1.787913,-0.369855
1.797377,-0.378558
1.807079,-0.387260
1.817026,-0.395963
1.827223,-0.404665
1.837676,-0.413367
1.848391,-0.422070
1.859374,-0.430772
1.870631,-0.439475
1.882170,-0.448177
1.893997,-0.456880
1.906120,-0.465582
1.918546,-0.474285
1.931283,-0.482987
1.944340,-0.491690
1.957724,-0.500392
1.971445,-0.509095
1.985512,-0.517797
1.999935,-0.526500
2.014723,-0.535202
2.029887,-0.543905
2.045439,-0.552607
2.061388,-0.561310
2.077748,-0.570012
2.094530,-0.578714
2.111748,-0.587417
2.129415,-0.596119
2.147544,-0.604822
2.166152,-0.613524
2.166537,-0.622227
2.191755,-0.630929
2.217001,-0.639632
2.242290,-0.648334
2.240479,-0.657037
2.269019,-0.665739
2.295251,-0.674442
2.325498,-0.683144
2.352473,-0.691847
2.358384,-0.700549
2.386379,-0.709252
2.420522,-0.717954
2.449434,-0.726657
2.460189,-0.735359
2.515530,-0.744061
2.520674,-0.752764
2.560010,-0.761466
2.591573,-0.770169
2.633276,-0.778871
2.666155,-0.787574
2.686109,-0.796276
2.672302,-0.804979
2.683548,-0.813681
2.660616,-0.822384
2.636057,-0.831086
2.621539,-0.839789
2.607377,-0.848491
2.593563,-0.857194
2.580091,-0.865896
2.566952,-0.874599
2.554140,-0.883301
2.541647,-0.892003
2.529469,-0.900706
2.517596,-0.909408
2.506026,-0.918111
2.494749,-0.926813
2.483763,-0.935516
2.473060,-0.944218
2.462635,-0.952921
2.452484,-0.961623
2.442602,-0.970326
2.432984,-0.979028
2.423625,-0.987731
2.414520,-0.996433
2.405667,-1.005136
2.397060,-1.013838
2.388695,-1.022541
2.380570,-1.031243
2.372679,-1.039946
2.365021,-1.048648
2.357590,-1.057350
2.350385,-1.066053
2.343401,-1.074755
2.336636,-1.083458
2.330087,-1.092160
2.323751,-1.100863
2.317626,-1.109565
2.311708,-1.118268
2.305996,-1.126970
2.300486,-1.135673
2.295177,-1.144375
2.290067,-1.153078
2.285153,-1.161780
2.280433,-1.170483
2.275906,-1.179185
2.271569,-1.187888
2.267421,-1.196590
2.263460,-1.205293
2.259685,-1.213995
2.256094,-1.222697
2.252686,-1.231400
2.249459,-1.240102
2.246412,-1.248805
2.243543,-1.257507
2.240853,-1.266210
2.238339,-1.274912
2.236001,-1.283615
2.233838,-1.292317
2.231849,-1.301020
2.230033,-1.309722
2.228390,-1.318425
2.226918,-1.327127
2.225618,-1.335830
2.224489,-1.344532
2.223530,-1.353235
2.222741,-1.361937
2.222121,-1.370639
2.221672,-1.379342
2.221391,-1.388044
2.221280,-1.396747
2.221338,-1.405449
2.221565,-1.414152
2.221961,-1.422854
2.222527,-1.431557
2.223263,-1.440259
2.236228,-1.448962
2.242156,-1.457664
2.227360,-1.466367
2.245466,-1.475069
2.248288,-1.483772
2.250064,-1.492474
2.252015,-1.501177
2.254141,-1.509879
2.256443,-1.518582
2.258922,-1.527284
2.261579,-1.535986
2.264414,-1.544689
2.267430,-1.553391
2.270627,-1.562094
1.705505,-1.570796
