scan.pos:-6.269185,5.724263,2.9684357.701446,1.509879
7.432379,1.501177
7.157220,1.492474
6.919951,1.483772
6.694717,1.475069
6.480321,1.466367
6.285997,1.457664
6.092632,1.448962
5.907197,1.440259
5.746025,1.431557
5.597449,1.422854
5.454918,1.414152
5.317936,1.405449
5.168321,1.396747
5.063998,1.388044
4.942739,1.379342
4.833651,1.370639
4.721452,1.361937
4.612581,1.353234
4.519265,1.344532
4.417663,1.335830
4.340473,1.327127
4.238436,1.318425
4.167312,1.309722
4.076379,1.301020
4.009515,1.292317
3.943348,1.283615
3.881312,1.274912
3.799256,1.266210
3.741407,1.257507
3.685058,1.248805
3.610844,1.240102
3.558018,1.231400
3.506428,1.222697
3.462062,1.213995
3.390380,1.205292
3.342796,1.196590
3.304687,1.187888
3.259769,1.179185
3.215699,1.170483
3.159455,1.161780
3.117563,1.153078
3.088735,1.144375
3.048944,1.135673
3.009766,1.126970
2.961199,1.118268
2.923709,1.109565
2.902743,1.100863
2.866937,1.092160
2.831565,1.083458
2.814762,1.074755
2.780881,1.066053
2.741220,1.057350
2.708534,1.048648
2.671052,1.039945
2.665712,1.031243
2.634540,1.022541
2.600034,1.013838
2.569792,1.005136
2.564266,0.996433
2.535076,0.987731
2.504467,0.979028
2.476033,0.970326
2.447128,0.961623
2.447614,0.952921
2.429945,0.944218
2.409319,0.935516
2.389220,0.926813
2.369633,0.918111
2.350542,0.909408
2.331932,0.900706
2.313789,0.892003
2.296100,0.883301
2.278852,0.874598
2.262032,0.865896
2.245628,0.857194
2.229629,0.848491
2.214023,0.839789
2.198801,0.831086
2.183952,0.822384
2.169466,0.813681
2.155334,0.804979
2.141547,0.796276
2.128097,0.787574
2.114974,0.778871
2.102171,0.770169
2.089681,0.761466
2.077495,0.752764
2.065608,0.744061
2.054010,0.735359
2.042697,0.726656
2.031662,0.717954
2.020899,0.709251
2.010401,0.700549
2.000164,0.691847
1.990180,0.683144
1.980446,0.674442
1.970957,0.665739
1.961706,0.657037
1.952690,0.648334
1.943903,0.639632
1.935343,0.630929
1.927003,0.622227
1.918880,0.613524
1.910971,0.604822
1.903270,0.596119
1.895776,0.587417
1.888483,0.578714
1.881389,0.570012
1.874490,0.561309
1.867784,0.552607
1.861266,0.543905
1.854935,0.535202
1.848787,0.526500
1.842819,0.517797
1.837029,0.509095
1.831415,0.500392
1.825973,0.491690
1.820702,0.482987
1.815599,0.474285
1.810662,0.465582
1.805889,0.456880
1.801278,0.448177
1.796827,0.439475
1.792534,0.430772
1.788397,0.422070
1.784415,0.413367
1.780586,0.404665
1.776909,0.395962
1.773381,0.387260
1.770002,0.378558
1.766770,0.369855
1.763683,0.361153
1.760742,0.352450
1.757944,0.343748
1.755288,0.335045
1.752773,0.326343
1.750399,0.317640
1.748164,0.308938
1.746068,0.300235
1.744109,0.291533
1.742288,0.282830
1.740602,0.274128
1.739052,0.265425
1.737637,0.256723
1.736357,0.248020
1.735210,0.239318
1.734197,0.230615
1.733317,0.221913
1.732570,0.213211
1.731955,0.204508
1.731472,0.195806
1.731122,0.187103
1.730903,0.178401
1.730817,0.169698
1.730862,0.160996
1.731039,0.152293
1.731348,0.143591
1.731789,0.134888
1.732362,0.126186
1.733067,0.117483
1.733905,0.108781
1.734876,0.100078
1.735981,0.091376
1.737219,0.082673
1.738592,0.073971
1.740099,0.065269
1.741742,0.056566
1.743520,0.047864
1.745436,0.039161
1.747489,0.030459
1.749680,0.021756
1.752010,0.013054
1.754480,0.004351
1.757091,-0.004351
1.759844,-0.013054
1.762740,-0.021756
1.765781,-0.030459
1.768967,-0.039161
1.772300,-0.047864
1.775780,-0.056566
1.779411,-0.065269
1.783192,-0.073971
1.787125,-0.082674
1.791213,-0.091376
1.795457,-0.100078
1.799858,-0.108781
1.804418,-0.117483
1.809140,-0.126186
1.814025,-0.134888
1.819075,-0.143591
1.824293,-0.152293
1.829681,-0.160996
1.835241,-0.169698
1.840975,-0.178401
1.846886,-0.187103
1.852977,-0.195806
1.859251,-0.204508
1.865709,-0.213211
1.872356,-0.221913
1.879193,-0.230616
1.886225,-0.239318
1.893455,-0.248021
1.900886,-0.256723
1.908521,-0.265425
1.916364,-0.274128
1.924419,-0.282830
1.932690,-0.291533
1.941180,-0.300235
1.949895,-0.308938
1.958838,-0.317640
1.968015,-0.326343
1.977429,-0.335045
1.987085,-0.343748
1.996989,-0.352450
2.007146,-0.361153
2.017561,-0.369855
2.028240,-0.378558
2.039189,-0.387260
2.050414,-0.395963
2.061920,-0.404665
2.073716,-0.413367
2.085807,-0.422070
2.098200,-0.430772
2.110904,-0.439475
2.123925,-0.448177
2.137271,-0.456880
2.150951,-0.465582
2.164973,-0.474285
2.179346,-0.482987
2.194080,-0.491690
2.209183,-0.500392
2.224667,-0.509095
2.240541,-0.517797
2.256816,-0.526500
2.273504,-0.535202
2.290616,-0.543905
2.308164,-0.552607
2.326163,-0.561310
2.344624,-0.570012
2.363561,-0.578714
2.382991,-0.587417
2.402926,-0.596119
2.423385,-0.604822
2.444382,-0.613524
2.445974,-0.622227
2.473138,-0.630929
2.499980,-0.639632
2.528834,-0.648334
2.556415,-0.657037
2.560097,-0.665739
2.588709,-0.674442
2.621410,-0.683144
2.650921,-0.691847
2.685587,-0.700549
2.716095,-0.709252
2.727080,-0.717954
2.758872,-0.726657
2.798010,-0.735359
2.831015,-0.744061
2.822368,-0.752764
2.832136,-0.761466
2.791036,-0.770169
2.773506,-0.778871
2.756403,-0.787574
2.739718,-0.796276
2.723439,-0.804979
2.707558,-0.813681
2.692065,-0.822384
2.676950,-0.831086
2.662207,-0.839789
2.647825,-0.848491
2.633797,-0.857194
2.620116,-0.865896
2.606773,-0.874599
2.593762,-0.883301
2.581076,-0.892003
2.568708,-0.900706
2.556652,-0.909408
2.544901,-0.918111
2.533450,-0.926813
2.522293,-0.935516
2.511424,-0.944218
2.500838,-0.952921
2.490530,-0.961623
2.480494,-0.970326
2.470726,-0.979028
2.461222,-0.987731
2.451977,-0.996433
2.442986,-1.005136
2.434245,-1.013838
2.425751,-1.022541
2.417500,-1.031243
2.409487,-1.039946
2.401709,-1.048648
2.394164,-1.057350
2.386846,-1.066053
2.379754,-1.074755
2.372885,-1.083458
2.366234,-1.092160
2.359800,-1.100863
2.353579,-1.109565
2.347570,-1.118268
2.341769,-1.126970
2.336174,-1.135673
2.330782,-1.144375
2.325593,-1.153078
2.320602,-1.161780
2.315809,-1.170483
2.311212,-1.179185
2.306808,-1.187888
2.302595,-1.196590
2.298573,-1.205293
2.294739,-1.213995
2.291093,-1.222697
2.287632,-1.231400
2.284354,-1.240102
2.281260,-1.248805
2.278347,-1.257507
2.275615,-1.266210
2.273063,-1.274912
2.270689,-1.283615
2.268492,-1.292317
2.266472,-1.301020
2.264628,-1.309722
2.262959,-1.318425
2.265739,-1.327127
2.264416,-1.335830
2.263267,-1.344532
2.262291,-1.353235
2.261488,-1.361937
2.260858,-1.370639
2.260401,-1.379342
2.260115,-1.388044
2.260002,-1.396747
2.260061,-1.405449
2.260292,-1.414152
2.260695,-1.422854
2.261271,-1.431557
2.262019,-1.440259
2.262940,-1.448962
1.562785,-1.457664
1.343144,-1.466367
1.303880,-1.475069
1.304810,-1.483772
1.305841,-1.492474
1.266758,-1.501177
1.247828,-1.509879
1.249102,-1.518582
1.250475,-1.527284
1.231753,-1.535986
1.233297,-1.544689
1.234940,-1.553391
1.175860,-1.562094
1.116699,-1.570796
