scan.pos:-1.928310,3.945488,1.6352501.002081,1.562094
1.001555,1.553391
1.001106,1.544689
1.000733,1.535986
1.000437,1.527284
1.000217,1.518581
1.000073,1.509879
1.000006,1.501177
1.000014,1.492474
1.000099,1.483772
1.000260,1.475069
1.000498,1.466367
1.000811,1.457664
1.001201,1.448962
1.001668,1.440259
1.002212,1.431557
1.002832,1.422854
1.003530,1.414152
1.004305,1.405449
1.005158,1.396747
1.006089,1.388044
1.007099,1.379342
1.008188,1.370639
1.009356,1.361937
1.010603,1.353234
1.011931,1.344532
1.013340,1.335830
1.014830,1.327127
1.016402,1.318425
1.018056,1.309722
1.019794,1.301020
1.021615,1.292317
1.023521,1.283615
1.025513,1.274912
1.027590,1.266210
1.029755,1.257507
1.032007,1.248805
1.034349,1.240102
1.036780,1.231400
1.039302,1.222697
1.041916,1.213995
1.044622,1.205292
1.047423,1.196590
1.050319,1.187888
1.053312,1.179185
1.056402,1.170483
1.059591,1.161780
1.105396,1.153078
1.108924,1.144375
1.112559,1.135673
1.116303,1.126970
1.120159,1.118268
1.124126,1.109565
1.128209,1.100863
1.132407,1.092160
1.136724,1.083458
1.141161,1.074755
1.167754,1.066053
1.172528,1.057350
1.177431,1.048648
1.182466,1.039945
1.187635,1.031243
1.237957,1.022541
1.266219,1.013838
1.317555,1.005136
1.392301,0.996433
6.962876,0.987731
6.997420,0.979028
7.032846,0.970326
7.069174,0.961623
7.106423,0.952921
7.144613,0.944218
7.183767,0.935516
4.383467,0.926813
4.314373,0.918111
4.245399,0.909408
4.200717,0.900706
4.132006,0.892003
4.087804,0.883301
4.043869,0.874598
4.000173,0.865896
3.956688,0.857194
3.913387,0.848491
3.870244,0.839789
3.827231,0.831086
3.784324,0.822384
3.741495,0.813681
3.698721,0.804979
3.660665,0.796276
3.617411,0.787574
3.577811,0.778871
3.560821,0.770169
3.519811,0.761466
3.475544,0.752764
3.460321,0.744061
3.415530,0.735359
3.399210,0.726656
3.353812,0.717954
3.340213,0.709251
3.311747,0.700549
3.284011,0.691847
3.256980,0.683144
3.230636,0.674442
3.204956,0.665739
3.179921,0.657037
3.155513,0.648334
3.131714,0.639632
3.108505,0.630929
3.085872,0.622227
3.063797,0.613524
3.042266,0.604822
3.021264,0.596119
3.000777,0.587417
2.980791,0.578714
2.961294,0.570012
2.967055,0.561309
2.977901,0.552607
2.958224,0.543905
2.936893,0.535202
2.932050,0.526500
2.905453,0.517797
2.905360,0.509095
2.907639,0.500392
2.888713,0.491690
2.887094,0.482987
2.905911,0.474285
2.941669,0.465582
2.910475,0.456880
2.928587,0.448177
2.903764,0.439475
2.954712,0.430772
2.958323,0.422070
2.952746,0.413367
2.961880,0.404665
3.015929,0.395962
3.002868,0.387260
3.034535,0.378558
3.088269,0.369855
3.141799,0.361153
3.195139,0.352450
3.270145,0.343748
3.257794,0.335045
3.267460,0.326343
3.298904,0.317640
3.287326,0.308938
3.297529,0.300235
3.372051,0.291533
3.361100,0.282830
3.435444,0.274128
3.530762,0.265425
3.604658,0.256723
3.720497,0.248020
3.835956,0.239318
3.867324,0.230615
4.003216,0.221913
4.117876,0.213211
4.190721,0.204508
4.180630,0.195806
4.188391,0.187103
4.170532,0.178401
4.160498,0.169698
4.157869,0.160996
4.141873,0.152293
4.133886,0.143591
4.131402,0.134888
4.126534,0.126186
4.113135,0.117483
4.113255,0.108781
4.092942,0.100078
4.087006,0.091376
4.081397,0.082673
4.076113,0.073971
4.071153,0.065269
4.066514,0.056566
4.062196,0.047864
4.058194,0.039161
4.054510,0.030459
4.051139,0.021756
4.048083,0.013054
4.045339,0.004351
4.042907,-0.004351
4.040785,-0.013054
4.038972,-0.021756
4.037469,-0.030459
4.036274,-0.039161
4.035387,-0.047864
4.034807,-0.056566
4.034535,-0.065269
4.034570,-0.073971
4.034912,-0.082674
4.035562,-0.091376
4.036520,-0.100078
4.037785,-0.108781
4.039359,-0.117483
4.041242,-0.126186
4.043435,-0.134888
4.045938,-0.143591
4.048753,-0.152293
4.051881,-0.160996
4.055323,-0.169698
4.059080,-0.178401
4.063154,-0.187103
4.067545,-0.195806
4.072258,-0.204508
4.077291,-0.213211
4.082648,-0.221913
4.088332,-0.230616
4.094343,-0.239318
4.100685,-0.248021
4.107360,-0.256723
4.114370,-0.265425
4.121719,-0.274128
4.129409,-0.282830
4.137444,-0.291533
4.145825,-0.300235
4.154559,-0.308938
4.163647,-0.317640
4.173093,-0.326343
4.182901,-0.335045
4.193076,-0.343748
4.203621,-0.352450
4.214541,-0.361153
4.225841,-0.369855
4.237525,-0.378558
4.249598,-0.387260
4.262066,-0.395963
4.274934,-0.404665
4.288207,-0.413367
4.301891,-0.422070
4.315993,-0.430772
2.242736,-0.439475
2.208510,-0.448177
2.166063,-0.456880
2.102978,-0.465582
2.062492,-0.474285
2.017088,-0.482987
2.023377,-0.491690
2.030765,-0.500392
2.017092,-0.509095
1.980534,-0.517797
1.991721,-0.526500
1.959024,-0.535202
1.883239,-0.543905
1.829633,-0.552607
1.730795,-0.561310
1.704301,-0.570012
1.674871,-0.578714
1.645734,-0.587417
1.616864,-0.596119
1.595758,-0.604822
1.568157,-0.613524
1.564275,-0.622227
1.523393,-0.630929
1.520850,-0.639632
1.494761,-0.648334
1.480966,-0.657037
1.455803,-0.665739
1.430697,-0.674442
1.420043,-0.683144
1.395729,-0.691847
1.396238,-0.700549
1.363677,-0.709252
1.340045,-0.717954
1.334373,-0.726657
1.311352,-0.735359
1.313924,-0.744061
1.285203,-0.752764
1.288666,-0.761466
1.266174,-0.770169
1.239381,-0.778871
1.243766,-0.787574
1.218414,-0.796276
1.223619,-0.804979
1.199653,-0.813681
1.205660,-0.822384
1.184215,-0.831086
1.161884,-0.839789
1.168705,-0.848491
1.165180,-0.857194
1.155250,-0.865896
1.145574,-0.874599
1.136145,-0.883301
1.126955,-0.892003
1.117997,-0.900706
1.109264,-0.909408
1.100750,-0.918111
1.092448,-0.926813
1.084352,-0.935516
1.065657,-0.944218
1.058034,-0.952921
1.050598,-0.961623
1.043346,-0.970326
1.036271,-0.979028
1.029369,-0.987731
1.022636,-0.996433
1.016067,-1.005136
1.009659,-1.013838
1.003407,-1.022541
0.997307,-1.031243
0.991356,-1.039946
0.985550,-1.048648
0.979886,-1.057350
0.974361,-1.066053
0.968971,-1.074755
0.963713,-1.083458
0.958584,-1.092160
0.953582,-1.100863
0.948704,-1.109565
0.943947,-1.118268
0.939309,-1.126970
0.934787,-1.135673
0.930378,-1.144375
0.926082,-1.153078
0.921894,-1.161780
0.917814,-1.170483
0.913840,-1.179185
0.909968,-1.187888
0.906198,-1.196590
0.902527,-1.205293
0.898955,-1.213995
0.895478,-1.222697
0.892096,-1.231400
0.888806,-1.240102
0.885608,-1.248805
0.882500,-1.257507
0.879481,-1.266210
0.876548,-1.274912
0.873701,-1.283615
0.870939,-1.292317
0.868261,-1.301020
0.865664,-1.309722
0.863148,-1.318425
0.860713,-1.327127
0.858356,-1.335830
0.856077,-1.344532
0.853875,-1.353235
0.851749,-1.361937
0.849698,-1.370639
0.847721,-1.379342
0.845818,-1.388044
0.843988,-1.396747
0.842229,-1.405449
0.840541,-1.414152
0.838924,-1.422854
0.837377,-1.431557
0.835900,-1.440259
0.834490,-1.448962
0.833149,-1.457664
0.831876,-1.466367
0.830669,-1.475069
0.829529,-1.483772
0.828455,-1.492474
0.827447,-1.501177
0.826504,-1.509879
0.825627,-1.518582
0.824813,-1.527284
0.824064,-1.535986
0.823380,-1.544689
0.822758,-1.553391
0.822201,-1.562094
0.821706,-1.570796
