scan.pos:-4.793500,-4.794154,0.7852504.535079,1.562094
4.558892,1.553391
4.611569,1.544689
4.635803,1.535986
4.689483,1.527284
4.741369,1.518581
4.769066,1.509879
4.821170,1.501177
4.877072,1.492474
4.929331,1.483772
4.960381,1.475069
5.013144,1.466367
5.071915,1.457664
5.150702,1.448962
5.185531,1.440259
5.264615,1.431557
5.326639,1.422854
5.381176,1.414152
5.445231,1.405449
5.500789,1.396747
5.567105,1.388044
5.634937,1.379342
5.716831,1.370639
5.787175,1.361937
5.870224,1.353234
5.967090,1.344532
6.042030,1.335830
6.127607,1.327127
6.205878,1.318425
6.293367,1.309722
6.398445,1.301020
6.505729,1.292317
1.685341,1.283615
1.677295,1.274912
1.669451,1.266210
1.616714,1.257507
1.609467,1.248805
1.602406,1.240102
1.595527,1.231400
1.588828,1.222697
1.582304,1.213995
1.575954,1.205292
1.569773,1.196590
1.520145,1.187888
1.514458,1.179185
1.508929,1.170483
1.481984,1.161780
1.476835,1.153078
1.471834,1.144375
1.466978,1.135673
1.462265,1.126970
1.457693,1.118268
1.453259,1.109565
1.448963,1.100863
1.444801,1.092160
1.440773,1.083458
1.436876,1.074755
1.433109,1.066053
1.429471,1.057350
1.425959,1.048648
1.422572,1.039945
1.419309,1.031243
1.416169,1.022541
1.413150,1.013838
1.410251,1.005136
1.407471,0.996433
1.404809,0.987731
1.402263,0.979028
1.399833,0.970326
1.397518,0.961623
1.395316,0.952921
1.393227,0.944218
1.391250,0.935516
1.389385,0.926813
1.387630,0.918111
1.385984,0.909408
1.384448,0.900706
1.383021,0.892003
1.381701,0.883301
1.380490,0.874598
1.379385,0.865896
1.378387,0.857194
1.337398,0.848491
1.336635,0.839789
1.335974,0.831086
1.335416,0.822384
1.334960,0.813681
1.334606,0.804979
1.334354,0.796276
1.334203,0.787574
1.334154,0.778871
1.334206,0.770169
1.334360,0.761466
1.334616,0.752764
1.334974,0.744061
1.335433,0.735359
1.335995,0.726656
1.336659,0.717954
1.337425,0.709251
1.338295,0.700549
1.339267,0.691847
1.340343,0.683144
1.341524,0.674442
1.342808,0.665739
1.344198,0.657037
1.345692,0.648334
1.347293,0.639632
1.349001,0.630929
1.350816,0.622227
1.352739,0.613524
1.354771,0.604822
1.356912,0.596119
1.359164,0.587417
1.361527,0.578714
1.364002,0.570012
1.366591,0.561309
1.369294,0.552607
1.372113,0.543905
1.375048,0.535202
1.378101,0.526500
1.381272,0.517797
1.384565,0.509095
1.387978,0.500392
1.391515,0.491690
1.395177,0.482987
1.398964,0.474285
1.402880,0.465582
1.389647,0.456880
1.411101,0.448177
1.415410,0.439475
1.419853,0.430772
1.424434,0.422070
1.429153,0.413367
1.434014,0.404665
1.439017,0.395962
1.444166,0.387260
1.449463,0.378558
1.454910,0.369855
1.460509,0.361153
1.466264,0.352450
1.472178,0.343748
1.478251,0.335045
1.484489,0.326343
1.490894,0.317640
1.497469,0.308938
1.504217,0.300235
1.511142,0.291533
1.518247,0.282830
1.525535,0.274128
1.533012,0.265425
1.609968,0.256723
1.664613,0.248020
1.673281,0.239318
1.752544,0.230615
1.762037,0.221913
1.771769,0.213211
7.062924,0.204508
6.973588,0.195806
6.849269,0.187103
6.762236,0.178401
6.662696,0.169698
6.577786,0.160996
6.470467,0.152293
6.420563,0.143591
6.288722,0.134888
6.215373,0.126186
6.134874,0.117483
6.113019,0.108781
6.085690,0.100078
6.039542,0.091376
6.024099,0.082673
6.016171,0.073971
6.008586,0.065269
6.028054,0.056566
6.048287,0.047864
6.069305,0.039161
6.118479,0.030459
6.168929,0.021756
6.220696,0.013054
6.273820,0.004351
6.326067,-0.004351
6.382229,-0.013054
6.439601,-0.021756
6.498499,-0.030459
6.559474,-0.039161
6.573301,-0.047864
6.640015,-0.056566
6.708965,-0.065269
6.780216,-0.073971
6.836541,-0.082674
6.908803,-0.091376
6.993615,-0.100078
7.069960,-0.108781
7.141357,-0.117483
7.213397,-0.126186
7.311345,-0.134888
7.384683,-0.143591
7.474974,-0.152293
7.564718,-0.160996
7.659056,-0.169698
7.749751,-0.178401
4.448718,-0.239318
4.261916,-0.248021
4.216643,-0.256723
4.195246,-0.265425
4.174380,-0.274128
4.154036,-0.282830
4.134202,-0.291533
4.114869,-0.300235
4.096026,-0.308938
4.077664,-0.317640
4.059774,-0.326343
4.042347,-0.335045
4.025374,-0.343748
4.008847,-0.352450
3.992758,-0.361153
3.977099,-0.369855
3.961863,-0.378558
3.947042,-0.387260
3.932631,-0.395963
3.918622,-0.404665
3.905008,-0.413367
3.891784,-0.422070
3.878944,-0.430772
3.866482,-0.439475
3.854392,-0.448177
3.842669,-0.456880
3.831308,-0.465582
3.820304,-0.474285
3.809653,-0.482987
3.799349,-0.491690
3.789389,-0.500392
3.779768,-0.509095
3.770481,-0.517797
3.761527,-0.526500
3.752899,-0.535202
3.744596,-0.543905
3.736614,-0.552607
3.728948,-0.561310
3.721597,-0.570012
3.714558,-0.578714
3.707826,-0.587417
3.701401,-0.596119
3.695278,-0.604822
3.709764,-0.613524
3.704211,-0.622227
3.739452,-0.630929
3.795103,-0.639632
3.830701,-0.648334
3.866504,-0.657037
3.882369,-0.665739
4.039398,-0.674442
4.075764,-0.683144
4.172651,-0.691847
4.510606,-0.700549
7.700533,-1.213995
7.557649,-1.222697
7.419775,-1.231400
7.286615,-1.240102
7.157894,-1.248805
7.033354,-1.257507
6.914557,-1.266210
6.798606,-1.274912
6.708913,-1.283615
6.599876,-1.292317
6.493969,-1.301020
6.391027,-1.309722
6.297924,-1.318425
6.201264,-1.327127
6.107114,-1.335830
6.038929,-1.344532
5.949546,-1.353235
5.862310,-1.361937
5.788857,-1.370639
5.706343,-1.379342
5.649930,-1.388044
5.571132,-1.396747
5.493988,-1.405449
5.433844,-1.414152
5.385365,-1.422854
5.313580,-1.431557
5.243140,-1.440259
5.199359,-1.448962
5.125019,-1.457664
5.084660,-1.466367
5.019834,-1.475069
4.982153,-1.483772
4.919533,-1.492474
4.880370,-1.501177
4.820266,-1.509879
4.787908,-1.518582
4.729630,-1.527284
4.697472,-1.535986
4.641351,-1.544689
4.613692,-1.553391
4.559075,-1.562094
4.533080,-1.570796
