scan.pos:-4.991519,-4.992114,0.7852504.254938,1.562094
4.273319,1.553391
4.320488,1.544689
4.369691,1.535986
4.391135,1.527284
4.443245,1.518581
4.494021,1.509879
4.518789,1.501177
4.575189,1.492474
4.628877,1.483772
4.657279,1.475069
4.718372,1.466367
4.775364,1.457664
4.814348,1.448962
4.874026,1.440259
4.934776,1.431557
4.979814,1.422854
5.043595,1.414152
5.108631,1.405449
5.160305,1.396747
5.228777,1.388044
5.287663,1.379342
5.358545,1.370639
5.431038,1.361937
5.516188,1.353234
5.591393,1.344532
5.654297,1.335830
5.756128,1.327127
5.836435,1.318425
5.902704,1.309722
6.009843,1.301020
6.096163,1.292317
6.189471,1.283615
6.280095,1.274912
6.398844,1.266210
6.494182,1.257507
6.615063,1.248805
6.716533,1.240102
6.842877,1.231400
6.972687,1.222697
7.102984,1.213995
7.239349,1.205292
7.379888,1.196590
7.518327,1.187888
7.688626,1.179185
1.779331,1.126970
1.773767,1.118268
1.768372,1.109565
1.720967,1.100863
1.716024,1.092160
1.711239,1.083458
1.706611,1.074755
1.702137,1.066053
1.697815,1.057350
1.693644,1.048648
1.689622,1.039945
1.685747,1.031243
1.640794,1.022541
1.637296,1.013838
1.633938,1.005136
1.610232,0.996433
1.607186,0.987731
1.604273,0.979028
1.601493,0.970326
1.598844,0.961623
1.596325,0.952921
1.593935,0.944218
1.591674,0.935516
1.589539,0.926813
1.587531,0.918111
1.585649,0.909408
1.583892,0.900706
1.582259,0.892003
1.580749,0.883301
1.579363,0.874598
1.578099,0.865896
1.576957,0.857194
1.575937,0.848491
1.575038,0.839789
1.574260,0.831086
1.573602,0.822384
1.573064,0.813681
1.572647,0.804979
1.572350,0.796276
1.572172,0.787574
1.572114,0.778871
1.572176,0.770169
1.572358,0.761466
1.572659,0.752764
1.573081,0.744061
1.573622,0.735359
1.574284,0.726656
1.534991,0.717954
1.535872,0.709251
1.536870,0.700549
1.537987,0.691847
1.539222,0.683144
1.540578,0.674442
1.542053,0.665739
1.543648,0.657037
1.545365,0.648334
1.547204,0.639632
1.549165,0.630929
1.551249,0.622227
1.553457,0.613524
1.555790,0.604822
1.558249,0.596119
1.560835,0.587417
1.563549,0.578714
1.566392,0.570012
1.569365,0.561309
1.572469,0.552607
1.575706,0.543905
1.579076,0.535202
1.582582,0.526500
1.586224,0.517797
1.590005,0.509095
1.593925,0.500392
1.597987,0.491690
1.602192,0.482987
1.606542,0.474285
1.611038,0.465582
1.615683,0.456880
1.620479,0.448177
1.625427,0.439475
1.630530,0.430772
1.635790,0.422070
1.641210,0.413367
1.646791,0.404665
1.652537,0.395962
1.658450,0.387260
1.664533,0.378558
1.670788,0.369855
1.677219,0.361153
1.669887,0.352450
1.690618,0.343748
1.697593,0.335045
1.704756,0.326343
1.712112,0.317640
1.719662,0.308938
1.727411,0.300235
1.735363,0.291533
1.743523,0.282830
1.751893,0.274128
1.760479,0.265425
1.769285,0.256723
1.778315,0.248020
1.787575,0.239318
1.797069,0.230615
1.806803,0.221913
1.935363,0.213211
1.946260,0.204508
2.029391,0.195806
2.041263,0.187103
2.053432,0.178401
7.001095,0.169698
6.918344,0.160996
6.846251,0.152293
6.758305,0.143591
6.619203,0.134888
6.539880,0.126186
6.461640,0.117483
6.390982,0.108781
6.391403,0.100078
6.347498,0.091376
6.351016,0.082673
6.308375,0.073971
6.297424,0.065269
6.292404,0.056566
6.341621,0.047864
6.337844,0.039161
6.389193,0.030459
6.441875,0.021756
6.495933,0.013054
6.551408,0.004351
6.606151,-0.004351
6.659685,-0.013054
6.714658,-0.021756
6.772708,-0.030459
6.833886,-0.039161
6.871121,-0.047864
6.935951,-0.056566
7.006567,-0.065269
7.084546,-0.073971
7.157985,-0.082674
7.212844,-0.091376
7.292082,-0.100078
7.381557,-0.108781
7.457873,-0.117483
7.554218,-0.126186
7.618127,-0.134888
7.723211,-0.143591
4.732254,-0.221913
4.588371,-0.230616
4.516758,-0.239318
4.469581,-0.248021
4.446443,-0.256723
4.423879,-0.265425
4.401876,-0.274128
4.380424,-0.282830
4.359509,-0.291533
4.339122,-0.300235
4.319252,-0.308938
4.299890,-0.317640
4.281025,-0.326343
4.262648,-0.335045
4.244750,-0.343748
4.227322,-0.352450
4.210356,-0.361153
4.193843,-0.369855
4.177777,-0.378558
4.162149,-0.387260
4.146952,-0.395963
4.132179,-0.404665
4.117824,-0.413367
4.103879,-0.422070
4.090339,-0.430772
4.077198,-0.439475
4.064449,-0.448177
4.052087,-0.456880
4.040107,-0.465582
4.028504,-0.474285
4.017272,-0.482987
4.006407,-0.491690
3.995903,-0.500392
3.985758,-0.509095
3.975966,-0.517797
3.966523,-0.526500
3.957426,-0.535202
3.948670,-0.543905
3.940253,-0.552607
3.932169,-0.561310
3.944903,-0.570012
3.937440,-0.578714
3.971123,-0.587417
4.025362,-0.596119
4.059384,-0.604822
4.093605,-0.613524
4.087477,-0.622227
4.223419,-0.630929
4.298642,-0.639632
4.353800,-0.648334
4.617499,-0.657037
5.467345,-0.665739
6.271729,-0.674442
7.676461,-1.187888
7.523904,-1.196590
7.362632,-1.205293
7.228295,-1.213995
7.098769,-1.222697
6.971643,-1.231400
6.829659,-1.240102
6.713812,-1.248805
6.601713,-1.257507
6.494947,-1.266210
6.390643,-1.274912
6.289474,-1.283615
6.195764,-1.292317
6.078243,-1.301020
5.986229,-1.309722
5.896712,-1.318425
5.817410,-1.327127
5.733309,-1.335830
5.651326,-1.344532
5.581571,-1.353235
5.504275,-1.361937
5.428782,-1.370639
5.367498,-1.379342
5.296090,-1.388044
5.226221,-1.396747
5.157815,-1.405449
5.106228,-1.414152
5.041254,-1.422854
4.977531,-1.431557
4.932574,-1.440259
4.871878,-1.448962
4.812252,-1.457664
4.773342,-1.466367
4.716398,-1.475069
4.655368,-1.483772
4.627017,-1.492474
4.573373,-1.501177
4.517032,-1.509879
4.492311,-1.518582
4.439105,-1.527284
4.389518,-1.535986
4.368117,-1.544689
4.318965,-1.553391
4.271830,-1.562094
4.253163,-1.570796
