scan.pos:7.179753,4.317594,-1.5147500.821290,1.562094
0.820919,1.553391
0.820611,1.544689
0.820366,1.535986
0.820183,1.527284
0.820063,1.518581
0.820006,1.509879
0.820010,1.501177
0.820078,1.492474
0.820207,1.483772
0.820400,1.475069
0.820655,1.466367
0.820972,1.457664
0.821353,1.448962
0.821796,1.440259
0.822303,1.431557
0.822872,1.422854
0.823506,1.414152
0.824203,1.405449
0.824964,1.396747
0.825790,1.388044
0.826680,1.379342
0.827635,1.370639
0.828656,1.361937
0.829743,1.353234
0.830895,1.344532
0.832115,1.335830
0.833401,1.327127
0.834755,1.318425
0.836178,1.309722
0.837669,1.301020
0.839229,1.292317
0.840859,1.283615
0.842560,1.274912
0.844333,1.266210
0.846177,1.257507
0.848095,1.248805
0.850085,1.240102
0.852151,1.231400
0.854291,1.222697
0.856508,1.213995
0.858801,1.205292
0.861173,1.196590
0.863624,1.187888
0.866155,1.179185
0.868768,1.170483
0.871462,1.161780
0.874241,1.153078
0.877104,1.144375
0.880053,1.135673
0.883089,1.126970
0.886214,1.118268
0.889430,1.109565
0.892737,1.100863
0.896137,1.092160
0.899632,1.083458
0.903223,1.074755
0.906913,1.066053
0.910702,1.057350
0.914594,1.048648
0.918588,1.039945
0.922689,1.031243
0.926897,1.022541
0.931215,1.013838
0.935645,1.005136
0.940189,0.996433
0.944850,0.987731
0.949630,0.979028
0.954532,0.970326
0.959558,0.961623
0.964711,0.952921
0.969994,0.944218
0.975409,0.935516
0.980961,0.926813
0.986652,0.918111
0.992485,0.909408
0.998465,0.900706
1.004593,0.892003
1.010875,0.883301
1.017314,0.874598
1.023914,0.865896
1.030679,0.857194
1.037614,0.848491
1.044722,0.839789
1.052009,0.831086
1.059481,0.822384
1.067140,0.813681
1.074994,0.804979
1.083047,0.796276
1.091306,0.787574
1.099776,0.778871
1.108463,0.770169
1.090458,0.761466
1.099380,0.752764
1.108535,0.744061
1.117929,0.735359
1.127571,0.726656
1.126632,0.717954
1.145927,0.709251
1.138605,0.700549
1.158193,0.691847
1.150359,0.683144
1.172535,0.674442
1.192260,0.665739
1.185226,0.657037
1.209094,0.648334
1.229038,0.639632
1.248839,0.630929
1.248519,0.622227
1.268771,0.613524
1.270338,0.604822
1.291088,0.596119
1.311751,0.587417
1.332336,0.578714
1.337134,0.570012
1.358321,0.561309
1.379468,0.552607
1.387050,0.543905
1.408894,0.535202
1.430739,0.526500
1.441305,0.517797
1.463959,0.509095
1.486662,0.500392
1.509431,0.491690
1.524105,0.482987
1.547856,0.474285
1.571730,0.465582
1.590042,0.456880
1.615067,0.448177
1.640285,0.439475
1.665717,0.430772
1.689209,0.422070
1.738553,0.413367
1.765611,0.404665
1.793001,0.395962
1.822456,0.387260
1.851632,0.378558
1.881260,0.369855
1.933305,0.361153
1.969910,0.352450
2.002212,0.343748
2.056852,0.335045
2.090438,0.326343
2.135799,0.317640
2.193789,0.308938
2.231199,0.300235
2.290944,0.291533
2.347223,0.282830
2.410686,0.274128
2.454283,0.265425
2.520430,0.256723
2.611836,0.248020
2.683112,0.239318
2.756321,0.230615
2.831661,0.221913
2.930130,0.213211
3.024419,0.204508
3.027507,0.195806
3.013712,0.187103
3.004118,0.178401
3.004475,0.169698
3.008140,0.160996
2.997276,0.152293
2.993122,0.143591
2.994742,0.134888
2.989685,0.126186
2.984871,0.117483
2.980300,0.108781
2.975969,0.100078
2.971877,0.091376
2.968021,0.082673
2.964401,0.073971
2.920696,0.065269
2.917586,0.056566
2.914704,0.047864
2.912049,0.039161
2.889537,0.030459
2.887349,0.021756
2.885384,0.013054
2.883641,0.004351
2.882119,-0.004351
2.880819,-0.013054
2.879738,-0.021756
2.878878,-0.030459
2.878237,-0.039161
2.877815,-0.047864
2.877613,-0.056566
2.877630,-0.065269
2.877867,-0.073971
2.878322,-0.082674
2.878997,-0.091376
2.879891,-0.100078
2.881006,-0.108781
2.882341,-0.117483
2.883897,-0.126186
2.885674,-0.134888
2.887674,-0.143591
2.889897,-0.152293
2.892344,-0.160996
2.895015,-0.169698
2.897912,-0.178401
2.901036,-0.187103
2.904389,-0.195806
2.907970,-0.204508
2.911783,-0.213211
2.875297,-0.221913
2.879516,-0.230616
2.883968,-0.239318
2.888654,-0.248021
2.893576,-0.256723
2.898736,-0.265425
2.863198,-0.274128
2.868760,-0.282830
2.874563,-0.291533
2.880610,-0.300235
2.886903,-0.308938
2.893444,-0.317640
2.900236,-0.326343
2.907282,-0.335045
2.914585,-0.343748
2.922147,-0.352450
2.929973,-0.361153
2.938065,-0.369855
2.944439,-0.378558
2.955062,-0.387260
2.963975,-0.395963
2.973168,-0.404665
2.982647,-0.413367
2.992414,-0.422070
3.002476,-0.430772
3.012835,-0.439475
3.023498,-0.448177
3.034467,-0.456880
3.045750,-0.465582
3.057350,-0.474285
3.069274,-0.482987
3.081527,-0.491690
3.094115,-0.500392
3.107043,-0.509095
3.120319,-0.517797
3.133948,-0.526500
3.147937,-0.535202
3.162294,-0.543905
3.177026,-0.552607
3.192139,-0.561310
3.207643,-0.570012
3.223544,-0.578714
3.239852,-0.587417
3.256575,-0.596119
3.262847,-0.604822
3.269472,-0.613524
3.269225,-0.622227
3.294162,-0.630929
3.320732,-0.639632
3.337021,-0.648334
3.343208,-0.657037
3.326333,-0.665739
3.349317,-0.674442
3.359896,-0.683144
3.371710,-0.691847
3.401299,-0.700549
2.812942,-0.709252
2.723827,-0.717954
2.704073,-0.726657
2.639766,-0.735359
2.629686,-0.744061
2.613775,-0.752764
2.578048,-0.761466
2.542576,-0.770169
2.530258,-0.778871
2.522753,-0.787574
2.542889,-0.796276
2.507361,-0.804979
2.502145,-0.813681
2.496313,-0.822384
2.520689,-0.831086
2.517940,-0.839789
2.504360,-0.848491
2.538810,-0.857194
2.517533,-0.865896
2.496799,-0.874599
2.531028,-0.883301
2.537899,-0.892003
2.544853,-0.900706
2.578479,-0.909408
2.611789,-0.918111
2.618610,-0.926813
2.599531,-0.935516
2.606736,-0.944218
2.639667,-0.952921
2.666693,-0.961623
2.679488,-0.970326
2.669469,-0.979028
2.671798,-0.987731
2.674764,-0.996433
2.678378,-1.005136
2.707129,-1.013838
2.711923,-1.022541
2.765773,-1.031243
2.771671,-1.039946
2.754390,-1.048648
2.785658,-1.057350
2.793782,-1.066053
2.826197,-1.074755
2.874375,-1.083458
2.838829,-1.092160
2.867524,-1.100863
2.881240,-1.109565
2.895906,-1.118268
2.918587,-1.126970
2.925154,-1.135673
2.896457,-1.144375
2.939877,-1.153078
2.961628,-1.161780
2.985909,-1.170483
2.967146,-1.179185
3.019233,-1.187888
3.004909,-1.196590
3.041312,-1.205293
3.053793,-1.213995
3.075495,-1.222697
3.078448,-1.231400
3.088965,-1.240102
3.121168,-1.248805
3.110479,-1.257507
3.142861,-1.266210
3.132645,-1.274912
3.186466,-1.283615
3.240193,-1.292317
3.336073,-1.301020
3.347423,-1.309722
3.526922,-1.318425
6.180635,-1.544689
5.795400,-1.553391
5.751815,-1.562094
5.748780,-1.570796
