scan.pos:0.313066,7.195666,-2.7647500.989427,1.562094
0.986059,1.553391
0.982789,1.544689
0.979614,1.535986
0.976534,1.527284
0.973548,1.518581
0.970653,1.509879
0.967849,1.501177
0.965134,1.492474
0.920659,1.483772
0.918231,1.475069
0.915884,1.466367
0.913619,1.457664
0.911434,1.448962
0.909329,1.440259
0.907302,1.431557
0.905354,1.422854
0.903482,1.414152
0.901686,1.405449
0.899966,1.396747
0.898321,1.388044
0.896750,1.379342
0.895253,1.370639
0.893828,1.361937
0.892476,1.353234
0.891196,1.344532
0.889987,1.335830
0.888849,1.327127
0.887781,1.318425
0.886784,1.309722
0.885856,1.301020
0.884997,1.292317
0.884207,1.283615
0.883486,1.274912
0.882833,1.266210
0.882249,1.257507
0.881732,1.248805
0.881283,1.240102
0.880901,1.231400
0.880587,1.222697
0.880340,1.213995
0.880160,1.205292
0.880047,1.196590
0.880001,1.187888
0.880022,1.179185
0.880111,1.170483
0.880266,1.161780
0.880488,1.153078
0.880778,1.144375
0.881135,1.135673
0.881559,1.126970
0.882052,1.118268
0.882611,1.109565
0.883239,1.100863
0.883935,1.092160
0.884700,1.083458
0.885533,1.074755
0.886436,1.066053
0.887408,1.057350
0.888450,1.048648
0.889562,1.039945
0.890745,1.031243
0.891999,1.022541
0.893325,1.013838
0.894723,1.005136
0.896194,0.996433
0.897738,0.987731
0.899356,0.979028
0.901048,0.970326
0.902816,0.961623
0.904660,0.952921
0.906580,0.944218
0.908578,0.935516
0.910655,0.926813
0.912810,0.918111
0.915046,0.909408
0.917362,0.900706
0.919761,0.892003
0.922242,0.883301
0.924808,0.874598
0.927459,0.865896
0.930196,0.857194
0.933020,0.848491
0.935934,0.839789
0.938937,0.831086
0.942031,0.822384
0.945219,0.813681
0.948500,0.804979
0.951877,0.796276
0.972359,0.787574
0.975995,0.778871
0.979734,0.770169
0.983576,0.761466
0.987524,0.752764
0.991580,0.744061
0.995746,0.735359
1.000023,0.726656
1.004414,0.717954
1.008921,0.709251
1.013546,0.700549
1.018291,0.691847
1.023160,0.683144
1.028153,0.674442
1.033275,0.665739
1.038528,0.657037
1.043914,0.648334
1.049437,0.639632
1.055099,0.630929
1.060904,0.622227
1.066855,0.613524
1.072955,0.604822
1.079208,0.596119
1.085617,0.587417
1.092187,0.578714
1.098921,0.570012
1.105823,0.561309
1.112898,0.552607
1.120149,0.543905
1.127583,0.535202
1.135202,0.526500
1.143013,0.517797
1.151020,0.509095
1.159230,0.500392
1.167646,0.491690
1.176276,0.482987
1.185126,0.474285
1.194201,0.465582
1.203509,0.456880
1.213056,0.448177
1.222850,0.439475
1.232898,0.430772
1.243207,0.422070
1.253787,0.413367
1.264646,0.404665
1.267725,0.395962
1.269288,0.387260
1.271142,0.378558
1.302567,0.369855
1.359622,0.361153
1.389171,0.352450
1.391881,0.343748
1.398812,0.335045
1.429031,0.326343
1.428812,0.317640
1.444399,0.308938
1.473903,0.300235
1.479355,0.291533
1.510602,0.282830
1.516657,0.274128
1.531206,0.265425
4.325619,0.256723
4.372187,0.248020
4.448822,0.239318
4.504478,0.230615
4.548943,0.221913
4.609760,0.213211
4.672918,0.204508
4.727396,0.195806
4.806629,0.187103
5.009457,0.178401
5.129936,0.169698
5.206102,0.160996
5.335701,0.152293
5.437001,0.143591
5.516825,0.134888
5.638339,0.126186
5.745556,0.117483
3.858673,-0.169698
3.831203,-0.178401
3.783741,-0.187103
3.736730,-0.195806
3.669841,-0.204508
3.644006,-0.213211
3.638778,-0.221913
3.593389,-0.230616
3.588794,-0.239318
3.584483,-0.248021
3.580455,-0.256723
3.576708,-0.265425
3.573241,-0.274128
3.570052,-0.282830
3.567141,-0.291533
3.564505,-0.300235
3.522042,-0.308938
3.499939,-0.317640
3.458098,-0.326343
3.436580,-0.335045
3.435354,-0.343748
3.394375,-0.352450
3.393681,-0.361153
3.393246,-0.369855
3.393070,-0.378558
3.393152,-0.387260
3.393492,-0.395963
3.394091,-0.404665
3.394949,-0.413367
3.396066,-0.422070
3.397442,-0.430772
3.399078,-0.439475
3.400976,-0.448177
3.403134,-0.456880
3.405555,-0.465582
3.408239,-0.474285
3.411187,-0.482987
3.454652,-0.491690
3.417881,-0.500392
3.421629,-0.509095
3.425647,-0.517797
3.429935,-0.526500
3.434496,-0.535202
3.439332,-0.543905
3.460815,-0.552607
3.467133,-0.561310
3.464372,-0.570012
3.471438,-0.578714
3.528056,-0.587417
3.519938,-0.596119
3.471953,-0.604822
3.347342,-0.613524
3.227422,-0.622227
3.111680,-0.630929
3.020362,-0.639632
2.919442,-0.648334
2.837113,-0.657037
2.757443,-0.665739
2.659275,-0.674442
2.584136,-0.683144
2.531994,-0.691847
2.460693,-0.700549
2.392735,-0.709252
2.347492,-0.717954
2.282395,-0.726657
2.218472,-0.735359
2.177024,-0.744061
2.115210,-0.752764
2.086904,-0.761466
2.028216,-0.770169
1.991922,-0.778871
1.956405,-0.787574
1.899730,-0.796276
1.865515,-0.804979
1.828533,-0.813681
1.796562,-0.822384
1.765090,-0.831086
1.756411,-0.839789
1.703498,-0.848491
1.674921,-0.857194
1.646018,-0.865896
1.617427,-0.874599
1.611969,-0.883301
1.584035,-0.892003
1.556340,-0.900706
1.535727,-0.909408
1.509259,-0.918111
1.482949,-0.926813
1.456779,-0.935516
1.454419,-0.944218
1.415615,-0.952921
1.414472,-0.961623
1.389568,-0.970326
1.364711,-0.979028
1.364271,-0.987731
1.329628,-0.996433
1.330233,-1.005136
1.306282,-1.013838
1.282300,-1.022541
1.275708,-1.031243
1.252332,-1.039946
1.254404,-1.048648
1.231042,-1.057350
1.227849,-1.066053
1.204983,-1.074755
1.181993,-1.083458
1.185327,-1.092160
1.185344,-1.100863
1.162816,-1.109565
1.140116,-1.118268
1.144538,-1.126970
1.120106,-1.135673
1.125296,-1.144375
1.102739,-1.153078
1.108190,-1.161780
1.101391,-1.170483
1.092037,-1.179185
1.082924,-1.187888
1.074042,-1.196590
1.065385,-1.205293
1.056946,-1.213995
1.048719,-1.222697
1.040698,-1.231400
1.032877,-1.240102
1.025250,-1.248805
1.017812,-1.257507
1.010557,-1.266210
1.003481,-1.274912
0.996578,-1.283615
0.989845,-1.292317
0.983277,-1.301020
0.976869,-1.309722
0.970617,-1.318425
0.964518,-1.327127
0.958568,-1.335830
0.952762,-1.344532
0.947099,-1.353235
0.960380,-1.361937
0.954882,-1.370639
0.949518,-1.379342
0.944286,-1.388044
0.939182,-1.396747
0.934204,-1.405449
0.929349,-1.414152
0.924614,-1.422854
0.919997,-1.431557
0.915495,-1.440259
0.911106,-1.448962
0.906827,-1.457664
0.902657,-1.466367
0.898593,-1.475069
0.894634,-1.483772
0.890776,-1.492474
0.887020,-1.501177
0.883361,-1.509879
0.879800,-1.518582
0.876333,-1.527284
0.872960,-1.535986
0.869679,-1.544689
0.866488,-1.553391
0.863386,-1.562094
0.860371,-1.570796
