scan.pos:0.684178,7.135915,2.7684350.880602,1.562094
0.883655,1.553391
0.886796,1.544689
0.890028,1.535986
0.893352,1.527284
0.896770,1.518581
0.900282,1.509879
0.903892,1.501177
0.907599,1.492474
0.911407,1.483772
0.915317,1.475069
0.919331,1.466367
0.923451,1.457664
0.927679,1.448962
0.932018,1.440259
0.936468,1.431557
0.941034,1.422854
0.945716,1.414152
0.950518,1.405449
0.955443,1.396747
0.960492,1.388044
0.965668,1.379342
0.970975,1.370639
0.976416,1.361937
0.981993,1.353234
0.987710,1.344532
0.993569,1.335830
0.999576,1.327127
1.005732,1.318425
1.012042,1.309722
1.018510,1.301020
1.025140,1.292317
1.031936,1.283615
1.038902,1.274912
1.046043,1.266210
1.053364,1.257507
1.060869,1.248805
1.068564,1.240102
1.076454,1.231400
1.084544,1.222697
1.092841,1.213995
1.101350,1.205292
1.110078,1.196590
1.119032,1.187888
1.128217,1.179185
1.137642,1.170483
1.169582,1.161780
1.179701,1.153078
1.175443,1.144375
1.195570,1.135673
1.187487,1.126970
1.208923,1.118268
1.228806,1.109565
1.224405,1.100863
1.248015,1.092160
1.242065,1.083458
1.267091,1.074755
1.288121,1.066053
1.288464,1.057350
1.309967,1.048648
1.312220,1.039945
1.334247,1.031243
1.338466,1.022541
1.361072,1.013838
1.392243,1.005136
1.415331,0.996433
1.423543,0.987731
1.447352,0.979028
1.457781,0.970326
1.482391,0.961623
1.483043,0.952921
1.520651,0.944218
1.522509,0.935516
1.562364,0.926813
1.659472,0.918111
1.677886,0.909408
1.705337,0.900706
1.733020,0.892003
1.753288,0.883301
1.767592,0.874598
1.810072,0.865896
5.666105,0.857194
5.738061,0.848491
5.868899,0.839789
5.978319,0.831086
6.098423,0.822384
4.209668,0.543905
4.182996,0.535202
4.095953,0.526500
4.070150,0.517797
4.024523,0.509095
3.999493,0.500392
3.954671,0.491690
3.950515,0.482987
3.946668,0.474285
3.943129,0.465582
3.939896,0.456880
3.936968,0.448177
3.934344,0.439475
3.932022,0.430772
3.930002,0.422070
3.888241,0.413367
3.826796,0.404665
3.805698,0.395962
3.804904,0.387260
3.804400,0.378558
3.764186,0.369855
3.764261,0.361153
3.764622,0.352450
3.765270,0.343748
3.766206,0.335045
3.767429,0.326343
3.768939,0.317640
3.770739,0.308938
3.772827,0.300235
3.775205,0.291533
3.777874,0.282830
3.780836,0.274128
3.784090,0.265425
3.827888,0.256723
3.831772,0.248020
3.795624,0.239318
3.800064,0.230615
3.804804,0.221913
3.809847,0.213211
3.815194,0.204508
3.831659,0.195806
3.828609,0.187103
3.851504,0.178401
3.843153,0.169698
3.904420,0.160996
3.900483,0.152293
3.733596,0.143591
3.612743,0.134888
3.495437,0.126186
3.365485,0.117483
3.259534,0.108781
3.143446,0.100078
3.045734,0.091376
2.971181,0.082673
2.871740,0.073971
2.803396,0.065269
2.715735,0.056566
2.650372,0.047864
2.588421,0.039161
2.527669,0.030459
2.451729,0.021756
2.394581,0.013054
2.346376,0.004351
2.292300,-0.004351
2.238862,-0.013054
2.198359,-0.021756
2.147338,-0.030459
2.118529,-0.039161
2.062729,-0.047864
2.014045,-0.056566
1.987661,-0.065269
1.937152,-0.073971
1.912470,-0.082674
1.887737,-0.091376
1.842205,-0.100078
1.819237,-0.108781
1.776347,-0.117483
1.754600,-0.126186
1.737287,-0.134888
1.693763,-0.143591
1.673191,-0.152293
1.659540,-0.160996
1.616670,-0.169698
1.605485,-0.178401
1.586696,-0.187103
1.554267,-0.195806
1.536156,-0.204508
1.518037,-0.213211
1.512206,-0.221913
1.470558,-0.230616
1.466744,-0.239318
1.449822,-0.248021
1.423396,-0.256723
1.406900,-0.265425
1.381994,-0.274128
1.365864,-0.282830
1.393649,-0.291533
1.377715,-0.300235
1.361665,-0.308938
1.345492,-0.317640
1.329189,-0.326343
1.312748,-0.335045
1.296162,-0.343748
1.279423,-0.352450
1.262523,-0.361153
1.272529,-0.369855
1.255499,-0.378558
1.238287,-0.387260
1.220884,-0.395963
1.203281,-0.404665
1.213692,-0.413367
1.208230,-0.422070
1.197959,-0.430772
1.187952,-0.439475
1.178199,-0.448177
1.168693,-0.456880
1.159427,-0.465582
1.150394,-0.474285
1.141586,-0.482987
1.132998,-0.491690
1.124624,-0.500392
1.116456,-0.509095
1.108490,-0.517797
1.100721,-0.526500
1.093142,-0.535202
1.085749,-0.543905
1.078536,-0.552607
1.071500,-0.561310
1.064636,-0.570012
1.057939,-0.578714
1.051406,-0.587417
1.045032,-0.596119
1.038813,-0.604822
1.032746,-0.613524
1.026827,-0.622227
1.021053,-0.630929
1.015421,-0.639632
1.009927,-0.648334
1.004568,-0.657037
0.999341,-0.665739
0.994243,-0.674442
0.989273,-0.683144
0.984426,-0.691847
0.979701,-0.700549
0.975095,-0.709252
0.970606,-0.717954
0.966231,-0.726657
0.961968,-0.735359
0.957815,-0.744061
0.953771,-0.752764
0.949832,-0.761466
0.945998,-0.770169
0.942265,-0.778871
0.938634,-0.787574
0.935101,-0.796276
0.931665,-0.804979
0.928325,-0.813681
0.925079,-0.822384
0.921926,-0.831086
0.918864,-0.839789
0.915891,-0.848491
0.913007,-0.857194
0.910210,-0.865896
0.907499,-0.874599
0.904873,-0.883301
0.902331,-0.892003
0.899871,-0.900706
0.897493,-0.909408
0.895196,-0.918111
0.892977,-0.926813
0.890838,-0.935516
0.888776,-0.944218
0.886791,-0.952921
0.884883,-0.961623
0.883049,-0.970326
0.881290,-0.979028
0.879605,-0.987731
0.877993,-0.996433
0.876454,-1.005136
0.874987,-1.013838
0.873590,-1.022541
0.872265,-1.031243
0.871010,-1.039946
0.869825,-1.048648
0.868709,-1.057350
0.867661,-1.066053
0.866683,-1.074755
0.865772,-1.083458
0.864929,-1.092160
0.864153,-1.100863
0.863445,-1.109565
0.862803,-1.118268
0.862228,-1.126970
0.861719,-1.135673
0.861276,-1.144375
0.860900,-1.153078
0.860589,-1.161780
0.860344,-1.170483
0.860164,-1.179185
0.860050,-1.187888
0.860002,-1.196590
0.860019,-1.205293
0.860102,-1.213995
0.860250,-1.222697
0.860463,-1.231400
0.860743,-1.240102
0.861088,-1.248805
0.861499,-1.257507
0.861976,-1.266210
0.862519,-1.274912
0.863129,-1.283615
0.863806,-1.292317
0.864549,-1.301020
0.865360,-1.309722
0.866238,-1.318425
0.867184,-1.327127
0.868199,-1.335830
0.869282,-1.344532
0.870434,-1.353235
0.871656,-1.361937
0.872947,-1.370639
0.874310,-1.379342
0.875743,-1.388044
0.877248,-1.396747
0.878825,-1.405449
0.880475,-1.414152
0.882198,-1.422854
0.883996,-1.431557
0.885868,-1.440259
0.887817,-1.448962
0.889841,-1.457664
0.891944,-1.466367
0.894124,-1.475069
0.896384,-1.483772
0.898723,-1.492474
0.901144,-1.501177
0.903646,-1.509879
0.906232,-1.518582
0.908902,-1.527284
0.911658,-1.535986
0.914500,-1.544689
0.917430,-1.553391
0.920449,-1.562094
0.923558,-1.570796
