scan.pos:7.059408,4.562929,-0.7647501.309441,1.562094
1.317338,1.553391
1.298502,1.544689
1.294771,1.535986
1.283741,1.527284
1.272993,1.518581
1.262519,1.509879
1.252310,1.501177
1.242359,1.492474
1.232658,1.483772
1.223200,1.475069
1.239570,1.466367
1.230388,1.457664
1.221432,1.448962
1.212698,1.440259
1.204178,1.431557
1.195868,1.422854
1.187762,1.414152
1.179854,1.405449
1.172139,1.396747
1.164613,1.388044
1.157270,1.379342
1.150107,1.370639
1.143118,1.361937
1.136299,1.353234
1.129647,1.344532
1.123158,1.335830
1.116827,1.327127
1.110651,1.318425
1.104626,1.309722
1.098750,1.301020
1.093019,1.292317
1.087430,1.283615
1.081980,1.274912
1.076665,1.266210
1.071484,1.257507
1.066433,1.248805
1.061510,1.240102
1.056712,1.231400
1.052037,1.222697
1.047483,1.213995
1.043048,1.205292
1.038728,1.196590
1.034523,1.187888
1.030429,1.179185
1.026446,1.170483
1.022571,1.161780
1.018802,1.153078
1.015138,1.144375
1.011577,1.135673
1.008118,1.126970
1.004758,1.118268
1.001497,1.109565
0.998332,1.100863
0.995263,1.092160
0.992289,1.083458
0.989407,1.074755
0.986616,1.066053
0.983916,1.057350
0.981306,1.048648
0.978783,1.039945
0.976348,1.031243
0.973998,1.022541
0.971734,1.013838
0.969554,1.005136
0.967457,0.996433
0.965443,0.987731
0.963510,0.979028
0.961658,0.970326
0.959886,0.961623
0.958194,0.952921
0.956580,0.944218
0.955044,0.935516
0.953586,0.926813
0.952204,0.918111
0.950899,0.909408
0.949669,0.900706
0.948515,0.892003
0.947436,0.883301
0.946431,0.874598
0.945500,0.865896
0.944643,0.857194
0.943859,0.848491
0.943149,0.839789
0.942511,0.831086
0.941945,0.822384
0.941452,0.813681
0.941032,0.804979
0.940683,0.796276
0.940406,0.787574
0.940200,0.778871
0.940067,0.770169
0.940005,0.761466
0.940014,0.752764
0.940096,0.744061
0.940248,0.735359
0.940473,0.726656
0.940769,0.717954
0.941137,0.709251
0.941577,0.700549
0.942090,0.691847
0.942674,0.683144
0.943332,0.674442
0.944062,0.665739
0.944865,0.657037
0.945742,0.648334
0.946693,0.639632
0.947717,0.630929
0.948817,0.622227
0.949991,0.613524
0.951241,0.604822
0.952566,0.596119
0.953968,0.587417
0.955448,0.578714
0.957004,0.570012
0.958639,0.561309
0.960353,0.552607
0.962146,0.543905
0.964020,0.535202
0.965974,0.526500
0.968011,0.517797
0.970130,0.509095
0.972332,0.500392
0.974619,0.491690
0.976991,0.482987
0.979450,0.474285
0.981996,0.465582
0.984631,0.456880
0.987355,0.448177
0.990169,0.439475
0.993076,0.430772
0.996076,0.422070
0.999170,0.413367
1.002361,0.404665
1.005648,0.395962
1.009034,0.387260
1.012521,0.378558
1.016109,0.369855
1.019801,0.361153
1.023598,0.352450
1.027502,0.343748
1.031514,0.335045
1.035638,0.326343
1.039873,0.317640
1.044224,0.308938
1.048691,0.300235
1.053277,0.291533
1.057985,0.282830
1.062816,0.274128
1.067773,0.265425
1.072858,0.256723
1.078075,0.248020
1.083426,0.239318
1.088913,0.230615
1.094540,0.221913
1.100309,0.213211
1.106225,0.204508
1.112289,0.195806
1.118507,0.187103
1.124880,0.178401
1.131413,0.169698
1.138109,0.160996
1.144973,0.152293
1.152008,0.143591
1.159219,0.134888
1.166610,0.126186
1.174187,0.117483
1.181953,0.108781
1.189913,0.100078
1.198073,0.091376
1.206439,0.082673
1.215015,0.073971
1.223808,0.065269
1.232824,0.056566
1.242069,0.047864
1.251550,0.039161
1.261273,0.030459
1.271246,0.021756
1.281476,0.013054
1.291972,0.004351
1.302741,-0.004351
1.313792,-0.013054
1.325134,-0.021756
1.322068,-0.030459
1.338694,-0.039161
1.355142,-0.047864
1.371420,-0.056566
1.360331,-0.065269
1.376512,-0.073971
1.392543,-0.082674
1.408432,-0.091376
1.398722,-0.100078
1.414554,-0.108781
1.435596,-0.117483
1.451707,-0.126186
1.448470,-0.134888
1.465084,-0.143591
1.489055,-0.152293
1.506041,-0.160996
1.531499,-0.169698
1.548915,-0.178401
1.551328,-0.187103
1.569391,-0.195806
1.598258,-0.204508
1.616880,-0.213211
1.647535,-0.221913
1.666797,-0.230616
1.699371,-0.239318
1.719362,-0.248021
1.739425,-0.256723
1.751445,-0.265425
1.795757,-0.274128
1.810323,-0.282830
1.832363,-0.291533
1.872684,-0.300235
1.895845,-0.308938
1.938890,-0.317640
1.963330,-0.326343
1.988060,-0.335045
2.035258,-0.343748
2.061524,-0.352450
2.110374,-0.361153
2.140162,-0.369855
2.168674,-0.378558
2.224605,-0.387260
2.277092,-0.395963
2.308298,-0.404665
2.370381,-0.413367
2.404205,-0.422070
2.471485,-0.430772
2.529807,-0.439475
2.589024,-0.448177
2.643265,-0.456880
2.706154,-0.465582
2.770290,-0.474285
2.834891,-0.482987
2.924783,-0.491690
2.995295,-0.500392
3.093538,-0.509095
3.190996,-0.517797
3.269938,-0.526500
3.300891,-0.535202
3.284496,-0.543905
3.271989,-0.552607
3.262829,-0.561310
3.262294,-0.570012
3.267075,-0.578714
3.262536,-0.587417
3.256265,-0.596119
3.250265,-0.604822
3.244534,-0.613524
3.239069,-0.622227
3.233869,-0.630929
3.228930,-0.639632
3.224252,-0.648334
3.179369,-0.657037
3.175258,-0.665739
3.171399,-0.674442
3.167790,-0.683144
3.144294,-0.691847
3.141201,-0.700549
3.138354,-0.709252
3.135750,-0.717954
3.133389,-0.726657
3.131270,-0.735359
3.129392,-0.744061
3.127754,-0.752764
3.126356,-0.761466
3.125197,-0.770169
3.124277,-0.778871
3.123595,-0.787574
3.123151,-0.796276
3.122945,-0.804979
3.122977,-0.813681
3.123246,-0.822384
3.123754,-0.831086
3.124500,-0.839789
3.125484,-0.848491
3.126707,-0.857194
3.128169,-0.865896
3.129871,-0.874599
3.131814,-0.883301
3.133998,-0.892003
3.136424,-0.900706
3.139093,-0.909408
3.101761,-0.918111
3.104879,-0.926813
3.108240,-0.935516
3.111845,-0.944218
3.115696,-0.952921
3.119795,-0.961623
3.083608,-0.970326
3.088147,-0.979028
3.092935,-0.987731
3.097974,-0.996433
3.103267,-1.005136
3.108814,-1.013838
3.114619,-1.022541
3.120684,-1.031243
3.127012,-1.039946
3.133604,-1.048648
3.140463,-1.057350
3.147593,-1.066053
3.154996,-1.074755
3.162676,-1.083458
3.170635,-1.092160
3.178877,-1.100863
3.187405,-1.109565
3.196223,-1.118268
3.205335,-1.126970
3.214744,-1.135673
3.224456,-1.144375
3.234473,-1.153078
3.244800,-1.161780
3.255442,-1.170483
3.266404,-1.179185
3.277690,-1.187888
3.289306,-1.196590
3.301257,-1.205293
3.313549,-1.213995
3.326186,-1.222697
3.339175,-1.231400
3.352523,-1.240102
3.366235,-1.248805
3.380318,-1.257507
3.394780,-1.266210
3.404002,-1.274912
3.420161,-1.283615
3.437722,-1.292317
3.414961,-1.301020
3.436828,-1.309722
3.460427,-1.318425
3.468551,-1.327127
3.496230,-1.335830
3.463204,-1.344532
3.471136,-1.353235
3.489514,-1.361937
3.524489,-1.370639
2.870843,-1.379342
2.820640,-1.388044
2.784106,-1.396747
2.761057,-1.405449
2.726289,-1.414152
2.681895,-1.422854
2.648588,-1.431557
2.656369,-1.440259
2.649682,-1.448962
2.635822,-1.457664
2.631006,-1.466367
2.620064,-1.475069
2.642719,-1.483772
2.608941,-1.492474
2.607677,-1.501177
2.602333,-1.509879
2.598608,-1.518582
2.626780,-1.527284
2.625955,-1.535986
2.629382,-1.544689
2.660664,-1.553391
2.697925,-1.562094
2.698638,-1.570796
