scan.pos:-2.118103,-3.726559,0.7352502.547970,1.562094
2.571688,1.553391
2.599423,1.544689
2.623985,1.535986
2.653619,1.527284
2.679105,1.518581
2.704826,1.509879
2.737237,1.501177
2.764013,1.492474
2.791084,1.483772
2.826523,1.475069
2.879720,1.466367
2.908202,1.457664
2.946806,1.448962
2.976674,1.440259
3.006993,1.431557
3.049276,1.422854
3.105202,1.414152
3.137516,1.405449
6.534290,1.240102
6.422698,1.231400
6.377424,1.222697
6.354553,1.213995
6.332325,1.205292
6.310732,1.196590
6.289762,1.187888
6.269408,1.179185
6.249659,1.170483
6.230507,1.161780
6.211944,1.153078
6.193961,1.144375
6.176551,1.135673
6.159707,1.126970
6.143420,1.118268
6.127686,1.109565
6.112495,1.100863
6.097843,1.092160
6.104393,1.083458
6.090754,1.074755
6.077637,1.066053
6.106111,1.057350
6.093942,1.048648
6.123196,1.039945
6.111969,1.031243
6.101246,1.022541
6.091023,1.013838
6.081298,1.005136
6.092351,0.996433
6.083578,0.987731
6.135978,0.979028
6.168504,0.970326
6.302311,0.961623
6.557219,0.952921
6.993281,0.944218
7.529566,0.935516
7.790982,0.700549
7.678945,0.691847
7.668301,0.683144
7.678456,0.674442
7.648683,0.665739
7.660008,0.657037
7.671953,0.648334
7.684521,0.639632
7.697717,0.630929
7.711547,0.622227
7.726017,0.613524
5.151622,0.604822
5.037117,0.596119
4.890190,0.587417
4.629102,0.578714
4.414462,0.570012
4.134495,0.561309
4.019840,0.552607
3.925766,0.543905
3.894209,0.535202
3.841825,0.526500
3.789447,0.517797
3.800286,0.509095
3.748069,0.500392
3.717027,0.491690
3.686077,0.482987
3.697882,0.474285
3.688642,0.465582
3.701099,0.456880
3.670821,0.448177
3.683867,0.439475
3.697289,0.430772
3.711092,0.422070
3.725284,0.413367
3.739871,0.404665
3.754859,0.395962
3.770256,0.387260
3.773530,0.378558
3.802307,0.369855
3.818976,0.361153
3.836086,0.352450
3.853645,0.343748
3.871661,0.335045
3.890144,0.326343
3.909103,0.317640
3.928549,0.308938
3.948491,0.300235
3.968941,0.291533
3.989909,0.282830
3.987856,0.274128
4.009766,0.265425
4.032228,0.256723
4.055252,0.248020
4.078854,0.239318
4.103046,0.230615
4.127843,0.221913
4.153260,0.213211
4.179312,0.204508
4.206015,0.195806
4.233387,0.187103
4.261443,0.178401
4.290203,0.169698
4.319684,0.160996
4.349907,0.152293
4.380893,0.143591
4.412661,0.134888
4.445234,0.126186
1.481768,0.117483
1.475407,0.108781
1.415692,0.100078
1.409628,0.091376
1.403905,0.082673
1.371003,0.073971
1.365715,0.065269
1.360747,0.056566
1.356093,0.047864
1.346221,0.039161
1.334774,0.030459
1.323621,0.021756
1.312752,0.013054
1.302158,0.004351
1.291831,-0.004351
1.281763,-0.013054
1.271948,-0.021756
1.262377,-0.030459
1.253043,-0.039161
1.243941,-0.047864
1.235064,-0.056566
1.226404,-0.065269
1.217958,-0.073971
1.209719,-0.082674
1.201681,-0.091376
1.193840,-0.100078
1.186190,-0.108781
1.178726,-0.117483
1.171445,-0.126186
1.164341,-0.134888
1.157411,-0.143591
1.150649,-0.152293
1.144053,-0.160996
1.137618,-0.169698
1.131341,-0.178401
1.125218,-0.187103
1.119245,-0.195806
1.113420,-0.204508
1.107740,-0.213211
1.102200,-0.221913
1.096799,-0.230616
1.091533,-0.239318
1.086399,-0.248021
1.081396,-0.256723
1.076520,-0.265425
1.071769,-0.274128
1.067141,-0.282830
1.062634,-0.291533
1.058244,-0.300235
1.053970,-0.308938
1.049811,-0.317640
1.045763,-0.326343
1.041826,-0.335045
1.037997,-0.343748
1.034274,-0.352450
1.030657,-0.361153
1.027142,-0.369855
1.023729,-0.378558
1.020416,-0.387260
1.017202,-0.395963
1.014085,-0.404665
1.011063,-0.413367
1.008136,-0.422070
1.005303,-0.430772
1.002561,-0.439475
0.999910,-0.448177
0.997349,-0.456880
0.994877,-0.465582
0.992492,-0.474285
0.990194,-0.482987
0.987981,-0.491690
0.985854,-0.500392
0.983810,-0.509095
0.981849,-0.517797
0.979971,-0.526500
0.978174,-0.535202
0.976458,-0.543905
0.974822,-0.552607
0.973265,-0.561310
0.971788,-0.570012
0.970388,-0.578714
0.969067,-0.587417
0.967822,-0.596119
0.966654,-0.604822
0.965563,-0.613524
0.964547,-0.622227
0.963607,-0.630929
0.962742,-0.639632
0.961951,-0.648334
0.961236,-0.657037
0.960594,-0.665739
0.960026,-0.674442
0.959532,-0.683144
0.959111,-0.691847
0.958764,-0.700549
0.958489,-0.709252
0.958288,-0.717954
0.958161,-0.726657
0.958106,-0.735359
0.958124,-0.744061
0.958215,-0.752764
0.958378,-0.761466
0.958616,-0.770169
0.958926,-0.778871
0.959309,-0.787574
0.959766,-0.796276
0.960297,-0.804979
0.960901,-0.813681
0.961579,-0.822384
0.962332,-0.831086
0.963159,-0.839789
0.964061,-0.848491
0.965039,-0.857194
0.966092,-0.865896
0.967221,-0.874599
0.968426,-0.883301
0.969709,-0.892003
0.971069,-0.900706
0.966089,-0.909408
0.974023,-0.918111
0.975619,-0.926813
0.977294,-0.935516
0.979050,-0.944218
0.980887,-0.952921
0.982806,-0.961623
0.984807,-0.970326
0.986892,-0.979028
0.989062,-0.987731
0.991316,-0.996433
0.993657,-1.005136
0.996085,-1.013838
0.998601,-1.022541
1.001206,-1.031243
1.003901,-1.039946
1.006688,-1.048648
1.009568,-1.057350
1.012541,-1.066053
1.015610,-1.074755
1.018775,-1.083458
1.022037,-1.092160
1.025399,-1.100863
1.028862,-1.109565
1.032428,-1.118268
1.036097,-1.126970
1.061579,-1.135673
1.065542,-1.144375
1.069617,-1.153078
1.073805,-1.161780
1.078108,-1.170483
1.082529,-1.179185
1.131526,-1.187888
1.247996,-1.196590
1.298310,-1.205293
1.326648,-1.213995
7.305681,-1.222697
7.339836,-1.231400
7.374875,-1.240102
7.410818,-1.248805
7.447683,-1.257507
7.531853,-1.266210
7.570862,-1.274912
7.610859,-1.283615
7.651866,-1.292317
7.693908,-1.301020
7.737006,-1.309722
7.757236,-1.318425
7.651202,-1.327127
7.550271,-1.335830
7.462401,-1.344532
7.365695,-1.353235
7.280681,-1.361937
7.187797,-1.370639
7.105292,-1.379342
7.015865,-1.388044
6.953644,-1.396747
6.874750,-1.405449
6.790325,-1.414152
6.713184,-1.422854
6.657482,-1.431557
6.582018,-1.440259
6.529285,-1.448962
6.455263,-1.457664
6.378418,-1.466367
6.332475,-1.475069
6.257739,-1.483772
6.213235,-1.492474
6.140393,-1.501177
6.096529,-1.509879
6.054091,-1.518582
6.004566,-1.527284
5.953512,-1.535986
5.903764,-1.544689
5.855283,-1.553391
5.808031,-1.562094
5.761971,-1.570796
