scan.pos:7.075588,4.543953,-1.0147501.083183,1.562094
1.077381,1.553391
1.071723,1.544689
1.066204,1.535986
1.060822,1.527284
1.055574,1.518581
1.050457,1.509879
1.045469,1.501177
1.040607,1.492474
1.035869,1.483772
1.031251,1.475069
1.026753,1.466367
1.022371,1.457664
1.018103,1.448962
1.013948,1.440259
1.009903,1.431557
1.005967,1.422854
1.002137,1.414152
0.998412,1.405449
0.994791,1.396747
0.991270,1.388044
0.987849,1.379342
0.984527,1.370639
0.981301,1.361937
0.978171,1.353234
0.975135,1.344532
0.972191,1.335830
0.969338,1.327127
0.966576,1.318425
0.963902,1.309722
0.961317,1.301020
0.958817,1.292317
0.956404,1.283615
0.954075,1.274912
0.951830,1.266210
0.949667,1.257507
0.947586,1.248805
0.945587,1.240102
0.943667,1.231400
0.941827,1.222697
0.940065,1.213995
0.938381,1.205292
0.936774,1.196590
0.935244,1.187888
0.933790,1.179185
0.932412,1.170483
0.931108,1.161780
0.929879,1.153078
0.928723,1.144375
0.927641,1.135673
0.926632,1.126970
0.925696,1.118268
0.924831,1.109565
0.924039,1.100863
0.923318,1.092160
0.922669,1.083458
0.922091,1.074755
0.921583,1.066053
0.921147,1.057350
0.920780,1.048648
0.920485,1.039945
0.920259,1.031243
0.920103,1.022541
0.920018,1.013838
0.920003,1.005136
0.920058,0.996433
0.920182,0.987731
0.920377,0.979028
0.920643,0.970326
0.920978,0.961623
0.921384,0.952921
0.921861,0.944218
0.922408,0.935516
0.923026,0.926813
0.923716,0.918111
0.924477,0.909408
0.925310,0.900706
0.926214,0.892003
0.927192,0.883301
0.928242,0.874598
0.929365,0.865896
0.930562,0.857194
0.931834,0.848491
0.933179,0.839789
0.934601,0.831086
0.936097,0.822384
0.937670,0.813681
0.939320,0.804979
0.941048,0.796276
0.942854,0.787574
0.944739,0.778871
0.946704,0.770169
0.948749,0.761466
0.950876,0.752764
0.953085,0.744061
0.955377,0.735359
0.957754,0.726656
0.960215,0.717954
0.962763,0.709251
0.965398,0.700549
0.968122,0.691847
0.970935,0.683144
0.973839,0.674442
0.976834,0.665739
0.979924,0.657037
0.983107,0.648334
0.986387,0.639632
0.989765,0.630929
0.993242,0.622227
0.996819,0.613524
1.000499,0.604822
1.004283,0.596119
1.008172,0.587417
1.012169,0.578714
1.016276,0.570012
1.020494,0.561309
1.024826,0.552607
1.029273,0.543905
1.033839,0.535202
1.038524,0.526500
1.043332,0.517797
1.048265,0.509095
1.053325,0.500392
1.058515,0.491690
1.063838,0.482987
1.069297,0.474285
1.074894,0.465582
1.080633,0.456880
1.086517,0.448177
1.092549,0.439475
1.098732,0.430772
1.105070,0.422070
1.111568,0.413367
1.118227,0.404665
1.125053,0.395962
1.132050,0.387260
1.139221,0.378558
1.146572,0.369855
1.154107,0.361153
1.161830,0.352450
1.169748,0.343748
1.177864,0.335045
1.186184,0.326343
1.194715,0.317640
1.203462,0.308938
1.212430,0.300235
1.221627,0.291533
1.231059,0.282830
1.240733,0.274128
1.250656,0.265425
1.260836,0.256723
1.271281,0.248020
1.281999,0.239318
1.292998,0.230615
1.297889,0.221913
1.286764,0.213211
1.303662,0.204508
1.320377,0.195806
1.336919,0.187103
1.353296,0.178401
1.369517,0.169698
1.385590,0.160996
1.401522,0.152293
1.371641,0.143591
1.387770,0.134888
1.409444,0.126186
1.425852,0.117483
1.448875,0.108781
1.465612,0.100078
1.464899,0.091376
1.507182,0.082673
1.508306,0.073971
1.526029,0.065269
1.553746,0.056566
1.571973,0.047864
1.577167,0.039161
1.620199,0.030459
1.627498,0.021756
1.647100,0.013054
1.666744,0.004351
1.700785,-0.004351
1.721213,-0.013054
1.734128,-0.021756
1.778748,-0.030459
1.794254,-0.039161
1.816710,-0.047864
1.862182,-0.056566
1.881560,-0.065269
1.928033,-0.073971
1.950521,-0.082674
1.975760,-0.091376
2.023649,-0.100078
2.050881,-0.108781
2.100255,-0.117483
2.131340,-0.126186
2.182460,-0.134888
2.212089,-0.143591
2.270967,-0.152293
2.302948,-0.160996
2.357283,-0.169698
2.401316,-0.178401
2.458396,-0.187103
2.516294,-0.195806
2.568580,-0.204508
2.651218,-0.213211
2.710413,-0.221913
2.775862,-0.230616
2.842772,-0.239318
2.913462,-0.248021
3.006678,-0.256723
3.080917,-0.265425
3.186716,-0.274128
3.267943,-0.282830
3.269067,-0.291533
3.268966,-0.300235
3.259718,-0.308938
3.254992,-0.317640
3.239013,-0.326343
3.245345,-0.335045
3.239016,-0.343748
3.232958,-0.352450
3.227167,-0.361153
3.221642,-0.369855
3.216380,-0.378558
3.211379,-0.387260
3.206638,-0.395963
3.161672,-0.404665
3.157497,-0.413367
3.153574,-0.422070
3.149899,-0.430772
3.126329,-0.439475
3.123169,-0.448177
3.120253,-0.456880
3.117580,-0.465582
3.115149,-0.474285
3.112958,-0.482987
3.111007,-0.491690
3.109295,-0.500392
3.107821,-0.509095
3.106586,-0.517797
3.105588,-0.526500
3.104826,-0.535202
3.104302,-0.543905
3.104014,-0.552607
3.103962,-0.561310
3.104147,-0.570012
3.104568,-0.578714
3.105226,-0.587417
3.106121,-0.596119
3.107253,-0.604822
3.108623,-0.613524
3.110230,-0.622227
3.112077,-0.630929
3.114163,-0.639632
3.116489,-0.648334
3.119057,-0.657037
3.121867,-0.665739
3.084650,-0.674442
3.087904,-0.683144
3.091402,-0.691847
3.095143,-0.700549
3.099130,-0.709252
3.103364,-0.717954
3.067273,-0.726657
3.071944,-0.735359
3.076863,-0.744061
3.082034,-0.752764
3.087457,-0.761466
3.093136,-0.770169
3.099072,-0.778871
3.105268,-0.787574
3.111726,-0.796276
3.118448,-0.804979
3.125439,-0.813681
3.132700,-0.822384
3.140235,-0.831086
3.148046,-0.839789
3.156137,-0.848491
3.164511,-0.857194
3.173173,-0.865896
3.182124,-0.874599
3.191371,-0.883301
3.200915,-0.892003
3.210762,-0.900706
3.220916,-0.909408
3.231381,-0.918111
3.242162,-0.926813
3.253264,-0.935516
3.264692,-0.944218
3.276450,-0.952921
3.288545,-0.961623
3.300982,-0.970326
3.313767,-0.979028
3.326905,-0.987731
3.340403,-0.996433
3.354268,-1.005136
3.368506,-1.013838
3.383124,-1.022541
3.397189,-1.031243
3.391795,-1.039946
3.409640,-1.048648
3.406518,-1.057350
3.432580,-1.066053
3.433500,-1.074755
3.465427,-1.083458
3.470166,-1.092160
3.452913,-1.100863
3.469106,-1.109565
3.478542,-1.118268
3.499682,-1.126970
2.867520,-1.135673
2.815471,-1.144375
2.781043,-1.153078
2.744949,-1.161780
2.723509,-1.170483
2.689085,-1.179185
2.670701,-1.187888
2.637807,-1.196590
2.647417,-1.205293
2.616099,-1.213995
2.603568,-1.222697
2.599164,-1.231400
2.615274,-1.240102
2.612820,-1.248805
2.606115,-1.257507
2.631747,-1.266210
2.601419,-1.274912
2.625815,-1.283615
2.628087,-1.292317
2.628614,-1.301020
2.659977,-1.309722
2.663406,-1.318425
2.680984,-1.327127
2.675878,-1.335830
2.690896,-1.344532
2.713226,-1.353235
2.709084,-1.361937
2.732430,-1.370639
2.758058,-1.379342
2.728112,-1.388044
2.756037,-1.396747
2.731878,-1.405449
2.732077,-1.414152
2.759151,-1.422854
2.765568,-1.431557
2.799529,-1.440259
2.828629,-1.448962
2.807031,-1.457664
2.819050,-1.466367
2.850204,-1.475069
2.865082,-1.483772
2.897728,-1.492474
2.890914,-1.501177
2.900804,-1.509879
2.919455,-1.518582
2.926154,-1.527284
2.934826,-1.535986
2.949362,-1.544689
2.940988,-1.553391
2.947498,-1.562094
2.942183,-1.570796
