scan.pos:6.502160,4.783112,-0.3647503.422012,1.562094
3.433584,1.553391
3.445498,1.544689
3.459133,1.535986
3.470574,1.527284
3.485060,1.518581
3.502458,1.509879
3.522645,1.501177
3.475962,1.492474
3.435781,1.483772
3.353037,1.475069
3.316371,1.466367
3.258986,1.457664
3.182087,1.448962
3.128279,1.440259
3.075702,1.431557
3.047126,1.422854
2.996904,1.414152
2.947707,1.405449
2.906323,1.396747
2.859812,1.388044
2.814138,1.379342
2.769249,1.370639
2.748784,1.361937
2.692454,1.353234
2.674356,1.344532
2.633039,1.335830
2.592282,1.327127
2.576432,1.318425
2.526844,1.309722
2.512963,1.301020
2.474965,1.292317
2.437351,1.283615
2.417515,1.274912
2.381293,1.266210
2.370885,1.257507
2.335404,1.248805
2.320420,1.240102
2.286107,1.231400
2.251987,1.222697
2.244495,1.213995
2.233971,1.205292
2.201203,1.196590
2.168538,1.187888
2.163257,1.179185
2.129373,1.170483
2.125366,1.161780
2.093858,1.153078
2.090586,1.144375
2.075591,1.135673
2.057958,1.126970
2.040777,1.118268
2.024034,1.109565
2.007714,1.100863
1.991806,1.092160
1.976297,1.083458
1.961176,1.074755
1.946432,1.066053
1.932054,1.057350
1.918032,1.048648
1.904356,1.039945
1.891016,1.031243
1.878005,1.022541
1.865312,1.013838
1.852929,1.005136
1.840849,0.996433
1.829064,0.987731
1.817567,0.979028
1.806350,0.970326
1.795406,0.961623
1.784730,0.952921
1.774313,0.944218
1.764152,0.935516
1.754238,0.926813
1.744568,0.918111
1.735135,0.909408
1.725935,0.900706
1.716961,0.892003
1.708210,0.883301
1.699676,0.874598
1.691356,0.865896
1.683244,0.857194
1.675336,0.848491
1.667629,0.839789
1.660118,0.831086
1.652799,0.822384
1.645670,0.813681
1.638726,0.804979
1.631965,0.796276
1.625382,0.787574
1.618975,0.778871
1.612741,0.770169
1.606676,0.761466
1.600778,0.752764
1.595044,0.744061
1.589472,0.735359
1.584059,0.726656
1.578803,0.717954
1.573700,0.709251
1.568750,0.700549
1.563949,0.691847
1.559296,0.683144
1.554789,0.674442
1.550426,0.665739
1.546204,0.657037
1.542122,0.648334
1.538179,0.639632
1.534372,0.630929
1.530701,0.622227
1.527162,0.613524
1.523757,0.604822
1.520481,0.596119
1.517335,0.587417
1.514318,0.578714
1.511426,0.570012
1.508661,0.561309
1.506021,0.552607
1.503503,0.543905
1.501109,0.535202
1.498836,0.526500
1.496683,0.517797
1.494651,0.509095
1.492737,0.500392
1.490942,0.491690
1.489264,0.482987
1.487703,0.474285
1.486259,0.465582
1.484930,0.456880
1.483717,0.448177
1.482618,0.439475
1.481634,0.430772
1.480764,0.422070
1.480008,0.413367
1.479365,0.404665
1.478834,0.395962
1.478417,0.387260
1.478113,0.378558
1.477921,0.369855
1.477842,0.361153
1.477876,0.352450
1.478022,0.343748
1.478280,0.335045
1.478652,0.326343
1.479136,0.317640
1.479733,0.308938
1.480444,0.300235
1.481268,0.291533
1.482206,0.282830
1.483258,0.274128
1.484425,0.265425
1.485706,0.256723
1.487104,0.248020
1.488617,0.239318
1.490247,0.230615
1.491995,0.221913
1.493860,0.213211
1.495845,0.204508
1.497948,0.195806
1.500172,0.187103
1.502518,0.178401
1.504985,0.169698
1.507576,0.160996
1.510290,0.152293
1.513130,0.143591
1.516096,0.134888
1.519190,0.126186
1.522413,0.117483
1.525766,0.108781
1.529250,0.100078
1.532867,0.091376
1.536619,0.082673
1.540507,0.073971
1.544532,0.065269
1.548697,0.056566
1.553003,0.047864
1.557451,0.039161
1.562045,0.030459
1.566785,0.021756
1.571675,0.013054
1.576715,0.004351
1.581909,-0.004351
1.587258,-0.013054
1.592766,-0.021756
1.598434,-0.030459
1.604264,-0.039161
1.610261,-0.047864
1.616427,-0.056566
1.622763,-0.065269
1.629274,-0.073971
1.635963,-0.082674
1.642833,-0.091376
1.649886,-0.100078
1.657127,-0.108781
1.664560,-0.117483
1.672187,-0.126186
1.680013,-0.134888
1.688042,-0.143591
1.696277,-0.152293
1.704724,-0.160996
1.713387,-0.169698
1.722269,-0.178401
1.731377,-0.187103
1.740715,-0.195806
1.750289,-0.204508
1.760103,-0.213211
1.770163,-0.221913
1.780475,-0.230616
1.791046,-0.239318
1.801880,-0.248021
1.812986,-0.256723
1.824368,-0.265425
1.836036,-0.274128
1.847995,-0.282830
1.860254,-0.291533
1.872820,-0.300235
1.885702,-0.308938
1.898907,-0.317640
1.912446,-0.326343
1.926327,-0.335045
1.940559,-0.343748
1.955153,-0.352450
1.970120,-0.361153
1.985470,-0.369855
2.001215,-0.378558
2.017366,-0.387260
2.033937,-0.395963
2.050939,-0.404665
2.068386,-0.413367
2.086294,-0.422070
2.092867,-0.430772
2.096918,-0.439475
2.129072,-0.448177
2.135747,-0.456880
2.168711,-0.465582
2.174796,-0.474285
2.208147,-0.482987
2.245497,-0.491690
2.253273,-0.500392
2.287755,-0.509095
2.296468,-0.517797
2.331538,-0.526500
2.347718,-0.535202
2.383994,-0.543905
2.395317,-0.552607
2.432371,-0.561310
2.453488,-0.570012
2.491981,-0.578714
2.530885,-0.587417
2.545786,-0.596119
2.585759,-0.604822
2.613607,-0.613524
2.655385,-0.622227
2.697756,-0.630929
2.717021,-0.639632
2.760834,-0.648334
2.805367,-0.657037
2.842669,-0.665739
2.889598,-0.674442
2.937411,-0.683144
2.963161,-0.691847
3.013027,-0.700549
3.060173,-0.709252
3.113124,-0.717954
3.167297,-0.726657
3.222771,-0.735359
3.279628,-0.744061
3.337959,-0.752764
3.399791,-0.761466
3.462408,-0.770169
3.526841,-0.778871
3.593212,-0.787574
3.661653,-0.796276
3.688820,-0.804979
3.684058,-0.813681
3.673006,-0.822384
3.660174,-0.831086
3.647709,-0.839789
3.635605,-0.848491
3.623855,-0.857194
3.612456,-0.865896
3.601401,-0.874599
3.590686,-0.883301
3.580307,-0.892003
3.528294,-0.900706
3.518687,-0.909408
3.509398,-0.918111
3.500425,-0.926813
3.470997,-0.935516
3.462691,-0.944218
3.454687,-0.952921
3.446982,-0.961623
3.439573,-0.970326
3.432457,-0.979028
3.425630,-0.987731
3.419090,-0.996433
3.412834,-1.005136
3.406861,-1.013838
3.390858,-1.022541
3.395749,-1.031243
3.390607,-1.039946
3.385738,-1.048648
3.381140,-1.057350
3.376812,-1.066053
3.372750,-1.074755
3.368955,-1.083458
3.365424,-1.092160
3.362157,-1.100863
3.359152,-1.109565
3.356407,-1.118268
3.353922,-1.126970
3.351695,-1.135673
3.309648,-1.144375
3.307957,-1.153078
3.306519,-1.161780
3.305335,-1.170483
3.304402,-1.179185
3.263715,-1.187888
3.263292,-1.196590
3.263117,-1.205293
3.263191,-1.213995
3.263513,-1.222697
3.264084,-1.231400
3.264904,-1.240102
3.265973,-1.248805
3.267292,-1.257507
3.268861,-1.266210
3.270680,-1.274912
3.272752,-1.283615
3.275075,-1.292317
3.277651,-1.301020
3.280481,-1.309722
3.283566,-1.318425
3.286908,-1.327127
3.290508,-1.335830
3.294366,-1.344532
3.298486,-1.353235
3.302867,-1.361937
3.307512,-1.370639
3.312423,-1.379342
3.317601,-1.388044
3.323049,-1.396747
3.328769,-1.405449
3.334763,-1.414152
3.341033,-1.422854
3.347583,-1.431557
3.354414,-1.440259
3.361530,-1.448962
3.368933,-1.457664
3.376626,-1.466367
3.378063,-1.475069
3.384419,-1.483772
3.387840,-1.492474
3.406712,-1.501177
3.409107,-1.509879
3.415561,-1.518582
3.404722,-1.527284
3.427899,-1.535986
3.435478,-1.544689
3.439426,-1.553391
3.442735,-1.562094
2.784987,-1.570796
