scan.pos:-2.555604,1.844066,1.1352500.948558,1.562094
0.952462,1.553391
0.934228,1.544689
0.915910,1.535986
0.897502,1.527284
0.878999,1.518581
0.883036,1.509879
0.864430,1.501177
0.845714,1.492474
0.826881,1.483772
0.831008,1.475069
0.812039,1.466367
0.792937,1.457664
0.797139,1.448962
0.777876,1.440259
0.758461,1.431557
0.762723,1.422854
0.743121,1.414152
0.723347,1.405449
0.727651,1.396747
0.732062,1.388044
0.736583,1.379342
0.741218,1.370639
0.721102,1.361937
0.725809,1.353234
0.705439,1.344532
0.710214,1.335830
0.689570,1.327127
0.694408,1.318425
0.699369,1.309722
0.704456,1.301020
0.709671,1.292317
0.715019,1.283615
0.720503,1.274912
0.699234,1.266210
0.704790,1.257507
0.683163,1.248805
0.688786,1.240102
0.694555,1.231400
0.700475,1.222697
0.706552,1.213995
0.701558,1.205292
0.695610,1.196590
0.689814,1.187888
0.684165,1.179185
0.705806,1.170483
0.700225,1.161780
0.721506,1.153078
0.715996,1.144375
0.710624,1.135673
0.705385,1.126970
0.700276,1.118268
0.695293,1.109565
0.690432,1.100863
0.711087,1.092160
0.706291,1.083458
0.726669,1.074755
0.721942,1.066053
0.742065,1.057350
0.737410,1.048648
0.732868,1.039945
0.728438,1.031243
0.724115,1.022541
0.743894,1.013838
0.763502,1.005136
0.759221,0.996433
0.778640,0.987731
0.774440,0.979028
0.793686,0.970326
0.812791,0.961623
0.808658,0.952921
0.827616,0.944218
0.846451,0.935516
0.865168,0.926813
0.861113,0.918111
0.857161,0.909408
0.853310,0.900706
0.849557,0.892003
0.845902,0.883301
0.864509,0.874598
0.883026,0.865896
0.879474,0.857194
0.919817,0.848491
0.938100,0.839789
0.956316,0.831086
0.974471,0.822384
0.992567,0.813681
1.010612,0.804979
1.028610,0.796276
1.046565,0.787574
1.085772,0.778871
1.103590,0.770169
1.142540,0.761466
1.160247,0.752764
1.198974,0.744061
1.237571,0.735359
1.255132,0.726656
1.314422,0.717954
1.352695,0.709251
1.390878,0.700549
1.428982,0.691847
1.487679,0.683144
1.525608,0.674442
1.584059,0.665739
1.642385,0.657037
1.721090,0.648334
1.779170,0.639632
1.837170,0.630929
1.935858,0.622227
2.034358,0.613524
2.132692,0.604822
2.230885,0.596119
2.389716,0.587417
4.820738,0.578714
5.005193,0.570012
5.140440,0.561309
5.154853,0.552607
5.189758,0.543905
5.285324,0.535202
5.602149,0.526500
5.959020,0.517797
6.155290,0.509095
6.151258,0.500392
6.147697,0.491690
6.144610,0.482987
6.141993,0.474285
6.139844,0.465582
6.138165,0.456880
6.136955,0.448177
6.136212,0.439475
6.135936,0.430772
6.136127,0.422070
6.136786,0.413367
6.137913,0.404665
6.139508,0.395962
6.141571,0.387260
6.144104,0.378558
6.147107,0.369855
6.150581,0.361153
6.154529,0.352450
6.158951,0.343748
6.163849,0.335045
6.169225,0.326343
6.175081,0.317640
6.181419,0.308938
6.188242,0.300235
6.195553,0.291533
6.203354,0.282830
6.211648,0.274128
6.220438,0.265425
6.229729,0.256723
6.239524,0.248020
6.249825,0.239318
6.260639,0.230615
6.271969,0.221913
6.283819,0.213211
6.296194,0.204508
6.309099,0.195806
6.322540,0.187103
6.336522,0.178401
6.351051,0.169698
6.366132,0.160996
6.381773,0.152293
6.397978,0.143591
6.414756,0.134888
6.432114,0.126186
6.450058,0.117483
6.468596,0.108781
4.456993,0.100078
4.343134,0.091376
4.231225,0.082673
4.208218,0.073971
4.150436,0.065269
4.054264,0.056566
3.870489,0.047864
3.787749,0.039161
3.696098,0.030459
3.628367,0.021756
3.557276,0.013054
3.494784,0.004351
3.434122,-0.004351
3.372942,-0.013054
3.287519,-0.021756
3.239235,-0.030459
3.186660,-0.039161
3.135364,-0.047864
3.087891,-0.056566
3.039829,-0.065269
2.997214,-0.073971
2.952040,-0.082674
2.907773,-0.091376
2.848100,-0.100078
2.806182,-0.108781
2.773564,-0.117483
2.733865,-0.126186
2.697200,-0.134888
2.667248,-0.143591
2.630108,-0.152293
2.581788,-0.160996
2.546247,-0.169698
2.525043,-0.178401
2.515636,-0.187103
2.522265,-0.195806
2.539797,-0.204508
2.525036,-0.213211
2.544897,-0.221913
2.558568,-0.230616
2.580893,-0.239318
2.598092,-0.248021
2.596975,-0.256723
2.591404,-0.265425
2.618279,-0.274128
2.642106,-0.282830
2.644780,-0.291533
2.674940,-0.300235
2.678114,-0.308938
2.699771,-0.317640
2.721990,-0.326343
2.744789,-0.335045
2.768186,-0.343748
2.792199,-0.352450
2.817508,-0.361153
2.812438,-0.369855
2.864629,-0.378558
2.888242,-0.387260
2.914491,-0.395963
2.941962,-0.404665
2.967242,-0.413367
2.992780,-0.422070
3.023044,-0.430772
3.049667,-0.439475
3.082084,-0.448177
3.135634,-0.456880
3.144568,-0.465582
3.199041,-0.474285
3.235954,-0.482987
3.266256,-0.491690
3.297029,-0.500392
3.337552,-0.509095
3.394494,-0.517797
3.437664,-0.526500
3.471615,-0.535202
3.506200,-0.543905
3.553649,-0.552607
3.614086,-0.561310
3.664733,-0.570012
3.703371,-0.578714
3.766327,-0.587417
3.822024,-0.596119
3.863922,-0.604822
3.929939,-0.613524
3.991374,-0.622227
4.037115,-0.630929
4.243441,-0.639632
4.310802,-0.648334
4.383024,-0.657037
4.454663,-0.665739
6.396428,-0.926813
6.282718,-0.935516
6.271777,-0.944218
6.241006,-0.952921
6.190498,-0.961623
6.160898,-0.970326
6.111601,-0.979028
6.042681,-0.987731
5.974401,-0.996433
5.926919,-1.005136
5.879997,-1.013838
5.853755,-1.022541
5.848123,-1.031243
5.802757,-1.039946
5.777988,-1.048648
5.773760,-1.057350
5.729877,-1.066053
5.726562,-1.074755
5.683629,-1.083458
5.621148,-1.092160
5.599170,-1.100863
5.557624,-1.109565
5.556528,-1.118268
5.495852,-1.126970
5.435606,-1.135673
2.795692,-1.144375
2.795992,-1.153078
2.736486,-1.161780
2.737197,-1.170483
2.718098,-1.179185
2.679166,-1.187888
2.480111,-1.196590
1.980320,-1.205293
1.981591,-1.213995
1.983015,-1.222697
1.984592,-1.231400
1.785237,-1.240102
1.786932,-1.248805
1.788766,-1.257507
1.730229,-1.266210
1.732273,-1.274912
1.694015,-1.283615
1.696280,-1.292317
1.698680,-1.301020
1.680912,-1.309722
1.683554,-1.318425
1.645592,-1.327127
1.648439,-1.335830
1.651422,-1.344532
1.654542,-1.353235
1.657801,-1.361937
1.661198,-1.370639
1.644129,-1.379342
1.647765,-1.388044
1.651543,-1.396747
1.655465,-1.405449
1.659532,-1.414152
1.663746,-1.422854
1.668109,-1.431557
1.672623,-1.440259
1.677289,-1.448962
1.682110,-1.457664
1.687088,-1.466367
1.692224,-1.475069
1.697521,-1.483772
1.702982,-1.492474
1.708608,-1.501177
1.714403,-1.509879
1.720368,-1.518582
1.726508,-1.527284
1.732823,-1.535986
1.761119,-1.544689
1.767880,-1.553391
1.774829,-1.562094
1.779551,-1.570796
