scan.pos:-1.992719,4.943412,1.6352506.019780,1.562094
6.016621,1.553391
6.013922,1.544689
6.011683,1.535986
6.009904,1.527284
6.008583,1.518581
6.007720,1.509879
6.007315,1.501177
6.007367,1.492474
6.007877,1.483772
6.008844,1.475069
6.010270,1.466367
6.012154,1.457664
6.014497,1.448962
6.017301,1.440259
6.020566,1.431557
6.024294,1.422854
6.028486,1.414152
6.033143,1.405449
6.038268,1.396747
6.043862,1.388044
6.049927,1.379342
6.056467,1.370639
6.063483,1.361937
6.070978,1.353234
6.078955,1.344532
6.087417,1.335830
6.096368,1.327127
6.105811,1.318425
6.115749,1.309722
6.126187,1.301020
6.137129,1.292317
6.148580,1.283615
6.160543,1.274912
6.173024,1.266210
6.186027,1.257507
6.199559,1.248805
6.213624,1.240102
6.228228,1.231400
6.243378,1.222697
6.259079,1.213995
6.275339,1.205292
6.292164,1.196590
6.309561,1.187888
6.327538,1.179185
6.346103,1.170483
6.365262,1.161780
6.385026,1.153078
6.405402,1.144375
3.840410,1.135673
3.767107,1.126970
3.684738,1.118268
3.615983,1.109565
3.526927,1.100863
3.453782,1.092160
3.389987,1.083458
3.327254,1.074755
3.261896,1.066053
3.202106,1.057350
3.143115,1.048648
3.084353,1.039945
3.027749,1.031243
2.971737,1.022541
2.941225,1.013838
2.887253,1.005136
2.833706,0.996433
2.785551,0.987731
2.756622,0.979028
2.705041,0.970326
2.684513,0.961623
2.634318,0.952921
2.584287,0.944218
2.567956,0.935516
2.519060,0.926813
2.494154,0.918111
2.463885,0.909408
2.454250,0.900706
2.420329,0.892003
2.386180,0.883301
2.351789,0.874598
2.317142,0.865896
2.307205,0.857194
2.247025,0.848491
2.236840,0.839789
2.226687,0.831086
2.190898,0.822384
2.180620,0.813681
2.196395,0.804979
2.212570,0.796276
2.149888,0.787574
2.139667,0.778871
2.129453,0.770169
2.119241,0.761466
2.081768,0.752764
2.098812,0.744061
2.060874,0.735359
2.078350,0.726656
2.068096,0.717954
2.073525,0.709251
2.071427,0.700549
2.069800,0.691847
2.096077,0.683144
2.067958,0.674442
2.094739,0.665739
2.068002,0.657037
2.068735,0.648334
2.096323,0.639632
2.071636,0.630929
2.074897,0.622227
2.085860,0.613524
2.096826,0.604822
2.082350,0.596119
2.118780,0.587417
2.129775,0.578714
2.115844,0.570012
2.127036,0.561309
2.138246,0.552607
2.149478,0.543905
2.209385,0.535202
2.220381,0.526500
2.255454,0.517797
2.290291,0.509095
2.301141,0.500392
2.335678,0.491690
2.346509,0.482987
2.357402,0.474285
2.345101,0.465582
2.356244,0.456880
2.367452,0.448177
2.355819,0.439475
2.367277,0.430772
2.401498,0.422070
2.435582,0.413367
2.424569,0.404665
2.436224,0.395962
2.447963,0.387260
2.526369,0.378558
2.560107,0.369855
2.593763,0.361153
2.671198,0.352450
2.726390,0.343748
2.759609,0.335045
2.879503,0.326343
2.890743,0.317640
2.918588,0.308938
2.991675,0.300235
3.057817,0.291533
3.112406,0.282830
3.227293,0.274128
3.221819,0.265425
3.217937,0.256723
3.216642,0.248020
3.197173,0.239318
3.179826,0.230615
3.171729,0.221913
3.182141,0.213211
3.165246,0.204508
3.163029,0.195806
3.143490,0.187103
3.147385,0.178401
3.138751,0.169698
3.119755,0.160996
3.124649,0.152293
3.115146,0.143591
3.100940,0.134888
3.095467,0.126186
3.090248,0.117483
3.085282,0.108781
3.080566,0.100078
3.076098,0.091376
3.071876,0.082673
3.067900,0.073971
3.064167,0.065269
3.060675,0.056566
3.057425,0.047864
3.054413,0.039161
3.051640,0.030459
3.049103,0.021756
3.046803,0.013054
3.044738,0.004351
3.042907,-0.004351
3.041310,-0.013054
3.039945,-0.021756
3.038814,-0.030459
3.037914,-0.039161
3.037247,-0.047864
3.036810,-0.056566
3.036606,-0.065269
3.036632,-0.073971
3.036890,-0.082674
3.037379,-0.091376
3.038099,-0.100078
3.039052,-0.108781
3.040236,-0.117483
3.041654,-0.126186
3.043304,-0.134888
3.045188,-0.143591
3.047307,-0.152293
3.049661,-0.160996
3.052252,-0.169698
3.055079,-0.178401
3.058146,-0.187103
3.061451,-0.195806
3.064998,-0.204508
3.068786,-0.213211
3.072819,-0.221913
3.077096,-0.230616
3.081620,-0.239318
3.086394,-0.248021
3.091418,-0.256723
3.096694,-0.265425
3.102225,-0.274128
3.108013,-0.282830
3.114060,-0.291533
3.120369,-0.300235
3.126942,-0.308938
3.133782,-0.317640
3.140892,-0.326343
3.148274,-0.335045
3.155932,-0.343748
3.163869,-0.352450
3.172088,-0.361153
3.180593,-0.369855
3.189387,-0.378558
3.198474,-0.387260
3.207858,-0.395963
3.217543,-0.404665
3.227533,-0.413367
3.237832,-0.422070
3.248446,-0.430772
3.259379,-0.439475
3.270635,-0.448177
3.282220,-0.456880
3.294140,-0.465582
3.306399,-0.474285
3.319003,-0.482987
3.331958,-0.491690
3.345271,-0.500392
3.358947,-0.509095
3.372994,-0.517797
3.387418,-0.526500
3.402225,-0.535202
3.417424,-0.543905
3.433022,-0.552607
3.449027,-0.561310
3.465447,-0.570012
3.482291,-0.578714
3.499567,-0.587417
3.517284,-0.596119
3.535453,-0.604822
3.554082,-0.613524
3.573182,-0.622227
3.592763,-0.630929
3.612837,-0.639632
3.633415,-0.648334
3.654508,-0.657037
3.676129,-0.665739
3.698292,-0.674442
3.721007,-0.683144
3.744291,-0.691847
3.768157,-0.700549
3.792619,-0.709252
3.817694,-0.717954
1.518205,-0.726657
1.417173,-0.735359
1.418721,-0.744061
1.401457,-0.752764
1.378879,-0.761466
1.361903,-0.770169
1.321153,-0.778871
1.304610,-0.787574
1.314741,-0.796276
1.298090,-0.804979
1.281272,-0.813681
1.264278,-0.822384
1.247099,-0.831086
1.257674,-0.839789
1.240339,-0.848491
1.237891,-0.857194
1.227342,-0.865896
1.217062,-0.874599
1.207045,-0.883301
1.224493,-0.892003
1.241754,-0.900706
1.232054,-0.909408
1.222597,-0.918111
1.213376,-0.926813
1.204384,-0.935516
1.195615,-0.944218
1.212868,-0.952921
1.204344,-0.961623
1.196030,-0.970326
1.187920,-0.979028
1.154902,-0.987731
1.147348,-0.996433
1.139978,-1.005136
1.132788,-1.013838
1.125773,-1.022541
1.118930,-1.031243
1.112253,-1.039946
1.105739,-1.048648
1.099384,-1.057350
1.093185,-1.066053
1.039871,-1.074755
1.034228,-1.083458
1.028725,-1.092160
1.023357,-1.100863
1.018121,-1.109565
1.013016,-1.118268
1.008039,-1.126970
1.003186,-1.135673
0.998455,-1.144375
0.993844,-1.153078
0.989350,-1.161780
0.984971,-1.170483
0.980706,-1.179185
0.976551,-1.187888
0.972505,-1.196590
0.968566,-1.205293
0.964732,-1.213995
0.961001,-1.222697
0.957371,-1.231400
0.953841,-1.240102
0.950409,-1.248805
0.947073,-1.257507
0.943833,-1.266210
0.940686,-1.274912
0.937631,-1.283615
0.934667,-1.292317
0.931792,-1.301020
0.929005,-1.309722
0.926305,-1.318425
0.923692,-1.327127
0.921162,-1.335830
0.918717,-1.344532
0.916353,-1.353235
0.914072,-1.361937
0.911871,-1.370639
0.909750,-1.379342
0.907707,-1.388044
0.905743,-1.396747
0.903855,-1.405449
0.902044,-1.414152
0.900309,-1.422854
0.898649,-1.431557
0.897063,-1.440259
0.895551,-1.448962
0.894111,-1.457664
0.892745,-1.466367
0.891450,-1.475069
0.890226,-1.483772
0.889074,-1.492474
0.887992,-1.501177
0.886980,-1.509879
0.886038,-1.518582
0.885166,-1.527284
0.884362,-1.535986
0.883627,-1.544689
0.882960,-1.553391
0.882362,-1.562094
0.881831,-1.570796
