scan.pos:-1.348412,6.772593,-2.6147500.647849,1.562094
0.667623,1.553391
0.687252,1.544689
0.683944,1.535986
0.680720,1.527284
0.677577,1.518581
0.674514,1.509879
0.671530,1.501177
0.668623,1.492474
0.665791,1.483772
0.685134,1.475069
0.682360,1.466367
0.679660,1.457664
0.677032,1.448962
0.696233,1.440259
0.693667,1.431557
0.712771,1.422854
0.731794,1.414152
0.750740,1.405449
0.748238,1.396747
0.745809,1.388044
0.743452,1.379342
0.741166,1.370639
0.738951,1.361937
0.736804,1.353234
0.755718,1.344532
0.774584,1.335830
0.814287,1.327127
0.833019,1.318425
0.851719,1.309722
0.891117,1.301020
0.909720,1.292317
0.928308,1.283615
0.967469,1.274912
1.006537,1.266210
1.250527,1.257507
1.289045,1.248805
1.307092,1.240102
1.304787,1.231400
1.302589,1.222697
1.320817,1.213995
1.379667,1.205292
1.458707,1.196590
1.537635,1.187888
1.636675,1.179185
1.786582,1.170483
1.900278,1.161780
2.076498,1.153078
2.215037,1.144375
2.437357,1.135673
2.643874,1.126970
5.250141,1.118268
5.346855,1.109565
5.944890,1.100863
6.482611,1.092160
4.615796,0.683144
4.398549,0.674442
4.291253,0.665739
4.208570,0.657037
4.119446,0.648334
4.022106,0.639632
3.948946,0.630929
3.878180,0.622227
3.787707,0.613524
3.717602,0.604822
3.654109,0.596119
3.592428,0.587417
3.532448,0.578714
3.451655,0.570012
3.396108,0.561309
3.341464,0.552607
3.288125,0.543905
3.236013,0.535202
3.185057,0.526500
3.141064,0.517797
3.093055,0.509095
3.045995,0.500392
2.999828,0.491690
2.954502,0.482987
2.943548,0.474285
2.948254,0.465582
2.930261,0.456880
2.889131,0.448177
2.861570,0.439475
2.846738,0.430772
2.832744,0.422070
2.844228,0.413367
2.798225,0.404665
2.838670,0.395962
2.832296,0.387260
2.826053,0.378558
2.819942,0.369855
2.839630,0.361153
2.833964,0.352450
2.828434,0.343748
2.849269,0.335045
2.870634,0.326343
2.892543,0.317640
2.915013,0.308938
2.938060,0.300235
2.961702,0.291533
2.985957,0.282830
3.010843,0.274128
3.036381,0.265425
3.062591,0.256723
3.075848,0.248020
3.109626,0.239318
3.143647,0.230615
3.150506,0.221913
3.185309,0.213211
3.220423,0.204508
3.309437,0.195806
3.397992,0.187103
3.486146,0.178401
3.495417,0.169698
3.531534,0.160996
3.593952,0.152293
3.682157,0.143591
3.719327,0.134888
3.757100,0.126186
3.820611,0.117483
3.859521,0.108781
3.899139,0.100078
3.958823,0.091376
4.031827,0.082673
4.063215,0.073971
4.144010,0.065269
7.775160,0.013054
7.734600,0.004351
7.695044,-0.004351
7.656471,-0.013054
7.618860,-0.021756
7.582191,-0.030459
7.546445,-0.039161
7.511604,-0.047864
7.477650,-0.056566
7.444566,-0.065269
7.412336,-0.073971
7.380943,-0.082674
7.350372,-0.091376
7.320609,-0.100078
7.291639,-0.108781
7.263448,-0.117483
7.236023,-0.126186
7.209352,-0.134888
7.183421,-0.143591
7.158219,-0.152293
7.133736,-0.160996
7.109958,-0.169698
7.086876,-0.178401
7.064481,-0.187103
7.042760,-0.195806
7.021707,-0.204508
7.001309,-0.213211
6.981561,-0.221913
6.962452,-0.230616
6.943975,-0.239318
6.926122,-0.248021
6.908885,-0.256723
6.892258,-0.265425
6.876232,-0.274128
6.860802,-0.282830
6.845962,-0.291533
6.831704,-0.300235
6.818024,-0.308938
6.804916,-0.317640
6.792375,-0.326343
6.780395,-0.335045
2.209911,-0.343748
2.145401,-0.352450
2.121835,-0.361153
2.118760,-0.369855
2.115854,-0.378558
2.032294,-0.387260
2.029823,-0.395963
2.027513,-0.404665
2.005225,-0.413367
1.963017,-0.422070
1.941138,-0.430772
1.939527,-0.439475
1.938066,-0.448177
1.936754,-0.456880
1.895509,-0.465582
1.894516,-0.474285
1.893668,-0.482987
1.892965,-0.491690
1.892407,-0.500392
1.891993,-0.509095
1.891723,-0.517797
1.891598,-0.526500
1.891616,-0.535202
1.891779,-0.543905
1.892086,-0.552607
1.892537,-0.561310
1.893132,-0.570012
1.893872,-0.578714
1.894757,-0.587417
1.895787,-0.596119
1.896963,-0.604822
1.898285,-0.613524
1.859581,-0.622227
1.861162,-0.630929
1.842766,-0.639632
1.844618,-0.648334
1.826450,-0.657037
1.808380,-0.665739
1.790405,-0.674442
1.792759,-0.683144
1.795257,-0.691847
1.797899,-0.700549
1.800685,-0.709252
1.762895,-0.717954
1.765906,-0.726657
1.769062,-0.735359
1.772365,-0.744061
1.775815,-0.752764
1.779415,-0.761466
1.783165,-0.770169
1.787068,-0.778871
1.791124,-0.787574
1.795336,-0.796276
1.799705,-0.804979
1.804234,-0.813681
1.808923,-0.822384
1.813775,-0.831086
1.818792,-0.839789
1.823976,-0.848491
1.829329,-0.857194
1.834855,-0.865896
1.840554,-0.874599
1.846430,-0.883301
1.852485,-0.892003
1.858722,-0.900706
1.865143,-0.909408
1.871752,-0.918111
1.878552,-0.926813
1.885545,-0.935516
1.892735,-0.944218
1.900126,-0.952921
1.951789,-0.961623
1.937646,-0.970326
1.923535,-0.979028
1.931763,-0.987731
1.940210,-0.996433
1.948880,-1.005136
1.957778,-1.013838
1.966908,-1.022541
1.976275,-1.031243
1.985883,-1.039946
1.995738,-1.048648
2.005845,-1.057350
2.016209,-1.066053
2.026836,-1.074755
2.037731,-1.083458
2.048901,-1.092160
2.060352,-1.100863
2.072091,-1.109565
2.132267,-1.118268
2.120671,-1.126970
2.109099,-1.135673
2.097547,-1.144375
2.061349,-1.153078
2.027434,-1.161780
1.996346,-1.170483
1.965449,-1.179185
1.960037,-1.187888
1.929630,-1.196590
1.899352,-1.205293
1.895033,-1.213995
1.865138,-1.222697
1.861544,-1.231400
1.831969,-1.240102
1.802430,-1.248805
1.799742,-1.257507
1.770429,-1.266210
1.768362,-1.274912
1.739216,-1.283615
1.737735,-1.292317
1.708702,-1.301020
1.707776,-1.309722
1.698246,-1.318425
1.683777,-1.327127
1.669679,-1.335830
1.655939,-1.344532
1.642548,-1.353235
1.629495,-1.361937
1.616770,-1.370639
1.604363,-1.379342
1.592266,-1.388044
1.580469,-1.396747
1.568964,-1.405449
1.557743,-1.414152
1.546799,-1.422854
1.536123,-1.431557
1.525710,-1.440259
1.515551,-1.448962
1.505640,-1.457664
1.495971,-1.466367
1.486539,-1.475069
1.477336,-1.483772
1.468357,-1.492474
1.459598,-1.501177
1.451052,-1.509879
1.442715,-1.518582
1.434582,-1.527284
1.426648,-1.535986
1.418909,-1.544689
1.411360,-1.553391
1.403998,-1.562094
1.396817,-1.570796
