scan.pos:6.502735,2.457173,-2.5647501.193049,1.562094
1.186358,1.553391
1.179831,1.544689
1.173464,1.535986
1.167254,1.527284
1.161197,1.518581
1.155291,1.509879
1.149531,1.501177
1.143915,1.492474
1.138440,1.483772
1.133103,1.475069
1.127901,1.466367
1.122832,1.457664
1.117894,1.448962
1.113082,1.440259
1.108396,1.431557
1.103833,1.422854
1.099391,1.414152
1.095068,1.405449
1.090861,1.396747
1.086769,1.388044
1.082789,1.379342
1.078920,1.370639
1.075161,1.361937
1.071509,1.353234
1.067963,1.344532
1.064521,1.335830
1.061181,1.327127
1.057943,1.318425
1.054805,1.309722
1.051765,1.301020
1.048822,1.292317
1.045975,1.283615
1.043223,1.274912
1.040564,1.266210
1.037997,1.257507
1.035522,1.248805
1.033137,1.240102
1.030841,1.231400
0.987489,1.222697
0.985453,1.213995
0.983501,1.205292
0.981632,1.196590
0.979844,1.187888
0.978136,1.179185
0.976509,1.170483
0.974962,1.161780
0.973493,1.153078
0.972103,1.144375
0.970791,1.135673
0.969555,1.126970
0.968397,1.118268
0.967315,1.109565
0.966309,1.100863
0.965378,1.092160
0.964523,1.083458
0.963742,1.074755
0.963036,1.066053
0.922304,1.057350
0.921769,1.048648
0.921306,1.039945
0.920912,1.031243
0.920590,1.022541
0.920337,1.013838
0.920155,1.005136
0.920043,0.996433
0.920000,0.987731
0.920028,0.979028
0.920126,0.970326
0.920294,0.961623
0.920533,0.952921
0.920841,0.944218
0.921220,0.935516
0.921670,0.926813
0.922190,0.918111
0.922781,0.909408
0.923443,0.900706
0.924177,0.892003
0.924982,0.883301
0.925859,0.874598
0.926809,0.865896
0.927831,0.857194
0.928926,0.848491
0.930095,0.839789
0.931338,0.831086
0.932655,0.822384
0.934047,0.813681
0.935515,0.804979
0.937059,0.796276
0.938679,0.787574
0.940377,0.778871
0.942153,0.770169
0.944008,0.761466
0.945942,0.752764
0.947956,0.744061
0.950051,0.735359
0.952229,0.726656
0.954489,0.717954
0.956833,0.709251
0.959262,0.700549
0.961777,0.691847
0.964378,0.683144
0.967068,0.674442
0.969846,0.665739
0.972715,0.657037
0.975676,0.648334
0.978729,0.639632
0.981876,0.630929
0.985120,0.622227
0.988460,0.613524
0.991898,0.604822
0.995437,0.596119
0.999077,0.587417
1.002821,0.578714
1.006670,0.570012
1.010625,0.561309
1.014690,0.552607
1.018865,0.543905
1.023153,0.535202
1.027556,0.526500
1.032076,0.517797
1.036715,0.509095
1.041475,0.500392
1.046360,0.491690
1.051371,0.482987
1.056511,0.474285
1.061783,0.465582
1.067189,0.456880
1.072733,0.448177
1.078418,0.439475
1.084246,0.430772
1.090220,0.422070
1.096345,0.413367
1.102624,0.404665
1.109060,0.395962
1.115656,0.387260
1.122418,0.378558
1.129349,0.369855
1.136453,0.361153
1.143735,0.352450
1.151198,0.343748
1.158849,0.335045
1.166691,0.326343
1.174731,0.317640
1.182972,0.308938
1.191422,0.300235
1.200085,0.291533
1.208968,0.282830
1.218076,0.274128
1.227418,0.265425
1.236998,0.256723
1.246825,0.248020
1.256906,0.239318
1.267248,0.230615
1.277860,0.221913
1.288750,0.213211
1.299928,0.204508
1.290992,0.195806
1.307871,0.187103
1.324566,0.178401
1.341087,0.169698
1.357442,0.160996
1.373639,0.152293
1.362963,0.143591
1.379074,0.134888
1.395046,0.126186
1.384759,0.117483
1.400666,0.108781
1.416450,0.100078
1.432120,0.091376
1.447681,0.082673
1.463141,0.073971
1.478505,0.065269
1.493781,0.056566
1.508973,0.047864
1.499505,0.039161
1.490268,0.030459
1.505539,0.021756
1.520742,0.013054
1.535882,0.004351
1.550963,-0.004351
1.589719,-0.013054
1.604570,-0.021756
1.619380,-0.030459
1.657501,-0.039161
1.602452,-0.047864
1.594301,-0.056566
1.586353,-0.065269
1.578603,-0.073971
1.548278,-0.082674
1.473034,-0.091376
1.466272,-0.100078
1.459682,-0.108781
1.453262,-0.117483
1.335699,-0.126186
1.285740,-0.134888
1.258370,-0.143591
1.253306,-0.152293
1.204574,-0.160996
1.199947,-0.169698
1.195445,-0.178401
1.191068,-0.187103
1.143656,-0.195806
1.139671,-0.204508
1.135800,-0.213211
1.110681,-0.221913
1.107102,-0.230616
1.103629,-0.239318
1.100261,-0.248021
1.096997,-0.256723
1.051765,-0.265425
1.048822,-0.274128
1.045975,-0.282830
1.043223,-0.291533
1.040564,-0.300235
1.037997,-0.308938
1.035522,-0.317640
1.033137,-0.326343
1.030841,-0.335045
1.028634,-0.343748
1.026514,-0.352450
1.024481,-0.361153
1.022533,-0.369855
1.020671,-0.378558
1.018892,-0.387260
1.017197,-0.395963
1.015585,-0.404665
1.014055,-0.413367
1.012607,-0.422070
1.011240,-0.430772
1.009953,-0.439475
1.008747,-0.448177
1.007620,-0.456880
1.006572,-0.465582
1.005602,-0.474285
1.004711,-0.482987
1.003898,-0.491690
1.003162,-0.500392
1.002504,-0.509095
1.001923,-0.517797
1.001419,-0.526500
1.000992,-0.535202
1.000641,-0.543905
1.000366,-0.552607
1.000168,-0.561310
1.040048,-0.570012
1.040000,-0.578714
1.040032,-0.587417
1.040143,-0.596119
1.040333,-0.604822
1.040602,-0.613524
1.040951,-0.622227
1.061406,-0.630929
1.061924,-0.639632
1.102618,-0.648334
1.103325,-0.657037
1.104117,-0.665739
1.104994,-0.674442
1.146173,-0.683144
1.147260,-0.691847
1.148437,-0.700549
1.149704,-0.709252
1.211643,-0.717954
1.334484,-0.726657
1.336267,-0.735359
1.398983,-0.744061
1.482292,-0.752764
1.484622,-0.761466
1.507442,-0.770169
1.510049,-0.778871
1.512780,-0.787574
1.679490,-0.796276
1.744362,-0.804979
1.830191,-0.813681
1.895912,-0.822384
1.900103,-0.831086
1.966560,-0.839789
1.971228,-0.848491
2.017670,-0.857194
2.085353,-0.865896
2.153544,-0.874599
2.264193,-0.883301
2.291530,-0.892003
2.340282,-0.900706
2.389496,-0.909408
5.369117,-0.918111
5.385919,-0.926813
5.403240,-0.935516
5.421086,-0.944218
5.439466,-0.952921
5.458388,-0.961623
5.477861,-0.970326
5.497894,-0.979028
5.518496,-0.987731
5.583444,-0.996433
5.605384,-1.005136
5.672044,-1.013838
5.695384,-1.022541
5.719353,-1.031243
5.766303,-1.039946
5.791667,-1.048648
5.817699,-1.057350
5.844414,-1.066053
5.871825,-1.074755
5.899945,-1.083458
5.928790,-1.092160
5.958374,-1.100863
5.988713,-1.109565
6.019824,-1.118268
6.028279,-1.126970
6.013715,-1.135673
6.046854,-1.144375
6.080825,-1.153078
6.115649,-1.161780
6.151345,-1.170483
6.236441,-1.179185
7.749916,-1.370639
7.684196,-1.379342
7.620156,-1.388044
7.557746,-1.396747
7.496916,-1.405449
7.437620,-1.414152
7.379811,-1.422854
7.323448,-1.431557
7.268488,-1.440259
7.214893,-1.448962
7.162624,-1.457664
7.111644,-1.466367
7.061919,-1.475069
7.013414,-1.483772
6.966099,-1.492474
6.919941,-1.501177
6.874910,-1.509879
6.830979,-1.518582
6.788120,-1.527284
6.746305,-1.535986
6.705510,-1.544689
6.665710,-1.553391
6.626881,-1.562094
6.589001,-1.570796
