scan.pos:-4.307062,-4.377704,0.2852500.937899,1.562094
0.935541,1.553391
0.933265,1.544689
0.931071,1.535986
0.928958,1.527284
0.926925,1.518581
0.924971,1.509879
0.923095,1.501177
0.921298,1.492474
0.919576,1.483772
0.917932,1.475069
0.916362,1.466367
0.914868,1.457664
0.913448,1.448962
0.912101,1.440259
0.910828,1.431557
0.909628,1.422854
0.908500,1.414152
0.907443,1.405449
0.906458,1.396747
0.905545,1.388044
0.904701,1.379342
0.903928,1.370639
0.903226,1.361937
0.902592,1.353234
0.902029,1.344532
0.901535,1.335830
0.901110,1.327127
0.900753,1.318425
0.900466,1.309722
0.900248,1.301020
0.900098,1.292317
0.900016,1.283615
0.900003,1.274912
0.900059,1.266210
0.900183,1.257507
0.900376,1.248805
0.900638,1.240102
0.900968,1.231400
0.901367,1.222697
0.901836,1.213995
0.902373,1.205292
0.902980,1.196590
0.903657,1.187888
0.904404,1.179185
0.905221,1.170483
0.906108,1.161780
0.907066,1.153078
0.908096,1.144375
0.909197,1.135673
0.910370,1.126970
0.911616,1.118268
0.912935,1.109565
0.914327,1.100863
0.915794,1.092160
0.917335,1.083458
0.918952,1.074755
0.920644,1.066053
0.922413,1.057350
0.924260,1.048648
0.926184,1.039945
0.928187,1.031243
0.930270,1.022541
0.932434,1.013838
0.934679,1.005136
0.937006,0.996433
0.939417,0.987731
0.983775,0.979028
0.986470,0.970326
0.989255,0.961623
1.013242,0.952921
1.058619,0.944218
1.061879,0.935516
1.065240,0.926813
1.111452,0.918111
1.136609,0.909408
1.140504,0.900706
1.144513,0.892003
1.148639,0.883301
1.152882,0.874598
1.157245,0.865896
6.794507,0.761466
6.657931,0.752764
6.546050,0.744061
6.482474,0.735359
6.397356,0.726656
6.313848,0.717954
6.184351,0.709251
6.103529,0.700549
6.024053,0.691847
5.945844,0.683144
5.868827,0.674442
5.719544,0.665739
5.668859,0.657037
5.594690,0.648334
5.521436,0.639632
5.474132,0.630929
5.453220,0.622227
5.433740,0.613524
5.441272,0.604822
5.387629,0.596119
5.400418,0.587417
5.387640,0.578714
5.401449,0.570012
5.389318,0.561309
5.430950,0.552607
5.473651,0.543905
5.517453,0.535202
5.562388,0.526500
5.608492,0.517797
5.655800,0.509095
5.704352,0.500392
5.744151,0.491690
5.791826,0.482987
5.840209,0.474285
5.892768,0.465582
5.918839,0.456880
5.977015,0.448177
6.035081,0.439475
6.095222,0.430772
6.161639,0.422070
6.221961,0.413367
6.293849,0.404665
6.363410,0.395962
6.429162,0.387260
6.489594,0.378558
6.550439,0.369855
6.636902,0.361153
6.723543,0.352450
6.785593,0.343748
6.872934,0.335045
6.960637,0.326343
7.048767,0.317640
7.148620,0.308938
7.226579,0.300235
7.172752,0.291533
7.229553,0.282830
7.261499,0.274128
7.251599,0.265425
7.317193,0.256723
7.346010,0.248020
7.377728,0.239318
3.766557,0.230615
3.679104,0.221913
3.615617,0.213211
3.575735,0.204508
3.559116,0.195806
3.542920,0.187103
3.527138,0.178401
3.511763,0.169698
3.496785,0.160996
3.482200,0.152293
3.467998,0.143591
3.454174,0.134888
3.440720,0.126186
3.427631,0.117483
3.414900,0.108781
3.402521,0.100078
3.390490,0.091376
3.363952,0.082673
3.367444,0.073971
3.356420,0.065269
3.345722,0.056566
3.335346,0.047864
3.325285,0.039161
3.315537,0.030459
3.306097,0.021756
3.296961,0.013054
3.288125,0.004351
3.279586,-0.004351
3.271339,-0.013054
3.263381,-0.021756
3.255709,-0.030459
3.248321,-0.039161
3.241211,-0.047864
3.234379,-0.056566
3.227821,-0.065269
3.221534,-0.073971
3.215516,-0.082674
3.209764,-0.091376
3.204277,-0.100078
3.199051,-0.108781
3.194085,-0.117483
3.189378,-0.126186
3.184926,-0.134888
3.180728,-0.143591
3.176783,-0.152293
3.173090,-0.160996
3.169646,-0.169698
3.166450,-0.178401
3.163501,-0.187103
3.160799,-0.195806
3.178413,-0.204508
3.176185,-0.213211
3.174202,-0.221913
3.212531,-0.230616
3.211016,-0.239318
3.309830,-0.248021
3.308775,-0.256723
3.347983,-0.265425
3.367427,-0.274128
3.567126,-0.282830
3.627075,-0.291533
7.792047,-0.770169
7.666173,-0.778871
7.544195,-0.787574
7.407755,-0.796276
7.293699,-0.804979
7.182933,-0.813681
7.098536,-0.822384
6.978686,-0.831086
6.877608,-0.839789
6.779187,-0.848491
6.707046,-0.857194
6.601005,-0.865896
6.510546,-0.874599
6.446418,-0.883301
6.349467,-0.892003
6.265919,-0.900706
6.208843,-0.909408
6.129077,-0.918111
6.042429,-0.926813
5.991602,-0.935516
5.917372,-0.944218
5.837656,-0.952921
5.792404,-0.961623
5.723032,-0.970326
5.649550,-0.979028
5.609303,-0.987731
5.544209,-0.996433
5.476365,-1.005136
5.440641,-1.013838
5.379324,-1.022541
5.343802,-1.031243
5.284997,-1.039946
5.227020,-1.048648
5.196869,-1.057350
5.141147,-1.066053
5.108776,-1.074755
5.065009,-1.083458
5.022365,-1.092160
4.980810,-1.100863
4.940309,-1.109565
4.900832,-1.118268
4.862349,-1.126970
4.824830,-1.135673
4.788247,-1.144375
4.752573,-1.153078
4.717784,-1.161780
4.683855,-1.170483
4.650762,-1.179185
4.618483,-1.187888
4.586995,-1.196590
4.556279,-1.205293
4.526313,-1.213995
4.497080,-1.222697
4.468559,-1.231400
4.440735,-1.240102
4.413589,-1.248805
4.387104,-1.257507
4.361266,-1.266210
4.336058,-1.274912
4.311467,-1.283615
4.287477,-1.292317
4.264077,-1.301020
4.241251,-1.309722
4.218988,-1.318425
4.197276,-1.327127
4.176102,-1.335830
4.155456,-1.344532
4.135326,-1.353235
4.115702,-1.361937
4.096574,-1.370639
4.077932,-1.379342
4.059767,-1.388044
4.042069,-1.396747
4.024830,-1.405449
4.008042,-1.414152
3.991696,-1.422854
3.975784,-1.431557
3.960299,-1.440259
3.945233,-1.448962
3.930580,-1.457664
3.916332,-1.466367
3.902483,-1.475069
3.889027,-1.483772
3.875958,-1.492474
3.863269,-1.501177
3.850955,-1.509879
3.839012,-1.518582
3.827432,-1.527284
3.816212,-1.535986
3.805347,-1.544689
3.794831,-1.553391
3.784661,-1.562094
3.774832,-1.570796
