scan.pos:-2.127084,7.029082,1.5352501.000632,1.562094
1.000981,1.553391
1.001406,1.544689
1.001908,1.535986
1.002487,1.527284
0.963017,1.518581
0.963721,1.509879
0.964500,1.501177
0.965353,1.492474
0.966282,1.483772
0.967286,1.475069
0.968366,1.466367
0.969522,1.457664
0.970755,1.448962
0.972065,1.440259
0.973453,1.431557
0.974920,1.422854
0.976465,1.414152
0.978090,1.405449
0.979795,1.396747
0.981581,1.388044
0.983448,1.379342
0.985398,1.370639
0.987430,1.361937
0.989547,1.353234
0.991749,1.344532
0.994036,1.335830
0.996410,1.327127
0.998871,1.318425
1.001421,1.309722
1.004061,1.301020
1.006791,1.292317
1.009614,1.283615
1.012530,1.274912
1.015540,1.266210
1.018646,1.257507
1.021849,1.248805
1.025150,1.240102
1.028552,1.231400
1.032055,1.222697
1.035661,1.213995
1.039372,1.205292
1.043189,1.196590
1.047115,1.187888
1.051150,1.179185
1.055298,1.170483
1.059559,1.161780
1.063936,1.153078
1.068431,1.144375
1.073047,1.135673
1.077785,1.126970
1.082647,1.118268
1.087637,1.109565
1.092757,1.100863
1.098009,1.092160
1.149372,1.083458
1.132025,1.074755
1.114589,1.066053
1.120399,1.057350
1.126356,1.048648
1.132464,1.039945
1.138726,1.031243
1.145145,1.022541
1.151725,1.013838
1.158469,1.005136
1.165383,0.996433
1.172469,0.987731
1.179732,0.979028
1.187177,0.970326
1.194808,0.961623
1.202630,0.952921
1.210648,0.944218
1.218867,0.935516
1.227292,0.926813
1.235930,0.918111
1.244785,0.909408
1.253864,0.900706
1.263174,0.892003
1.272721,0.883301
1.282511,0.874598
1.292552,0.865896
1.302852,0.857194
1.313418,0.848491
1.379436,0.839789
1.363203,0.831086
1.346798,0.822384
1.356777,0.813681
1.345105,0.804979
1.333733,0.796276
1.322652,0.787574
1.311852,0.778871
1.301325,0.770169
1.291064,0.761466
1.281060,0.752764
1.271306,0.744061
1.261794,0.735359
1.252519,0.726656
1.243473,0.717954
1.234650,0.709251
1.226044,0.700549
1.217649,0.691847
1.209460,0.683144
1.201471,0.674442
1.193678,0.665739
1.186074,0.657037
1.178656,0.648334
1.171419,0.639632
1.164358,0.630929
1.157470,0.622227
1.150750,0.613524
1.144194,0.604822
1.137798,0.596119
1.131559,0.587417
1.125474,0.578714
1.119538,0.570012
1.113749,0.561309
1.108104,0.552607
1.102598,0.543905
1.097231,0.535202
1.091998,0.526500
1.086898,0.517797
1.081927,0.509095
1.077082,0.500392
1.072363,0.491690
1.067765,0.482987
1.063287,0.474285
1.058927,0.465582
1.054683,0.456880
1.050552,0.448177
1.046533,0.439475
1.042623,0.430772
1.038821,0.422070
1.035126,0.413367
1.031535,0.404665
1.028047,0.395962
1.024660,0.387260
1.021373,0.378558
1.018184,0.369855
1.015092,0.361153
1.012096,0.352450
1.009194,0.343748
1.006385,0.335045
1.003668,0.326343
1.001041,0.317640
0.998505,0.308938
0.996056,0.300235
0.993695,0.291533
0.991420,0.282830
0.989232,0.274128
0.987127,0.265425
0.985107,0.256723
0.983169,0.248020
0.981314,0.239318
0.979540,0.230615
0.977847,0.221913
0.976233,0.213211
0.974700,0.204508
0.973245,0.195806
0.971868,0.187103
0.970569,0.178401
0.969348,0.169698
0.968202,0.160996
0.967134,0.152293
0.966141,0.143591
0.965223,0.134888
0.964381,0.126186
0.963613,0.117483
0.962920,0.108781
0.962301,0.100078
0.961757,0.091376
0.961285,0.082673
0.960888,0.073971
0.960564,0.065269
0.960313,0.056566
0.960136,0.047864
0.960031,0.039161
0.960000,0.030459
0.960042,0.021756
0.960157,0.013054
0.960345,0.004351
0.960607,-0.004351
0.960942,-0.013054
0.961350,-0.021756
0.961832,-0.030459
0.962387,-0.039161
0.963017,-0.047864
0.963721,-0.056566
0.964500,-0.065269
0.965353,-0.073971
0.966282,-0.082674
0.967286,-0.091376
0.968366,-0.100078
0.969522,-0.108781
0.970755,-0.117483
0.972065,-0.126186
0.973453,-0.134888
0.974920,-0.143591
0.976465,-0.152293
0.978090,-0.160996
0.979795,-0.169698
0.981581,-0.178401
0.983448,-0.187103
0.985398,-0.195806
0.987430,-0.204508
0.989547,-0.213211
0.991749,-0.221913
0.994036,-0.230616
0.996410,-0.239318
0.998871,-0.248021
0.991947,-0.256723
0.994562,-0.265425
0.997267,-0.274128
1.000063,-0.282830
1.002951,-0.291533
1.005933,-0.300235
1.009009,-0.308938
1.012182,-0.317640
1.015452,-0.326343
1.018822,-0.335045
1.022292,-0.343748
1.025864,-0.352450
1.029539,-0.361153
1.033321,-0.369855
1.037209,-0.378558
1.041206,-0.387260
1.045315,-0.395963
1.049536,-0.404665
1.053871,-0.413367
1.058324,-0.422070
1.062896,-0.430772
1.067589,-0.439475
1.072405,-0.448177
1.077348,-0.456880
1.082420,-0.465582
1.087622,-0.474285
1.092959,-0.482987
1.098432,-0.491690
1.104044,-0.500392
1.109800,-0.509095
1.115701,-0.517797
1.121751,-0.526500
1.127953,-0.535202
1.134311,-0.543905
1.140829,-0.552607
1.147510,-0.561310
1.154358,-0.570012
1.161377,-0.578714
1.168572,-0.587417
1.175946,-0.596119
1.183505,-0.604822
1.191253,-0.613524
1.199195,-0.622227
1.207336,-0.630929
1.215682,-0.639632
1.224238,-0.648334
1.233009,-0.657037
1.242003,-0.665739
1.251224,-0.674442
1.260680,-0.683144
1.270378,-0.691847
1.280324,-0.700549
1.290527,-0.709252
1.300993,-0.717954
1.311731,-0.726657
1.322749,-0.735359
1.334057,-0.744061
1.344794,-0.752764
1.344858,-0.761466
1.345230,-0.770169
1.373464,-0.778871
1.374228,-0.787574
1.402419,-0.796276
1.403603,-0.804979
1.408629,-0.813681
1.437459,-0.822384
1.439939,-0.831086
1.468858,-0.839789
1.471842,-0.848491
1.500906,-0.857194
1.504432,-0.865896
1.540844,-0.874599
1.545494,-0.883301
1.575573,-0.892003
1.580866,-0.900706
1.611289,-0.909408
1.617277,-0.918111
1.648115,-0.926813
1.654857,-0.935516
1.673757,-0.944218
1.706042,-0.952921
1.738565,-0.961623
1.747649,-0.970326
1.780859,-0.979028
1.814387,-0.987731
1.824938,-0.996433
1.859311,-1.005136
1.887966,-1.013838
1.924034,-1.022541
1.937737,-1.031243
1.974942,-1.039946
2.012717,-1.048648
2.051106,-1.057350
2.067718,-1.066053
2.107576,-1.074755
2.148194,-1.083458
2.189628,-1.092160
2.235203,-1.100863
2.279535,-1.109565
2.324909,-1.118268
2.371402,-1.126970
2.419097,-1.135673
2.468084,-1.144375
2.518461,-1.153078
2.570332,-1.161780
2.623813,-1.170483
2.700378,-1.179185
2.752145,-1.187888
2.834053,-1.196590
2.896952,-1.205293
2.983396,-1.213995
3.051368,-1.222697
3.143216,-1.231400
3.238124,-1.240102
3.315536,-1.248805
3.417552,-1.257507
3.544391,-1.266210
3.654928,-1.274912
3.767909,-1.283615
3.912570,-1.292317
4.042953,-1.301020
4.200990,-1.309722
4.366951,-1.318425
4.562304,-1.327127
4.747322,-1.335830
4.943903,-1.344532
5.194406,-1.353235
5.439736,-1.361937
5.743266,-1.370639
6.053951,-1.379342
6.430150,-1.388044
6.815876,-1.396747
7.277762,-1.405449
7.783144,-1.414152
