scan.pos:6.362057,2.485420,2.1184351.358702,1.562094
1.235046,1.553391
1.228682,1.544689
1.153278,1.535986
1.147569,1.527284
1.096322,1.518581
1.091112,1.509879
1.086034,1.501177
1.036040,1.492474
1.031418,1.483772
1.026915,1.475069
1.022529,1.466367
0.996121,1.457664
0.992053,1.448962
0.988092,1.440259
0.984237,1.431557
0.936910,1.422854
0.933424,1.414152
0.930035,1.405449
0.926741,1.396747
0.923540,1.388044
0.920431,1.379342
0.917412,1.370639
0.914483,1.361937
0.911641,1.353234
0.908886,1.344532
0.906217,1.335830
0.903631,1.327127
0.901129,1.318425
0.898709,1.309722
0.896370,1.301020
0.894111,1.292317
0.891931,1.283615
0.889829,1.274912
0.887805,1.266210
0.885857,1.257507
0.883985,1.248805
0.882188,1.240102
0.880465,1.231400
0.878815,1.222697
0.877239,1.213995
0.875734,1.205292
0.874301,1.196590
0.872940,1.187888
0.871648,1.179185
0.870427,1.170483
0.869275,1.161780
0.868193,1.153078
0.867179,1.144375
0.866233,1.135673
0.865355,1.126970
0.864545,1.118268
0.863802,1.109565
0.863125,1.100863
0.862516,1.092160
0.861973,1.083458
0.861496,1.074755
0.901136,1.066053
0.900775,1.057350
0.900483,1.048648
0.900260,1.039945
0.900106,1.031243
0.900020,1.022541
0.900002,1.013838
0.900053,1.005136
0.920177,0.996433
0.920369,0.987731
0.960659,0.979028
0.961007,0.970326
0.961427,0.961623
0.961922,0.952921
0.962490,0.944218
1.003263,0.935516
1.004010,0.926813
1.004834,0.918111
1.005737,0.909408
1.067121,0.900706
1.068244,0.892003
1.190520,0.883301
1.191958,0.874598
1.254176,0.865896
1.336910,0.857194
1.338837,0.848491
1.361188,0.839789
1.363364,0.831086
1.365651,0.822384
1.429307,0.813681
1.534212,0.804979
1.598638,0.796276
1.683975,0.787574
1.749208,0.778871
1.752982,0.770169
1.798246,0.761466
1.823135,0.752764
1.827515,0.744061
1.936149,0.735359
2.003736,0.726656
2.009047,0.717954
2.119464,0.709251
2.146480,0.700549
2.194921,0.691847
2.243814,0.683144
5.225529,0.674442
5.242038,0.665739
5.259053,0.657037
5.276583,0.648334
5.294633,0.639632
5.313215,0.630929
5.332334,0.622227
5.352001,0.613524
5.372223,0.604822
5.393012,0.596119
5.458377,0.587417
5.524684,0.578714
5.547596,0.570012
5.571125,0.561309
5.617654,0.552607
5.642551,0.543905
5.668103,0.535202
5.694323,0.526500
5.721224,0.517797
5.748821,0.509095
5.777127,0.500392
5.806158,0.491690
5.813551,0.482987
5.866455,0.474285
5.874267,0.465582
5.882613,0.456880
5.891501,0.448177
5.924821,0.439475
5.958976,0.430772
5.993987,0.422070
6.029873,0.413367
6.140013,0.404665
7.753936,0.230615
7.687430,0.221913
7.622632,0.213211
7.559487,0.204508
7.497946,0.195806
7.437961,0.187103
7.379486,0.178401
7.322476,0.169698
7.266890,0.160996
7.212686,0.152293
7.159826,0.143591
7.108273,0.134888
7.057990,0.126186
7.008944,0.117483
6.961101,0.108781
6.914429,0.100078
6.868899,0.091376
6.824481,0.082673
6.781147,0.073971
6.738870,0.065269
6.697624,0.056566
6.657383,0.047864
6.618124,0.039161
6.579823,0.030459
6.542459,0.021756
6.506009,0.013054
6.470453,0.004351
6.435771,-0.004351
6.401944,-0.013054
6.368953,-0.021756
6.336781,-0.030459
6.305409,-0.039161
6.274822,-0.047864
6.245004,-0.056566
6.215939,-0.065269
6.187612,-0.073971
6.160009,-0.082674
6.133117,-0.091376
6.106921,-0.100078
6.081409,-0.108781
6.056569,-0.117483
6.032388,-0.126186
6.008856,-0.134888
5.985960,-0.143591
5.963691,-0.152293
5.942038,-0.160996
5.920990,-0.169698
5.900539,-0.178401
5.880675,-0.187103
5.861389,-0.195806
5.842673,-0.204508
5.824518,-0.213211
5.806916,-0.221913
5.789860,-0.230616
5.773343,-0.239318
5.757356,-0.248021
5.741894,-0.256723
5.726949,-0.265425
5.712516,-0.274128
5.698589,-0.282830
5.685161,-0.291533
5.672227,-0.300235
5.659782,-0.308938
5.647821,-0.317640
5.636338,-0.326343
5.625330,-0.335045
5.614791,-0.343748
5.604718,-0.352450
5.595106,-0.361153
5.585951,-0.369855
5.577251,-0.378558
5.569001,-0.387260
5.561198,-0.395963
5.553840,-0.404665
5.546923,-0.413367
5.540444,-0.422070
5.534402,-0.430772
5.528793,-0.439475
5.523616,-0.448177
5.518868,-0.456880
5.514548,-0.465582
5.510654,-0.474285
5.507185,-0.482987
5.504139,-0.491690
5.501516,-0.500392
5.499313,-0.509095
5.497531,-0.517797
5.496168,-0.526500
5.495224,-0.535202
5.494699,-0.543905
5.494592,-0.552607
5.494904,-0.561310
5.495635,-0.570012
5.496784,-0.578714
5.498353,-0.587417
5.500341,-0.596119
5.502750,-0.604822
5.505580,-0.613524
5.508834,-0.622227
5.512511,-0.630929
5.516613,-0.639632
5.521143,-0.648334
5.526101,-0.657037
5.531489,-0.665739
5.537311,-0.674442
5.543567,-0.683144
5.550260,-0.691847
5.557393,-0.700549
5.564969,-0.709252
5.572991,-0.717954
5.581461,-0.726657
5.590384,-0.735359
5.599762,-0.744061
5.609600,-0.752764
5.619901,-0.761466
5.630670,-0.770169
5.641910,-0.778871
5.653626,-0.787574
5.665824,-0.796276
5.685742,-0.804979
5.693978,-0.813681
5.708839,-0.822384
5.732959,-0.831086
5.633087,-0.839789
5.466197,-0.848491
5.305401,-0.857194
5.170042,-0.865896
5.042903,-0.874599
4.899292,-0.883301
4.785249,-0.892003
4.672662,-0.900706
4.563683,-0.909408
4.466859,-0.918111
4.365739,-0.926813
4.267424,-0.935516
4.184713,-0.944218
4.092710,-0.952921
4.018478,-0.961623
3.931936,-0.970326
3.869252,-0.979028
3.783453,-0.987731
3.725410,-0.996433
3.646739,-1.005136
3.591908,-1.013838
3.539381,-1.022541
3.467636,-1.031243
3.418534,-1.039946
3.370604,-1.048648
3.305579,-1.057350
3.260542,-1.066053
3.199740,-1.074755
3.157284,-1.083458
3.115670,-1.092160
3.060193,-1.100863
3.020781,-1.109565
2.992454,-1.118268
2.955151,-1.126970
2.906352,-1.135673
2.870831,-1.144375
2.835835,-1.153078
2.791022,-1.161780
2.757559,-1.170483
2.740114,-1.179185
2.708192,-1.187888
2.668581,-1.196590
2.637913,-1.205293
2.600582,-1.213995
2.571045,-1.222697
2.561632,-1.231400
2.533300,-1.240102
2.500307,-1.248805
2.472904,-1.257507
2.441817,-1.266210
2.415252,-1.274912
2.385969,-1.283615
2.384982,-1.292317
2.359988,-1.301020
2.333717,-1.309722
2.309372,-1.318425
2.285080,-1.327127
2.283237,-1.335830
2.263654,-1.344532
2.244573,-1.353235
2.225979,-1.361937
2.207858,-1.370639
2.190195,-1.379342
2.172976,-1.388044
2.156189,-1.396747
2.139821,-1.405449
2.123860,-1.414152
2.108294,-1.422854
2.093114,-1.431557
2.078308,-1.440259
2.063865,-1.448962
2.049778,-1.457664
2.036035,-1.466367
2.022628,-1.475069
2.009548,-1.483772
1.996788,-1.492474
1.984339,-1.501177
1.972194,-1.509879
1.960344,-1.518582
1.948784,-1.527284
1.937506,-1.535986
1.926504,-1.544689
1.915771,-1.553391
1.905301,-1.562094
1.895088,-1.570796
