scan.pos:3.680378,6.953368,-2.9147504.098363,1.562094
4.069795,1.553391
4.021199,1.544689
4.013908,1.535986
3.966201,1.527284
3.939296,1.518581
3.892470,1.509879
3.866361,1.501177
3.820374,1.492474
3.774803,1.483772
3.770032,1.475069
3.745386,1.466367
3.741232,1.457664
3.737371,1.448962
3.733803,1.440259
3.730525,1.431557
3.727536,1.422854
3.724836,1.414152
3.722423,1.405449
3.740333,1.396747
3.738482,1.388044
3.736917,1.379342
3.735637,1.370639
3.734643,1.361937
3.773940,1.353234
3.773510,1.344532
3.813368,1.335830
3.833516,1.327127
3.873962,1.318425
4.034756,1.309722
4.035834,1.301020
4.157334,1.292317
4.199134,1.283615
4.221255,1.274912
4.263770,1.266210
4.366847,1.257507
4.430246,1.248805
4.534265,1.240102
4.598584,1.231400
4.804278,1.222697
4.889846,1.213995
4.996144,1.205292
5.082870,1.196590
5.149974,1.187888
5.217647,1.179185
5.225070,1.170483
5.293840,1.161780
5.302203,1.153078
5.351746,1.144375
5.361046,1.135673
5.370789,1.126970
5.380978,1.118268
5.391616,1.109565
5.402709,1.100863
5.414261,1.092160
5.384960,1.083458
5.397348,1.074755
5.410208,1.066053
5.423542,1.057350
5.437357,1.048648
5.451660,1.039945
5.466455,1.031243
5.481749,1.022541
5.497549,1.013838
5.513861,1.005136
5.530693,0.996433
5.548052,0.987731
5.565945,0.979028
5.584381,0.970326
5.603367,0.961623
5.622913,0.952921
5.621378,0.944218
5.641990,0.935516
5.663186,0.926813
5.684977,0.918111
5.707372,0.909408
5.730382,0.900706
5.754019,0.892003
5.778293,0.883301
5.803217,0.874598
5.828803,0.865896
5.832514,0.857194
5.836706,0.848491
5.864142,0.839789
5.892289,0.831086
5.921159,0.822384
5.950769,0.813681
5.981135,0.804979
6.012273,0.796276
6.044199,0.787574
6.076931,0.778871
6.110487,0.770169
6.144887,0.761466
6.180150,0.752764
6.264546,0.744061
6.398960,0.735359
6.437820,0.726656
6.477652,0.717954
6.518479,0.709251
3.763593,0.700549
3.712840,0.691847
3.671512,0.683144
3.630834,0.674442
3.584200,0.665739
3.545242,0.657037
3.501307,0.648334
3.463919,0.639632
3.427009,0.630929
3.386565,0.622227
3.351029,0.613524
3.339823,0.604822
3.305755,0.596119
3.272029,0.587417
3.216931,0.578714
3.205507,0.570012
3.200704,0.561309
3.224921,0.552607
3.197005,0.543905
3.169944,0.535202
3.143575,0.526500
3.145222,0.517797
3.147080,0.509095
3.122235,0.500392
3.098013,0.491690
3.074396,0.482987
3.051368,0.474285
3.055017,0.465582
3.032927,0.456880
3.011381,0.448177
2.990365,0.439475
2.969865,0.430772
2.949868,0.422070
2.930360,0.413367
2.911328,0.404665
2.892760,0.395962
2.874646,0.387260
2.856973,0.378558
2.828226,0.369855
2.822910,0.361153
2.806499,0.352450
2.790489,0.343748
2.774871,0.335045
2.759636,0.326343
2.744775,0.317640
2.706949,0.308938
2.692932,0.300235
2.633077,0.291533
2.619978,0.282830
2.607207,0.274128
2.594755,0.265425
2.582618,0.256723
2.570789,0.248020
2.559262,0.239318
2.548031,0.230615
2.537091,0.221913
2.526435,0.213211
2.516059,0.204508
2.505959,0.195806
2.539913,0.187103
2.530180,0.178401
2.520713,0.169698
2.533154,0.160996
2.524127,0.152293
2.558347,0.143591
2.549680,0.134888
2.541266,0.126186
2.575665,0.117483
2.631259,0.108781
2.623253,0.100078
2.657674,0.091376
2.725802,0.082673
2.768469,0.073971
2.758219,0.065269
2.756782,0.056566
2.820857,0.047864
2.804958,0.039161
2.875624,0.030459
2.947248,0.021756
3.008066,0.013054
3.053156,0.004351
3.058738,-0.004351
3.170861,-0.013054
3.176963,-0.021756
3.232131,-0.030459
3.377951,-0.039161
3.437914,-0.047864
3.715263,-0.056566
3.902652,-0.065269
4.126792,-0.073971
4.246996,-0.082674
7.388461,-0.143591
7.162429,-0.152293
7.097642,-0.160996
7.033475,-0.169698
6.969911,-0.178401
6.926955,-0.187103
6.924584,-0.195806
6.922741,-0.204508
6.921426,-0.213211
6.920638,-0.221913
6.880378,-0.230616
6.820640,-0.239318
6.801419,-0.248021
6.762704,-0.256723
6.764510,-0.265425
6.766833,-0.274128
6.769673,-0.282830
6.773031,-0.291533
6.776909,-0.300235
6.781309,-0.308938
6.786231,-0.317640
6.791678,-0.326343
6.797651,-0.335045
6.804154,-0.343748
6.817890,-0.352450
6.819999,-0.361153
6.828104,-0.369855
6.880861,-0.378558
6.521691,-0.387260
6.147285,-0.395963
5.855159,-0.404665
5.601789,-0.413367
5.341059,-0.422070
5.122081,-0.430772
4.894348,-0.439475
4.697277,-0.448177
4.543510,-0.456880
4.366955,-0.465582
4.217887,-0.474285
4.054378,-0.482987
3.943316,-0.491690
3.813666,-0.500392
3.688373,-0.509095
3.587871,-0.517797
3.491034,-0.526500
3.372974,-0.535202
3.305447,-0.543905
3.219631,-0.552607
3.115117,-0.561310
3.058899,-0.570012
2.981480,-0.578714
2.905884,-0.587417
2.831959,-0.596119
2.769495,-0.604822
2.721490,-0.613524
2.653238,-0.622227
2.607857,-0.630929
2.557155,-0.639632
2.493374,-0.648334
2.452418,-0.657037
2.412408,-0.665739
2.371149,-0.674442
2.311616,-0.683144
2.274983,-0.691847
2.239042,-0.700549
2.205534,-0.709252
2.171761,-0.717954
2.138530,-0.726657
2.110290,-0.735359
2.078895,-0.744061
2.024825,-0.752764
1.994122,-0.761466
1.971616,-0.770169
1.942405,-0.778871
1.913486,-0.787574
1.895044,-0.796276
1.867408,-0.804979
1.839985,-0.813681
1.825242,-0.822384
1.798927,-0.831086
1.772759,-0.839789
1.746719,-0.848491
1.736210,-0.857194
1.711092,-0.865896
1.686047,-0.874599
1.678626,-0.883301
1.654385,-0.892003
1.630167,-0.900706
1.625649,-0.909408
1.602135,-0.918111
1.573594,-0.926813
1.576835,-0.935516
1.553915,-0.944218
1.527455,-0.952921
1.531809,-0.961623
1.506894,-0.970326
1.484848,-0.979028
1.490257,-0.987731
1.467206,-0.996433
1.445495,-1.005136
1.451804,-1.013838
1.439300,-1.022541
1.427117,-1.031243
1.415246,-1.039946
1.403676,-1.048648
1.392399,-1.057350
1.381407,-1.066053
1.370690,-1.074755
1.360241,-1.083458
1.350052,-1.092160
1.340116,-1.100863
1.330426,-1.109565
1.320974,-1.118268
1.311756,-1.126970
1.302763,-1.135673
1.293991,-1.144375
1.285434,-1.153078
1.277085,-1.161780
1.268940,-1.170483
1.260994,-1.179185
1.253242,-1.187888
1.245679,-1.196590
1.238300,-1.205293
1.247132,-1.213995
1.240017,-1.222697
1.233077,-1.231400
1.226307,-1.240102
1.219703,-1.248805
1.213262,-1.257507
1.206980,-1.266210
1.200854,-1.274912
1.194880,-1.283615
1.189055,-1.292317
1.183377,-1.301020
1.177841,-1.309722
1.172447,-1.318425
1.167189,-1.327127
1.162067,-1.335830
1.157078,-1.344532
1.152218,-1.353235
1.147486,-1.361937
1.142880,-1.370639
1.138396,-1.379342
1.134034,-1.388044
1.129791,-1.396747
1.125664,-1.405449
1.121653,-1.414152
1.117756,-1.422854
1.113969,-1.431557
1.110293,-1.440259
1.106725,-1.448962
1.103263,-1.457664
1.099907,-1.466367
1.096654,-1.475069
1.093503,-1.483772
1.090453,-1.492474
1.087503,-1.501177
1.084651,-1.509879
1.081896,-1.518582
1.079237,-1.527284
1.076673,-1.535986
1.074202,-1.544689
1.071825,-1.553391
1.069539,-1.562094
1.067344,-1.570796
