scan.pos:-3.492121,5.525632,-2.6147505.022389,1.562094
5.141422,1.553391
5.215462,1.544689
5.290868,1.535986
5.345039,1.527284
5.446143,1.518581
5.492380,1.509879
5.630417,1.501177
5.714019,1.492474
1.176230,1.483772
1.171359,1.475069
1.122592,1.466367
1.096225,1.457664
1.091987,1.448962
1.044349,1.440259
1.040500,1.431557
1.036758,1.422854
1.033120,1.414152
1.029587,1.405449
0.983398,1.396747
0.980206,1.388044
0.977108,1.379342
0.974104,1.370639
0.971192,1.361937
0.968371,1.353234
0.965640,1.344532
0.962997,1.335830
0.960441,1.327127
0.957972,1.318425
0.955588,1.309722
0.953288,1.301020
0.951071,1.292317
0.948937,1.283615
0.946884,1.274912
0.944912,1.266210
0.943020,1.257507
0.941207,1.248805
0.939473,1.240102
0.937816,1.231400
0.936236,1.222697
0.934732,1.213995
0.933304,1.205292
0.931952,1.196590
0.930674,1.187888
0.929470,1.179185
0.928340,1.170483
0.927283,1.161780
0.926299,1.153078
0.925388,1.144375
0.924549,1.135673
0.923781,1.126970
0.923085,1.118268
0.922461,1.109565
0.921907,1.100863
0.921424,1.092160
0.921012,1.083458
0.920670,1.074755
0.920398,1.066053
0.920197,1.057350
0.920066,1.048648
0.920005,1.039945
0.920014,1.031243
0.920093,1.022541
0.920242,1.013838
0.920461,1.005136
0.920751,0.996433
0.921111,0.987731
0.921541,0.979028
0.922042,0.970326
0.922614,0.961623
0.923257,0.952921
0.923971,0.944218
0.924757,0.935516
0.925615,0.926813
0.926545,0.918111
0.927547,0.909408
0.928623,0.900706
0.929772,0.892003
0.930995,0.883301
0.932292,0.874598
0.933663,0.865896
0.935111,0.857194
0.936634,0.848491
0.938233,0.839789
0.939910,0.831086
0.941665,0.822384
0.943498,0.813681
0.945411,0.804979
0.947403,0.796276
0.949477,0.787574
0.951632,0.778871
0.953870,0.770169
0.997765,0.761466
1.000275,0.752764
1.002875,0.744061
1.005565,0.735359
1.008346,0.726656
1.011220,0.717954
1.014188,0.709251
1.017252,0.700549
1.020411,0.691847
1.023669,0.683144
1.027026,0.674442
1.073420,0.665739
1.077129,0.657037
1.080945,0.648334
1.084872,0.639632
1.088911,0.630929
1.093063,0.622227
1.097331,0.613524
1.123752,0.604822
1.128347,0.596119
1.133067,0.587417
1.137914,0.578714
1.142890,0.570012
1.147997,0.561309
1.153238,0.552607
1.158617,0.543905
1.164134,0.535202
1.169794,0.526500
1.175599,0.517797
1.181552,0.509095
1.187657,0.500392
1.193917,0.491690
1.200335,0.482987
1.206915,0.474285
1.213660,0.465582
1.220575,0.456880
1.227663,0.448177
1.234928,0.439475
1.291095,0.430772
1.299028,0.422070
1.307158,0.413367
1.315492,0.404665
1.324034,0.395962
1.332790,0.387260
1.341766,0.378558
1.350967,0.369855
1.360399,0.361153
1.370069,0.352450
1.379983,0.343748
1.390148,0.335045
1.400572,0.326343
1.411261,0.317640
1.422224,0.308938
1.441085,0.300235
1.452681,0.291533
1.464578,0.282830
1.476784,0.274128
1.489311,0.265425
1.502166,0.256723
1.528915,0.248020
1.547703,0.239318
1.568649,0.230615
1.562235,0.221913
1.584362,0.213211
1.607391,0.204508
1.601265,0.195806
1.629649,0.187103
1.655697,0.178401
1.651730,0.169698
1.690098,0.160996
5.815864,0.152293
5.775002,0.143591
5.735145,0.134888
5.696265,0.126186
5.658337,0.117483
5.621335,0.108781
5.585237,0.100078
5.550020,0.091376
5.515661,0.082673
5.482140,0.073971
5.449436,0.065269
5.417531,0.056566
5.386405,0.047864
5.356039,0.039161
5.326418,0.030459
5.297523,0.021756
5.269340,0.013054
5.241852,0.004351
5.215044,-0.004351
5.188902,-0.013054
5.163413,-0.021756
5.138562,-0.030459
5.114336,-0.039161
5.090724,-0.047864
5.067713,-0.056566
5.045292,-0.065269
5.023449,-0.073971
5.002173,-0.082674
4.981455,-0.091376
4.961284,-0.100078
4.941650,-0.108781
4.922545,-0.117483
4.903959,-0.126186
4.885883,-0.134888
4.868310,-0.143591
4.851230,-0.152293
4.834637,-0.160996
4.818523,-0.169698
4.802880,-0.178401
4.787702,-0.187103
4.772982,-0.195806
4.758713,-0.204508
4.744890,-0.213211
4.731506,-0.221913
4.718556,-0.230616
4.706034,-0.239318
4.693934,-0.248021
4.682253,-0.256723
4.670984,-0.265425
4.660123,-0.274128
4.649666,-0.282830
4.639608,-0.291533
4.629946,-0.300235
4.620675,-0.308938
4.611792,-0.317640
4.603292,-0.326343
4.595173,-0.335045
4.587431,-0.343748
4.580064,-0.352450
4.573068,-0.361153
4.566440,-0.369855
4.560178,-0.378558
4.554280,-0.387260
4.548743,-0.395963
4.543566,-0.404665
4.538745,-0.413367
4.534279,-0.422070
4.530167,-0.430772
4.526406,-0.439475
4.522996,-0.448177
4.519936,-0.456880
4.517222,-0.465582
4.514856,-0.474285
4.512836,-0.482987
4.511161,-0.491690
4.509830,-0.500392
4.508844,-0.509095
4.508202,-0.517797
4.507902,-0.526500
4.507946,-0.535202
4.508334,-0.543905
4.509065,-0.552607
4.510139,-0.561310
4.511558,-0.570012
4.513321,-0.578714
4.515430,-0.587417
4.517885,-0.596119
4.520688,-0.604822
4.523838,-0.613524
4.527338,-0.622227
4.531188,-0.630929
4.535391,-0.639632
4.539948,-0.648334
4.544860,-0.657037
4.550129,-0.665739
4.555759,-0.674442
4.561750,-0.683144
4.568105,-0.691847
4.574827,-0.700549
4.581918,-0.709252
4.589382,-0.717954
4.597219,-0.726657
4.605436,-0.735359
4.614034,-0.744061
4.623016,-0.752764
4.632388,-0.761466
4.642151,-0.770169
4.652311,-0.778871
4.662871,-0.787574
4.673836,-0.796276
4.685210,-0.804979
4.696999,-0.813681
4.709206,-0.822384
4.721838,-0.831086
4.734899,-0.839789
4.748394,-0.848491
4.762331,-0.857194
4.776715,-0.865896
4.791552,-0.874599
2.276508,-0.883301
2.212642,-0.892003
2.170311,-0.900706
2.106614,-0.909408
2.076713,-0.918111
2.014382,-0.926813
1.973720,-0.935516
1.933085,-0.944218
1.914403,-0.952921
1.870261,-0.961623
1.830735,-0.970326
1.813346,-0.979028
1.773737,-0.987731
1.734015,-0.996433
1.718109,-1.005136
1.679144,-1.013838
1.662717,-1.022541
1.623486,-1.031243
1.606984,-1.039946
1.573313,-1.048648
1.557534,-1.057350
1.541729,-1.066053
1.502484,-1.074755
1.486486,-1.083458
1.490895,-1.092160
1.451633,-1.100863
1.435970,-1.109565
1.420237,-1.118268
1.404428,-1.126970
1.388536,-1.135673
1.372558,-1.144375
1.356485,-1.153078
1.340313,-1.161780
1.324034,-1.170483
1.307643,-1.179185
1.291133,-1.187888
1.274497,-1.196590
1.257727,-1.205293
1.240817,-1.213995
1.223758,-1.222697
1.232773,-1.231400
1.215591,-1.240102
1.198241,-1.248805
1.180714,-1.257507
1.163003,-1.266210
1.172361,-1.274912
1.154475,-1.283615
1.136380,-1.292317
1.118067,-1.301020
1.127719,-1.309722
1.125219,-1.318425
1.115632,-1.327127
1.106290,-1.335830
1.097187,-1.344532
1.088314,-1.353235
1.079665,-1.361937
1.071234,-1.370639
1.063014,-1.379342
1.054998,-1.388044
1.047182,-1.396747
1.039559,-1.405449
1.032124,-1.414152
1.024873,-1.422854
1.017799,-1.431557
1.010900,-1.440259
1.004168,-1.448962
0.997602,-1.457664
0.991196,-1.466367
0.984946,-1.475069
0.978848,-1.483772
0.972899,-1.492474
0.967095,-1.501177
0.961433,-1.509879
0.955909,-1.518582
0.950521,-1.527284
0.945264,-1.535986
0.940136,-1.544689
0.935134,-1.553391
0.930256,-1.562094
0.925499,-1.570796
