scan.pos:0.392187,7.226711,-2.8147501.020748,1.562094
1.017776,1.553391
1.014898,1.544689
1.012114,1.535986
1.002414,1.527284
0.999830,1.518581
0.997335,1.509879
0.994928,1.501177
0.992608,1.492474
0.990374,1.483772
0.988225,1.475069
0.986161,1.466367
0.984179,1.457664
0.982281,1.448962
0.939611,1.440259
0.937948,1.431557
0.936362,1.422854
0.934852,1.414152
0.933418,1.405449
0.932059,1.396747
0.930775,1.388044
0.929566,1.379342
0.928430,1.370639
0.927367,1.361937
0.926377,1.353234
0.925460,1.344532
0.924615,1.335830
0.923841,1.327127
0.923140,1.318425
0.922509,1.309722
0.921950,1.301020
0.921461,1.292317
0.921043,1.283615
0.920695,1.274912
0.920418,1.266210
0.920211,1.257507
0.920074,1.248805
0.920007,1.240102
0.920010,1.231400
0.920084,1.222697
0.920227,1.213995
0.920441,1.205292
0.920725,1.196590
0.921079,1.187888
0.921503,1.179185
0.921999,1.170483
0.922565,1.161780
0.923202,1.153078
0.923910,1.144375
0.924690,1.135673
0.925542,1.126970
0.926466,1.118268
0.927463,1.109565
0.928532,1.100863
0.929675,1.092160
0.930892,1.083458
0.932183,1.074755
0.933548,1.066053
0.934990,1.057350
0.936506,1.048648
0.938100,1.039945
0.939770,1.031243
0.941519,1.022541
0.943345,1.013838
0.945251,1.005136
0.947237,0.996433
0.949304,0.987731
0.951453,0.979028
0.953684,0.970326
0.955998,0.961623
0.958397,0.952921
0.960882,0.944218
0.963452,0.935516
0.966111,0.926813
0.968858,0.918111
0.971695,0.909408
0.974623,0.900706
0.977643,0.892003
0.980757,0.883301
0.983967,0.874598
0.987272,0.865896
0.990676,0.857194
0.994179,0.848491
0.997784,0.839789
1.001491,0.831086
1.005302,0.822384
1.009220,0.813681
1.013246,0.804979
1.017382,0.796276
1.021630,0.787574
1.033476,0.778871
1.037987,0.770169
1.042617,0.761466
1.047369,0.752764
1.052245,0.744061
1.057248,0.735359
1.062379,0.726656
1.067643,0.717954
1.073040,0.709251
1.078576,0.700549
1.084251,0.691847
1.090070,0.683144
1.096036,0.674442
1.102152,0.665739
1.108422,0.657037
1.114848,0.648334
1.121436,0.639632
1.128188,0.630929
1.135109,0.622227
1.142203,0.613524
1.149474,0.604822
1.156927,0.596119
1.164567,0.587417
1.172397,0.578714
1.180425,0.570012
1.188654,0.561309
1.197091,0.552607
1.205741,0.543905
1.214610,0.535202
1.223704,0.526500
1.233030,0.517797
1.242595,0.509095
1.252405,0.500392
1.262469,0.491690
1.272793,0.482987
1.283386,0.474285
1.294256,0.465582
1.305412,0.456880
1.310387,0.448177
1.310289,0.439475
1.338167,0.430772
1.340195,0.422070
1.341272,0.413367
1.369669,0.404665
1.374408,0.395962
1.456497,0.387260
1.458532,0.378558
1.491882,0.369855
1.494935,0.361153
1.524170,0.352450
1.502537,0.343748
1.538616,0.335045
1.568805,0.326343
1.573937,0.317640
1.587973,0.308938
1.619288,0.300235
4.474176,0.291533
4.546327,0.282830
4.602451,0.274128
4.660800,0.265425
4.721456,0.256723
4.773189,0.248020
4.839493,0.239318
4.979322,0.230615
5.168115,0.221913
5.233345,0.213211
5.310553,0.204508
5.483465,0.195806
5.566581,0.187103
5.666289,0.178401
5.746037,0.169698
5.880327,0.160996
3.941593,-0.117483
3.913877,-0.126186
3.825388,-0.134888
3.798563,-0.143591
3.751792,-0.152293
3.725745,-0.160996
3.720322,-0.169698
3.674729,-0.178401
3.669952,-0.187103
3.665468,-0.195806
3.661272,-0.204508
3.657364,-0.213211
3.653743,-0.221913
3.650406,-0.230616
3.647353,-0.239318
3.644582,-0.248021
3.601984,-0.256723
3.539672,-0.265425
3.517764,-0.274128
3.516168,-0.282830
3.514841,-0.291533
3.473765,-0.300235
3.472983,-0.308938
3.472467,-0.317640
3.472214,-0.326343
3.472227,-0.335045
3.472504,-0.343748
3.473045,-0.352450
3.473851,-0.361153
3.474922,-0.369855
3.476259,-0.378558
3.477861,-0.387260
3.479731,-0.395963
3.481867,-0.404665
3.484272,-0.413367
3.486945,-0.422070
3.530093,-0.430772
3.493104,-0.439475
3.496592,-0.448177
3.500353,-0.456880
3.504389,-0.465582
3.508703,-0.474285
3.529649,-0.482987
3.534912,-0.491690
3.534544,-0.500392
3.536227,-0.509095
3.544289,-0.517797
3.581780,-0.526500
3.606885,-0.535202
3.495799,-0.543905
3.361561,-0.552607
3.244305,-0.561310
3.131275,-0.570012
3.022001,-0.578714
2.936757,-0.587417
2.820142,-0.596119
2.743215,-0.604822
2.647818,-0.613524
2.575340,-0.622227
2.504797,-0.630929
2.433493,-0.639632
2.368207,-0.648334
2.304279,-0.657037
2.241582,-0.665739
2.201258,-0.674442
2.147007,-0.683144
2.110368,-0.691847
2.053189,-0.700549
1.996716,-0.709252
1.962492,-0.717954
1.920711,-0.726657
1.889101,-0.735359
1.836221,-0.744061
1.805650,-0.752764
1.775579,-0.761466
1.743356,-0.770169
1.715204,-0.778871
1.687416,-0.787574
1.659964,-0.796276
1.611676,-0.804979
1.585642,-0.813681
1.559842,-0.822384
1.534253,-0.831086
1.531784,-0.839789
1.489437,-0.848491
1.465200,-0.857194
1.464360,-0.865896
1.440467,-0.874599
1.425731,-0.883301
1.402784,-0.892003
1.379885,-0.900706
1.357020,-0.909408
1.346317,-0.918111
1.324224,-0.926813
1.302117,-0.935516
1.279984,-0.944218
1.272900,-0.952921
1.251398,-0.961623
1.229828,-0.970326
1.225422,-0.979028
1.204393,-0.987731
1.208735,-0.996433
1.187662,-1.005136
1.160707,-1.013838
1.165918,-1.022541
1.145147,-1.031243
1.146414,-1.039946
1.126026,-1.048648
1.105459,-1.057350
1.109028,-1.066053
1.088786,-1.074755
1.095803,-1.083458
1.074145,-1.092160
1.053966,-1.100863
1.061718,-1.109565
1.060267,-1.118268
1.051220,-1.126970
1.042406,-1.135673
1.033816,-1.144375
1.025444,-1.153078
1.026345,-1.161780
1.018319,-1.170483
1.010493,-1.179185
1.002863,-1.187888
0.995422,-1.196590
0.988166,-1.205293
0.981088,-1.213995
0.974185,-1.222697
0.967452,-1.231400
0.960884,-1.240102
0.954476,-1.248805
0.948226,-1.257507
0.942127,-1.266210
0.936178,-1.274912
0.930374,-1.283615
0.924711,-1.292317
0.919186,-1.301020
0.913796,-1.309722
0.908538,-1.318425
0.903408,-1.327127
0.898404,-1.335830
0.893523,-1.344532
0.888761,-1.353235
0.884118,-1.361937
0.879589,-1.370639
0.875172,-1.379342
0.870866,-1.388044
0.866668,-1.396747
0.862575,-1.405449
0.858585,-1.414152
0.854698,-1.422854
0.850910,-1.431557
0.847219,-1.440259
0.843624,-1.448962
0.840124,-1.457664
0.836716,-1.466367
0.833398,-1.475069
0.830170,-1.483772
0.827029,-1.492474
0.823975,-1.501177
0.821005,-1.509879
0.818119,-1.518582
0.815315,-1.527284
0.812592,-1.535986
0.809948,-1.544689
0.807383,-1.553391
0.804895,-1.562094
0.802483,-1.570796
