scan.pos:-2.062281,6.021169,1.6352505.950074,1.562094
5.946950,1.553391
5.944283,1.544689
5.942070,1.535986
5.940312,1.527284
5.939006,1.518581
5.938153,1.509879
5.937753,1.501177
5.937804,1.492474
5.938308,1.483772
5.939264,1.475069
5.940673,1.466367
5.942536,1.457664
5.944852,1.448962
5.947623,1.440259
5.950851,1.431557
5.954535,1.422854
5.958678,1.414152
3.191400,1.405449
2.932769,1.396747
2.774512,1.388044
2.596019,1.379342
2.316532,1.370639
2.198093,1.361937
2.119962,1.353234
2.021554,1.344532
1.821700,1.335830
1.763489,1.327127
1.725564,1.318425
1.646929,1.309722
1.649740,1.301020
1.652686,1.292317
1.553418,1.283615
1.515419,1.274912
1.497938,1.266210
1.501093,1.257507
1.442456,1.248805
1.445729,1.240102
1.449127,1.231400
1.431866,1.222697
1.435467,1.213995
1.439196,1.205292
1.443055,1.196590
1.426038,1.187888
1.409035,1.179185
1.398492,1.170483
1.385466,1.161780
1.394564,1.153078
1.404608,1.144375
1.380644,1.135673
1.372313,1.126970
1.364600,1.118268
1.357471,1.109565
1.364388,1.100863
1.359625,1.092160
1.355322,1.083458
1.351459,1.074755
1.344415,1.066053
1.364563,1.057350
1.363038,1.048648
1.361354,1.039945
1.361493,1.031243
1.339426,1.022541
1.340061,1.013838
1.344241,1.005136
1.346333,0.996433
1.371619,0.987731
1.380202,0.979028
1.384013,0.970326
1.388063,0.961623
1.392352,0.952921
1.406001,0.944218
1.411550,0.935516
1.417327,0.926813
1.410844,0.918111
1.417700,0.909408
1.448992,0.900706
1.445765,0.892003
1.454035,0.883301
1.462534,0.874598
1.461452,0.865896
1.470940,0.857194
1.480665,0.848491
1.490634,0.839789
1.475365,0.831086
1.459998,0.822384
1.470373,0.813681
1.454976,0.804979
1.465691,0.796276
1.476678,0.787574
1.487946,0.778871
1.472670,0.770169
1.457267,0.761466
1.468990,0.752764
1.453533,0.744061
1.465645,0.735359
1.478073,0.726656
1.490829,0.717954
1.490278,0.709251
1.509388,0.700549
1.500699,0.691847
1.494127,0.683144
1.486588,0.674442
1.506363,0.665739
1.499245,0.657037
1.522810,0.648334
1.543002,0.639632
1.563117,0.630929
1.588491,0.622227
1.609007,0.613524
1.603862,0.604822
1.624491,0.596119
1.652537,0.587417
1.673683,0.578714
1.694840,0.570012
1.716021,0.561309
1.722265,0.552607
1.744258,0.543905
1.766317,0.535202
1.788458,0.526500
1.822707,0.517797
1.893467,0.509095
1.892528,0.500392
1.892011,0.491690
1.906484,0.482987
1.954260,0.474285
1.978749,0.465582
2.003475,0.456880
2.028458,0.448177
2.071813,0.439475
2.098135,0.430772
2.147494,0.422070
2.219600,0.413367
2.223035,0.404665
2.206880,0.395962
2.191598,0.387260
2.177209,0.378558
2.185837,0.369855
2.173211,0.361153
2.166506,0.352450
2.156988,0.343748
2.148542,0.335045
2.141212,0.326343
2.135043,0.317640
2.119622,0.308938
2.117376,0.300235
2.095140,0.291533
2.095819,0.282830
2.098049,0.274128
2.078052,0.265425
2.085498,0.256723
2.073843,0.248020
2.064398,0.239318
2.050456,0.230615
2.045012,0.221913
2.039752,0.213211
2.034673,0.204508
2.029774,0.195806
2.025052,0.187103
2.020506,0.178401
2.016133,0.169698
2.011932,0.160996
2.007901,0.152293
2.004038,0.143591
2.000342,0.134888
1.996812,0.126186
1.993446,0.117483
1.990242,0.108781
1.987200,0.100078
1.984317,0.091376
1.981594,0.082673
1.979029,0.073971
1.976621,0.065269
1.974369,0.056566
1.972272,0.047864
1.970329,0.039161
1.968540,0.030459
1.966904,0.021756
1.965420,0.013054
1.964088,0.004351
1.962907,-0.004351
1.961876,-0.013054
1.960997,-0.021756
1.960266,-0.030459
1.959686,-0.039161
1.959256,-0.047864
1.958974,-0.056566
1.958842,-0.065269
1.958859,-0.073971
1.959025,-0.082674
1.959341,-0.091376
1.959806,-0.100078
1.960420,-0.108781
1.961184,-0.117483
1.962098,-0.126186
1.963163,-0.134888
1.964379,-0.143591
1.965745,-0.152293
1.967264,-0.160996
1.968935,-0.169698
1.970759,-0.178401
1.972737,-0.187103
1.974869,-0.195806
1.977157,-0.204508
1.979601,-0.213211
1.982202,-0.221913
1.984961,-0.230616
1.987880,-0.239318
1.990959,-0.248021
1.994200,-0.256723
1.997604,-0.265425
2.001171,-0.274128
2.004905,-0.282830
2.008806,-0.291533
2.012876,-0.300235
2.017116,-0.308938
2.021528,-0.317640
2.026114,-0.326343
2.030877,-0.335045
2.035817,-0.343748
2.040936,-0.352450
2.046238,-0.361153
2.051725,-0.369855
2.057397,-0.378558
2.063259,-0.387260
2.069313,-0.395963
2.075560,-0.404665
2.082005,-0.413367
2.088649,-0.422070
2.095495,-0.430772
2.102548,-0.439475
2.109809,-0.448177
2.117282,-0.456880
2.124971,-0.465582
2.132879,-0.474285
2.141010,-0.482987
2.149367,-0.491690
2.157955,-0.500392
2.166777,-0.509095
2.175838,-0.517797
2.185142,-0.526500
2.194695,-0.535202
2.204499,-0.543905
2.214561,-0.552607
2.224885,-0.561310
2.235478,-0.570012
2.246343,-0.578714
2.257487,-0.587417
2.268916,-0.596119
2.280636,-0.604822
2.292654,-0.613524
2.304975,-0.622227
2.317606,-0.630929
2.330555,-0.639632
2.343829,-0.648334
2.357436,-0.657037
2.371384,-0.665739
2.385680,-0.674442
2.400333,-0.683144
2.415353,-0.691847
2.430748,-0.700549
2.446528,-0.709252
2.462703,-0.717954
2.479284,-0.726657
2.496281,-0.735359
2.513705,-0.744061
2.531568,-0.752764
2.549882,-0.761466
2.568661,-0.770169
2.587916,-0.778871
2.607663,-0.787574
2.627915,-0.796276
2.648687,-0.804979
2.669995,-0.813681
2.691855,-0.822384
2.714285,-0.831086
2.737302,-0.839789
2.760925,-0.848491
2.774864,-0.857194
2.782964,-0.865896
2.819368,-0.874599
2.855970,-0.883301
2.865584,-0.892003
2.902875,-0.900706
2.940439,-0.909408
2.951724,-0.918111
2.990115,-0.926813
3.028858,-0.935516
3.041991,-0.944218
3.081713,-0.952921
3.121873,-0.961623
3.162504,-0.970326
3.178364,-0.979028
3.220205,-0.987731
3.262614,-0.996433
3.305630,-1.005136
3.349291,-1.013838
3.369163,-1.022541
3.414382,-1.031243
3.460367,-1.039946
3.507163,-1.048648
3.554818,-1.057350
3.603382,-1.066053
3.652907,-1.074755
3.703449,-1.083458
3.755066,-1.092160
3.807820,-1.100863
3.861776,-1.109565
3.940027,-1.118268
3.996487,-1.126970
4.054372,-1.135673
4.136459,-1.144375
4.197347,-1.153078
4.259930,-1.161780
4.346696,-1.170483
4.412884,-1.179185
4.503293,-1.187888
4.573565,-1.196590
4.668138,-1.205293
4.764972,-1.213995
4.864231,-1.222697
4.944335,-1.231400
5.049075,-1.240102
5.156817,-1.248805
5.289314,-1.257507
5.403691,-1.266210
5.521818,-1.274912
5.643990,-1.283615
5.791775,-1.292317
5.922980,-1.301020
6.080423,-1.309722
6.264358,-1.318425
6.412116,-1.327127
6.587401,-1.335830
6.811531,-1.344532
7.001560,-1.353235
7.200128,-1.361937
7.449549,-1.370639
7.688488,-1.379342
1.186771,-1.422854
1.184583,-1.431557
1.182492,-1.440259
1.119438,-1.448962
1.076998,-1.457664
1.075351,-1.466367
1.073792,-1.475069
1.072318,-1.483772
1.030518,-1.492474
1.029264,-1.501177
1.007932,-1.509879
1.006862,-1.518582
1.005870,-1.527284
1.004957,-1.535986
1.004121,-1.544689
1.003364,-1.553391
1.002684,-1.562094
1.002081,-1.570796
