scan.pos:-7.094575,5.875655,2.5684351.659531,1.562094
1.628209,1.553391
1.609975,1.544689
1.580510,1.535986
1.562864,1.527284
1.559650,1.518581
1.517999,1.509879
1.516721,1.501177
1.500195,1.492474
1.475780,1.483772
1.459647,1.475069
1.436681,1.466367
1.420887,1.457664
1.448145,1.448962
1.432586,1.440259
1.416909,1.431557
1.401107,1.422854
1.385173,1.414152
1.369097,1.405449
1.352874,1.396747
1.336495,1.388044
1.319951,1.379342
1.303233,1.370639
1.314297,1.361937
1.297447,1.353234
1.293435,1.344532
1.282425,1.335830
1.271696,1.327127
1.261241,1.318425
1.251051,1.309722
1.241117,1.301020
1.231434,1.292317
1.221992,1.283615
1.212786,1.274912
1.203809,1.266210
1.195054,1.257507
1.186515,1.248805
1.178186,1.240102
1.170062,1.231400
1.162137,1.222697
1.154406,1.213995
1.146864,1.205292
1.139506,1.196590
1.132328,1.187888
1.125324,1.179185
1.118492,1.170483
1.111826,1.161780
1.105322,1.153078
1.098978,1.144375
1.092788,1.135673
1.086751,1.126970
1.080861,1.118268
1.075117,1.109565
1.069514,1.100863
1.064050,1.092160
1.058721,1.083458
1.053526,1.074755
1.048460,1.066053
1.043523,1.057350
1.038710,1.048648
1.034020,1.039945
1.029450,1.031243
1.024998,1.022541
1.020662,1.013838
1.016439,1.005136
1.012328,0.996433
1.008327,0.987731
1.004433,0.979028
1.000645,0.970326
0.996962,0.961623
0.993380,0.952921
0.989900,0.944218
0.986518,0.935516
0.983234,0.926813
0.980047,0.918111
0.976954,0.909408
0.973954,0.900706
0.971047,0.892003
0.968230,0.883301
0.965503,0.874598
0.962865,0.865896
0.960314,0.857194
0.957849,0.848491
0.955469,0.839789
0.953173,0.831086
0.950961,0.822384
0.948831,0.813681
0.946782,0.804979
0.944815,0.796276
0.942926,0.787574
0.941117,0.778871
0.939387,0.770169
0.937734,0.761466
0.936158,0.752764
0.934658,0.744061
0.933234,0.735359
0.931885,0.726656
0.930611,0.717954
0.929411,0.709251
0.928285,0.700549
0.927232,0.691847
0.926251,0.683144
0.925344,0.674442
0.924508,0.665739
0.923744,0.657037
0.923052,0.648334
0.922431,0.639632
0.921881,0.630929
0.921401,0.622227
0.920993,0.613524
0.920654,0.604822
0.920386,0.596119
0.920189,0.587417
0.920061,0.578714
0.920004,0.570012
0.920016,0.561309
0.920099,0.552607
0.920251,0.543905
0.920474,0.535202
0.920767,0.526500
0.921131,0.517797
0.921565,0.509095
0.922070,0.500392
0.922645,0.491690
0.923292,0.482987
0.924010,0.474285
0.924799,0.465582
0.925660,0.456880
0.926594,0.448177
0.927600,0.439475
0.928679,0.430772
0.929832,0.422070
0.931058,0.413367
0.932359,0.404665
0.933735,0.395962
0.935186,0.387260
0.936713,0.378558
0.938317,0.369855
0.939997,0.361153
0.941756,0.352450
0.943593,0.343748
0.945510,0.335045
0.947506,0.326343
0.949584,0.317640
0.951743,0.308938
0.953985,0.300235
0.956311,0.291533
0.958721,0.282830
0.961217,0.274128
0.963799,0.265425
0.966469,0.256723
0.969228,0.248020
0.972077,0.239318
0.975017,0.230615
0.978050,0.221913
0.981177,0.213211
0.984399,0.204508
0.987717,0.195806
0.991134,0.187103
0.994651,0.178401
0.998268,0.169698
1.001989,0.160996
1.005815,0.152293
1.009747,0.143591
1.013787,0.134888
1.017938,0.126186
1.022201,0.117483
1.026579,0.108781
1.031072,0.100078
1.035685,0.091376
1.040419,0.082673
1.045276,0.073971
1.050259,0.065269
1.055371,0.056566
1.060613,0.047864
1.065990,0.039161
1.071503,0.030459
1.077157,0.021756
1.082953,0.013054
1.088895,0.004351
1.094987,-0.004351
1.101231,-0.013054
1.107632,-0.021756
1.114193,-0.030459
1.120918,-0.039161
1.127812,-0.047864
1.134877,-0.056566
1.142119,-0.065269
1.149543,-0.073971
1.157152,-0.082674
1.164952,-0.091376
1.172947,-0.100078
1.181144,-0.108781
1.189547,-0.117483
1.198163,-0.126186
1.206997,-0.134888
1.216056,-0.143591
1.205932,-0.152293
1.215308,-0.160996
1.224926,-0.169698
1.234791,-0.178401
1.244913,-0.187103
1.255298,-0.195806
1.265954,-0.204508
1.276892,-0.213211
1.274375,-0.221913
1.293528,-0.230616
1.286173,-0.239318
1.305687,-0.248021
1.327350,-0.256723
1.347039,-0.265425
1.339812,-0.274128
1.363250,-0.282830
1.383246,-0.291533
1.381800,-0.300235
1.402285,-0.308938
1.422678,-0.317640
1.423781,-0.326343
1.444731,-0.335045
1.473094,-0.343748
1.494485,-0.352450
1.490917,-0.361153
1.521550,-0.369855
1.543619,-0.378558
1.565703,-0.387260
1.574351,-0.395963
1.597243,-0.404665
1.620197,-0.413367
1.632009,-0.422070
1.655894,-0.430772
1.679895,-0.439475
1.718634,-0.448177
1.743589,-0.456880
1.768727,-0.465582
1.787609,-0.474285
1.814010,-0.482987
1.840668,-0.491690
1.863723,-0.500392
1.891862,-0.509095
1.942932,-0.517797
1.971700,-0.526500
2.000694,-0.535202
2.031300,-0.543905
2.062411,-0.552607
2.096913,-0.561310
2.152227,-0.570012
2.186105,-0.578714
2.242531,-0.587417
2.285145,-0.596119
2.279113,-0.604822
2.274321,-0.613524
2.281971,-0.622227
2.259757,-0.630929
2.260548,-0.639632
2.262907,-0.648334
2.241420,-0.657037
2.227783,-0.665739
2.237336,-0.674442
2.214663,-0.683144
2.208426,-0.691847
2.202391,-0.700549
2.196555,-0.709252
2.190917,-0.717954
2.185474,-0.726657
2.180223,-0.735359
2.175163,-0.744061
2.170290,-0.752764
2.165605,-0.761466
2.161104,-0.770169
2.156785,-0.778871
2.152647,-0.787574
2.148689,-0.796276
2.144907,-0.804979
2.141302,-0.813681
2.137872,-0.822384
2.134615,-0.831086
2.131530,-0.839789
2.128615,-0.848491
2.125870,-0.857194
2.123294,-0.865896
2.120886,-0.874599
2.118644,-0.883301
2.116567,-0.892003
2.114656,-0.900706
2.112909,-0.909408
2.111326,-0.918111
2.109905,-0.926813
2.108647,-0.935516
2.107550,-0.944218
2.106615,-0.952921
2.105842,-0.961623
2.105229,-0.970326
2.104776,-0.979028
2.104484,-0.987731
2.104353,-0.996433
2.104382,-1.005136
2.104570,-1.013838
2.104920,-1.022541
2.105430,-1.031243
2.106100,-1.039946
2.106931,-1.048648
2.107924,-1.057350
2.109078,-1.066053
2.110395,-1.074755
2.111874,-1.083458
2.113516,-1.092160
2.115321,-1.100863
2.117292,-1.109565
2.119427,-1.118268
2.121729,-1.126970
2.124197,-1.135673
2.126834,-1.144375
2.129639,-1.153078
2.132614,-1.161780
2.135761,-1.170483
2.139080,-1.179185
2.142573,-1.187888
2.146241,-1.196590
2.150085,-1.205293
2.154108,-1.213995
2.158310,-1.222697
2.162694,-1.231400
2.167261,-1.240102
2.172013,-1.248805
2.176952,-1.257507
2.182081,-1.266210
2.187400,-1.274912
2.192913,-1.283615
2.198622,-1.292317
2.204528,-1.301020
2.210635,-1.309722
2.216946,-1.318425
2.223462,-1.327127
2.230188,-1.335830
2.237125,-1.344532
2.244276,-1.353235
2.251646,-1.361937
2.259237,-1.370639
2.288394,-1.379342
2.286470,-1.388044
2.286029,-1.396747
2.308784,-1.405449
2.305436,-1.414152
2.310263,-1.422854
2.338337,-1.431557
2.343153,-1.440259
2.352599,-1.448962
2.363109,-1.457664
2.374651,-1.466367
2.388682,-1.475069
2.199581,-1.483772
2.123137,-1.492474
2.005263,-1.501177
1.975368,-1.509879
1.853615,-1.518582
1.812582,-1.527284
1.798663,-1.535986
1.773928,-1.544689
1.745907,-1.553391
1.728062,-1.562094
1.701230,-1.570796
