scan.pos:-2.336213,2.315519,1.1352500.683844,1.562094
0.686659,1.553391
0.667306,1.544689
0.670178,1.535986
0.673126,1.527284
0.676153,1.518581
0.679258,1.509879
0.682445,1.501177
0.685714,1.492474
0.689067,1.483772
0.692506,1.475069
0.696033,1.466367
0.699650,1.457664
0.703358,1.448962
0.707160,1.440259
0.711058,1.431557
0.715053,1.422854
0.719149,1.414152
0.723347,1.405449
0.727651,1.396747
0.732062,1.388044
0.736583,1.379342
0.741218,1.370639
0.745968,1.361937
0.750837,1.353234
0.755828,1.344532
0.760944,1.335830
0.766188,1.327127
0.771565,1.318425
0.777077,1.309722
0.782728,1.301020
0.788523,1.292317
0.794465,1.283615
0.800559,1.274912
0.806809,1.266210
0.813220,1.257507
0.819796,1.248805
0.826543,1.240102
0.833466,1.231400
0.840570,1.222697
0.847862,1.213995
0.819206,1.205292
0.812355,1.196590
0.833274,1.187888
0.826547,1.179185
0.849571,1.170483
0.870402,1.161780
0.864262,1.153078
0.884813,1.144375
0.878814,1.135673
0.904069,1.126970
0.898731,1.118268
0.919314,1.109565
0.914132,1.100863
0.934514,1.092160
0.954718,1.083458
0.957838,1.074755
0.953538,1.066053
0.974146,1.057350
0.994616,1.048648
0.990527,1.039945
1.010895,1.031243
1.018600,1.022541
1.039500,1.013838
1.060313,1.005136
1.057325,0.996433
1.078126,0.987731
1.098868,0.979028
1.119561,0.970326
1.133123,0.961623
1.154577,0.952921
1.153039,0.944218
1.174612,0.935516
1.196203,0.926813
1.217825,0.918111
1.237625,0.909408
1.260288,0.900706
1.283045,0.892003
1.305912,0.883301
1.328906,0.874598
1.352044,0.865896
1.375344,0.857194
1.420726,0.848491
1.428943,0.839789
1.475773,0.831086
1.501077,0.822384
1.526700,0.813681
1.574174,0.804979
1.600453,0.796276
1.627149,0.787574
1.675589,0.778871
1.720506,0.770169
1.771424,0.761466
1.801793,0.752764
1.853929,0.744061
1.906748,0.735359
1.960330,0.726656
2.014764,0.717954
4.229232,0.709251
4.218805,0.700549
4.270878,0.691847
4.281708,0.683144
4.302833,0.674442
4.333606,0.665739
4.341095,0.657037
4.378919,0.648334
4.421833,0.639632
4.556674,0.630929
4.711758,0.622227
4.724268,0.613524
4.757408,0.604822
4.770527,0.596119
4.844725,0.587417
5.020209,0.578714
5.417801,0.570012
5.713953,0.561309
5.707573,0.552607
5.701642,0.543905
5.696156,0.535202
5.691113,0.526500
5.686512,0.517797
5.682351,0.509095
5.678627,0.500392
5.675341,0.491690
5.674859,0.482987
5.680361,0.474285
5.668092,0.465582
5.666542,0.456880
5.665424,0.448177
5.664738,0.439475
5.664483,0.430772
5.664660,0.422070
5.665268,0.413367
5.666308,0.404665
5.667780,0.395962
5.669685,0.387260
5.672023,0.378558
5.674796,0.369855
5.678003,0.361153
5.681647,0.352450
5.685730,0.343748
5.690251,0.335045
5.695214,0.326343
5.700620,0.317640
5.706472,0.308938
5.712770,0.300235
5.719520,0.291533
5.726721,0.282830
5.734378,0.274128
5.742493,0.265425
5.751070,0.256723
5.760112,0.248020
5.769622,0.239318
5.779605,0.230615
5.790064,0.221913
5.801003,0.213211
5.812428,0.204508
5.824342,0.195806
5.836750,0.187103
5.849658,0.178401
5.863070,0.169698
5.876992,0.160996
5.891431,0.152293
5.906392,0.143591
5.921880,0.134888
5.937904,0.126186
5.954470,0.117483
3.885028,0.108781
3.787779,0.100078
3.694589,0.091376
3.695484,0.082673
3.633590,0.073971
3.530376,0.065269
3.344876,0.056566
3.290726,0.047864
3.217602,0.039161
3.146819,0.030459
3.078218,0.021756
3.028045,0.013054
2.964579,0.004351
2.902853,-0.004351
2.864903,-0.013054
2.785424,-0.021756
2.749353,-0.030459
2.716061,-0.039161
2.661680,-0.047864
2.611089,-0.056566
2.582623,-0.065269
2.532524,-0.073971
2.506338,-0.082674
2.458180,-0.091376
2.410850,-0.100078
2.387616,-0.108781
2.350470,-0.117483
2.329800,-0.126186
2.286305,-0.134888
2.243389,-0.143591
2.224981,-0.152293
2.183238,-0.160996
2.139878,-0.169698
2.139399,-0.178401
2.124367,-0.187103
2.085291,-0.195806
2.071406,-0.204508
2.033113,-0.213211
2.012588,-0.221913
2.000876,-0.230616
2.015261,-0.239318
2.030547,-0.248021
2.020833,-0.256723
2.037735,-0.265425
2.051000,-0.274128
2.070219,-0.282830
2.063661,-0.291533
2.084495,-0.300235
2.106249,-0.308938
2.099581,-0.317640
2.095925,-0.326343
2.092754,-0.335045
2.118084,-0.343748
2.144380,-0.352450
2.155485,-0.361153
2.165034,-0.369855
2.174587,-0.378558
2.211514,-0.387260
2.220864,-0.395963
2.257165,-0.404665
2.266347,-0.413367
2.302078,-0.422070
2.311125,-0.430772
2.329132,-0.439475
2.355449,-0.448177
2.381935,-0.456880
2.408606,-0.465582
2.435481,-0.474285
2.462580,-0.482987
2.489921,-0.491690
2.517525,-0.500392
2.545413,-0.509095
2.573605,-0.517797
2.602124,-0.526500
2.630993,-0.535202
2.684371,-0.543905
2.713870,-0.552607
2.743794,-0.561310
2.787625,-0.570012
2.819132,-0.578714
2.851164,-0.587417
2.907096,-0.596119
2.940154,-0.604822
2.990681,-0.613524
3.025761,-0.622227
3.084442,-0.630929
3.120903,-0.639632
3.178058,-0.648334
3.239570,-0.657037
3.301820,-0.665739
3.342516,-0.674442
3.406536,-0.683144
3.473544,-0.691847
3.540571,-0.700549
3.586745,-0.709252
3.678117,-0.717954
3.907971,-0.726657
3.980720,-0.735359
4.063920,-0.744061
6.164644,-0.987731
6.096210,-0.996433
5.988058,-1.005136
5.981372,-1.013838
5.955024,-1.022541
5.909070,-1.031243
5.883746,-1.039946
5.878989,-1.048648
5.794434,-1.057350
5.730488,-1.066053
5.707133,-1.074755
5.664210,-1.083458
5.621758,-1.092160
5.619792,-1.100863
5.558234,-1.109565
5.557137,-1.118268
5.536463,-1.126970
5.536214,-1.135673
5.496386,-1.144375
5.496976,-1.153078
5.457973,-1.161780
5.439379,-1.170483
5.401170,-1.179185
5.403398,-1.187888
5.345929,-1.196590
5.348951,-1.205293
5.292202,-1.213995
5.271103,-1.222697
5.239944,-1.231400
5.167924,-1.240102
5.088471,-1.248805
4.692886,-1.257507
4.252156,-1.266210
3.942088,-1.274912
3.732251,-1.283615
3.255816,-1.292317
3.076597,-1.301020
2.838956,-1.309722
2.784499,-1.318425
2.661874,-1.327127
2.628136,-1.335830
2.621472,-1.344532
2.559307,-1.353235
2.543254,-1.361937
2.566660,-1.370639
2.524228,-1.379342
2.523883,-1.388044
2.423325,-1.396747
2.346038,-1.405449
2.281551,-1.414152
2.211102,-1.422854
2.142445,-1.431557
2.096372,-1.440259
2.030855,-1.448962
1.987749,-1.457664
1.926688,-1.466367
1.887773,-1.475069
1.849902,-1.483772
1.855683,-1.492474
1.862631,-1.501177
1.816010,-1.509879
1.742589,-1.518582
1.727167,-1.527284
1.690045,-1.535986
1.696379,-1.544689
1.702892,-1.553391
1.665643,-1.562094
1.650284,-1.570796
