scan.pos:4.711903,7.029880,2.0684353.837325,1.562094
3.819364,1.553391
3.801859,1.544689
3.784800,1.535986
3.768180,1.527284
3.751989,1.518581
3.736220,1.509879
3.720866,1.501177
3.705918,1.492474
3.691370,1.483772
3.655403,1.475069
3.598257,1.466367
3.585105,1.457664
3.572321,1.448962
3.559897,1.440259
3.547828,1.431557
3.536110,1.422854
3.524736,1.414152
3.513702,1.405449
3.503003,1.396747
3.492634,1.388044
3.524652,1.379342
3.514812,1.370639
3.526209,1.361937
3.558673,1.353234
3.549625,1.344532
3.561648,1.335830
3.636004,1.327127
3.648312,1.318425
3.784521,1.309722
3.776441,1.301020
3.810337,1.292317
3.843185,1.283615
3.932269,1.274912
4.015064,1.266210
4.068806,1.257507
4.100735,1.248805
4.198299,1.240102
4.359527,1.231400
4.601972,1.222697
4.868302,1.213995
5.183206,1.205292
5.378068,1.196590
7.793060,1.048648
7.794529,1.039945
7.799252,1.022541
7.758894,0.944218
7.223808,0.935516
6.794083,0.926813
6.358194,0.918111
6.031692,0.909408
5.729233,0.900706
5.426858,0.892003
5.182534,0.883301
4.932910,0.874598
4.737107,0.865896
4.532332,0.857194
4.347478,0.848491
4.185731,0.839789
4.031597,0.831086
3.904845,0.822384
3.763568,0.813681
3.648406,0.804979
3.538197,0.796276
3.411657,0.787574
3.309918,0.778871
3.232763,0.770169
3.134441,0.761466
3.044778,0.752764
2.978885,0.744061
2.894417,0.735359
2.812191,0.726656
2.753301,0.717954
2.675079,0.709251
2.620003,0.700549
2.576536,0.691847
2.504628,0.683144
2.455652,0.674442
2.408012,0.665739
2.361615,0.657037
2.316375,0.648334
2.272211,0.639632
2.229051,0.630929
2.186825,0.622227
2.144325,0.613524
2.104774,0.604822
2.065954,0.596119
2.027812,0.587417
2.012953,0.578714
1.976138,0.570012
1.939872,0.561309
1.904116,0.552607
1.874998,0.543905
1.864188,0.535202
1.830678,0.526500
1.797528,0.517797
1.788287,0.509095
1.755897,0.500392
1.723784,0.491690
1.703635,0.482987
1.672748,0.474285
1.666319,0.465582
1.635941,0.456880
1.630277,0.448177
1.600333,0.439475
1.570501,0.430772
1.557593,0.422070
1.553838,0.413367
1.525096,0.404665
1.521936,0.395962
1.493418,0.387260
1.464898,0.378558
1.457442,0.369855
1.455866,0.361153
1.428135,0.352450
1.427034,0.343748
1.399355,0.335045
1.396209,0.326343
1.369030,0.317640
1.369284,0.308938
1.342054,0.300235
1.342696,0.291533
1.343968,0.282830
1.332386,0.274128
1.321102,0.265425
1.310107,0.256723
1.299391,0.248020
1.288947,0.239318
1.278765,0.230615
1.268840,0.221913
1.259162,0.213211
1.249725,0.204508
1.240522,0.195806
1.231547,0.187103
1.222793,0.178401
1.214255,0.169698
1.205926,0.160996
1.197802,0.152293
1.189876,0.143591
1.182144,0.134888
1.174600,0.126186
1.167241,0.117483
1.160061,0.108781
1.153056,0.100078
1.146221,0.091376
1.139554,0.082673
1.133050,0.073971
1.126704,0.065269
1.120515,0.056566
1.114477,0.047864
1.108588,0.039161
1.102844,0.030459
1.097243,0.021756
1.091781,0.013054
1.086456,0.004351
1.081264,-0.004351
1.076203,-0.013054
1.071270,-0.021756
1.066464,-0.030459
1.061780,-0.039161
1.057218,-0.047864
1.052775,-0.056566
1.048449,-0.065269
1.044237,-0.073971
1.040137,-0.082674
1.036149,-0.091376
1.032269,-0.100078
1.028496,-0.108781
1.024828,-0.117483
1.021264,-0.126186
1.017802,-0.134888
1.014440,-0.143591
1.011177,-0.152293
1.018494,-0.160996
1.015393,-0.169698
1.012387,-0.178401
1.009476,-0.187103
1.006658,-0.195806
1.003932,-0.204508
1.001296,-0.213211
0.998751,-0.221913
0.996293,-0.230616
0.993924,-0.239318
0.991641,-0.248021
0.989443,-0.256723
0.987331,-0.265425
0.985302,-0.274128
0.983356,-0.282830
0.981493,-0.291533
0.979711,-0.300235
0.978010,-0.308938
0.976389,-0.317640
0.974847,-0.326343
0.973385,-0.335045
0.972000,-0.343748
0.970694,-0.352450
0.969464,-0.361153
0.968312,-0.369855
0.967236,-0.378558
0.966235,-0.387260
0.965310,-0.395963
0.964461,-0.404665
0.963686,-0.413367
0.962985,-0.422070
0.962359,-0.430772
0.961807,-0.439475
0.961329,-0.448177
0.960924,-0.456880
0.960593,-0.465582
0.960335,-0.474285
0.960150,-0.482987
0.960038,-0.491690
0.960000,-0.500392
0.960035,-0.509095
0.960143,-0.517797
0.960324,-0.526500
0.960578,-0.535202
0.960905,-0.543905
0.961306,-0.552607
0.961781,-0.561310
0.962329,-0.570012
0.962952,-0.578714
0.963648,-0.587417
0.964420,-0.596119
0.965266,-0.604822
0.966187,-0.613524
0.967183,-0.622227
0.968256,-0.630929
0.969405,-0.639632
0.970630,-0.648334
0.971933,-0.657037
0.973313,-0.665739
0.974772,-0.674442
0.976309,-0.683144
0.977926,-0.691847
0.979623,-0.700549
0.981401,-0.709252
0.983260,-0.717954
0.985202,-0.726657
0.987226,-0.735359
0.989335,-0.744061
0.991528,-0.752764
0.993807,-0.761466
0.996172,-0.770169
0.998624,-0.778871
1.001166,-0.787574
1.003797,-0.796276
1.006518,-0.804979
1.009332,-0.813681
1.012238,-0.822384
1.015239,-0.831086
1.018335,-0.839789
1.021529,-0.848491
1.024821,-0.857194
1.028212,-0.865896
1.031705,-0.874599
1.035301,-0.883301
1.039002,-0.892003
1.042809,-0.900706
1.046723,-0.909408
1.050748,-0.918111
1.054884,-0.926813
1.059134,-0.935516
1.063500,-0.944218
1.067983,-0.952921
1.072587,-0.961623
1.077312,-0.970326
1.082163,-0.979028
1.087140,-0.987731
1.092247,-0.996433
1.097486,-1.005136
1.102860,-1.013838
1.108372,-1.022541
1.114024,-1.031243
1.119820,-1.039946
1.125763,-1.048648
1.131856,-1.057350
1.126388,-1.066053
1.132726,-1.074755
1.139222,-1.083458
1.145881,-1.092160
1.152707,-1.100863
1.159703,-1.109565
1.166874,-1.118268
1.174224,-1.126970
1.181759,-1.135673
1.189481,-1.144375
1.197397,-1.153078
1.205512,-1.161780
1.213830,-1.170483
1.222358,-1.179185
1.231100,-1.187888
1.240064,-1.196590
1.249255,-1.205293
1.258680,-1.213995
1.268345,-1.222697
1.278259,-1.231400
1.288427,-1.240102
1.298858,-1.248805
1.309560,-1.257507
1.320541,-1.266210
1.331810,-1.274912
1.343376,-1.283615
1.338405,-1.292317
1.361110,-1.301020
1.357543,-1.309722
1.380655,-1.318425
1.376495,-1.327127
1.402519,-1.335830
1.425963,-1.344532
1.422801,-1.353235
1.450737,-1.361937
1.474627,-1.370639
1.472533,-1.379342
1.496502,-1.388044
1.501435,-1.396747
1.526057,-1.405449
1.550673,-1.414152
1.558431,-1.422854
1.583801,-1.431557
1.609216,-1.440259
1.610124,-1.448962
1.646270,-1.457664
1.648387,-1.466367
1.675039,-1.475069
1.701827,-1.483772
1.717776,-1.492474
1.745659,-1.501177
1.773747,-1.509879
1.802062,-1.518582
1.822771,-1.527284
1.852423,-1.535986
1.882386,-1.544689
1.912688,-1.553391
1.938855,-1.562094
1.970800,-1.570796
