scan.pos:-1.902547,3.546319,1.6352501.022122,1.562094
1.021586,1.553391
1.021128,1.544689
1.020748,1.535986
1.020445,1.527284
1.020221,1.518581
1.020075,1.509879
1.020006,1.501177
1.020015,1.492474
1.020101,1.483772
1.020265,1.475069
1.020508,1.466367
1.020827,1.457664
1.021225,1.448962
1.021701,1.440259
1.022256,1.431557
1.022889,1.422854
1.023600,1.414152
1.024391,1.405449
1.025261,1.396747
1.026211,1.388044
1.027241,1.379342
1.028352,1.370639
1.029543,1.361937
1.030815,1.353234
1.032170,1.344532
1.033607,1.335830
1.035126,1.327127
1.036730,1.318425
1.038417,1.309722
1.040190,1.301020
1.042048,1.292317
1.043992,1.283615
1.046023,1.274912
1.048142,1.266210
1.050350,1.257507
1.052648,1.248805
1.055036,1.240102
1.057516,1.231400
1.060088,1.222697
1.062754,1.213995
1.065515,1.205292
1.068372,1.196590
1.071325,1.187888
1.074378,1.179185
1.077530,1.170483
1.080783,1.161780
1.084139,1.153078
1.087599,1.144375
1.091164,1.135673
1.094836,1.126970
1.098617,1.118268
1.102509,1.109565
1.106512,1.100863
1.110630,1.092160
1.112080,1.083458
1.116421,1.074755
1.120882,1.066053
1.125464,1.057350
1.130171,1.048648
1.135004,1.039945
1.139965,1.031243
1.145058,1.022541
1.150284,1.013838
1.155647,1.005136
1.161149,0.996433
1.166793,0.987731
1.172581,0.979028
1.178517,0.970326
1.184605,0.961623
1.190847,0.952921
1.197247,0.944218
1.203808,0.935516
1.210534,0.926813
1.217429,0.918111
1.224496,0.909408
1.231741,0.900706
1.239167,0.892003
1.246778,0.883301
1.254579,0.874598
1.262576,0.865896
1.320731,0.857194
1.329463,0.848491
1.338414,0.839789
1.347590,0.831086
1.356996,0.822384
1.366639,0.813681
1.402561,0.804979
1.412890,0.796276
1.423481,0.787574
4.187108,0.778871
4.140590,0.770169
4.094152,0.761466
4.075027,0.752764
4.032234,0.744061
3.985099,0.735359
3.965883,0.726656
3.919091,0.717954
3.901723,0.709251
3.868472,0.700549
3.836072,0.691847
3.804498,0.683144
3.773725,0.674442
3.743728,0.665739
3.714485,0.657037
3.685974,0.648334
3.658173,0.639632
3.631064,0.630929
3.604625,0.622227
3.578840,0.613524
3.553689,0.604822
3.529156,0.596119
3.505225,0.587417
3.481880,0.578714
3.459105,0.570012
3.436886,0.561309
3.415209,0.552607
3.394061,0.543905
3.373429,0.535202
3.353299,0.526500
3.333661,0.517797
3.314502,0.509095
3.295812,0.500392
3.324847,0.491690
3.306805,0.482987
3.289208,0.474285
3.277318,0.465582
3.258904,0.456880
3.250865,0.448177
3.268861,0.439475
3.244256,0.430772
3.268572,0.422070
3.296111,0.413367
3.282033,0.404665
3.294236,0.395962
3.287992,0.387260
3.308134,0.378558
3.310353,0.369855
3.316988,0.361153
3.369634,0.352450
3.378443,0.343748
3.409199,0.335045
3.461663,0.326343
3.535609,0.317640
3.652347,0.308938
3.639850,0.300235
3.649093,0.291533
3.679862,0.282830
3.689471,0.274128
3.699300,0.265425
3.751578,0.256723
3.761728,0.248020
3.898064,0.239318
3.992067,0.230615
4.106748,0.221913
4.221142,0.213211
4.314504,0.204508
4.594256,0.195806
4.583568,0.187103
4.573278,0.178401
4.563380,0.169698
4.554187,0.160996
4.552695,0.152293
4.539956,0.143591
4.537590,0.134888
4.526487,0.126186
4.528629,0.117483
4.505198,0.108781
4.516507,0.100078
4.491368,0.091376
4.485205,0.082673
4.479399,0.073971
4.473948,0.065269
4.468851,0.056566
4.464104,0.047864
4.459707,0.039161
4.455657,0.030459
4.451954,0.021756
4.448596,0.013054
4.445580,0.004351
4.442907,-0.004351
4.440575,-0.013054
4.438583,-0.021756
4.436931,-0.030459
4.435617,-0.039161
4.434642,-0.047864
4.434006,-0.056566
4.433707,-0.065269
4.433745,-0.073971
4.434121,-0.082674
4.434835,-0.091376
4.435887,-0.100078
4.437278,-0.108781
4.439008,-0.117483
4.441077,-0.126186
4.443487,-0.134888
4.446238,-0.143591
4.449332,-0.152293
4.452769,-0.160996
4.456552,-0.169698
4.460680,-0.178401
4.465157,-0.187103
4.469983,-0.195806
4.475162,-0.204508
4.480693,-0.213211
4.486580,-0.221913
4.492826,-0.230616
4.499432,-0.239318
4.506402,-0.248021
4.513737,-0.256723
4.521441,-0.265425
4.529516,-0.274128
4.537967,-0.282830
4.546797,-0.291533
4.556008,-0.300235
4.565606,-0.308938
4.575593,-0.317640
4.585973,-0.326343
4.596752,-0.335045
4.607934,-0.343748
4.619522,-0.352450
4.631523,-0.361153
4.643940,-0.369855
2.590982,-0.378558
2.527296,-0.387260
2.466011,-0.395963
2.406934,-0.404665
2.392404,-0.413367
2.401344,-0.422070
2.325336,-0.430772
2.333162,-0.439475
2.236016,-0.448177
2.102229,-0.456880
2.034137,-0.465582
2.010571,-0.474285
1.966363,-0.482987
1.918435,-0.491690
1.899239,-0.500392
1.858909,-0.509095
1.819332,-0.517797
1.780454,-0.526500
1.764632,-0.535202
1.727101,-0.543905
1.692477,-0.552607
1.679642,-0.561310
1.644654,-0.570012
1.610087,-0.578714
1.598956,-0.587417
1.565247,-0.596119
1.539383,-0.604822
1.530509,-0.613524
1.498607,-0.622227
1.490599,-0.630929
1.459265,-0.639632
1.428294,-0.648334
1.433387,-0.657037
1.403421,-0.665739
1.397923,-0.674442
1.368305,-0.683144
1.363421,-0.691847
1.349944,-0.700549
1.321360,-0.709252
1.317934,-0.717954
1.289526,-0.726657
1.286585,-0.735359
1.277714,-0.744061
1.250078,-0.752764
1.248407,-0.761466
1.220803,-0.770169
1.215342,-0.778871
1.188227,-0.787574
1.187809,-0.796276
1.187664,-0.804979
1.160530,-0.813681
1.159029,-0.822384
1.132250,-0.831086
1.133212,-0.839789
1.134432,-0.848491
1.128938,-0.857194
1.119317,-0.865896
1.109943,-0.874599
1.100807,-0.883301
1.091903,-0.892003
1.083223,-0.900706
1.074762,-0.909408
1.066512,-0.918111
1.058469,-0.926813
1.050625,-0.935516
1.042975,-0.944218
1.035514,-0.952921
1.028237,-0.961623
1.021138,-0.970326
1.014214,-0.979028
1.007459,-0.987731
1.000870,-0.996433
0.994441,-1.005136
0.988169,-1.013838
0.982050,-1.022541
0.976080,-1.031243
0.970255,-1.039946
0.964573,-1.048648
0.959030,-1.057350
0.953622,-1.066053
0.948346,-1.074755
0.943200,-1.083458
0.938181,-1.092160
0.933286,-1.100863
0.928511,-1.109565
0.923856,-1.118268
0.919316,-1.126970
0.914890,-1.135673
0.910576,-1.144375
0.906370,-1.153078
0.902272,-1.161780
0.898279,-1.170483
0.894389,-1.179185
0.890600,-1.187888
0.884095,-1.196590
0.880514,-1.205293
0.877029,-1.213995
0.873637,-1.222697
0.870337,-1.231400
0.867128,-1.240102
0.864008,-1.248805
0.904025,-1.257507
0.922382,-1.266210
0.919307,-1.274912
0.916321,-1.283615
0.913424,-1.292317
0.952969,-1.301020
0.971233,-1.309722
0.989463,-1.318425
1.028656,-1.327127
1.046775,-1.335830
1.043996,-1.344532
1.041311,-1.353235
1.038718,-1.361937
1.036217,-1.370639
1.075159,-1.379342
1.093375,-1.388044
1.152763,-1.396747
1.191446,-1.405449
1.250562,-1.414152
1.289079,-1.422854
1.327549,-1.431557
1.406758,-1.440259
1.465446,-1.448962
1.544374,-1.457664
1.602882,-1.466367
1.701859,-1.475069
1.800685,-1.483772
1.899385,-1.492474
2.038346,-1.501177
2.156975,-1.509879
2.356056,-1.518582
2.514675,-1.527284
2.773680,-1.535986
