scan.pos:4.409523,5.582155,-0.3647502.566700,1.562094
2.575380,1.553391
2.584316,1.544689
2.593512,1.535986
2.602973,1.527284
2.612703,1.518581
2.622706,1.509879
2.632988,1.501177
2.643552,1.492474
2.654405,1.483772
2.665551,1.475069
2.676996,1.466367
2.688745,1.457664
2.700804,1.448962
2.713179,1.440259
2.725877,1.431557
2.738904,1.422854
2.752267,1.414152
2.765972,1.405449
2.780027,1.396747
2.794440,1.388044
2.809218,1.379342
2.824369,1.370639
2.839902,1.361937
2.855826,1.353234
2.872149,1.344532
2.888881,1.335830
2.906031,1.327127
2.923611,1.318425
2.941630,1.309722
2.960099,1.301020
2.979030,1.292317
2.998434,1.283615
3.018325,1.274912
3.038713,1.266210
3.059614,1.257507
3.081041,1.248805
3.103007,1.240102
3.125529,1.231400
3.148622,1.222697
3.172302,1.213995
3.196586,1.205292
3.221492,1.196590
3.247038,1.187888
3.273244,1.179185
3.300130,1.170483
3.327717,1.161780
3.356026,1.153078
3.385081,1.144375
3.395226,1.135673
3.429883,1.126970
3.464467,1.118268
3.501274,1.109565
3.537070,1.100863
3.549183,1.092160
3.589891,1.083458
3.628176,1.074755
3.671334,1.066053
3.711125,1.057350
3.756882,1.048648
3.798322,1.039945
3.821253,1.031243
3.864673,1.022541
3.916320,1.013838
3.961709,1.005136
4.016506,0.996433
4.064054,0.987731
4.097636,0.979028
4.147707,0.970326
4.209676,0.961623
4.262348,0.952921
4.292102,0.944218
4.264407,0.935516
4.238259,0.926813
4.214895,0.918111
4.192106,0.909408
4.169877,0.900706
4.148197,0.892003
4.127054,0.883301
4.106436,0.874598
4.086333,0.865896
4.066734,0.857194
4.047629,0.848491
4.029008,0.839789
4.010862,0.831086
3.993181,0.822384
3.975957,0.813681
3.959181,0.804979
3.942844,0.796276
3.926940,0.787574
3.911461,0.778871
3.896398,0.770169
3.881746,0.761466
3.867497,0.752764
3.853644,0.744061
3.840182,0.735359
3.827104,0.726656
3.814404,0.717954
3.802076,0.709251
3.790116,0.700549
3.778518,0.691847
3.767277,0.683144
3.756387,0.674442
3.745844,0.665739
3.735645,0.657037
3.725783,0.648334
3.716256,0.639632
3.707059,0.630929
3.698189,0.622227
3.689641,0.613524
3.681412,0.604822
3.673499,0.596119
3.665898,0.587417
3.658607,0.578714
3.651623,0.570012
3.644942,0.561309
3.638561,0.552607
3.632480,0.543905
3.626694,0.535202
3.621202,0.526500
3.616002,0.517797
3.611092,0.509095
3.606468,0.500392
3.602131,0.491690
3.598078,0.482987
3.594307,0.474285
3.590817,0.465582
3.587608,0.456880
3.584676,0.448177
3.582022,0.439475
3.579644,0.430772
3.577542,0.422070
3.575714,0.413367
3.574160,0.404665
3.572880,0.395962
3.571872,0.387260
3.571137,0.378558
3.570674,0.369855
3.570482,0.361153
3.570563,0.352450
3.570916,0.343748
3.571541,0.335045
3.572438,0.326343
3.573608,0.317640
3.575051,0.308938
3.576768,0.300235
3.578759,0.291533
3.581025,0.282830
3.583567,0.274128
3.586385,0.265425
3.589482,0.256723
3.592859,0.248020
3.596515,0.239318
3.600454,0.230615
3.604676,0.221913
3.609183,0.213211
3.613976,0.204508
3.619059,0.195806
3.624432,0.187103
3.630099,0.178401
3.636060,0.169698
3.642318,0.160996
3.648877,0.152293
3.655738,0.143591
3.662905,0.134888
3.670380,0.126186
3.678166,0.117483
3.686266,0.108781
3.694684,0.100078
3.703424,0.091376
3.712488,0.082673
3.721880,0.073971
3.731606,0.065269
3.741668,0.056566
3.752071,0.047864
3.762819,0.039161
3.773917,0.030459
3.785370,0.021756
3.797183,0.013054
3.809361,0.004351
3.821909,-0.004351
3.834833,-0.013054
3.848139,-0.021756
3.861833,-0.030459
3.875920,-0.039161
3.890408,-0.047864
3.905304,-0.056566
3.920613,-0.065269
3.936344,-0.073971
3.952504,-0.082674
3.969101,-0.091376
3.986143,-0.100078
4.003637,-0.108781
4.021594,-0.117483
4.040021,-0.126186
4.058929,-0.134888
4.078326,-0.143591
4.098224,-0.152293
4.118631,-0.160996
4.139560,-0.169698
4.161021,-0.178401
4.183026,-0.187103
4.205587,-0.195806
4.228716,-0.204508
4.252427,-0.213211
4.276732,-0.221913
4.301647,-0.230616
4.327185,-0.239318
4.353362,-0.248021
4.380192,-0.256723
4.407694,-0.265425
4.435883,-0.274128
4.464777,-0.282830
4.494394,-0.291533
4.524753,-0.300235
4.555875,-0.308938
4.587780,-0.317640
4.620489,-0.326343
4.654025,-0.335045
4.688411,-0.343748
4.723671,-0.352450
4.759831,-0.361153
4.796917,-0.369855
4.834956,-0.378558
4.873978,-0.387260
4.914012,-0.395963
4.955090,-0.404665
4.997243,-0.413367
5.040507,-0.422070
5.069961,-0.430772
5.124633,-0.439475
5.153800,-0.448177
5.210697,-0.456880
5.268406,-0.465582
5.302894,-0.474285
5.378778,-0.482987
5.417248,-0.491690
5.481888,-0.500392
5.493688,-0.509095
5.453816,-0.517797
5.414929,-0.526500
5.376999,-0.535202
5.340001,-0.543905
5.303909,-0.552607
5.218548,-0.561310
5.184527,-0.570012
5.126583,-0.578714
5.090653,-0.587417
5.062917,-0.596119
5.032244,-0.604822
5.002319,-0.613524
4.973124,-0.622227
4.944643,-0.630929
4.916857,-0.639632
4.889753,-0.648334
4.863314,-0.657037
4.837526,-0.665739
4.812375,-0.674442
4.787847,-0.683144
4.717924,-0.691847
4.694827,-0.700549
4.672310,-0.709252
4.605014,-0.717954
4.583829,-0.726657
4.563184,-0.735359
4.543068,-0.744061
4.523472,-0.752764
4.504385,-0.761466
4.485800,-0.770169
4.467706,-0.778871
4.450095,-0.787574
4.432958,-0.796276
4.416288,-0.804979
4.400076,-0.813681
4.384316,-0.822384
4.369000,-0.831086
4.354121,-0.839789
4.339672,-0.848491
4.325647,-0.857194
4.312040,-0.865896
3.282908,-0.874599
3.252039,-0.883301
3.158473,-0.892003
3.149609,-0.900706
3.141033,-0.909408
3.102798,-0.918111
3.103914,-0.926813
3.096232,-0.935516
3.088823,-0.944218
3.040349,-0.952921
3.012947,-0.961623
3.006470,-0.970326
3.000250,-0.979028
2.912308,-0.987731
2.906748,-0.996433
2.901430,-1.005136
2.875970,-1.013838
2.871163,-1.022541
2.866590,-1.031243
2.821681,-1.039946
2.817629,-1.048648
2.813802,-1.057350
2.789999,-1.066053
2.786643,-1.074755
2.783507,-1.083458
2.740323,-1.092160
2.737663,-1.100863
2.695024,-1.109565
2.692822,-1.118268
2.670763,-1.126970
2.628887,-1.135673
2.607304,-1.144375
2.605972,-1.153078
2.564798,-1.161780
2.563879,-1.170483
2.563156,-1.179185
2.522621,-1.187888
2.522294,-1.196590
2.522159,-1.205293
2.522216,-1.213995
2.502463,-1.222697
2.462889,-1.231400
2.443497,-1.240102
2.444297,-1.248805
2.405232,-1.257507
2.406387,-1.266210
2.367634,-1.274912
2.369133,-1.283615
2.350742,-1.292317
2.352591,-1.301020
2.354622,-1.309722
2.356837,-1.318425
2.359236,-1.327127
2.361819,-1.335830
2.364588,-1.344532
2.367545,-1.353235
2.370690,-1.361937
2.374024,-1.370639
2.377549,-1.379342
2.381266,-1.388044
2.385176,-1.396747
2.389282,-1.405449
2.393584,-1.414152
2.398085,-1.422854
2.423304,-1.431557
2.428249,-1.440259
2.433400,-1.448962
2.438759,-1.457664
2.444328,-1.466367
2.491599,-1.475069
2.497697,-1.483772
2.504017,-1.492474
2.552365,-1.501177
2.580206,-1.509879
2.629414,-1.518582
2.932030,-1.527284
2.982957,-1.535986
3.055621,-1.544689
3.107696,-1.553391
3.352382,-1.562094
3.727368,-1.570796
