scan.pos:-7.113114,7.137933,0.1684350.872345,1.562094
0.871086,1.553391
0.869896,1.544689
0.868776,1.535986
0.867724,1.527284
0.866741,1.518581
0.865826,1.509879
0.864979,1.501177
0.864199,1.492474
0.863487,1.483772
0.862841,1.475069
0.862262,1.466367
0.861749,1.457664
0.861302,1.448962
0.860921,1.440259
0.860606,1.431557
0.860357,1.422854
0.860173,1.414152
0.860055,1.405449
0.860003,1.396747
0.860016,1.388044
0.860094,1.379342
0.860239,1.370639
0.860448,1.361937
0.860723,1.353234
0.861065,1.344532
0.861472,1.335830
0.861945,1.327127
0.862484,1.318425
0.863090,1.309722
0.863762,1.301020
0.864501,1.292317
0.865308,1.283615
0.866182,1.274912
0.867124,1.266210
0.868134,1.257507
0.869213,1.248805
0.870361,1.240102
0.871578,1.231400
0.872865,1.222697
0.874223,1.213995
0.875652,1.205292
0.877152,1.196590
0.878725,1.187888
0.880370,1.179185
0.882089,1.170483
0.883882,1.161780
0.885750,1.153078
0.887694,1.144375
0.889714,1.135673
0.891811,1.126970
0.893987,1.118268
0.896241,1.109565
0.898576,1.100863
0.900991,1.092160
0.903489,1.083458
0.906069,1.074755
0.908734,1.066053
0.911484,1.057350
0.914321,1.048648
0.917246,1.039945
0.920259,1.031243
0.923363,1.022541
0.926559,1.013838
0.929848,1.005136
0.933232,0.996433
0.936712,0.987731
0.940290,0.979028
0.943967,0.970326
0.947746,0.961623
0.951629,0.952921
0.955616,0.944218
0.959710,0.935516
0.963913,0.926813
0.968227,0.918111
0.972654,0.909408
0.977197,0.900706
0.981857,0.892003
0.986638,0.883301
0.991541,0.874598
0.996569,0.865896
1.001726,0.857194
1.007013,0.848491
1.012434,0.839789
1.017991,0.831086
1.023688,0.822384
1.029528,0.813681
1.035515,0.804979
1.041651,0.796276
1.047941,0.787574
1.054388,0.778871
1.060996,0.770169
1.067769,0.761466
1.074711,0.752764
1.081828,0.744061
1.089122,0.735359
1.096600,0.726656
1.104266,0.717954
1.112125,0.709251
1.120183,0.700549
1.128445,0.691847
1.136917,0.683144
1.145605,0.674442
1.154515,0.665739
1.163655,0.657037
1.173030,0.648334
1.182648,0.639632
1.192517,0.630929
1.202645,0.622227
1.213039,0.613524
1.208875,0.604822
1.226462,0.596119
1.243846,0.587417
1.233623,0.578714
1.250852,0.570012
1.267900,0.561309
1.284778,0.552607
1.301492,0.543905
1.318051,0.535202
1.308298,0.526500
1.324762,0.517797
1.341090,0.509095
1.357288,0.500392
1.373365,0.491690
1.389327,0.482987
1.405181,0.474285
1.420932,0.465582
1.436588,0.456880
1.353703,0.448177
1.345333,0.439475
1.312856,0.430772
1.256700,0.422070
1.249352,0.413367
1.242183,0.404665
1.211436,0.395962
1.204745,0.387260
1.198219,0.378558
1.191853,0.369855
1.185644,0.361153
1.179589,0.352450
1.173684,0.343748
1.167927,0.335045
1.116733,0.326343
1.111476,0.317640
1.106352,0.308938
1.101359,0.300235
1.096493,0.291533
1.091754,0.282830
1.087137,0.274128
1.082641,0.265425
1.078264,0.256723
1.074004,0.248020
1.069859,0.239318
1.065826,0.230615
1.061904,0.221913
1.058092,0.213211
1.011350,0.204508
1.007897,0.195806
1.004544,0.187103
1.001289,0.178401
0.998131,0.169698
0.995068,0.160996
0.992099,0.152293
0.989223,0.143591
0.986438,0.134888
0.983744,0.126186
0.981139,0.117483
0.978623,0.108781
0.976193,0.100078
0.973849,0.091376
0.971590,0.082673
0.969416,0.073971
0.967324,0.065269
0.965315,0.056566
0.963388,0.047864
0.961541,0.039161
0.959774,0.030459
0.958087,0.021756
0.956478,0.013054
0.954947,0.004351
0.953494,-0.004351
0.952117,-0.013054
0.950817,-0.021756
0.949592,-0.030459
0.948443,-0.039161
0.947368,-0.047864
0.946368,-0.056566
0.945442,-0.065269
0.944590,-0.073971
0.943811,-0.082674
0.943105,-0.091376
0.942472,-0.100078
0.941911,-0.108781
0.941423,-0.117483
0.941007,-0.126186
0.940663,-0.134888
0.940390,-0.143591
0.940190,-0.152293
0.940061,-0.160996
0.940003,-0.169698
0.940017,-0.178401
0.940103,-0.187103
0.940261,-0.195806
0.940490,-0.204508
0.940791,-0.213211
0.941164,-0.221913
0.941608,-0.230616
0.942125,-0.239318
0.942715,-0.248021
0.943377,-0.256723
0.944112,-0.265425
0.944920,-0.274128
0.945801,-0.282830
0.987044,-0.291533
0.988118,-0.300235
0.989269,-0.308938
0.990498,-0.317640
0.991806,-0.326343
0.993193,-0.335045
0.994660,-0.343748
1.036869,-0.352450
1.058928,-0.361153
1.060742,-0.369855
1.062644,-0.378558
1.064634,-0.387260
1.066712,-0.395963
1.068881,-0.404665
1.071140,-0.413367
1.073490,-0.422070
1.075933,-0.430772
1.078469,-0.439475
1.081100,-0.448177
1.083827,-0.456880
1.086650,-0.465582
1.089571,-0.474285
1.092591,-0.482987
1.095712,-0.491690
1.141201,-0.500392
1.144655,-0.509095
1.148217,-0.517797
1.151890,-0.526500
1.155674,-0.535202
1.159572,-0.543905
1.163586,-0.552607
1.189340,-0.561310
1.237075,-0.570012
1.241688,-0.578714
1.246431,-0.587417
1.251306,-0.596119
1.300396,-0.604822
1.327854,-0.613524
1.333417,-0.622227
1.339130,-0.630929
1.344994,-0.639632
1.396048,-0.648334
1.402431,-0.657037
1.477158,-0.665739
1.681846,-0.674442
4.671868,-0.744061
4.611878,-0.752764
4.550893,-0.761466
4.488902,-0.770169
4.425888,-0.778871
4.361837,-0.787574
4.321405,-0.796276
4.255381,-0.804979
4.238250,-0.813681
4.192854,-0.822384
4.170470,-0.831086
4.173602,-0.839789
4.151417,-0.848491
4.129236,-0.857194
4.107052,-0.865896
4.032372,-0.874599
3.983326,-0.883301
3.960481,-0.892003
3.964436,-0.900706
3.941696,-0.909408
3.918894,-0.918111
3.868517,-0.926813
3.817600,-0.935516
3.822052,-0.944218
3.770455,-0.952921
3.762396,-0.961623
3.732253,-0.970326
3.701041,-0.979028
3.670623,-0.987731
3.640976,-0.996433
3.612077,-1.005136
3.583904,-1.013838
3.556436,-1.022541
3.556013,-1.031243
3.555866,-1.039946
3.555990,-1.048648
3.556380,-1.057350
3.557034,-1.066053
3.557948,-1.074755
3.584379,-1.083458
3.585635,-1.092160
3.612075,-1.100863
3.627412,-1.109565
3.684271,-1.118268
3.732807,-1.126970
3.768753,-1.135673
3.795629,-1.144375
3.787769,-1.153078
3.841970,-1.161780
3.910566,-1.170483
3.944008,-1.179185
4.017039,-1.187888
4.194259,-1.196590
4.255397,-1.205293
4.311566,-1.213995
4.376569,-1.222697
4.438488,-1.231400
4.507778,-1.240102
4.712069,-1.248805
4.785507,-1.257507
4.861088,-1.266210
4.920719,-1.274912
5.042295,-1.283615
