scan.pos:-2.110859,-3.719670,0.8352502.332063,1.562094
2.350716,1.553391
2.369852,1.544689
2.389486,1.535986
2.409633,1.527284
2.430309,1.518581
2.443728,1.509879
2.466327,1.501177
2.489008,1.492474
2.513411,1.483772
2.536796,1.475069
2.562929,1.466367
2.587086,1.457664
2.611404,1.448962
2.640030,1.440259
2.638983,1.431557
2.695796,1.422854
2.721959,1.414152
2.748377,1.405449
2.756288,1.396747
2.809311,1.388044
2.837149,1.379342
2.873675,1.370639
2.902770,1.361937
2.932258,1.353234
2.972202,1.344532
3.003129,1.335830
3.058761,1.327127
3.102345,1.318425
3.135264,1.309722
6.560152,1.144375
6.513396,1.135673
6.402372,1.126970
6.357525,1.118268
6.335029,1.109565
6.313171,1.100863
6.291942,1.092160
6.271330,1.083458
6.251328,1.074755
6.231925,1.066053
6.213115,1.057350
6.194888,1.048648
6.177237,1.039945
6.160154,1.031243
6.143631,1.022541
6.127663,1.013838
6.112241,1.005136
6.097360,0.996433
6.083014,0.987731
6.089840,0.979028
6.076500,0.970326
6.063679,0.961623
6.092400,0.952921
6.080521,0.944218
6.110022,0.935516
6.099081,0.926813
6.088641,0.918111
6.078699,0.909408
6.069252,0.900706
6.080564,0.892003
6.112547,0.883301
6.165123,0.874598
6.218033,0.865896
6.372118,0.857194
6.788215,0.848491
7.264327,0.839789
7.667804,0.596119
7.656883,0.587417
7.666749,0.578714
7.636711,0.570012
7.647744,0.561309
7.659393,0.552607
7.671663,0.543905
7.684558,0.535202
7.698085,0.526500
7.712247,0.517797
5.185416,0.509095
5.036147,0.500392
4.927614,0.491690
4.682898,0.482987
4.506921,0.474285
4.164280,0.465582
4.070451,0.456880
3.955652,0.448177
3.882323,0.439475
3.829836,0.430772
3.798345,0.422070
3.788016,0.413367
3.756809,0.404665
3.704535,0.395962
3.715933,0.387260
3.685080,0.378558
3.675683,0.369855
3.687948,0.361153
3.679061,0.352450
3.670393,0.343748
3.683615,0.335045
3.697215,0.326343
3.711199,0.317640
3.725574,0.308938
3.740347,0.300235
3.755525,0.291533
3.771115,0.282830
3.787124,0.274128
3.803561,0.265425
3.820433,0.256723
3.837750,0.248020
3.855519,0.239318
3.873749,0.230615
3.892451,0.221913
3.911633,0.213211
3.931306,0.204508
3.951481,0.195806
3.972167,0.187103
3.993378,0.178401
3.991502,0.169698
4.013664,0.160996
4.036382,0.152293
4.059669,0.143591
4.083540,0.134888
4.088880,0.126186
4.133087,0.117483
4.158793,0.108781
4.185142,0.100078
4.212149,0.091376
4.239832,0.082673
4.268209,0.073971
4.297297,0.065269
4.327117,0.056566
4.357687,0.047864
4.389030,0.039161
4.421165,0.030459
1.474242,0.021756
1.447759,0.013054
1.417866,0.004351
1.391718,-0.004351
1.392649,-0.013054
1.364648,-0.021756
1.366478,-0.030459
1.339900,-0.039161
1.342604,-0.047864
1.341357,-0.056566
1.329861,-0.065269
1.318660,-0.073971
1.307744,-0.082674
1.297106,-0.091376
1.286736,-0.100078
1.276628,-0.108781
1.266773,-0.117483
1.257163,-0.126186
1.247793,-0.134888
1.238655,-0.143591
1.229743,-0.152293
1.221051,-0.160996
1.212572,-0.169698
1.204301,-0.178401
1.196233,-0.187103
1.188362,-0.195806
1.180683,-0.204508
1.173192,-0.213211
1.165883,-0.221913
1.158753,-0.230616
1.151796,-0.239318
1.145010,-0.248021
1.138388,-0.256723
1.131929,-0.265425
1.125628,-0.274128
1.119481,-0.282830
1.113486,-0.291533
1.094989,-0.300235
1.089351,-0.308938
1.083853,-0.317640
1.078491,-0.326343
1.073264,-0.335045
1.068168,-0.343748
1.063201,-0.352450
1.058361,-0.361153
1.053643,-0.369855
1.049048,-0.378558
1.044571,-0.387260
1.040212,-0.395963
1.035967,-0.404665
1.031835,-0.413367
1.027814,-0.422070
1.023901,-0.430772
1.020096,-0.439475
1.016396,-0.448177
1.012800,-0.456880
1.009305,-0.465582
1.005911,-0.474285
1.002616,-0.482987
0.999418,-0.491690
0.996316,-0.500392
0.993309,-0.509095
0.990395,-0.517797
0.987573,-0.526500
0.984842,-0.535202
0.982200,-0.543905
0.979647,-0.552607
0.977182,-0.561310
0.974803,-0.570012
0.972509,-0.578714
0.970300,-0.587417
0.968174,-0.596119
0.966132,-0.604822
0.964171,-0.613524
0.962291,-0.622227
0.960491,-0.630929
0.958771,-0.639632
0.957130,-0.648334
0.955567,-0.657037
0.954082,-0.665739
0.952674,-0.674442
0.951342,-0.683144
0.950087,-0.691847
0.948906,-0.700549
0.947801,-0.709252
0.946771,-0.717954
0.945814,-0.726657
0.944932,-0.735359
0.944123,-0.744061
0.943387,-0.752764
0.942724,-0.761466
0.942133,-0.770169
0.941615,-0.778871
0.941169,-0.787574
0.940795,-0.796276
0.940494,-0.804979
0.940263,-0.813681
0.940105,-0.822384
0.940018,-0.831086
0.940003,-0.839789
0.940059,-0.848491
0.940187,-0.857194
0.940387,-0.865896
0.940658,-0.874599
0.941002,-0.883301
0.941417,-0.892003
0.941904,-0.900706
0.942464,-0.909408
0.943096,-0.918111
0.943801,-0.926813
0.944579,-0.935516
0.945430,-0.944218
0.946355,-0.952921
0.947354,-0.961623
0.948427,-0.970326
0.949576,-0.979028
0.950799,-0.987731
0.952098,-0.996433
0.953474,-1.005136
0.954926,-1.013838
0.967505,-1.022541
0.969131,-1.031243
0.970837,-1.039946
0.972623,-1.048648
0.974490,-1.057350
0.976439,-1.066053
0.978470,-1.074755
0.980584,-1.083458
0.982783,-1.092160
0.985067,-1.100863
0.987436,-1.109565
0.989893,-1.118268
0.992438,-1.126970
0.995071,-1.135673
0.997795,-1.144375
1.000611,-1.153078
1.003519,-1.161780
1.006520,-1.170483
1.009617,-1.179185
1.012811,-1.187888
1.016102,-1.196590
1.019492,-1.205293
1.022984,-1.213995
1.026578,-1.222697
1.030276,-1.231400
1.055830,-1.240102
1.059824,-1.248805
1.063929,-1.257507
1.068148,-1.266210
1.072482,-1.274912
1.121304,-1.283615
1.237461,-1.292317
1.242832,-1.301020
1.293296,-1.309722
1.299158,-1.318425
1.327855,-1.327127
7.350421,-1.335830
7.385907,-1.344532
7.422306,-1.353235
7.505890,-1.361937
7.544409,-1.370639
7.583905,-1.379342
7.624401,-1.388044
7.665919,-1.396747
7.708481,-1.405449
7.752112,-1.414152
7.724765,-1.422854
7.622874,-1.431557
7.511109,-1.440259
7.414436,-1.448962
7.329756,-1.457664
7.246117,-1.466367
7.154861,-1.475069
7.065602,-1.483772
6.985734,-1.492474
6.925087,-1.501177
6.828156,-1.509879
6.770208,-1.518582
6.688246,-1.527284
6.612659,-1.535986
6.559506,-1.544689
6.485412,-1.553391
6.435053,-1.562094
6.362227,-1.570796
