scan.pos:5.753371,4.157916,1.9184354.744461,1.283615
4.361130,1.274912
4.318972,1.266210
4.317216,1.257507
4.315790,1.248805
4.314693,1.240102
4.313925,1.231400
4.313486,1.222697
4.313375,1.213995
4.313593,1.205292
4.314140,1.196590
4.315015,1.187888
4.316220,1.179185
4.317754,1.170483
4.319618,1.161780
4.321813,1.153078
4.324340,1.144375
4.327199,1.135673
4.330392,1.126970
4.333921,1.118268
4.337785,1.109565
4.341988,1.100863
4.386837,1.092160
4.391766,1.083458
4.397040,1.074755
4.443117,1.066053
4.449145,1.057350
4.455530,1.048648
4.462273,1.039945
4.489724,1.031243
4.497227,1.022541
4.505098,1.013838
4.513342,1.005136
4.521961,0.996433
4.530958,0.987731
4.540338,0.979028
4.533782,0.970326
4.560260,0.961623
4.570810,0.952921
4.581759,0.944218
4.593112,0.935516
4.604872,0.926813
4.617045,0.918111
4.629636,0.909408
4.621611,0.900706
4.613894,0.892003
4.606483,0.883301
4.620607,0.874598
4.635173,0.865896
4.650186,0.857194
4.665652,0.848491
4.681580,0.839789
4.741141,0.831086
4.758168,0.822384
4.840903,0.813681
7.727157,0.700549
7.602915,0.691847
7.485762,0.683144
7.378057,0.674442
7.273321,0.665739
7.171404,0.657037
7.072169,0.648334
6.975484,0.639632
6.881226,0.630929
6.813426,0.622227
6.723821,0.613524
6.636314,0.604822
6.550806,0.596119
6.467202,0.587417
6.385411,0.578714
6.330418,0.570012
6.252169,0.561309
6.175493,0.552607
6.100314,0.543905
6.052327,0.535202
5.980118,0.526500
5.935345,0.517797
5.865860,0.509095
5.797553,0.500392
5.757102,0.491690
5.691186,0.482987
5.626283,0.474285
5.589722,0.465582
5.526914,0.456880
5.492811,0.448177
5.431921,0.439475
5.397547,0.430772
5.351186,0.422070
5.306016,0.413367
5.262000,0.404665
5.219101,0.395962
5.177288,0.387260
5.136527,0.378558
5.096788,0.369855
5.058042,0.361153
5.020260,0.352450
4.983415,0.343748
4.947480,0.335045
4.912432,0.326343
4.878245,0.317640
4.844898,0.308938
4.812367,0.300235
4.780632,0.291533
4.749672,0.282830
4.719468,0.274128
4.690000,0.265425
4.661251,0.256723
4.633202,0.248020
4.605838,0.239318
4.579142,0.230615
4.553098,0.221913
4.527692,0.213211
4.502909,0.204508
4.478734,0.195806
4.455156,0.187103
4.432160,0.178401
4.409734,0.169698
4.387866,0.160996
4.366546,0.152293
4.345761,0.143591
4.325500,0.134888
4.305755,0.126186
4.286513,0.117483
4.267766,0.108781
4.249505,0.100078
4.231720,0.091376
4.214403,0.082673
4.197546,0.073971
4.181140,0.065269
4.165177,0.056566
4.149652,0.047864
4.134554,0.039161
4.119879,0.030459
4.105620,0.021756
4.091769,0.013054
4.078321,0.004351
4.065269,-0.004351
4.052609,-0.013054
4.040334,-0.021756
4.028439,-0.030459
4.016919,-0.039161
4.005768,-0.047864
3.994983,-0.056566
3.984558,-0.065269
3.974490,-0.073971
3.964773,-0.082674
3.955404,-0.091376
3.946379,-0.100078
3.937695,-0.108781
3.929347,-0.117483
3.921333,-0.126186
3.913648,-0.134888
3.906291,-0.143591
3.899257,-0.152293
3.892545,-0.160996
3.886151,-0.169698
3.880074,-0.178401
3.874309,-0.187103
3.868856,-0.195806
3.863713,-0.204508
3.858876,-0.213211
3.854344,-0.221913
3.850116,-0.230616
3.846190,-0.239318
3.842565,-0.248021
3.839238,-0.256723
3.836209,-0.265425
3.833476,-0.274128
3.831039,-0.282830
3.828896,-0.291533
3.827047,-0.300235
3.825491,-0.308938
3.824227,-0.317640
3.823255,-0.326343
3.822575,-0.335045
3.822186,-0.343748
3.822088,-0.352450
3.822281,-0.361153
3.822765,-0.369855
3.823541,-0.378558
3.824608,-0.387260
3.825967,-0.395963
3.827619,-0.404665
3.829564,-0.413367
3.831803,-0.422070
3.834337,-0.430772
3.837167,-0.439475
3.840293,-0.448177
3.843717,-0.456880
3.847441,-0.465582
3.851466,-0.474285
3.855793,-0.482987
3.860424,-0.491690
3.865361,-0.500392
3.870605,-0.509095
3.876160,-0.517797
3.882026,-0.526500
3.888207,-0.535202
3.894705,-0.543905
3.901522,-0.552607
3.908661,-0.561310
3.916125,-0.570012
3.923917,-0.578714
3.932040,-0.587417
3.940498,-0.596119
3.949293,-0.604822
3.958430,-0.613524
3.967912,-0.622227
3.977743,-0.630929
3.987928,-0.639632
3.998470,-0.648334
4.009374,-0.657037
4.020645,-0.665739
4.032287,-0.674442
4.044306,-0.683144
4.056706,-0.691847
4.069494,-0.700549
4.082675,-0.709252
4.096254,-0.717954
4.110238,-0.726657
4.124632,-0.735359
4.139444,-0.744061
4.154681,-0.752764
4.170349,-0.761466
4.186456,-0.770169
4.203008,-0.778871
4.220015,-0.787574
4.237484,-0.796276
4.255424,-0.804979
4.273843,-0.813681
4.292750,-0.822384
4.312156,-0.831086
4.332069,-0.839789
4.352499,-0.848491
4.394446,-0.857194
4.411998,-0.865896
4.415497,-0.874599
4.369468,-0.883301
4.301952,-0.892003
4.235973,-0.900706
4.171447,-0.909408
4.118628,-0.918111
4.057545,-0.926813
3.997682,-0.935516
3.963120,-0.944218
3.905646,-0.952921
3.863288,-0.961623
3.808554,-0.970326
3.754736,-0.979028
3.726690,-0.987731
3.674716,-0.996433
3.641194,-1.005136
3.591427,-1.013838
3.542339,-1.022541
3.519654,-1.031243
3.492496,-1.039946
3.446095,-1.048648
3.400219,-1.057350
3.381364,-1.066053
3.333236,-1.074755
3.316376,-1.083458
3.273170,-1.092160
3.257707,-1.100863
3.214012,-1.109565
3.172515,-1.118268
3.159367,-1.126970
3.144445,-1.135673
3.117437,-1.144375
3.091122,-1.153078
3.065480,-1.161780
3.040488,-1.170483
3.016129,-1.179185
2.992383,-1.187888
2.969233,-1.196590
2.946660,-1.205293
2.924649,-1.213995
2.903184,-1.222697
2.882250,-1.231400
2.861832,-1.240102
2.841916,-1.248805
2.822489,-1.257507
2.803538,-1.266210
2.785050,-1.274912
2.767013,-1.283615
2.749417,-1.292317
2.732250,-1.301020
2.715502,-1.309722
2.699162,-1.318425
2.683220,-1.327127
2.667668,-1.335830
2.652495,-1.344532
2.637694,-1.353235
2.623256,-1.361937
2.609173,-1.370639
2.595437,-1.379342
2.582040,-1.388044
2.568976,-1.396747
2.556237,-1.405449
2.543816,-1.414152
2.531707,-1.422854
2.519904,-1.431557
2.508400,-1.440259
2.497191,-1.448962
2.486270,-1.457664
2.475631,-1.466367
2.465270,-1.475069
2.455182,-1.483772
2.445361,-1.492474
2.435804,-1.501177
2.426505,-1.509879
2.417459,-1.518582
2.408664,-1.527284
2.400115,-1.535986
2.391808,-1.544689
2.383739,-1.553391
2.375905,-1.562094
2.368301,-1.570796
