scan.pos:5.835134,3.932273,1.9184351.951897,1.562094
2.051850,1.553391
2.151345,1.544689
2.187171,1.535986
4.755745,1.231400
4.435252,1.222697
4.395139,1.213995
4.395360,1.205292
4.395917,1.196590
4.396810,1.187888
4.398037,1.179185
4.399600,1.170483
4.401499,1.161780
4.403736,1.153078
4.406311,1.144375
4.409225,1.135673
4.412478,1.126970
4.416073,1.118268
4.420011,1.109565
4.424293,1.100863
4.428921,1.092160
4.433897,1.083458
4.439222,1.074755
4.444900,1.066053
4.450931,1.057350
4.457318,1.048648
4.504691,1.039945
4.511863,1.031243
4.560163,1.022541
4.568145,1.013838
4.576504,1.005136
4.585243,0.996433
4.594367,0.987731
4.624453,0.979028
4.634400,0.970326
4.644744,0.961623
4.655490,0.952921
4.666642,0.944218
4.678205,0.935516
4.690182,0.926813
4.702581,0.918111
4.715405,0.909408
4.728661,0.900706
4.742353,0.892003
4.756489,0.883301
4.771073,0.874598
4.764818,0.865896
4.780250,0.857194
4.753280,0.848491
4.769507,0.839789
4.786211,0.831086
4.803399,0.822384
4.821079,0.813681
4.839260,0.804979
4.857950,0.796276
4.943138,0.787574
5.007304,0.778871
7.703864,0.665739
7.606353,0.657037
7.505702,0.648334
7.407722,0.639632
7.300136,0.630929
7.207734,0.622227
7.117632,0.613524
7.019366,0.604822
6.934129,0.596119
6.866414,0.587417
6.785780,0.578714
6.698853,0.570012
6.622297,0.561309
6.540364,0.552607
6.467548,0.543905
6.396223,0.535202
6.352273,0.526500
6.283922,0.517797
6.216875,0.509095
6.151072,0.500392
6.086456,0.491690
6.022974,0.482987
5.960571,0.474285
5.899197,0.465582
5.866412,0.456880
5.807181,0.448177
5.748840,0.439475
5.716200,0.430772
5.667102,0.422070
5.619266,0.413367
5.572650,0.404665
5.527220,0.395962
5.482938,0.387260
5.439771,0.378558
5.397686,0.369855
5.356652,0.361153
5.316639,0.352450
5.277619,0.343748
5.239563,0.335045
5.202446,0.326343
5.166241,0.317640
5.130925,0.308938
5.096473,0.300235
5.062865,0.291533
5.030077,0.282830
4.998089,0.274128
4.966882,0.265425
4.936435,0.256723
4.906731,0.248020
4.877751,0.239318
4.849479,0.230615
4.821898,0.221913
4.794992,0.213211
4.768745,0.204508
4.743144,0.195806
4.718173,0.187103
4.693820,0.178401
4.670070,0.169698
4.646912,0.160996
4.624332,0.152293
4.602320,0.143591
4.580863,0.134888
4.559952,0.126186
4.539575,0.117483
4.519721,0.108781
4.500381,0.100078
4.481547,0.091376
4.463208,0.082673
4.445355,0.073971
4.427980,0.065269
4.411076,0.056566
4.394633,0.047864
4.378645,0.039161
4.363103,0.030459
4.348002,0.021756
4.333333,0.013054
4.319091,0.004351
4.305270,-0.004351
4.291862,-0.013054
4.278862,-0.021756
4.266264,-0.030459
4.254064,-0.039161
4.242256,-0.047864
4.230834,-0.056566
4.219793,-0.065269
4.209130,-0.073971
4.198840,-0.082674
4.188918,-0.091376
4.179360,-0.100078
4.170163,-0.108781
4.161323,-0.117483
4.152835,-0.126186
4.144697,-0.134888
4.136905,-0.143591
4.129457,-0.152293
4.122348,-0.160996
4.115577,-0.169698
4.109140,-0.178401
4.103035,-0.187103
4.097260,-0.195806
4.091813,-0.204508
4.086691,-0.213211
4.081892,-0.221913
4.077415,-0.230616
4.073256,-0.239318
4.069417,-0.248021
4.065894,-0.256723
4.062685,-0.265425
4.059792,-0.274128
4.057210,-0.282830
4.054941,-0.291533
4.052983,-0.300235
4.051335,-0.308938
4.049997,-0.317640
4.048967,-0.326343
4.048247,-0.335045
4.047835,-0.343748
4.047731,-0.352450
4.047935,-0.361153
4.048449,-0.369855
4.049270,-0.378558
4.050400,-0.387260
4.051840,-0.395963
4.053589,-0.404665
4.055649,-0.413367
4.058020,-0.422070
4.060704,-0.430772
4.063700,-0.439475
4.067011,-0.448177
4.070638,-0.456880
4.074581,-0.465582
4.078844,-0.474285
4.083426,-0.482987
4.088330,-0.491690
4.093559,-0.500392
4.099113,-0.509095
4.104995,-0.517797
4.111208,-0.526500
4.117754,-0.535202
4.124635,-0.543905
4.131855,-0.552607
4.139415,-0.561310
4.147320,-0.570012
4.155572,-0.578714
4.164175,-0.587417
4.173131,-0.596119
4.182446,-0.604822
4.192122,-0.613524
4.202164,-0.622227
4.212576,-0.630929
4.223362,-0.639632
4.234526,-0.648334
4.246074,-0.657037
4.258010,-0.665739
4.270340,-0.674442
4.283069,-0.683144
4.296201,-0.691847
4.309744,-0.700549
4.323702,-0.709252
4.338083,-0.717954
4.352892,-0.726657
4.368137,-0.735359
4.383823,-0.744061
4.399960,-0.752764
4.416553,-0.761466
4.433610,-0.770169
4.451140,-0.778871
4.469151,-0.787574
4.487651,-0.796276
4.506650,-0.804979
4.548213,-0.813681
4.560435,-0.822384
4.575654,-0.831086
4.528619,-0.839789
4.459031,-0.848491
4.391279,-0.857194
4.330744,-0.865896
4.267209,-0.874599
4.205210,-0.883301
4.129275,-0.892003
4.070779,-0.900706
4.013567,-0.909408
3.967903,-0.918111
3.913826,-0.926813
3.860830,-0.935516
3.821461,-0.944218
3.771197,-0.952921
3.721841,-0.961623
3.663564,-0.970326
3.616448,-0.979028
3.594996,-0.987731
3.541418,-0.996433
3.497163,-1.005136
3.471933,-1.013838
3.429614,-1.022541
3.387854,-1.031243
3.341179,-1.039946
3.327090,-1.048648
3.283099,-1.057350
3.244455,-1.066053
3.206205,-1.074755
3.192374,-1.083458
3.155543,-1.092160
3.117127,-1.100863
3.109001,-1.109565
3.072850,-1.118268
3.038340,-1.126970
3.028980,-1.135673
3.002963,-1.144375
2.977615,-1.153078
2.952914,-1.161780
2.928840,-1.170483
2.905375,-1.179185
2.882501,-1.187888
2.860201,-1.196590
2.838457,-1.205293
2.817255,-1.213995
2.796578,-1.222697
2.776412,-1.231400
2.756744,-1.240102
2.737560,-1.248805
2.718846,-1.257507
2.700590,-1.266210
2.682781,-1.274912
2.665407,-1.283615
2.648457,-1.292317
2.631920,-1.301020
2.615787,-1.309722
2.600047,-1.318425
2.584691,-1.327127
2.569710,-1.335830
2.555094,-1.344532
2.540837,-1.353235
2.526929,-1.361937
2.513363,-1.370639
2.500131,-1.379342
2.487226,-1.388044
2.474642,-1.396747
2.462370,-1.405449
2.450406,-1.414152
2.438741,-1.422854
2.427372,-1.431557
2.416291,-1.440259
2.405493,-1.448962
2.394973,-1.457664
2.384725,-1.466367
2.374744,-1.475069
2.365026,-1.483772
2.355567,-1.492474
2.346360,-1.501177
2.337402,-1.509879
2.328689,-1.518582
2.320217,-1.527284
2.311982,-1.535986
2.303980,-1.544689
2.296207,-1.553391
2.288660,-1.562094
2.281336,-1.570796
