scan.pos:5.044759,6.113490,1.9184353.876662,1.562094
3.907001,1.553391
3.895167,1.544689
3.883700,1.535986
3.872593,1.527284
3.861844,1.518581
3.872350,1.509879
3.862246,1.501177
3.852486,1.492474
3.843068,1.483772
3.833987,1.475069
3.825239,1.466367
3.816821,1.457664
3.808729,1.448962
3.800961,1.440259
3.793513,1.431557
3.786381,1.422854
3.779563,1.414152
3.773057,1.405449
3.766860,1.396747
3.760968,1.388044
3.755381,1.379342
3.750096,1.370639
3.724892,1.361937
3.720229,1.353234
3.675523,1.344532
3.671491,1.335830
3.667747,1.327127
3.664289,1.318425
3.661117,1.309722
3.658228,1.301020
3.655622,1.292317
3.653298,1.283615
3.651255,1.274912
3.689543,1.266210
3.688043,1.257507
3.706836,1.248805
3.745906,1.240102
3.745240,1.231400
3.844861,1.222697
3.844763,1.213995
4.004965,1.205292
4.085487,1.196590
4.226369,1.187888
4.347628,1.179185
4.489316,1.170483
7.636314,0.970326
7.381374,0.961623
7.145489,0.952921
6.918004,0.944218
6.721843,0.935516
6.514452,0.926813
6.331330,0.918111
6.163589,0.909408
5.982038,0.900706
5.828631,0.892003
5.682553,0.883301
5.542003,0.874598
5.406551,0.865896
5.283005,0.857194
5.179551,0.848491
5.037203,0.839789
4.931522,0.831086
4.840724,0.822384
4.731478,0.813681
4.646967,0.804979
4.560132,0.796276
4.460313,0.787574
4.384893,0.778871
4.309844,0.770169
4.217712,0.761466
4.149793,0.752764
4.084788,0.744061
3.998969,0.735359
3.937293,0.726656
3.877198,0.717954
3.818598,0.709251
3.761406,0.700549
3.705545,0.691847
3.650940,0.683144
3.597521,0.674442
3.545222,0.665739
3.493981,0.657037
3.443739,0.648334
3.394440,0.639632
3.346030,0.630929
3.322606,0.622227
3.275970,0.613524
3.230082,0.604822
3.184898,0.596119
3.165123,0.587417
3.121382,0.578714
3.078227,0.570012
3.035621,0.561309
3.018937,0.552607
2.977497,0.543905
2.936506,0.535202
2.921881,0.526500
2.881879,0.517797
2.842234,0.509095
2.829449,0.500392
2.790633,0.491690
2.779038,0.482987
2.740956,0.474285
2.730479,0.465582
2.693040,0.456880
2.655775,0.448177
2.646736,0.439475
2.635886,0.430772
2.613245,0.422070
2.591187,0.413367
2.569691,0.404665
2.548742,0.395962
2.528322,0.387260
2.508417,0.378558
2.489011,0.369855
2.470089,0.361153
2.451638,0.352450
2.433645,0.343748
2.416096,0.335045
2.398980,0.326343
2.382285,0.317640
2.366000,0.308938
2.350114,0.300235
2.334616,0.291533
2.319497,0.282830
2.304746,0.274128
2.290356,0.265425
2.276316,0.256723
2.262619,0.248020
2.249256,0.239318
2.236218,0.230615
2.223500,0.221913
2.211093,0.213211
2.198990,0.204508
2.187185,0.195806
2.175670,0.187103
2.164440,0.178401
2.153488,0.169698
2.142810,0.160996
2.132398,0.152293
2.122247,0.143591
2.112353,0.134888
2.102710,0.126186
2.093313,0.117483
2.084159,0.108781
2.075241,0.100078
2.066556,0.091376
2.058099,0.082673
2.049866,0.073971
2.041855,0.065269
2.034060,0.056566
2.026477,0.047864
2.019105,0.039161
2.011938,0.030459
2.004975,0.021756
1.998211,0.013054
1.991643,0.004351
1.985270,-0.004351
1.979087,-0.013054
1.973092,-0.021756
1.967283,-0.030459
1.961658,-0.039161
1.956212,-0.047864
1.950945,-0.056566
1.945854,-0.065269
1.940937,-0.073971
1.936192,-0.082674
1.931617,-0.091376
1.927210,-0.100078
1.922969,-0.108781
1.918892,-0.117483
1.914978,-0.126186
1.911225,-0.134888
1.907632,-0.143591
1.904198,-0.152293
1.900920,-0.160996
1.897797,-0.169698
1.894829,-0.178401
1.892014,-0.187103
1.889351,-0.195806
1.886839,-0.204508
1.884477,-0.213211
1.882264,-0.221913
1.880200,-0.230616
1.878283,-0.239318
1.876512,-0.248021
1.874887,-0.256723
1.873408,-0.265425
1.872073,-0.274128
1.870883,-0.282830
1.869837,-0.291533
1.868934,-0.300235
1.868174,-0.308938
1.867557,-0.317640
1.867082,-0.326343
1.866750,-0.335045
1.866560,-0.343748
1.866512,-0.352450
1.866606,-0.361153
1.866843,-0.369855
1.867222,-0.378558
1.867743,-0.387260
1.868407,-0.395963
1.869213,-0.404665
1.870163,-0.413367
1.871257,-0.422070
1.872494,-0.430772
1.873876,-0.439475
1.875403,-0.448177
1.877075,-0.456880
1.878893,-0.465582
1.880859,-0.474285
1.882972,-0.482987
1.885233,-0.491690
1.887644,-0.500392
1.890206,-0.509095
1.892918,-0.517797
1.895783,-0.526500
1.898801,-0.535202
1.901975,-0.543905
1.905304,-0.552607
1.908790,-0.561310
1.912435,-0.570012
1.916240,-0.578714
1.920207,-0.587417
1.924337,-0.596119
1.928633,-0.604822
1.933095,-0.613524
1.937725,-0.622227
1.942526,-0.630929
1.947500,-0.639632
1.952648,-0.648334
1.957973,-0.657037
1.963477,-0.665739
1.969163,-0.674442
1.975032,-0.683144
1.981088,-0.691847
1.987333,-0.700549
1.993769,-0.709252
2.000401,-0.717954
2.007230,-0.726657
2.014259,-0.735359
2.021493,-0.744061
2.028934,-0.752764
2.036585,-0.761466
2.044451,-0.770169
2.052534,-0.778871
2.060839,-0.787574
2.069370,-0.796276
2.078131,-0.804979
2.087126,-0.813681
2.096359,-0.822384
2.105836,-0.831086
2.115561,-0.839789
2.125538,-0.848491
2.135773,-0.857194
2.146272,-0.865896
2.157039,-0.874599
2.168082,-0.883301
2.179404,-0.892003
2.191013,-0.900706
2.202915,-0.909408
2.215117,-0.918111
2.227625,-0.926813
2.240446,-0.935516
2.253589,-0.944218
2.267061,-0.952921
2.280869,-0.961623
2.295023,-0.970326
2.309530,-0.979028
2.324400,-0.987731
2.339642,-0.996433
2.355266,-1.005136
2.371281,-1.013838
2.387699,-1.022541
2.404531,-1.031243
2.421787,-1.039946
2.439479,-1.048648
2.457621,-1.057350
2.476224,-1.066053
2.495303,-1.074755
2.514871,-1.083458
2.534943,-1.092160
2.555534,-1.100863
2.576660,-1.109565
2.598337,-1.118268
2.620584,-1.126970
2.640997,-1.135673
2.649625,-1.144375
2.686629,-1.153078
2.696258,-1.161780
2.733833,-1.170483
2.744524,-1.179185
2.782755,-1.187888
2.794574,-1.196590
2.833551,-1.205293
2.872840,-1.213995
2.886392,-1.222697
2.926579,-1.231400
2.967163,-1.240102
2.982650,-1.248805
3.024300,-1.257507
3.041261,-1.266210
3.084096,-1.274912
3.127492,-1.283615
3.171485,-1.292317
3.216115,-1.301020
3.237032,-1.309722
3.283208,-1.318425
3.330146,-1.327127
3.377891,-1.335830
3.426495,-1.344532
3.452315,-1.353235
3.479357,-1.361937
3.460797,-1.370639
3.444051,-1.379342
3.403760,-1.388044
3.386538,-1.396747
3.369745,-1.405449
3.353371,-1.414152
3.337409,-1.422854
3.321849,-1.431557
3.306685,-1.440259
3.291908,-1.448962
3.277511,-1.457664
3.263487,-1.466367
3.249829,-1.475069
3.236530,-1.483772
3.223584,-1.492474
3.210985,-1.501177
3.198726,-1.509879
3.186803,-1.518582
3.175209,-1.527284
3.163939,-1.535986
3.152988,-1.544689
3.142351,-1.553391
3.132023,-1.562094
3.122000,-1.570796
