scan.pos:-3.146362,5.726755,-2.6147504.727857,1.562094
4.727179,1.553391
4.726866,1.544689
4.726914,1.535986
4.750011,1.527284
4.750667,1.518581
4.774160,1.509879
4.820190,1.501177
4.888472,1.492474
5.000926,1.483772
5.166586,1.475069
5.259202,1.466367
5.310307,1.457664
5.429775,1.448962
5.529998,1.440259
5.654771,1.431557
5.760871,1.422854
5.827238,1.414152
5.918909,1.405449
6.057307,1.396747
1.458707,1.196590
1.456707,1.187888
1.333587,1.179185
1.271422,1.170483
1.269975,1.161780
1.268627,1.153078
1.267379,1.144375
1.226032,1.135673
1.204932,1.126970
1.204024,1.118268
1.203210,1.109565
1.202487,1.100863
1.161795,1.092160
1.161276,1.083458
1.160845,1.074755
1.160502,1.066053
1.160249,1.057350
1.160083,1.048648
1.120006,1.039945
1.120017,1.031243
1.120113,1.022541
1.120295,1.013838
1.120562,1.005136
1.120914,0.996433
1.121352,0.987731
1.121876,0.979028
1.122486,0.970326
1.123182,0.961623
1.123965,0.952921
1.124835,0.944218
1.125791,0.935516
1.126836,0.926813
1.127968,0.918111
1.129188,0.909408
1.130497,0.900706
1.131896,0.892003
1.133385,0.883301
1.134964,0.874598
1.136634,0.865896
1.138395,0.857194
1.140250,0.848491
1.142197,0.839789
1.144238,0.831086
1.146375,0.822384
1.148606,0.813681
1.150935,0.804979
1.153360,0.796276
1.155885,0.787574
1.158508,0.778871
1.161233,0.770169
1.164059,0.761466
1.166988,0.752764
1.170021,0.744061
1.173159,0.735359
1.176404,0.726656
1.179757,0.717954
1.183220,0.709251
1.186793,0.700549
1.190480,0.691847
1.194280,0.683144
1.198197,0.674442
1.202231,0.665739
1.206384,0.657037
1.210659,0.648334
1.215057,0.639632
1.219580,0.630929
1.224231,0.622227
1.229011,0.613524
1.233923,0.604822
1.238969,0.596119
1.244152,0.587417
1.249474,0.578714
1.254938,0.570012
1.260546,0.561309
1.266301,0.552607
1.317642,0.543905
1.323917,0.535202
1.330354,0.526500
1.336956,0.517797
1.343726,0.509095
1.350669,0.500392
1.357788,0.491690
1.412159,0.482987
1.419900,0.474285
1.427836,0.465582
1.435970,0.456880
1.468381,0.448177
1.477071,0.439475
1.485978,0.430772
1.495107,0.422070
1.504465,0.413367
1.514057,0.404665
1.523888,0.395962
1.533966,0.387260
1.544297,0.378558
1.554886,0.369855
1.565742,0.361153
1.576871,0.352450
1.588282,0.343748
1.599982,0.335045
1.664831,0.326343
1.677537,0.317640
1.690568,0.308938
1.703935,0.300235
1.717646,0.291533
1.731712,0.282830
1.746145,0.274128
1.760956,0.265425
1.776157,0.256723
1.772219,0.248020
1.785010,0.239318
1.797721,0.230615
1.837788,0.221913
1.889596,0.213211
1.905054,0.204508
1.921474,0.195806
1.938868,0.187103
1.961557,0.178401
1.981461,0.169698
1.981737,0.160996
2.036083,0.152293
2.034572,0.143591
2.059971,0.134888
2.093948,0.126186
6.092338,0.117483
6.052498,0.108781
6.013631,0.100078
5.975713,0.091376
5.938718,0.082673
5.902627,0.073971
5.867414,0.065269
5.833062,0.056566
5.799548,0.047864
5.766854,0.039161
5.734960,0.030459
5.703850,0.021756
5.673504,0.013054
5.643908,0.004351
5.615044,-0.004351
5.586897,-0.013054
5.559453,-0.021756
5.532695,-0.030459
5.506612,-0.039161
5.481189,-0.047864
5.456413,-0.056566
5.432271,-0.065269
5.408753,-0.073971
5.385846,-0.082674
5.363539,-0.091376
5.341820,-0.100078
5.320681,-0.108781
5.300110,-0.117483
5.280098,-0.126186
5.260636,-0.134888
5.241715,-0.143591
5.223325,-0.152293
5.205460,-0.160996
5.188109,-0.169698
5.171267,-0.178401
5.154924,-0.187103
5.139075,-0.195806
5.123712,-0.204508
5.108829,-0.213211
5.094419,-0.221913
5.080475,-0.230616
5.066992,-0.239318
5.053965,-0.248021
5.041387,-0.256723
5.029254,-0.265425
5.017560,-0.274128
5.006301,-0.282830
4.995472,-0.291533
4.985068,-0.300235
4.975086,-0.308938
4.965521,-0.317640
4.956370,-0.326343
4.947628,-0.335045
4.939292,-0.343748
4.931360,-0.352450
4.923827,-0.361153
4.916691,-0.369855
4.909949,-0.378558
4.903599,-0.387260
4.897637,-0.395963
4.892062,-0.404665
4.886872,-0.413367
4.882063,-0.422070
4.877636,-0.430772
4.873587,-0.439475
4.869915,-0.448177
4.866620,-0.456880
4.863698,-0.465582
4.861151,-0.474285
4.858976,-0.482987
4.857172,-0.491690
4.855740,-0.500392
4.854678,-0.509095
4.853986,-0.517797
4.853664,-0.526500
4.853711,-0.535202
4.854128,-0.543905
4.854915,-0.552607
4.856072,-0.561310
4.857600,-0.570012
4.859499,-0.578714
4.861769,-0.587417
4.864412,-0.596119
4.867430,-0.604822
4.870821,-0.613524
4.874590,-0.622227
4.878736,-0.630929
4.883261,-0.639632
4.888167,-0.648334
4.893456,-0.657037
4.899130,-0.665739
4.905191,-0.674442
4.911642,-0.683144
4.918484,-0.691847
4.925722,-0.700549
4.933357,-0.709252
4.941392,-0.717954
4.949832,-0.726657
4.958678,-0.735359
4.967936,-0.744061
4.977607,-0.752764
2.569051,-0.761466
2.471487,-0.770169
2.394333,-0.778871
2.317017,-0.787574
2.239520,-0.796276
2.161823,-0.804979
2.104745,-0.813681
2.047536,-0.822384
1.969231,-0.831086
1.932664,-0.839789
1.874971,-0.848491
1.838216,-0.857194
1.780190,-0.865896
1.743203,-0.874599
1.706115,-0.883301
1.647520,-0.892003
1.631599,-0.900706
1.594151,-0.909408
1.556561,-0.918111
1.518821,-0.926813
1.502697,-0.935516
1.464705,-0.944218
1.426531,-0.952921
1.410198,-0.961623
1.371716,-0.970326
1.355237,-0.979028
1.338722,-0.987731
1.299757,-0.996433
1.283056,-1.005136
1.266301,-1.013838
1.249488,-1.022541
1.232612,-1.031243
1.215668,-1.039946
1.198650,-1.048648
1.181552,-1.057350
1.164370,-1.066053
1.147097,-1.074755
1.129727,-1.083458
1.112255,-1.092160
1.094674,-1.100863
1.076978,-1.109565
1.059160,-1.118268
1.041214,-1.126970
1.023132,-1.135673
1.029418,-1.144375
1.011198,-1.153078
0.992824,-1.161780
0.974289,-1.170483
0.980733,-1.179185
0.962021,-1.187888
0.943128,-1.196590
0.949712,-1.205293
0.930613,-1.213995
0.911309,-1.222697
0.918022,-1.231400
0.898480,-1.240102
0.905337,-1.248805
0.885536,-1.257507
0.865491,-1.266210
0.872455,-1.274912
0.852112,-1.283615
0.859214,-1.292317
0.838551,-1.301020
0.845789,-1.309722
0.843914,-1.318425
0.836724,-1.327127
0.829718,-1.335830
0.822890,-1.344532
0.816236,-1.353235
0.809749,-1.361937
0.803425,-1.370639
0.797260,-1.379342
0.817623,-1.388044
0.811566,-1.396747
0.831647,-1.405449
0.825699,-1.414152
0.819898,-1.422854
0.814240,-1.431557
0.808720,-1.440259
0.803335,-1.448962
0.798082,-1.457664
0.792957,-1.466367
0.787957,-1.475069
0.783079,-1.483772
0.778319,-1.492474
0.773676,-1.501177
0.769147,-1.509879
0.764727,-1.518582
0.760416,-1.527284
0.756211,-1.535986
0.752109,-1.544689
0.748107,-1.553391
0.744205,-1.562094
0.740399,-1.570796
