scan.pos:-6.978418,5.848315,2.9684355.907748,1.562094
5.594490,1.553391
5.351025,1.544689
5.120223,1.535986
4.905829,1.527284
4.699734,1.518581
4.522349,1.509879
4.368916,1.501177
4.208583,1.492474
4.074472,1.483772
3.950546,1.475069
3.807958,1.466367
3.690011,1.457664
3.567423,1.448962
3.479344,1.440259
3.394171,1.431557
3.288689,1.422854
3.210408,1.414152
3.134248,1.405449
3.042296,1.396747
2.971439,1.388044
2.908849,1.379342
2.842507,1.370639
2.777422,1.361937
2.703033,1.353234
2.663078,1.344532
2.602484,1.335830
2.557804,1.327127
2.500063,1.318425
2.438541,1.309722
2.405206,1.301020
2.372564,1.292317
2.317053,1.283615
2.286565,1.274912
2.234871,1.266210
2.206268,1.257507
2.155473,1.248805
2.131082,1.240102
2.104497,1.231400
2.060498,1.222697
2.035299,1.213995
1.987181,1.205292
1.970095,1.196590
1.946337,1.187888
1.908516,1.179185
1.885789,1.170483
1.850240,1.161780
1.828424,1.153078
1.819083,1.144375
1.798215,1.135673
1.777423,1.126970
1.746727,1.118268
1.726618,1.109565
1.697707,1.100863
1.678201,1.092160
1.650964,1.083458
1.657339,1.074755
1.631852,1.066053
1.613515,1.057350
1.589523,1.048648
1.566509,1.039945
1.549023,1.031243
1.553855,1.022541
1.536897,1.013838
1.516782,1.005136
1.500111,0.996433
1.481261,0.987731
1.464834,0.979028
1.447200,0.970326
1.458407,0.961623
1.442758,0.952921
1.460088,0.944218
1.447695,0.935516
1.435618,0.926813
1.423848,0.918111
1.412377,0.909408
1.401195,0.900706
1.390293,0.892003
1.379665,0.883301
1.369300,0.874598
1.359194,0.865896
1.349337,0.857194
1.339724,0.848491
1.330347,0.839789
1.321200,0.831086
1.312278,0.822384
1.303574,0.813681
1.295082,0.804979
1.286798,0.796276
1.278716,0.787574
1.270831,0.778871
1.263138,0.770169
1.255633,0.761466
1.248311,0.752764
1.241168,0.744061
1.234199,0.735359
1.227402,0.726656
1.220771,0.717954
1.214303,0.709251
1.207996,0.700549
1.201844,0.691847
1.195846,0.683144
1.189997,0.674442
1.184295,0.665739
1.178736,0.657037
1.173319,0.648334
1.168039,0.639632
1.162895,0.630929
1.157884,0.622227
1.153003,0.613524
1.148251,0.604822
1.143624,0.596119
1.139120,0.587417
1.134739,0.578714
1.130476,0.570012
1.126331,0.561309
1.122301,0.552607
1.118385,0.543905
1.114580,0.535202
1.110886,0.526500
1.107300,0.517797
1.103821,0.509095
1.100448,0.500392
1.097178,0.491690
1.094011,0.482987
1.090945,0.474285
1.087978,0.465582
1.085110,0.456880
1.082339,0.448177
1.079665,0.439475
1.077085,0.430772
1.074600,0.422070
1.072207,0.413367
1.069906,0.404665
1.067696,0.395962
1.065577,0.387260
1.063546,0.378558
1.061604,0.369855
1.059750,0.361153
1.057982,0.352450
1.056301,0.343748
1.054705,0.335045
1.053194,0.326343
1.051768,0.317640
1.050425,0.308938
1.049165,0.300235
1.047988,0.291533
1.046894,0.282830
1.045881,0.274128
1.044950,0.265425
1.044099,0.256723
1.043330,0.248020
1.042641,0.239318
1.042032,0.230615
1.041503,0.221913
1.041054,0.213211
1.040685,0.204508
1.040395,0.195806
1.040184,0.187103
1.040053,0.178401
1.040001,0.169698
1.040028,0.160996
1.040134,0.152293
1.040320,0.143591
1.040585,0.134888
1.040929,0.126186
1.041353,0.117483
1.041857,0.108781
1.042440,0.100078
1.043104,0.091376
1.043848,0.082673
1.044673,0.073971
1.045578,0.065269
1.046566,0.056566
1.047634,0.047864
1.048785,0.039161
1.050019,0.030459
1.051335,0.021756
1.052735,0.013054
1.054220,0.004351
1.055789,-0.004351
1.057443,-0.013054
1.059183,-0.021756
1.061010,-0.030459
1.062924,-0.039161
1.064927,-0.047864
1.067018,-0.056566
1.069200,-0.065269
1.071472,-0.073971
1.073835,-0.082674
1.076292,-0.091376
1.078841,-0.100078
1.081486,-0.108781
1.084226,-0.117483
1.087063,-0.126186
1.089999,-0.134888
1.093033,-0.143591
1.096169,-0.152293
1.099406,-0.160996
1.102746,-0.169698
1.106192,-0.178401
1.109744,-0.187103
1.113404,-0.195806
1.117173,-0.204508
1.121054,-0.213211
1.125048,-0.221913
1.129157,-0.230616
1.133382,-0.239318
1.137726,-0.248021
1.142191,-0.256723
1.146779,-0.265425
1.151491,-0.274128
1.156331,-0.282830
1.161301,-0.291533
1.166403,-0.300235
1.171639,-0.308938
1.177013,-0.317640
1.182527,-0.326343
1.188183,-0.335045
1.193986,-0.343748
1.199937,-0.352450
1.206040,-0.361153
1.212298,-0.369855
1.218715,-0.378558
1.225294,-0.387260
1.232038,-0.395963
1.238952,-0.404665
1.246040,-0.413367
1.253305,-0.422070
1.260752,-0.430772
1.268385,-0.439475
1.276209,-0.448177
1.284228,-0.456880
1.292448,-0.465582
1.300874,-0.474285
1.286320,-0.482987
1.295016,-0.491690
1.303930,-0.500392
1.313069,-0.509095
1.322438,-0.517797
1.332045,-0.526500
1.341894,-0.535202
1.351994,-0.543905
1.362352,-0.552607
1.372975,-0.561310
1.383871,-0.570012
1.395049,-0.578714
1.406517,-0.587417
1.418284,-0.596119
1.430359,-0.604822
1.442752,-0.613524
1.438007,-0.622227
1.458158,-0.630929
1.479568,-0.639632
1.472554,-0.648334
1.495419,-0.657037
1.516271,-0.665739
1.513686,-0.674442
1.535059,-0.683144
1.556355,-0.691847
1.582509,-0.700549
1.578253,-0.709252
1.606056,-0.717954
1.628395,-0.726657
1.650723,-0.735359
1.655378,-0.744061
1.678438,-0.752764
1.710188,-0.761466
1.709142,-0.770169
1.733069,-0.778871
1.767438,-0.787574
1.792130,-0.796276
1.816945,-0.804979
1.830050,-0.813681
1.855921,-0.822384
1.881977,-0.831086
1.898689,-0.839789
1.925962,-0.848491
1.953493,-0.857194
1.997388,-0.865896
2.026213,-0.874599
2.055384,-0.883301
2.080312,-0.892003
2.111138,-0.900706
2.142417,-0.909408
2.194816,-0.918111
2.227939,-0.926813
2.261646,-0.935516
2.296940,-0.944218
2.355132,-0.952921
2.347644,-0.961623
2.363308,-0.970326
2.341396,-0.979028
2.338663,-0.987731
2.337271,-0.996433
2.324390,-1.005136
2.305637,-1.013838
2.310133,-1.022541
2.284553,-1.031243
2.276980,-1.039946
2.269631,-1.048648
2.262500,-1.057350
2.255585,-1.066053
2.248883,-1.074755
2.242391,-1.083458
2.236106,-1.092160
2.230026,-1.100863
2.224147,-1.109565
2.218468,-1.118268
2.212986,-1.126970
2.207699,-1.135673
2.202604,-1.144375
2.197700,-1.153078
2.192984,-1.161780
2.188454,-1.170483
2.184110,-1.179185
2.179948,-1.187888
2.175967,-1.196590
2.172166,-1.205293
2.168543,-1.213995
2.165097,-1.222697
2.161826,-1.231400
2.158729,-1.240102
2.155805,-1.248805
2.153053,-1.257507
2.150471,-1.266210
2.148059,-1.274912
2.145815,-1.283615
2.143739,-1.292317
2.141830,-1.301020
2.140088,-1.309722
2.138510,-1.318425
2.137098,-1.327127
2.135850,-1.335830
2.134767,-1.344532
2.133846,-1.353235
2.133089,-1.361937
2.132495,-1.370639
2.132063,-1.379342
2.131794,-1.388044
2.131687,-1.396747
2.131743,-1.405449
2.131961,-1.414152
2.132341,-1.422854
2.132884,-1.431557
2.133590,-1.440259
2.134459,-1.448962
2.135491,-1.457664
2.136687,-1.466367
2.138047,-1.475069
2.139573,-1.483772
2.141263,-1.492474
2.143119,-1.501177
2.145143,-1.509879
2.147333,-1.518582
2.149692,-1.527284
2.152220,-1.535986
2.154919,-1.544689
2.157789,-1.553391
2.160831,-1.562094
2.164047,-1.570796
