scan.pos:-2.765143,1.384951,1.3852505.326279,1.562094
5.335222,1.553391
5.344602,1.544689
5.354424,1.535986
5.364690,1.527284
5.375407,1.518581
5.386578,1.509879
5.398207,1.501177
5.410299,1.492474
5.422860,1.483772
5.435894,1.475069
5.449406,1.466367
5.463403,1.457664
5.477891,1.448962
5.492875,1.440259
5.508361,1.431557
5.524358,1.422854
5.540870,1.414152
5.557907,1.405449
5.575473,1.396747
5.593579,1.388044
5.612232,1.379342
5.631440,1.370639
5.651211,1.361937
5.671556,1.353234
1.940318,1.344532
1.905555,1.335830
1.871466,1.327127
1.838004,1.318425
1.802209,1.309722
1.770905,1.301020
1.740068,1.292317
1.709664,1.283615
1.680746,1.274912
1.652044,1.266210
1.623658,1.257507
1.595561,1.248805
1.572436,1.240102
1.545699,1.231400
1.519162,1.222697
1.516048,1.213995
1.474651,1.205292
1.449391,1.196590
1.447856,1.187888
1.422928,1.179185
1.409250,1.170483
1.385217,1.161780
1.361223,1.153078
1.350670,1.144375
1.327441,1.135673
1.304199,1.126970
1.305694,1.118268
1.273949,1.109565
1.276390,1.100863
1.253843,1.092160
1.249680,1.083458
1.227673,1.074755
1.205561,1.066053
1.203913,1.057350
1.182261,1.048648
1.186821,1.039945
1.187774,1.031243
1.193334,1.022541
1.172174,1.013838
1.148490,1.005136
1.154864,0.996433
1.133855,0.987731
1.139641,0.979028
1.118929,0.970326
1.121807,0.961623
1.112188,0.952921
1.102816,0.944218
1.093683,0.935516
1.084782,0.926813
1.103176,0.918111
1.121363,0.909408
1.112703,0.900706
1.104258,0.892003
1.096024,0.883301
1.094445,0.874598
1.086567,0.865896
1.078883,0.857194
1.071388,0.848491
1.064077,0.839789
1.056945,0.831086
1.049987,0.822384
1.068038,0.813681
1.085938,0.804979
1.079170,0.796276
1.072567,0.787574
1.066125,0.778871
1.059840,0.770169
1.053708,0.761466
1.047727,0.752764
1.041891,0.744061
1.036199,0.735359
1.030647,0.726656
1.025231,0.717954
1.019950,0.709251
1.014799,0.700549
1.009777,0.691847
1.004880,0.683144
1.000107,0.674442
0.995454,0.665739
0.990919,0.657037
0.986500,0.648334
0.982195,0.639632
0.978001,0.630929
0.973917,0.622227
0.969941,0.613524
0.966070,0.604822
0.962303,0.596119
0.958637,0.587417
0.955073,0.578714
0.973234,0.570012
0.969788,0.561309
0.966440,0.552607
0.963188,0.543905
0.960030,0.535202
0.956966,0.526500
0.953994,0.517797
0.951112,0.509095
0.990467,0.500392
0.987643,0.491690
0.984910,0.482987
0.982266,0.474285
0.979711,0.465582
0.998036,0.456880
0.995604,0.448177
0.993259,0.439475
1.011647,0.430772
1.030029,0.422070
1.027854,0.413367
1.025765,0.404665
1.023763,0.395962
1.021847,0.387260
1.081216,0.378558
1.079363,0.369855
1.077598,0.361153
1.116522,0.352450
1.175683,0.343748
1.234764,0.335045
1.233131,0.326343
1.231597,0.317640
1.230160,0.308938
1.269109,0.300235
1.368446,0.291533
1.487799,0.282830
1.627139,0.274128
1.806519,0.265425
2.005829,0.256723
2.305254,0.248020
2.604501,0.239318
6.262899,0.230615
6.600690,0.221913
6.598559,0.213211
6.596932,0.204508
6.595808,0.195806
6.595186,0.187103
6.595066,0.178401
6.595449,0.169698
6.596334,0.160996
6.597722,0.152293
6.599613,0.143591
6.602008,0.134888
6.604908,0.126186
6.608315,0.117483
6.612228,0.108781
6.616650,0.100078
6.621583,0.091376
6.627028,0.082673
6.632988,0.073971
6.639464,0.065269
6.646460,0.056566
6.653978,0.047864
6.662021,0.039161
6.670591,0.030459
6.679694,0.021756
6.689331,0.013054
6.699507,0.004351
6.710226,-0.004351
6.721492,-0.013054
6.733309,-0.021756
6.745683,-0.030459
6.758617,-0.039161
6.772119,-0.047864
6.786192,-0.056566
6.800843,-0.065269
6.816077,-0.073971
6.831901,-0.082674
6.848321,-0.091376
6.865345,-0.100078
6.882979,-0.108781
6.901231,-0.117483
6.920108,-0.126186
6.939619,-0.134888
6.959772,-0.143591
6.980575,-0.152293
4.929448,-0.160996
4.820425,-0.169698
4.715890,-0.178401
4.701286,-0.187103
4.648107,-0.195806
4.404520,-0.204508
4.314890,-0.213211
4.206637,-0.221913
4.122968,-0.230616
4.042026,-0.239318
3.963634,-0.248021
3.909723,-0.256723
3.813868,-0.265425
3.764483,-0.274128
3.694889,-0.282830
3.627150,-0.291533
3.561154,-0.300235
3.519475,-0.308938
3.456766,-0.317640
3.395509,-0.326343
3.358628,-0.335045
3.300140,-0.343748
3.242864,-0.352450
3.210095,-0.361153
3.155159,-0.369855
3.101235,-0.378558
3.072012,-0.387260
3.020068,-0.395963
3.017008,-0.404665
3.015302,-0.413367
3.014922,-0.422070
3.040296,-0.430772
3.067251,-0.439475
3.071014,-0.448177
3.100944,-0.456880
3.082258,-0.465582
3.089710,-0.474285
3.098366,-0.482987
3.133818,-0.491690
3.139144,-0.500392
3.161711,-0.509095
3.184850,-0.517797
3.208576,-0.526500
3.232906,-0.535202
3.257859,-0.543905
3.283451,-0.552607
3.309702,-0.561310
3.336633,-0.570012
3.364264,-0.578714
3.392617,-0.587417
3.421715,-0.596119
3.446407,-0.604822
3.457315,-0.613524
3.496764,-0.622227
3.536562,-0.630929
3.576741,-0.639632
3.590257,-0.648334
3.631497,-0.657037
3.676814,-0.665739
3.719523,-0.674442
3.736516,-0.683144
3.780520,-0.691847
3.825123,-0.700549
3.870363,-0.709252
3.916276,-0.717954
3.944812,-0.726657
3.992903,-0.735359
4.041793,-0.744061
4.091527,-0.752764
4.142150,-0.761466
4.193714,-0.770169
4.246267,-0.778871
4.311062,-0.787574
4.366361,-0.796276
4.398882,-0.804979
4.456719,-0.813681
4.634248,-0.822384
4.694098,-0.831086
4.778828,-0.839789
4.849602,-0.848491
6.783672,-1.109565
6.684175,-1.118268
6.585663,-1.126970
6.550044,-1.135673
6.535682,-1.144375
6.460207,-1.153078
6.406051,-1.161780
6.332122,-1.170483
6.258956,-1.179185
6.206935,-1.187888
6.155568,-1.196590
6.125173,-1.205293
6.075040,-1.213995
6.045791,-1.222697
6.037328,-1.231400
5.988917,-1.240102
2.205914,-1.248805
2.001675,-1.257507
1.898772,-1.266210
1.896850,-1.274912
1.895076,-1.283615
1.893450,-1.292317
1.831753,-1.301020
1.830462,-1.309722
1.829312,-1.318425
1.828303,-1.327127
1.827433,-1.335830
1.806687,-1.344532
1.806104,-1.353235
1.805658,-1.361937
1.805351,-1.370639
1.805180,-1.379342
1.805148,-1.388044
1.805253,-1.396747
1.805495,-1.405449
1.805875,-1.414152
1.806392,-1.422854
1.807048,-1.431557
1.807842,-1.440259
1.808774,-1.448962
1.809845,-1.457664
1.811056,-1.466367
1.812406,-1.475069
1.813896,-1.483772
1.815527,-1.492474
1.817300,-1.501177
1.819215,-1.509879
1.841451,-1.518582
1.843677,-1.527284
1.846049,-1.535986
1.848568,-1.544689
1.851235,-1.553391
1.854051,-1.562094
1.857018,-1.570796
