scan.pos:-7.166968,6.473165,1.6184350.840954,1.562094
0.840636,1.553391
0.840383,1.544689
0.840193,1.535986
0.840068,1.527284
0.840007,1.518581
0.840009,1.509879
0.840076,1.501177
0.840207,1.492474
0.840401,1.483772
0.840660,1.475069
0.840983,1.466367
0.841370,1.457664
0.841822,1.448962
0.842339,1.440259
0.842920,1.431557
0.843566,1.422854
0.844278,1.414152
0.845056,1.405449
0.845899,1.396747
0.846809,1.388044
0.847785,1.379342
0.848828,1.370639
0.849938,1.361937
0.851117,1.353234
0.852363,1.344532
0.853678,1.335830
0.855063,1.327127
0.856518,1.318425
0.858042,1.309722
0.859638,1.301020
0.861306,1.292317
0.863046,1.283615
0.864859,1.274912
0.866745,1.266210
0.868707,1.257507
0.870743,1.248805
0.872856,1.240102
0.875046,1.231400
0.877314,1.222697
0.879660,1.213995
0.882087,1.205292
0.884595,1.196590
0.887185,1.187888
0.889858,1.179185
0.892615,1.170483
0.895458,1.161780
0.898388,1.153078
0.901405,1.144375
0.904513,1.135673
0.907711,1.126970
0.911001,1.118268
0.914385,1.109565
0.917865,1.100863
0.921441,1.092160
0.925117,1.083458
0.928893,1.074755
0.932771,1.066053
0.936753,1.057350
0.940841,1.048648
0.945038,1.039945
0.949344,1.031243
0.953764,1.022541
0.958297,1.013838
0.962948,1.005136
0.967718,0.996433
0.972610,0.987731
0.977627,0.979028
0.982771,0.970326
0.988045,0.961623
0.993452,0.952921
0.998994,0.944218
1.004676,0.935516
1.010501,0.926813
1.016471,0.918111
1.022591,0.909408
1.028863,0.900706
1.035292,0.892003
1.041882,0.883301
1.048637,0.874598
1.055561,0.865896
1.062658,0.857194
1.069934,0.848491
1.077392,0.839789
1.085038,0.831086
1.092878,0.822384
1.100915,0.813681
1.109158,0.804979
1.117610,0.796276
1.126278,0.787574
1.135169,0.778871
1.144290,0.770169
1.153647,0.761466
1.163247,0.752764
1.173099,0.744061
1.183209,0.735359
1.182371,0.726656
1.200193,0.717954
1.190128,0.709251
1.207769,0.700549
1.217194,0.691847
1.234853,0.683144
1.228784,0.674442
1.246807,0.665739
1.268928,0.657037
1.287147,0.648334
1.279220,0.639632
1.303160,0.630929
1.321692,0.622227
1.321511,0.613524
1.340536,0.604822
1.359469,0.596119
1.386807,0.587417
1.381347,0.578714
1.410393,0.570012
1.430351,0.561309
1.450277,0.552607
1.457358,0.543905
1.478001,0.535202
1.498651,0.526500
1.532537,0.517797
1.553881,0.509095
1.575281,0.500392
1.588549,0.491690
1.610911,0.482987
1.633384,0.474285
1.650251,0.465582
1.696763,0.456880
1.697614,0.448177
1.695760,0.439475
1.720950,0.430772
1.701406,0.422070
1.704608,0.413367
1.687301,0.404665
1.692916,0.395962
1.679676,0.387260
1.665553,0.378558
1.674167,0.369855
1.645995,0.361153
1.639768,0.352450
1.633711,0.343748
1.627822,0.335045
1.622098,0.326343
1.616538,0.317640
1.611137,0.308938
1.605895,0.300235
1.600808,0.291533
1.595874,0.282830
1.591092,0.274128
1.586458,0.265425
1.581971,0.256723
1.577630,0.248020
1.573432,0.239318
1.569375,0.230615
1.565458,0.221913
1.561679,0.213211
1.558037,0.204508
1.554530,0.195806
1.551157,0.187103
1.547915,0.178401
1.544805,0.169698
1.541824,0.160996
1.538972,0.152293
1.536247,0.143591
1.533648,0.134888
1.531174,0.126186
1.528825,0.117483
1.526599,0.108781
1.524495,0.100078
1.522513,0.091376
1.520652,0.082673
1.518911,0.073971
1.517289,0.065269
1.515786,0.056566
1.514401,0.047864
1.513134,0.039161
1.511984,0.030459
1.510950,0.021756
1.510033,0.013054
1.509232,0.004351
1.508547,-0.004351
1.507977,-0.013054
1.507522,-0.021756
1.507182,-0.030459
1.506957,-0.039161
1.506847,-0.047864
1.506852,-0.056566
1.506972,-0.065269
1.507206,-0.073971
1.507555,-0.082674
1.508019,-0.091376
1.508599,-0.100078
1.509293,-0.108781
1.510104,-0.117483
1.511031,-0.126186
1.512073,-0.134888
1.513233,-0.143591
1.514510,-0.152293
1.515904,-0.160996
1.517417,-0.169698
1.519049,-0.178401
1.520800,-0.187103
1.522671,-0.195806
1.524663,-0.204508
1.526777,-0.213211
1.529013,-0.221913
1.531372,-0.230616
1.533856,-0.239318
1.536465,-0.248021
1.539201,-0.256723
1.542063,-0.265425
1.545055,-0.274128
1.548176,-0.282830
1.551428,-0.291533
1.554812,-0.300235
1.558331,-0.308938
1.561984,-0.317640
1.565774,-0.326343
1.569702,-0.335045
1.573771,-0.343748
1.577980,-0.352450
1.582334,-0.361153
1.586832,-0.369855
1.591478,-0.378558
1.596273,-0.387260
1.601219,-0.395963
1.606319,-0.404665
1.611574,-0.413367
1.616987,-0.422070
1.622561,-0.430772
1.628298,-0.439475
1.634201,-0.448177
1.640271,-0.456880
1.646513,-0.465582
1.652929,-0.474285
1.659522,-0.482987
1.666296,-0.491690
1.673252,-0.500392
1.680396,-0.509095
1.687730,-0.517797
1.695257,-0.526500
1.702983,-0.535202
1.710910,-0.543905
1.719043,-0.552607
1.727386,-0.561310
1.735943,-0.570012
1.744718,-0.578714
1.753717,-0.587417
1.762945,-0.596119
1.772405,-0.604822
1.782105,-0.613524
1.792048,-0.622227
1.805744,-0.630929
1.826950,-0.639632
1.824689,-0.648334
1.836498,-0.657037
1.860349,-0.665739
1.860280,-0.674442
1.876442,-0.683144
1.902902,-0.691847
1.897076,-0.700549
1.925401,-0.709252
1.929003,-0.717954
1.747163,-0.726657
1.724999,-0.735359
1.697591,-0.744061
1.675927,-0.752764
1.650014,-0.761466
1.575563,-0.770169
1.553858,-0.778871
1.529364,-0.787574
1.535224,-0.796276
1.512240,-0.804979
1.491344,-0.813681
1.413733,-0.822384
1.420742,-0.831086
1.417392,-0.839789
1.405298,-0.848491
1.393513,-0.857194
1.382028,-0.865896
1.370835,-0.874599
1.359925,-0.883301
1.349289,-0.892003
1.338919,-0.900706
1.328807,-0.909408
1.318947,-0.918111
1.309331,-0.926813
1.299953,-0.935516
1.290805,-0.944218
1.281883,-0.952921
1.273179,-0.961623
1.264688,-0.970326
1.247711,-0.979028
1.239686,-0.987731
1.231857,-0.996433
1.224218,-1.005136
1.216766,-1.013838
1.209496,-1.022541
1.202403,-1.031243
1.195483,-1.039946
1.188732,-1.048648
1.182147,-1.057350
1.175723,-1.066053
1.169458,-1.074755
1.163346,-1.083458
1.157387,-1.092160
1.151575,-1.100863
1.145908,-1.109565
1.140383,-1.118268
1.157696,-1.126970
1.174937,-1.135673
1.169616,-1.144375
1.164431,-1.153078
1.159380,-1.161780
1.154461,-1.170483
1.149670,-1.179185
1.167024,-1.187888
1.184329,-1.196590
1.179741,-1.205293
1.197041,-1.213995
1.192620,-1.222697
1.188321,-1.231400
1.184143,-1.240102
1.180084,-1.248805
1.176141,-1.257507
1.172314,-1.266210
1.168601,-1.274912
1.164999,-1.283615
1.161508,-1.292317
1.158125,-1.301020
1.154850,-1.309722
1.151681,-1.318425
1.148616,-1.327127
1.145655,-1.335830
1.142795,-1.344532
1.181492,-1.353235
1.178737,-1.361937
1.176084,-1.370639
1.173531,-1.379342
1.171079,-1.388044
1.168726,-1.396747
1.166471,-1.405449
1.164313,-1.414152
1.182642,-1.422854
1.180641,-1.431557
1.178737,-1.440259
1.217512,-1.448962
1.215739,-1.457664
1.214064,-1.466367
1.212485,-1.475069
1.211003,-1.483772
1.209616,-1.492474
1.248602,-1.501177
1.247365,-1.509879
1.246226,-1.518582
1.245183,-1.527284
1.264305,-1.535986
1.263441,-1.544689
1.262674,-1.553391
1.262004,-1.562094
1.261431,-1.570796
