scan.pos:-3.803305,5.344622,-2.6147500.856086,1.562094
0.851795,1.553391
0.847611,1.544689
0.843531,1.535986
0.839554,1.527284
0.835678,1.518581
0.831901,1.509879
0.828220,1.501177
0.824634,1.492474
0.821142,1.483772
0.817741,1.475069
0.814430,1.466367
0.811207,1.457664
0.808070,1.448962
0.805019,1.440259
0.802052,1.431557
0.799167,1.422854
0.796364,1.414152
0.793640,1.405449
0.790994,1.396747
0.788427,1.388044
0.785935,1.379342
0.783519,1.370639
0.781176,1.361937
0.778907,1.353234
0.776710,1.344532
0.774584,1.335830
0.772529,1.327127
0.770542,1.318425
0.768625,1.309722
0.766775,1.301020
0.764992,1.292317
0.763275,1.283615
0.761624,1.274912
0.760038,1.266210
0.758516,1.257507
0.757058,1.248805
0.755663,1.240102
0.754330,1.231400
0.753059,1.222697
0.751850,1.213995
0.750701,1.205292
0.749613,1.196590
0.748585,1.187888
0.747617,1.179185
0.746708,1.170483
0.745858,1.161780
0.745067,1.153078
0.744334,1.144375
0.743659,1.135673
0.783206,1.126970
0.782616,1.118268
0.782086,1.109565
0.781617,1.100863
0.781207,1.092160
0.780858,1.083458
0.780568,1.074755
0.780338,1.066053
0.780167,1.057350
0.780056,1.048648
0.780004,1.039945
0.780012,1.031243
0.780079,1.022541
0.780205,1.013838
0.780391,1.005136
0.780637,0.996433
0.780942,0.987731
0.781307,0.979028
0.821820,0.970326
0.822330,0.961623
0.822903,0.952921
0.823540,0.944218
0.824240,0.935516
0.825005,0.926813
0.825833,0.918111
0.826727,0.909408
0.827686,0.900706
0.828710,0.892003
0.829799,0.883301
0.851223,0.874598
0.852475,0.865896
0.853797,0.857194
0.855187,0.848491
0.856648,0.839789
0.858179,0.831086
0.859781,0.822384
0.861455,0.813681
0.863201,0.804979
0.865020,0.796276
0.866914,0.787574
0.868881,0.778871
0.870925,0.770169
0.873044,0.761466
0.875241,0.752764
0.877515,0.744061
0.879869,0.735359
0.882303,0.726656
0.884818,0.717954
0.887415,0.709251
0.890095,0.700549
0.892860,0.691847
0.895710,0.683144
0.898648,0.674442
0.901673,0.665739
0.904788,0.657037
0.907994,0.648334
0.911293,0.639632
0.914685,0.630929
0.918173,0.622227
0.965652,0.613524
0.969511,0.604822
0.973476,0.596119
0.977548,0.587417
0.981730,0.578714
0.986023,0.570012
0.990429,0.561309
0.994951,0.552607
0.999591,0.543905
1.004351,0.535202
1.009234,0.526500
1.014242,0.517797
1.019379,0.509095
1.024646,0.500392
1.030046,0.491690
1.035583,0.482987
1.041260,0.474285
1.047079,0.465582
1.053045,0.456880
1.059160,0.448177
1.065428,0.439475
1.071853,0.430772
1.078438,0.422070
1.085188,0.413367
1.092107,0.404665
1.099198,0.395962
1.106467,0.387260
1.113919,0.378558
1.121557,0.369855
1.135319,0.361153
1.143389,0.352450
1.151663,0.343748
1.160146,0.335045
1.168845,0.326343
1.177766,0.317640
1.186915,0.308938
1.196300,0.300235
1.205926,0.291533
1.215802,0.282830
1.225935,0.274128
1.236333,0.265425
1.247005,0.256723
1.275545,0.248020
1.269757,0.239318
1.293211,0.230615
1.317480,0.221913
1.313085,0.213211
1.338760,0.204508
1.335229,0.195806
5.576429,0.187103
5.534381,0.178401
5.493378,0.169698
5.453390,0.160996
5.414389,0.152293
5.376348,0.143591
5.339242,0.134888
5.303046,0.126186
5.267736,0.117483
5.233289,0.108781
5.199682,0.100078
5.166896,0.091376
5.134909,0.082673
5.103702,0.073971
5.073256,0.065269
5.043553,0.056566
5.014575,0.047864
4.986306,0.039161
4.958730,0.030459
4.931830,0.021756
4.905592,0.013054
4.880002,0.004351
4.855044,-0.004351
4.830707,-0.013054
4.806977,-0.021756
4.783842,-0.030459
4.761288,-0.039161
4.739306,-0.047864
4.717884,-0.056566
4.697010,-0.065269
4.676675,-0.073971
4.656868,-0.082674
4.637580,-0.091376
4.618802,-0.100078
4.600523,-0.108781
4.582736,-0.117483
4.565434,-0.126186
4.548605,-0.134888
4.532245,-0.143591
4.516345,-0.152293
4.500897,-0.160996
4.485895,-0.169698
4.471332,-0.178401
4.457202,-0.187103
4.443498,-0.195806
4.430214,-0.204508
4.417346,-0.213211
4.404885,-0.221913
4.392829,-0.230616
4.381171,-0.239318
4.369907,-0.248021
4.359032,-0.256723
4.348541,-0.265425
4.338430,-0.274128
4.328695,-0.282830
4.319332,-0.291533
4.310336,-0.300235
4.301705,-0.308938
4.293435,-0.317640
4.285522,-0.326343
4.277963,-0.335045
4.270756,-0.343748
4.263897,-0.352450
4.257384,-0.361153
4.251214,-0.369855
4.245385,-0.378558
4.239893,-0.387260
4.234739,-0.395963
4.229918,-0.404665
4.225430,-0.413367
4.221273,-0.422070
4.217444,-0.430772
4.213944,-0.439475
4.210769,-0.448177
4.207920,-0.456880
4.205394,-0.465582
4.203191,-0.474285
4.201310,-0.482987
4.199751,-0.491690
4.198512,-0.500392
4.197594,-0.509095
4.196996,-0.517797
4.196717,-0.526500
4.196758,-0.535202
4.197119,-0.543905
4.197799,-0.552607
4.198800,-0.561310
4.200120,-0.570012
4.201762,-0.578714
4.203725,-0.587417
4.206011,-0.596119
4.208620,-0.604822
4.211553,-0.613524
4.214811,-0.622227
4.218396,-0.630929
4.222308,-0.639632
4.226550,-0.648334
4.231123,-0.657037
4.236030,-0.665739
4.241270,-0.674442
4.246848,-0.683144
4.252764,-0.691847
4.259022,-0.700549
4.265624,-0.709252
4.272572,-0.717954
4.279869,-0.726657
4.287518,-0.735359
4.295522,-0.744061
4.303885,-0.752764
4.312609,-0.761466
4.321699,-0.770169
4.331157,-0.778871
4.340988,-0.787574
4.351196,-0.796276
4.361785,-0.804979
4.372760,-0.813681
4.384124,-0.822384
4.395884,-0.831086
4.408043,-0.839789
4.420608,-0.848491
4.433583,-0.857194
4.446973,-0.865896
4.460786,-0.874599
4.475027,-0.883301
4.489702,-0.892003
4.504817,-0.900706
4.520380,-0.909408
4.536398,-0.918111
4.552878,-0.926813
4.569827,-0.935516
4.587254,-0.944218
4.605165,-0.952921
4.623571,-0.961623
4.642479,-0.970326
4.661900,-0.979028
4.681841,-0.987731
4.702313,-0.996433
4.723327,-1.005136
2.063360,-1.013838
2.051053,-1.022541
2.013627,-1.031243
1.976042,-1.039946
1.944160,-1.048648
1.930219,-1.057350
1.909567,-1.066053
1.872811,-1.074755
1.835807,-1.083458
1.822205,-1.092160
1.784794,-1.100863
1.771030,-1.109565
1.757243,-1.118268
1.719213,-1.126970
1.705220,-1.135673
1.666677,-1.144375
1.652445,-1.153078
1.638160,-1.161780
1.623816,-1.170483
1.609407,-1.179185
1.594929,-1.187888
1.554886,-1.196590
1.540074,-1.205293
1.525171,-1.213995
1.510170,-1.222697
1.495065,-1.231400
1.479849,-1.240102
1.464516,-1.248805
1.449059,-1.257507
1.433469,-1.266210
1.417739,-1.274912
1.429350,-1.283615
1.413546,-1.292317
1.397584,-1.301020
1.381455,-1.309722
1.378393,-1.318425
1.366649,-1.327127
1.355205,-1.335830
1.344054,-1.344532
1.333185,-1.353235
1.322590,-1.361937
1.312262,-1.370639
1.302192,-1.379342
1.292373,-1.388044
1.282798,-1.396747
1.273460,-1.405449
1.264352,-1.414152
1.255469,-1.422854
1.246804,-1.431557
1.238352,-1.440259
1.230106,-1.448962
1.222062,-1.457664
1.214215,-1.466367
1.206558,-1.475069
1.199089,-1.483772
1.191802,-1.492474
1.184692,-1.501177
1.177756,-1.509879
1.170989,-1.518582
1.164388,-1.527284
1.157948,-1.535986
1.151667,-1.544689
1.145540,-1.553391
1.139564,-1.562094
1.133736,-1.570796
