scan.pos:-2.699154,0.955526,1.7352505.373343,1.562094
5.365777,1.553391
5.358639,1.544689
5.351928,1.535986
5.345639,1.527284
5.339772,1.518581
5.334323,1.509879
5.329291,1.501177
5.324674,1.492474
5.320469,1.483772
5.316676,1.475069
5.313292,1.466367
5.310317,1.457664
5.307749,1.448962
5.305587,1.440259
5.303831,1.431557
5.302480,1.422854
5.301533,1.414152
5.300990,1.405449
5.300850,1.396747
5.301115,1.388044
5.301783,1.379342
5.302855,1.370639
5.304332,1.361937
5.306214,1.353234
5.308501,1.344532
5.311195,1.335830
5.314297,1.327127
5.317808,1.318425
5.321729,1.309722
5.326061,1.301020
5.330807,1.292317
5.335968,1.283615
5.341546,1.274912
5.347544,1.266210
5.353963,1.257507
5.360806,1.248805
5.368076,1.240102
5.375776,1.231400
5.383909,1.222697
5.392477,1.213995
5.401485,1.205292
5.410936,1.196590
5.420833,1.187888
5.431181,1.179185
5.441984,1.170483
5.453246,1.161780
5.464972,1.153078
5.477166,1.144375
5.489834,1.135673
5.502981,1.126970
5.516612,1.118268
5.530732,1.109565
5.545349,1.100863
5.560468,1.092160
5.576095,1.083458
5.592237,1.074755
5.608902,1.066053
5.626095,1.057350
5.643826,1.048648
5.662101,1.039945
5.680929,1.031243
5.700318,1.022541
5.720277,1.013838
5.740816,1.005136
5.761942,0.996433
5.783667,0.987731
5.806000,0.979028
5.828951,0.970326
5.852533,0.961623
5.876755,0.952921
5.901630,0.944218
5.927170,0.935516
5.953387,0.926813
5.980294,0.918111
6.007905,0.909408
6.036235,0.900706
6.065297,0.892003
6.095106,0.883301
6.125679,0.874598
6.157031,0.865896
6.189179,0.857194
6.222142,0.848491
2.285254,0.839789
2.227825,0.831086
2.194404,0.822384
2.161357,0.813681
2.128656,0.804979
2.096275,0.796276
2.088624,0.787574
2.056952,0.778871
2.025527,0.770169
1.994324,0.761466
1.988387,0.752764
1.957726,0.744061
1.927222,0.735359
1.922437,0.726656
1.892365,0.717954
1.888339,0.709251
1.858632,0.700549
1.828988,0.691847
1.825917,0.683144
1.796541,0.674442
1.767173,0.665739
1.764953,0.657037
1.735761,0.648334
1.734130,0.639632
1.705059,0.630929
1.703986,0.622227
1.701084,0.613524
1.686471,0.604822
1.672233,0.596119
1.658358,0.587417
1.644837,0.578714
1.631657,0.570012
1.618809,0.561309
1.606283,0.552607
1.594070,0.543905
1.582161,0.535202
1.570548,0.526500
1.559221,0.517797
1.548174,0.509095
1.562926,0.500392
1.552240,0.491690
1.541816,0.482987
1.531647,0.474285
1.521727,0.465582
1.512048,0.456880
1.502606,0.448177
1.493393,0.439475
1.484406,0.430772
1.475637,0.422070
1.467083,0.413367
1.458737,0.404665
1.497983,0.395962
1.489782,0.387260
1.481783,0.378558
1.473981,0.369855
1.466371,0.361153
1.458951,0.352450
1.451714,0.343748
1.444659,0.335045
1.483264,0.326343
1.476347,0.317640
1.469607,0.308938
1.463038,0.300235
1.456638,0.291533
1.450404,0.282830
1.444333,0.274128
1.438421,0.265425
1.432667,0.256723
1.427066,0.248020
1.421617,0.239318
1.416317,0.230615
1.411163,0.221913
1.406153,0.213211
1.401285,0.204508
1.396557,0.195806
1.391966,0.187103
1.387510,0.178401
1.383188,0.169698
1.378997,0.160996
1.396017,0.152293
1.392024,0.143591
1.388159,0.134888
1.384420,0.126186
1.380806,0.117483
1.418912,0.108781
1.415442,0.100078
1.412097,0.091376
1.408874,0.082673
1.426378,0.073971
1.423353,0.065269
1.420449,0.056566
1.458623,0.047864
1.455880,0.039161
1.453258,0.030459
1.511862,0.021756
1.509378,0.013054
1.507016,0.004351
1.545323,-0.004351
1.664617,-0.013054
1.662403,-0.021756
1.660321,-0.030459
1.658370,-0.039161
1.878165,-0.047864
1.997007,-0.056566
2.095659,-0.065269
2.455462,-0.073971
2.634189,-0.082674
2.893088,-0.091376
3.151857,-0.100078
6.596238,-0.108781
7.033622,-0.117483
7.030757,-0.126186
7.028430,-0.134888
7.026639,-0.143591
7.025384,-0.152293
7.024665,-0.160996
7.024480,-0.169698
7.024830,-0.178401
7.025716,-0.187103
7.027137,-0.195806
7.029094,-0.204508
7.031588,-0.213211
7.034619,-0.221913
7.038189,-0.230616
7.042299,-0.239318
7.046951,-0.248021
7.052147,-0.256723
7.057888,-0.265425
7.064177,-0.274128
7.071016,-0.282830
7.078408,-0.291533
7.086356,-0.300235
7.094862,-0.308938
7.103931,-0.317640
7.113565,-0.326343
7.123769,-0.335045
7.134546,-0.343748
7.145900,-0.352450
7.157837,-0.361153
7.170361,-0.369855
7.183476,-0.378558
7.197189,-0.387260
7.211505,-0.395963
7.226429,-0.404665
7.241967,-0.413367
7.258127,-0.422070
7.274914,-0.430772
7.292335,-0.439475
7.310398,-0.448177
7.329111,-0.456880
7.348480,-0.465582
5.270246,-0.474285
5.113759,-0.482987
5.068579,-0.491690
5.054088,-0.500392
4.747442,-0.509095
4.636175,-0.517797
4.529460,-0.526500
4.426965,-0.535202
4.263237,-0.543905
4.223405,-0.552607
4.133135,-0.561310
4.045979,-0.570012
3.983553,-0.578714
3.902106,-0.587417
3.819100,-0.596119
3.743651,-0.604822
3.692573,-0.613524
3.589927,-0.622227
3.552315,-0.630929
3.484970,-0.639632
3.421257,-0.648334
3.380806,-0.657037
3.342055,-0.665739
3.350690,-0.674442
3.361320,-0.683144
3.357095,-0.691847
3.395498,-0.700549
3.412626,-0.709252
3.408077,-0.717954
3.381437,-0.726657
3.399307,-0.735359
3.418499,-0.744061
3.438172,-0.752764
3.458338,-0.761466
3.479008,-0.770169
3.500195,-0.778871
3.521911,-0.787574
3.544170,-0.796276
3.566986,-0.804979
3.590373,-0.813681
3.614345,-0.822384
3.638918,-0.831086
3.664109,-0.839789
3.689934,-0.848491
3.716411,-0.857194
3.743557,-0.865896
3.771392,-0.874599
3.799936,-0.883301
3.829209,-0.892003
3.859233,-0.900706
3.890030,-0.909408
3.921623,-0.918111
3.954038,-0.926813
3.987299,-0.935516
4.021433,-0.944218
4.052795,-0.952921
4.093064,-0.961623
4.106030,-0.970326
4.147489,-0.979028
4.189467,-0.987731
4.231998,-0.996433
4.275113,-1.005136
4.318846,-1.013838
4.363230,-1.022541
4.408303,-1.031243
4.454100,-1.039946
4.500659,-1.048648
4.548021,-1.057350
4.596225,-1.066053
4.645315,-1.074755
4.695334,-1.083458
4.846398,-1.092160
4.897769,-1.100863
4.974928,-1.109565
5.023763,-1.118268
2.041318,-1.388044
1.928925,-1.396747
1.923081,-1.405449
1.854177,-1.414152
1.848873,-1.422854
1.843740,-1.431557
1.838774,-1.440259
1.833975,-1.448962
1.808541,-1.457664
1.804119,-1.466367
1.799854,-1.475069
1.795747,-1.483772
1.791793,-1.492474
1.787994,-1.501177
1.784346,-1.509879
1.780848,-1.518582
1.777499,-1.527284
1.774297,-1.535986
1.771241,-1.544689
1.768331,-1.553391
1.765564,-1.562094
1.762940,-1.570796
