scan.pos:-7.144110,5.993709,1.6184350.860977,1.562094
0.860651,1.553391
0.860392,1.544689
0.860198,1.535986
0.860070,1.527284
0.860007,1.518581
0.860010,1.509879
0.860078,1.501177
0.860211,1.492474
0.860411,1.483772
0.860676,1.475069
0.861006,1.466367
0.861403,1.457664
0.861866,1.448962
0.862394,1.440259
0.862990,1.431557
0.863651,1.422854
0.864380,1.414152
0.865176,1.405449
0.866039,1.396747
0.866971,1.388044
0.867970,1.379342
0.869038,1.370639
0.870175,1.361937
0.871381,1.353234
0.872658,1.344532
0.874004,1.335830
0.875422,1.327127
0.876911,1.318425
0.878472,1.309722
0.880106,1.301020
0.881813,1.292317
0.883594,1.283615
0.885450,1.274912
0.887382,1.266210
0.889390,1.257507
0.891475,1.248805
0.893638,1.240102
0.895880,1.231400
0.898202,1.222697
0.900605,1.213995
0.903089,1.205292
0.905657,1.196590
0.908308,1.187888
0.911045,1.179185
0.913868,1.170483
0.916778,1.161780
0.919778,1.153078
0.922867,1.144375
0.926049,1.135673
0.929323,1.126970
0.932692,1.118268
0.936156,1.109565
0.939719,1.100863
0.943381,1.092160
0.947143,1.083458
0.951009,1.074755
0.954980,1.066053
0.959057,1.057350
0.963242,1.048648
0.967539,1.039945
0.971948,1.031243
0.976472,1.022541
0.981114,1.013838
0.985875,1.005136
0.990759,0.996433
0.995768,0.987731
1.000904,0.979028
1.006170,0.970326
1.011569,0.961623
1.017105,0.952921
1.022780,0.944218
1.028597,0.935516
1.034560,0.926813
1.040673,0.918111
1.046938,0.909408
1.053360,0.900706
1.059942,0.892003
1.066689,0.883301
1.068474,0.874598
1.075529,0.865896
1.082760,0.857194
1.090173,0.848491
1.097773,0.839789
1.105564,0.831086
1.113551,0.822384
1.121741,0.813681
1.130139,0.804979
1.138751,0.796276
1.147584,0.787574
1.156643,0.778871
1.165936,0.770169
1.175470,0.761466
1.185252,0.752764
1.195290,0.744061
1.205592,0.735359
1.206819,0.726656
1.200389,0.717954
1.221904,0.709251
1.244978,0.700549
1.239391,0.691847
1.261082,0.683144
1.259065,0.674442
1.281163,0.665739
1.303125,0.657037
1.303539,0.648334
1.325976,0.639632
1.348314,0.630929
1.351259,0.622227
1.374147,0.613524
1.396978,0.604822
1.394644,0.596119
1.401097,0.587417
1.424711,0.578714
1.448321,0.570012
1.457642,0.561309
1.482018,0.552607
1.506439,0.543905
1.530921,0.535202
1.544157,0.526500
1.569571,0.517797
1.595105,0.509095
1.620776,0.500392
1.638399,0.491690
1.665209,0.482987
1.669080,0.474285
1.696445,0.465582
1.742099,0.456880
1.747940,0.448177
1.777017,0.439475
1.829033,0.430772
1.836234,0.422070
1.888508,0.413367
1.920028,0.404665
1.952050,0.395962
1.984612,0.387260
2.021524,0.378558
2.056392,0.369855
2.113816,0.361153
2.150073,0.352450
2.143784,0.343748
2.148347,0.335045
2.145816,0.326343
2.144650,0.317640
2.144921,0.308938
2.125395,0.300235
2.124360,0.291533
2.110021,0.282830
2.097697,0.274128
2.108572,0.265425
2.085334,0.256723
2.079611,0.248020
2.074077,0.239318
2.068730,0.230615
2.063567,0.221913
2.058586,0.213211
2.053784,0.204508
2.049161,0.195806
2.044714,0.187103
2.040442,0.178401
2.036342,0.169698
2.032413,0.160996
2.028653,0.152293
2.025061,0.143591
2.021635,0.134888
2.018374,0.126186
2.015277,0.117483
2.012343,0.108781
2.009570,0.100078
2.006957,0.091376
2.004503,0.082673
2.002208,0.073971
2.000070,0.065269
1.998089,0.056566
1.996264,0.047864
1.994593,0.039161
1.993077,0.030459
1.991715,0.021756
1.990506,0.013054
1.989450,0.004351
1.988547,-0.004351
1.987795,-0.013054
1.987196,-0.021756
1.986748,-0.030459
1.986452,-0.039161
1.986307,-0.047864
1.986313,-0.056566
1.986470,-0.065269
1.986779,-0.073971
1.987239,-0.082674
1.987851,-0.091376
1.988615,-0.100078
1.989531,-0.108781
1.990599,-0.117483
1.991821,-0.126186
1.993196,-0.134888
1.994724,-0.143591
1.996407,-0.152293
1.998246,-0.160996
2.000240,-0.169698
2.002390,-0.178401
2.004699,-0.187103
2.007165,-0.195806
2.009791,-0.204508
2.012577,-0.213211
2.015525,-0.221913
2.018635,-0.230616
2.021909,-0.239318
2.025349,-0.248021
2.028955,-0.256723
2.032728,-0.265425
2.036671,-0.274128
2.040785,-0.282830
2.045072,-0.291533
2.049534,-0.300235
2.054171,-0.308938
2.058987,-0.317640
2.063983,-0.326343
2.069161,-0.335045
2.074524,-0.343748
2.080073,-0.352450
2.085812,-0.361153
2.091742,-0.369855
2.097865,-0.378558
2.104186,-0.387260
2.110706,-0.395963
2.117428,-0.404665
2.124356,-0.413367
2.131492,-0.422070
2.138839,-0.430772
2.146401,-0.439475
2.154182,-0.448177
2.162184,-0.456880
2.170413,-0.465582
2.184126,-0.474285
2.205411,-0.482987
2.203477,-0.491690
2.206476,-0.500392
2.232987,-0.509095
2.238457,-0.517797
2.246410,-0.526500
2.255038,-0.535202
2.264711,-0.543905
2.275405,-0.552607
2.287095,-0.561310
2.305563,-0.570012
2.134766,-0.578714
2.056093,-0.587417
2.024131,-0.596119
1.931025,-0.604822
1.900165,-0.613524
1.869597,-0.622227
1.767531,-0.630929
1.749192,-0.639632
1.719667,-0.648334
1.714667,-0.657037
1.685624,-0.665739
1.671803,-0.674442
1.643737,-0.683144
1.615765,-0.691847
1.605105,-0.700549
1.603274,-0.709252
1.576350,-0.717954
1.549447,-0.726657
1.542621,-0.735359
1.516414,-0.744061
1.516390,-0.752764
1.486085,-0.761466
1.487056,-0.770169
1.461546,-0.778871
1.433240,-0.787574
1.435279,-0.796276
1.410172,-0.804979
1.439109,-0.813681
1.442612,-0.822384
1.446442,-0.831086
1.441521,-0.839789
1.429220,-0.848491
1.417235,-0.857194
1.433004,-0.865896
1.421399,-0.874599
1.437096,-0.883301
1.425856,-0.892003
1.414898,-0.900706
1.430605,-0.909408
1.419989,-0.918111
1.409637,-0.926813
1.399540,-0.935516
1.389692,-0.944218
1.380085,-0.952921
1.370715,-0.961623
1.361574,-0.970326
1.352656,-0.979028
1.343956,-0.987731
1.360105,-0.996433
1.351671,-1.005136
1.367779,-1.013838
1.359606,-1.022541
1.351633,-1.031243
1.343854,-1.039946
1.336266,-1.048648
1.328863,-1.057350
1.345157,-1.066053
1.337988,-1.074755
1.354263,-1.083458
1.370473,-1.092160
1.363591,-1.100863
1.342136,-1.109565
1.335931,-1.118268
1.329895,-1.126970
1.321819,-1.135673
1.339538,-1.144375
1.356922,-1.153078
1.353301,-1.161780
1.349896,-1.170483
1.349410,-1.179185
1.369527,-1.187888
1.350729,-1.196590
1.350477,-1.205293
1.350530,-1.213995
1.337609,-1.222697
1.361248,-1.231400
1.363591,-1.240102
1.357203,-1.248805
1.361863,-1.257507
1.382239,-1.266210
1.368232,-1.274912
1.397357,-1.283615
1.404846,-1.292317
1.394909,-1.301020
1.406956,-1.309722
1.403702,-1.318425
1.440760,-1.327127
1.458091,-1.335830
1.458736,-1.344532
1.455215,-1.353235
1.493180,-1.361937
1.510452,-1.370639
1.548351,-1.379342
1.545115,-1.388044
1.542011,-1.396747
1.559500,-1.405449
1.597468,-1.414152
1.635420,-1.422854
1.795501,-1.431557
1.833251,-1.440259
1.911605,-1.448962
2.091183,-1.457664
2.189473,-1.466367
2.267459,-1.475069
2.385787,-1.483772
2.645139,-1.492474
2.823563,-1.501177
2.961597,-1.509879
3.421201,-1.518582
6.531520,-1.570796
