scan.pos:-4.736923,-4.737594,0.7852504.615078,1.562094
4.638619,1.553391
4.690039,1.544689
4.715025,1.535986
4.766491,1.527284
4.817671,1.518581
4.871586,1.509879
4.896104,1.501177
4.951344,1.492474
5.002954,1.483772
5.059474,1.475069
5.111427,1.466367
5.169404,1.457664
5.221860,1.448962
5.281479,1.440259
5.342263,1.431557
5.396070,1.422854
5.483682,1.414152
5.538281,1.405449
5.603033,1.396747
5.683200,1.388044
5.750221,1.379342
5.818848,1.370639
5.900880,1.361937
5.972203,1.353234
6.055564,1.344532
6.153475,1.335830
1.662442,1.327127
1.653665,1.318425
1.645104,1.309722
1.590572,1.301020
1.582661,1.292317
1.574948,1.283615
1.567428,1.274912
1.560098,1.266210
1.552954,1.257507
1.545993,1.248805
1.539210,1.240102
1.488102,1.231400
1.481853,1.222697
1.467614,1.213995
1.447869,1.205292
1.442191,1.196590
1.436666,1.187888
1.431291,1.179185
1.426066,1.170483
1.420985,1.161780
1.416049,1.153078
1.411254,1.144375
1.406597,1.135673
1.402078,1.126970
1.397694,1.118268
1.393443,1.109565
1.389323,1.100863
1.385333,1.092160
1.381471,1.083458
1.377734,1.074755
1.374123,1.066053
1.370634,1.057350
1.367266,1.048648
1.364019,1.039945
1.360891,1.031243
1.357880,1.022541
1.354985,1.013838
1.352206,1.005136
1.349540,0.996433
1.346987,0.987731
1.344546,0.979028
1.342216,0.970326
1.339996,0.961623
1.337885,0.952921
1.335882,0.944218
1.333986,0.935516
1.332197,0.926813
1.330515,0.918111
1.328937,0.909408
1.287165,0.900706
1.285838,0.892003
1.284611,0.883301
1.283484,0.874598
1.282457,0.865896
1.281529,0.857194
1.280700,0.848491
1.279969,0.839789
1.279337,0.831086
1.278803,0.822384
1.278366,0.813681
1.278027,0.804979
1.277785,0.796276
1.277641,0.787574
1.277594,0.778871
1.277644,0.770169
1.277792,0.761466
1.278036,0.752764
1.278379,0.744061
1.278819,0.735359
1.279357,0.726656
1.279993,0.717954
1.280727,0.709251
1.281559,0.700549
1.282490,0.691847
1.283521,0.683144
1.284651,0.674442
1.285881,0.665739
1.287212,0.657037
1.288643,0.648334
1.290176,0.639632
1.291811,0.630929
1.293549,0.622227
1.295391,0.613524
1.297336,0.604822
1.299387,0.596119
1.301543,0.587417
1.303806,0.578714
1.306177,0.570012
1.308656,0.561309
1.311244,0.552607
1.313943,0.543905
1.316754,0.535202
1.319677,0.526500
1.322715,0.517797
1.325867,0.509095
1.329136,0.500392
1.332523,0.491690
1.336030,0.482987
1.339657,0.474285
1.343406,0.465582
1.347279,0.456880
1.351278,0.448177
1.355405,0.439475
1.359660,0.430772
1.364046,0.422070
1.368566,0.413367
1.373220,0.404665
1.378012,0.395962
1.382942,0.387260
1.388014,0.378558
1.393230,0.369855
1.398593,0.361153
1.404104,0.352450
1.409766,0.343748
1.415582,0.335045
1.421556,0.326343
1.427689,0.317640
1.433985,0.308938
1.440447,0.300235
1.447078,0.291533
1.499401,0.282830
1.506600,0.274128
1.513983,0.265425
1.660132,0.256723
1.668605,0.248020
1.677294,0.239318
1.686203,0.230615
1.695336,0.221913
7.018067,0.213211
6.949960,0.204508
6.859857,0.195806
6.734756,0.187103
6.646925,0.178401
6.570990,0.169698
6.485403,0.160996
6.400547,0.152293
6.326786,0.143591
6.194226,0.134888
6.120146,0.126186
6.064283,0.117483
6.041841,0.108781
6.013914,0.100078
5.967155,0.091376
5.950256,0.082673
5.941781,0.073971
5.933634,0.065269
5.952526,0.056566
5.945252,0.047864
5.992580,0.039161
6.041132,0.030459
6.090944,0.021756
6.142056,0.013054
6.194510,0.004351
6.246042,-0.004351
6.303028,-0.013054
6.333357,-0.021756
6.393225,-0.030459
6.455147,-0.039161
6.494538,-0.047864
6.561444,-0.056566
6.607356,-0.065269
6.679472,-0.073971
6.758440,-0.082674
6.830825,-0.091376
6.889827,-0.100078
6.972498,-0.108781
7.063645,-0.117483
7.135739,-0.126186
7.200864,-0.134888
7.298881,-0.143591
7.381248,-0.152293
7.471696,-0.160996
7.546957,-0.169698
7.647634,-0.178401
7.749092,-0.187103
7.743275,-0.195806
7.774552,-0.204508
7.796705,-0.213211
4.382369,-0.239318
4.289239,-0.248021
4.174196,-0.256723
4.129922,-0.265425
4.109381,-0.274128
4.089354,-0.282830
4.069829,-0.291533
4.050797,-0.300235
4.032248,-0.308938
4.014172,-0.317640
3.996560,-0.326343
3.979404,-0.335045
3.962695,-0.343748
3.946425,-0.352450
3.930587,-0.361153
3.915172,-0.369855
3.900173,-0.378558
3.885583,-0.387260
3.871396,-0.395963
3.857605,-0.404665
3.844203,-0.413367
3.831185,-0.422070
3.818545,-0.430772
3.806277,-0.439475
3.794375,-0.448177
3.782835,-0.456880
3.771651,-0.465582
3.760818,-0.474285
3.750333,-0.482987
3.740190,-0.491690
3.730384,-0.500392
3.720913,-0.509095
3.711771,-0.517797
3.702956,-0.526500
3.694463,-0.535202
3.686290,-0.543905
3.678431,-0.552607
3.670885,-0.561310
3.663649,-0.570012
3.656718,-0.578714
3.650092,-0.587417
3.643766,-0.596119
3.637739,-0.604822
3.632008,-0.613524
3.646848,-0.622227
3.641674,-0.630929
3.677234,-0.639632
3.733177,-0.648334
3.769095,-0.657037
3.805218,-0.665739
3.801295,-0.674442
3.817778,-0.683144
4.015352,-0.691847
4.052291,-0.700549
4.390406,-0.709252
7.697781,-1.222697
7.555357,-1.231400
7.416702,-1.240102
7.284727,-1.248805
7.157047,-1.257507
7.033419,-1.266210
6.936268,-1.274912
6.820184,-1.283615
6.707518,-1.292317
6.603443,-1.301020
6.497916,-1.309722
6.395273,-1.318425
6.318696,-1.327127
6.221498,-1.335830
6.126760,-1.344532
6.058071,-1.353235
5.968013,-1.361937
5.891806,-1.370639
5.806603,-1.379342
5.747561,-1.388044
5.666190,-1.396747
5.611096,-1.405449
5.533211,-1.414152
5.456870,-1.422854
5.398860,-1.431557
5.351302,-1.440259
5.280019,-1.448962
5.235549,-1.457664
5.166889,-1.466367
5.099359,-1.475069
5.054013,-1.483772
5.015577,-1.492474
4.951992,-1.501177
4.916022,-1.509879
4.854411,-1.518582
4.818273,-1.527284
4.758954,-1.535986
4.727929,-1.544689
4.670232,-1.553391
4.641214,-1.562094
4.613056,-1.570796
