scan.pos:-0.934759,7.169316,0.2852500.854530,1.562094
0.852382,1.553391
0.850308,1.544689
0.848309,1.535986
0.846384,1.527284
0.844532,1.518581
0.842751,1.509879
0.841043,1.501177
0.839404,1.492474
0.837836,1.483772
0.836338,1.475069
0.834908,1.466367
0.833546,1.457664
0.832252,1.448962
0.831026,1.440259
0.829866,1.431557
0.828772,1.422854
0.827744,1.414152
0.826782,1.405449
0.825884,1.396747
0.825052,1.388044
0.824283,1.379342
0.823579,1.370639
0.822939,1.361937
0.822362,1.353234
0.821849,1.344532
0.821398,1.335830
0.821011,1.327127
0.820686,1.318425
0.820425,1.309722
0.820226,1.301020
0.820089,1.292317
0.820015,1.283615
0.820003,1.274912
0.820054,1.266210
0.820167,1.257507
0.820343,1.248805
0.820581,1.240102
0.820882,1.231400
0.821246,1.222697
0.821673,1.213995
0.822162,1.205292
0.822715,1.196590
0.823332,1.187888
0.824012,1.179185
0.824756,1.170483
0.825565,1.161780
0.826438,1.153078
0.827376,1.144375
0.828379,1.135673
0.829448,1.126970
0.830584,1.118268
0.831785,1.109565
0.833054,1.100863
0.834390,1.092160
0.835794,1.083458
0.837267,1.074755
0.838809,1.066053
0.840421,1.057350
0.842103,1.048648
0.843857,1.039945
0.845682,1.031243
0.847580,1.022541
0.849551,1.013838
0.851596,1.005136
0.853717,0.996433
0.855913,0.987731
0.858187,0.979028
0.860538,0.970326
0.862968,0.961623
0.865477,0.952921
0.868068,0.944218
0.870741,0.935516
0.873497,0.926813
0.876337,0.918111
0.879263,0.909408
0.882277,0.900706
0.885378,0.892003
0.888569,0.883301
0.891852,0.874598
0.895227,0.865896
0.898697,0.857194
0.902263,0.848491
0.905926,0.839789
0.909689,0.831086
0.913553,0.822384
0.917520,0.813681
0.921593,0.804979
0.925772,0.796276
0.919494,0.787574
0.923844,0.778871
0.928307,0.770169
0.932884,0.761466
0.937578,0.752764
0.942392,0.744061
0.947328,0.735359
0.952389,0.726656
0.957578,0.717954
0.962897,0.709251
0.968350,0.700549
0.973939,0.691847
0.979668,0.683144
0.985541,0.674442
0.991561,0.665739
0.997731,0.657037
1.004055,0.648334
1.010537,0.639632
1.017182,0.630929
1.023993,0.622227
1.030975,0.613524
1.038132,0.604822
1.045470,0.596119
1.052992,0.587417
1.060706,0.578714
1.068615,0.570012
1.076725,0.561309
1.085043,0.552607
1.093574,0.543905
1.102325,0.535202
1.111303,0.526500
1.120514,0.517797
1.129966,0.509095
1.139666,0.500392
1.145299,0.491690
1.141693,0.482987
1.166076,0.474285
1.162755,0.465582
1.189104,0.456880
1.186580,0.448177
1.211165,0.439475
1.208960,0.430772
1.233458,0.422070
1.236243,0.413367
1.261207,0.404665
1.260212,0.395962
1.285178,0.387260
1.284570,0.378558
1.309579,0.369855
1.317197,0.361153
1.342840,0.352450
1.343639,0.343748
1.369428,0.335045
1.395232,0.326343
1.407334,0.317640
1.409732,0.308938
1.436568,0.300235
1.463490,0.291533
1.490517,0.282830
1.493996,0.274128
1.512240,0.265425
1.540619,0.256723
1.569192,0.248020
1.574807,0.239318
1.603954,0.230615
1.633364,0.221913
1.658855,0.213211
1.689755,0.204508
1.721019,0.195806
1.752678,0.187103
1.784765,0.178401
1.794999,0.169698
1.828147,0.160996
1.864298,0.152293
1.899625,0.143591
1.935611,0.134888
1.972308,0.126186
2.031553,0.117483
2.069758,0.108781
2.108855,0.100078
2.159571,0.091376
2.202011,0.082673
2.245623,0.073971
2.311832,0.065269
2.358011,0.056566
2.426872,0.047864
2.476081,0.039161
2.548446,0.030459
2.624154,0.021756
2.680960,0.013054
2.761029,0.004351
2.843577,-0.004351
2.928859,-0.013054
3.037901,-0.021756
3.129498,-0.030459
3.222964,-0.039161
3.346038,-0.047864
3.473846,-0.056566
3.606970,-0.065269
3.746086,-0.073971
3.891981,-0.082674
4.086376,-0.091376
4.248697,-0.100078
4.471512,-0.108781
4.701875,-0.117483
4.966531,-0.126186
5.227341,-0.134888
5.507608,-0.143591
5.891850,-0.152293
6.263576,-0.160996
6.749968,-0.169698
7.258188,-0.178401
2.378312,-0.744061
2.141038,-0.752764
2.096963,-0.761466
2.076277,-0.770169
1.988500,-0.778871
1.878205,-0.787574
1.841357,-0.796276
1.732162,-0.804979
1.715326,-0.813681
1.675961,-0.822384
1.660413,-0.831086
1.645523,-0.839789
1.607641,-0.848491
1.604304,-0.857194
1.567979,-0.865896
1.555955,-0.874599
1.520289,-0.883301
1.509156,-0.892003
1.498512,-0.900706
1.478644,-0.909408
1.444726,-0.918111
1.435854,-0.926813
1.427401,-0.935516
1.394092,-0.944218
1.379332,-0.952921
1.372422,-0.961623
1.365878,-0.970326
1.333715,-0.979028
1.301551,-0.987731
1.317668,-0.996433
1.312820,-1.005136
1.281526,-1.013838
1.277106,-1.022541
1.272993,-1.031243
1.267359,-1.039946
1.236699,-1.048648
1.233742,-1.057350
1.231071,-1.066053
1.226057,-1.074755
1.215554,-1.083458
1.205319,-1.092160
1.195346,-1.100863
1.185627,-1.109565
1.176153,-1.118268
1.166917,-1.126970
1.157913,-1.135673
1.149133,-1.144375
1.140572,-1.153078
1.132223,-1.161780
1.124080,-1.170483
1.116138,-1.179185
1.108392,-1.187888
1.100835,-1.196590
1.093463,-1.205293
1.086272,-1.213995
1.079256,-1.222697
1.072411,-1.231400
1.065734,-1.240102
1.059219,-1.248805
1.052863,-1.257507
1.046662,-1.266210
1.040612,-1.274912
1.034711,-1.283615
1.028953,-1.292317
1.023337,-1.301020
1.017859,-1.309722
1.012517,-1.318425
1.007306,-1.327127
1.002224,-1.335830
0.997269,-1.344532
0.992438,-1.353235
0.987729,-1.361937
0.983138,-1.370639
0.978665,-1.379342
0.974305,-1.388044
0.970058,-1.396747
0.965921,-1.405449
0.961892,-1.414152
0.957969,-1.422854
0.954150,-1.431557
0.950434,-1.440259
0.946818,-1.448962
0.943301,-1.457664
0.939882,-1.466367
0.936558,-1.475069
0.933329,-1.483772
0.930193,-1.492474
0.927147,-1.501177
0.924192,-1.509879
0.911452,-1.518582
0.908703,-1.527284
0.927110,-1.535986
0.945481,-1.544689
0.942868,-1.553391
0.940341,-1.562094
0.937899,-1.570796
