scan.pos:-0.742841,7.225596,0.2852500.792004,1.562094
0.790012,1.553391
0.788091,1.544689
0.786238,1.535986
0.784453,1.527284
0.782737,1.518581
0.781087,1.509879
0.779503,1.501177
0.777985,1.492474
0.776531,1.483772
0.775142,1.475069
0.773817,1.466367
0.772555,1.457664
0.771356,1.448962
0.770219,1.440259
0.769144,1.431557
0.768130,1.422854
0.767178,1.414152
0.766286,1.405449
0.765454,1.396747
0.764682,1.388044
0.763970,1.379342
0.763317,1.370639
0.762724,1.361937
0.762189,1.353234
0.761713,1.344532
0.761296,1.335830
0.760937,1.327127
0.760636,1.318425
0.760394,1.309722
0.760209,1.301020
0.760082,1.292317
0.760014,1.283615
0.760003,1.274912
0.760050,1.266210
0.760155,1.257507
0.760318,1.248805
0.760539,1.240102
0.760818,1.231400
0.761155,1.222697
0.761550,1.213995
0.762004,1.205292
0.762517,1.196590
0.763088,1.187888
0.763719,1.179185
0.764408,1.170483
0.765158,1.161780
0.765967,1.153078
0.766836,1.144375
0.767766,1.135673
0.768757,1.126970
0.769809,1.118268
0.770923,1.109565
0.772099,1.100863
0.773337,1.092160
0.774639,1.083458
0.776004,1.074755
0.777433,1.066053
0.778927,1.057350
0.780486,1.048648
0.782111,1.039945
0.783803,1.031243
0.785562,1.022541
0.787389,1.013838
0.789284,1.005136
0.791250,0.996433
0.793285,0.987731
0.795392,0.979028
0.797571,0.970326
0.799824,0.961623
0.802150,0.952921
0.804551,0.944218
0.807028,0.935516
0.809582,0.926813
0.812215,0.918111
0.814927,0.909408
0.817720,0.900706
0.820594,0.892003
0.823552,0.883301
0.826595,0.874598
0.829723,0.865896
0.832939,0.857194
0.836244,0.848491
0.839639,0.839789
0.843126,0.831086
0.846708,0.822384
0.850385,0.813681
0.854159,0.804979
0.858033,0.796276
0.862007,0.787574
0.866085,0.778871
0.870269,0.770169
0.874560,0.761466
0.878961,0.752764
0.883474,0.744061
0.888101,0.735359
0.892846,0.726656
0.897710,0.717954
0.902697,0.709251
0.907809,0.700549
0.913049,0.691847
0.918420,0.683144
0.923925,0.674442
0.929569,0.665739
0.935353,0.657037
0.941282,0.648334
0.947359,0.639632
0.953588,0.630929
0.959973,0.622227
0.966518,0.613524
0.973228,0.604822
0.980107,0.596119
0.987160,0.587417
0.994391,0.578714
1.001805,0.570012
1.009408,0.561309
1.017206,0.552607
1.025204,0.543905
1.033408,0.535202
1.041824,0.526500
1.050460,0.517797
1.059320,0.509095
1.068414,0.500392
1.071881,0.491690
1.062698,0.482987
1.081481,0.474285
1.100034,0.465582
1.118366,0.456880
1.109430,0.448177
1.127565,0.439475
1.145504,0.430772
1.136818,0.422070
1.154589,0.413367
1.172186,0.404665
1.189618,0.395962
1.206891,0.387260
1.198514,0.378558
1.215670,0.369855
1.232686,0.361153
1.249570,0.352450
1.266330,0.343748
1.282971,0.335045
1.299502,0.326343
1.315927,0.317640
1.332253,0.308938
1.348487,0.300235
1.364634,0.291533
1.380699,0.282830
1.396690,0.274128
1.412610,0.265425
1.432740,0.256723
1.449063,0.248020
1.481757,0.239318
1.498717,0.230615
1.515664,0.221913
1.551229,0.213211
1.568947,0.204508
1.606898,0.195806
1.625509,0.187103
1.643652,0.178401
1.685710,0.169698
1.705475,0.160996
1.727841,0.152293
1.770991,0.143591
1.818777,0.134888
1.841255,0.126186
1.885792,0.117483
1.916877,0.108781
1.963046,0.100078
2.009461,0.091376
2.046693,0.082673
2.095191,0.073971
2.144115,0.065269
2.209910,0.056566
2.261440,0.047864
2.312164,0.039161
2.366919,0.030459
2.443594,0.021756
2.504439,0.013054
2.585159,0.004351
2.646273,-0.004351
2.719763,-0.013054
2.827971,-0.021756
2.917275,-0.030459
3.006848,-0.039161
3.124266,-0.047864
3.223912,-0.056566
3.355221,-0.065269
3.485922,-0.073971
3.620979,-0.082674
3.801491,-0.091376
3.951940,-0.100078
4.170373,-0.108781
4.371604,-0.117483
4.613594,-0.126186
4.867158,-0.134888
5.130779,-0.143591
5.483953,-0.152293
5.817666,-0.160996
6.284422,-0.169698
6.749126,-0.178401
7.376570,-0.187103
2.248372,-0.804979
2.233473,-0.813681
1.956244,-0.822384
1.966491,-0.831086
1.934997,-0.839789
1.898091,-0.848491
1.837825,-0.857194
1.825430,-0.865896
1.717526,-0.874599
1.705750,-0.883301
1.670210,-0.892003
1.585980,-0.900706
1.575191,-0.909408
1.540117,-0.918111
1.530122,-0.926813
1.520580,-0.935516
1.486214,-0.944218
1.477364,-0.952921
1.468926,-0.961623
1.460889,-0.970326
1.427263,-0.979028
1.419807,-0.987731
1.412718,-0.996433
1.379426,-1.005136
1.372844,-1.013838
1.366601,-1.022541
1.360692,-1.031243
1.327695,-1.039946
1.322208,-1.048648
1.317032,-1.057350
1.312162,-1.066053
1.305432,-1.074755
1.294248,-1.083458
1.283352,-1.092160
1.272733,-1.100863
1.262384,-1.109565
1.252297,-1.118268
1.219568,-1.126970
1.232876,-1.135673
1.223528,-1.144375
1.214412,-1.153078
1.205523,-1.161780
1.196853,-1.170483
1.188397,-1.179185
1.180149,-1.187888
1.172103,-1.196590
1.164254,-1.205293
1.156597,-1.213995
1.149127,-1.222697
1.141839,-1.231400
1.134729,-1.240102
1.127793,-1.248805
1.121025,-1.257507
1.114423,-1.266210
1.107981,-1.274912
1.101698,-1.283615
1.095568,-1.292317
1.089588,-1.301020
1.083756,-1.309722
1.078067,-1.318425
1.072519,-1.327127
1.067108,-1.335830
1.061833,-1.344532
1.056689,-1.353235
1.051674,-1.361937
1.046787,-1.370639
1.042023,-1.379342
1.037382,-1.388044
1.032859,-1.396747
1.028454,-1.405449
1.024164,-1.414152
1.019987,-1.422854
1.015922,-1.431557
1.011965,-1.440259
1.008115,-1.448962
1.004371,-1.457664
1.000730,-1.466367
0.997191,-1.475069
0.993753,-1.483772
0.990413,-1.492474
0.987171,-1.501177
0.984024,-1.509879
0.980973,-1.518582
0.978014,-1.527284
0.975147,-1.535986
0.972370,-1.544689
0.969683,-1.553391
0.967084,-1.562094
0.964573,-1.570796
