scan.pos:-2.133698,2.750706,1.1352500.882379,1.562094
0.886011,1.553391
0.889741,1.544689
0.893570,1.535986
0.897502,1.527284
0.901537,1.518581
0.905678,1.509879
0.909927,1.501177
0.914285,1.492474
0.918756,1.483772
0.923342,1.475069
0.928044,1.466367
0.932866,1.457664
0.937811,1.448962
0.942880,1.440259
0.948077,1.431557
0.953404,1.422854
0.958865,1.414152
0.964463,1.405449
0.970201,1.396747
0.976083,1.388044
0.982111,1.379342
0.988290,1.370639
0.994624,1.361937
1.001116,1.353234
1.007770,1.344532
1.014592,1.335830
1.021585,1.327127
1.028753,1.318425
1.036103,1.309722
1.043638,1.301020
1.051364,1.292317
1.059287,1.283615
1.067412,1.274912
1.075745,1.266210
1.084293,1.257507
1.093061,1.248805
1.102057,1.240102
1.111288,1.231400
1.120760,1.222697
1.130483,1.213995
1.103415,1.205292
1.122041,1.196590
1.114288,1.187888
1.133198,1.179185
1.151901,1.170483
1.173338,1.161780
1.165435,1.153078
1.184284,1.144375
1.181092,1.135673
1.200317,1.126970
1.219391,1.118268
1.244321,1.109565
1.238075,1.100863
1.257459,1.092160
1.284327,1.083458
1.304042,1.074755
1.298777,1.066053
1.327743,1.057350
1.347954,1.048648
1.343685,1.039945
1.374941,1.031243
1.395773,1.022541
1.392596,1.013838
1.413551,1.005136
1.447965,0.996433
1.469594,0.987731
1.491268,0.979028
1.513000,0.970326
1.527711,0.961623
1.550427,0.952921
1.573258,0.944218
1.596219,0.935516
1.615645,0.926813
1.662473,0.918111
1.686739,0.909408
1.710304,0.900706
1.825430,0.892003
1.917820,0.883301
3.956007,0.874598
3.939726,0.865896
3.923875,0.857194
3.908448,0.848491
3.893437,0.839789
3.922304,0.831086
3.907946,0.822384
3.893987,0.813681
3.880423,0.804979
3.867246,0.796276
3.875809,0.787574
3.863321,0.778871
3.907693,0.770169
3.935913,0.761466
3.952968,0.752764
3.936016,0.744061
3.968833,0.735359
3.967540,0.726656
4.057281,0.717954
4.046944,0.709251
4.140763,0.700549
4.255152,0.691847
4.328004,0.683144
4.339008,0.674442
4.370865,0.665739
4.402921,0.657037
4.455671,0.648334
4.549456,0.639632
4.684064,0.630929
4.940814,0.622227
5.156379,0.613524
5.310702,0.604822
5.302707,0.596119
5.295139,0.587417
5.287994,0.578714
5.281271,0.570012
5.274965,0.561309
5.269075,0.552607
5.281419,0.543905
5.265976,0.535202
5.269785,0.526500
5.249632,0.517797
5.245790,0.509095
5.242353,0.500392
5.239320,0.491690
5.236688,0.482987
5.234457,0.474285
5.232627,0.465582
5.231196,0.456880
5.230165,0.448177
5.229531,0.439475
5.229296,0.430772
5.229459,0.422070
5.230021,0.413367
5.230981,0.404665
5.232340,0.395962
5.234098,0.387260
5.236257,0.378558
5.238816,0.369855
5.241777,0.361153
5.245142,0.352450
5.248910,0.343748
5.253085,0.335045
5.257666,0.326343
5.262657,0.317640
5.268059,0.308938
5.273874,0.300235
5.280104,0.291533
5.286752,0.282830
5.293821,0.274128
5.301312,0.265425
5.309230,0.256723
5.317578,0.248020
5.326357,0.239318
5.335573,0.230615
5.345229,0.221913
5.355328,0.213211
5.365874,0.204508
5.376873,0.195806
5.388328,0.187103
5.400244,0.178401
5.412626,0.169698
5.425478,0.160996
5.438808,0.152293
5.452619,0.143591
5.466918,0.134888
3.427611,0.126186
3.324323,0.117483
3.245511,0.108781
3.214088,0.100078
3.149096,0.091376
3.158954,0.082673
2.924215,0.073971
2.868920,0.065269
2.808872,0.056566
2.729167,0.047864
2.672719,0.039161
2.631795,0.030459
2.579800,0.021756
2.529193,0.013054
2.479880,0.004351
2.431772,-0.004351
2.384791,-0.013054
2.338859,-0.021756
2.293907,-0.030459
2.249870,-0.039161
2.229226,-0.047864
2.186942,-0.056566
2.145404,-0.065269
2.127418,-0.073971
2.087333,-0.082674
2.047852,-0.091376
2.032134,-0.100078
1.993857,-0.108781
1.956065,-0.117483
1.942294,-0.126186
1.905495,-0.134888
1.892914,-0.143591
1.856985,-0.152293
1.821380,-0.160996
1.810323,-0.169698
1.775423,-0.178401
1.765316,-0.187103
1.755731,-0.195806
1.721788,-0.204508
1.713043,-0.213211
1.674530,-0.221913
1.671606,-0.230616
1.638543,-0.239318
1.631279,-0.248021
1.598538,-0.256723
1.591928,-0.265425
1.585722,-0.274128
1.553429,-0.282830
1.547804,-0.291533
1.542556,-0.300235
1.537680,-0.308938
1.560496,-0.317640
1.556572,-0.326343
1.553010,-0.335045
1.577827,-0.343748
1.575224,-0.352450
1.590710,-0.361153
1.577223,-0.369855
1.619267,-0.378558
1.606007,-0.387260
1.647376,-0.395963
1.634349,-0.404665
1.648371,-0.413367
1.635784,-0.422070
1.649830,-0.430772
1.637667,-0.439475
1.677677,-0.448177
1.691491,-0.456880
1.705238,-0.465582
1.718924,-0.474285
1.757779,-0.482987
1.771191,-0.491690
1.809457,-0.500392
1.822632,-0.509095
1.860360,-0.517797
1.873331,-0.526500
1.862005,-0.535202
1.923367,-0.543905
1.912166,-0.552607
1.972816,-0.561310
1.985480,-0.570012
2.045344,-0.578714
2.034309,-0.587417
2.070234,-0.596119
2.105939,-0.604822
2.141438,-0.613524
2.153754,-0.622227
2.211866,-0.630929
2.210865,-0.639632
2.261197,-0.648334
2.289187,-0.657037
2.340089,-0.665739
2.368923,-0.674442
2.420541,-0.683144
2.450363,-0.691847
2.505954,-0.700549
2.538004,-0.709252
2.614576,-0.717954
2.647948,-0.726657
2.703882,-0.735359
2.760542,-0.744061
2.817998,-0.752764
2.897825,-0.761466
2.957028,-0.770169
3.017270,-0.778871
3.094416,-0.787574
3.179818,-0.796276
3.245356,-0.804979
3.333544,-0.813681
3.633656,-0.822384
5.912290,-1.057350
5.828217,-1.066053
5.784767,-1.074755
5.741805,-1.083458
5.719339,-1.092160
5.717340,-1.100863
5.675762,-1.109565
5.654639,-1.118268
5.613952,-1.126970
5.553699,-1.135673
5.513872,-1.144375
5.494461,-1.153078
5.495470,-1.161780
5.436862,-1.170483
5.418671,-1.179185
5.400879,-1.187888
5.363446,-1.196590
5.346430,-1.205293
5.349862,-1.213995
5.353705,-1.222697
5.317781,-1.231400
5.322419,-1.240102
5.287216,-1.248805
5.272495,-1.257507
5.237974,-1.266210
5.223968,-1.274912
5.190105,-1.283615
5.197045,-1.292317
5.143573,-1.301020
5.110644,-1.309722
5.118422,-1.318425
5.040139,-1.327127
5.020848,-1.335830
4.976809,-1.344532
4.824037,-1.353235
4.478172,-1.361937
4.306770,-1.370639
4.094546,-1.379342
4.011963,-1.388044
3.809283,-1.396747
3.693475,-1.405449
3.562973,-1.414152
3.458764,-1.422854
3.213370,-1.431557
3.139241,-1.440259
3.048532,-1.448962
2.982752,-1.457664
2.899479,-1.466367
2.819454,-1.475069
2.763699,-1.483772
2.696305,-1.492474
2.626173,-1.501177
2.550429,-1.509879
2.557353,-1.518582
2.558800,-1.527284
2.519129,-1.535986
2.503145,-1.544689
2.489100,-1.553391
2.498869,-1.562094
2.466449,-1.570796
