scan.pos:3.587416,5.896065,-0.3647502.230685,1.562094
2.238228,1.553391
2.245994,1.544689
2.253987,1.535986
2.262209,1.527284
2.270665,1.518581
2.279359,1.509879
2.288295,1.501177
2.297476,1.492474
2.306908,1.483772
2.316595,1.475069
2.326541,1.466367
2.336752,1.457664
2.347233,1.448962
2.357988,1.440259
2.369024,1.431557
2.380345,1.422854
2.391958,1.414152
2.403869,1.405449
2.416085,1.396747
2.428610,1.388044
2.441454,1.379342
2.454622,1.370639
2.468121,1.361937
2.481960,1.353234
2.496146,1.344532
2.510688,1.335830
2.525593,1.327127
2.540871,1.318425
2.556531,1.309722
2.572583,1.301020
2.589035,1.292317
2.605899,1.283615
2.623186,1.274912
2.640905,1.266210
2.659070,1.257507
2.677691,1.248805
2.696782,1.240102
2.716356,1.231400
2.736425,1.222697
2.757005,1.213995
2.778110,1.205292
2.799756,1.196590
2.821958,1.187888
2.844733,1.179185
2.868099,1.170483
2.892074,1.161780
2.916677,1.153078
2.941929,1.144375
2.957222,1.135673
2.970495,1.126970
3.012080,1.118268
3.026526,1.109565
3.071245,1.100863
3.087442,1.092160
3.131149,1.083458
3.148687,1.074755
3.193372,1.066053
3.212346,1.057350
3.263546,1.048648
3.284580,1.039945
3.332112,1.031243
3.354810,1.022541
3.403717,1.013838
3.436286,1.005136
3.487271,0.996433
3.514256,0.987731
3.566950,0.979028
3.596044,0.970326
3.650631,0.961623
3.693533,0.952921
3.750825,0.944218
3.809192,0.935516
3.844956,0.926813
3.905797,0.918111
3.967912,0.909408
4.008016,0.900706
4.065841,0.892003
4.133184,0.883301
4.202138,0.874598
4.272798,0.865896
4.345265,0.857194
4.396975,0.848491
4.473492,0.839789
4.551128,0.831086
4.633041,0.822384
4.717404,0.813681
4.804370,0.804979
4.872021,0.796276
4.832814,0.787574
4.819695,0.778871
4.793550,0.770169
4.775523,0.761466
4.757993,0.752764
4.740951,0.744061
4.724389,0.735359
4.708300,0.726656
4.692676,0.717954
4.677510,0.709251
4.662796,0.700549
4.648527,0.691847
4.634697,0.683144
4.621300,0.674442
4.608330,0.665739
4.595782,0.657037
4.583651,0.648334
4.571929,0.639632
4.560615,0.630929
4.549702,0.622227
4.539186,0.613524
4.529062,0.604822
4.519327,0.596119
4.509976,0.587417
4.501007,0.578714
4.492414,0.570012
4.484194,0.561309
4.476346,0.552607
4.468863,0.543905
4.461746,0.535202
4.454989,0.526500
4.448592,0.517797
4.442551,0.509095
4.436863,0.500392
4.431527,0.491690
4.426540,0.482987
4.421902,0.474285
4.417608,0.465582
4.413659,0.456880
4.410053,0.448177
4.406788,0.439475
4.403862,0.430772
4.401276,0.422070
4.399027,0.413367
4.397116,0.404665
4.395540,0.395962
4.394300,0.387260
4.393396,0.378558
4.392827,0.369855
4.392591,0.361153
4.392691,0.352450
4.393125,0.343748
4.393894,0.335045
4.394997,0.326343
4.396437,0.317640
4.398211,0.308938
4.400323,0.300235
4.402773,0.291533
4.405560,0.282830
4.408688,0.274128
4.412156,0.265425
4.415966,0.256723
4.420119,0.248020
4.424618,0.239318
4.429463,0.230615
4.434657,0.221913
4.440202,0.213211
4.446100,0.204508
4.452353,0.195806
4.458963,0.187103
4.465934,0.178401
4.473268,0.169698
4.480968,0.160996
4.489037,0.152293
4.497478,0.143591
4.506294,0.134888
4.515490,0.126186
4.525068,0.117483
4.535034,0.108781
4.545391,0.100078
4.556142,0.091376
4.567293,0.082673
4.578849,0.073971
4.590814,0.065269
4.603192,0.056566
4.615991,0.047864
4.629213,0.039161
4.642867,0.030459
4.656957,0.021756
4.671490,0.013054
4.686472,0.004351
4.701909,-0.004351
4.717809,-0.013054
4.734179,-0.021756
4.751025,-0.030459
4.768356,-0.039161
4.786180,-0.047864
4.804505,-0.056566
4.823340,-0.065269
4.842693,-0.073971
4.862574,-0.082674
4.882992,-0.091376
4.903957,-0.100078
4.925480,-0.108781
4.947572,-0.117483
4.970242,-0.126186
4.993503,-0.134888
5.017367,-0.143591
5.041845,-0.152293
5.066952,-0.160996
5.092700,-0.169698
5.119102,-0.178401
5.146173,-0.187103
5.173929,-0.195806
5.202384,-0.204508
5.231554,-0.213211
5.261456,-0.221913
5.292108,-0.230616
5.323525,-0.239318
5.355729,-0.248021
5.388738,-0.256723
5.422572,-0.265425
5.457251,-0.274128
5.492797,-0.282830
5.529234,-0.291533
5.566584,-0.300235
5.604872,-0.308938
5.644123,-0.317640
5.684363,-0.326343
5.725621,-0.335045
5.767924,-0.343748
5.811303,-0.352450
5.855789,-0.361153
5.901414,-0.369855
5.948212,-0.378558
5.996218,-0.387260
6.045470,-0.395963
6.096006,-0.404665
6.147866,-0.413367
6.224800,-0.422070
6.258436,-0.430772
6.288823,-0.439475
6.236320,-0.448177
6.185153,-0.456880
6.135283,-0.465582
6.086670,-0.474285
5.985786,-0.482987
5.939989,-0.491690
5.868990,-0.500392
5.825637,-0.509095
5.783357,-0.517797
5.742119,-0.526500
5.701898,-0.535202
5.662663,-0.543905
5.624391,-0.552607
5.587055,-0.561310
5.550632,-0.570012
5.515097,-0.578714
5.480429,-0.587417
5.380343,-0.596119
5.365013,-0.604822
5.284803,-0.613524
5.253959,-0.622227
5.223869,-0.630929
5.194515,-0.639632
5.165880,-0.648334
5.137949,-0.657037
5.110704,-0.665739
5.084133,-0.674442
5.058219,-0.683144
5.032949,-0.691847
3.909612,-0.700549
3.822521,-0.709252
3.759218,-0.717954
3.719355,-0.726657
3.702604,-0.735359
3.686282,-0.744061
3.625839,-0.752764
3.588362,-0.761466
3.573556,-0.770169
3.471155,-0.778871
3.457472,-0.787574
3.422332,-0.796276
3.409462,-0.804979
3.353619,-0.813681
3.341607,-0.822384
3.308423,-0.831086
3.297156,-0.839789
3.243482,-0.848491
3.190405,-0.857194
3.180369,-0.865896
3.107141,-0.874599
3.076794,-0.883301
3.025818,-0.892003
3.017326,-0.900706
2.967259,-0.909408
2.959426,-0.918111
2.951859,-0.926813
2.882258,-0.935516
2.854646,-0.944218
2.806713,-0.952921
2.759210,-0.961623
2.753280,-0.970326
2.747583,-0.979028
2.721625,-0.987731
2.716429,-0.996433
2.711459,-1.005136
2.706713,-1.013838
2.702189,-1.022541
2.697885,-1.031243
2.693799,-1.039946
2.689931,-1.048648
2.686278,-1.057350
2.682839,-1.066053
2.679612,-1.074755
2.676597,-1.083458
2.693926,-1.092160
2.691310,-1.100863
2.688904,-1.109565
2.686707,-1.118268
2.684718,-1.126970
2.682936,-1.135673
2.721439,-1.144375
2.720049,-1.153078
2.718867,-1.161780
2.757920,-1.170483
2.777150,-1.179185
2.816585,-1.187888
2.816220,-1.196590
2.876070,-1.205293
2.976137,-1.213995
2.976431,-1.222697
3.096988,-1.231400
3.097766,-1.240102
3.138815,-1.248805
3.160108,-1.257507
3.201696,-1.266210
3.303710,-1.274912
3.305802,-1.283615
3.368369,-1.292317
3.431285,-1.301020
3.474461,-1.309722
3.538105,-1.318425
3.743165,-1.327127
3.807768,-1.335830
3.832424,-1.344532
3.938300,-1.353235
4.024506,-1.361937
4.090982,-1.370639
4.117358,-1.379342
4.164463,-1.388044
4.171302,-1.396747
4.239689,-1.405449
4.247324,-1.414152
4.296265,-1.422854
4.304688,-1.431557
4.313472,-1.440259
4.322622,-1.448962
4.332141,-1.457664
4.342035,-1.466367
4.352305,-1.475069
4.362957,-1.483772
4.373996,-1.492474
4.343620,-1.501177
4.355332,-1.509879
4.367442,-1.518582
4.379953,-1.527284
4.392871,-1.535986
4.406203,-1.544689
4.419953,-1.553391
4.434128,-1.562094
4.448734,-1.570796
