scan.pos:-7.138775,5.934083,1.8184350.907690,1.562094
0.905726,1.553391
0.903840,1.544689
0.902029,1.535986
0.900295,1.527284
0.898635,1.518581
0.897050,1.509879
0.895538,1.501177
0.894099,1.492474
0.892733,1.483772
0.891439,1.475069
0.890216,1.466367
0.889065,1.457664
0.887983,1.448962
0.886972,1.440259
0.886031,1.431557
0.885158,1.422854
0.884355,1.414152
0.883621,1.405449
0.882955,1.396747
0.882357,1.388044
0.881827,1.379342
0.881365,1.370639
0.880970,1.361937
0.880642,1.353234
0.880382,1.344532
0.880189,1.335830
0.880064,1.327127
0.880005,1.318425
0.880013,1.309722
0.880088,1.301020
0.880231,1.292317
0.880440,1.283615
0.880717,1.274912
0.881060,1.266210
0.881472,1.257507
0.881951,1.248805
0.882497,1.240102
0.883112,1.231400
0.883795,1.222697
0.884546,1.213995
0.885366,1.205292
0.886255,1.196590
0.887214,1.187888
0.888242,1.179185
0.889341,1.170483
0.890510,1.161780
0.891750,1.153078
0.893062,1.144375
0.894446,1.135673
0.895902,1.126970
0.897432,1.118268
0.899035,1.109565
0.900713,1.100863
0.902466,1.092160
0.904295,1.083458
0.906201,1.074755
0.908184,1.066053
0.910245,1.057350
0.912385,1.048648
0.914605,1.039945
0.916906,1.031243
0.919288,1.022541
0.921754,1.013838
0.924303,1.005136
0.926937,0.996433
0.929657,0.987731
0.932465,0.979028
0.935360,0.970326
0.938346,0.961623
0.941423,0.952921
0.944592,0.944218
0.947855,0.935516
0.951213,0.926813
0.954668,0.918111
0.958221,0.909408
0.961875,0.900706
0.965630,0.892003
0.969489,0.883301
0.973453,0.874598
0.977525,0.865896
0.981706,0.857194
0.985998,0.848491
0.990404,0.839789
0.994925,0.831086
0.999564,0.822384
1.004324,0.813681
1.009206,0.804979
1.014214,0.796276
1.019349,0.787574
1.024616,0.778871
1.030015,0.770169
1.035552,0.761466
1.041228,0.752764
1.047046,0.744061
1.053011,0.735359
1.059125,0.726656
1.065392,0.717954
1.071816,0.709251
1.078401,0.700549
1.085150,0.691847
1.092067,0.683144
1.099158,0.674442
1.106426,0.665739
1.113876,0.657037
1.121514,0.648334
1.129343,0.639632
1.137370,0.630929
1.121158,0.622227
1.129416,0.613524
1.137884,0.604822
1.146567,0.596119
1.155473,0.587417
1.164608,0.578714
1.173978,0.570012
1.183592,0.561309
1.193455,0.552607
1.203577,0.543905
1.213966,0.535202
1.212948,0.526500
1.233018,0.517797
1.226526,0.509095
1.246932,0.500392
1.267158,0.491690
1.263010,0.482987
1.283623,0.474285
1.304087,0.465582
1.302340,0.456880
1.323249,0.448177
1.344042,0.439475
1.344775,0.430772
1.366078,0.422070
1.368759,0.413367
1.390623,0.404665
1.412432,0.395962
1.417792,0.387260
1.440248,0.378558
1.462691,0.369855
1.485133,0.361153
1.494084,0.352450
1.517306,0.343748
1.540575,0.335045
1.552645,0.326343
1.576817,0.317640
1.601091,0.308938
1.625482,0.300235
1.641870,0.291533
1.667359,0.282830
1.693032,0.274128
1.713245,0.265425
1.740203,0.256723
1.767425,0.248020
1.794934,0.239318
1.843212,0.230615
1.872207,0.221913
1.901596,0.213211
1.931409,0.204508
1.963433,0.195806
1.995238,0.187103
2.027605,0.178401
2.082504,0.169698
2.122144,0.160996
2.157565,0.152293
2.215461,0.143591
2.209262,0.134888
2.215364,0.126186
2.213047,0.117483
2.190761,0.108781
2.191410,0.100078
2.189268,0.091376
2.173662,0.082673
2.160032,0.073971
2.169552,0.065269
2.147445,0.056566
2.141567,0.047864
2.135882,0.039161
2.130390,0.030459
2.125087,0.021756
2.119972,0.013054
2.115041,0.004351
2.110294,-0.004351
2.105729,-0.013054
2.101342,-0.021756
2.097133,-0.030459
2.093101,-0.039161
2.089242,-0.047864
2.085556,-0.056566
2.082042,-0.065269
2.078697,-0.073971
2.075521,-0.082674
2.072512,-0.091376
2.069669,-0.100078
2.066992,-0.108781
2.064478,-0.117483
2.062127,-0.126186
2.059938,-0.134888
2.057910,-0.143591
2.056043,-0.152293
2.054335,-0.160996
2.052787,-0.169698
2.051397,-0.178401
2.050164,-0.187103
2.049090,-0.195806
2.048172,-0.204508
2.047411,-0.213211
2.046806,-0.221913
2.046358,-0.230616
2.046065,-0.239318
2.045928,-0.248021
2.045948,-0.256723
2.046122,-0.265425
2.046453,-0.274128
2.046940,-0.282830
2.047583,-0.291533
2.048383,-0.300235
2.049339,-0.308938
2.050452,-0.317640
2.051723,-0.326343
2.053152,-0.335045
2.054739,-0.343748
2.056486,-0.352450
2.058393,-0.361153
2.060460,-0.369855
2.062688,-0.378558
2.065079,-0.387260
2.067633,-0.395963
2.070351,-0.404665
2.073235,-0.413367
2.076285,-0.422070
2.079502,-0.430772
2.082888,-0.439475
2.086445,-0.448177
2.090173,-0.456880
2.094074,-0.465582
2.098150,-0.474285
2.102402,-0.482987
2.106832,-0.491690
2.111442,-0.500392
2.116234,-0.509095
2.121209,-0.517797
2.126370,-0.526500
2.131720,-0.535202
2.137259,-0.543905
2.142991,-0.552607
2.148917,-0.561310
2.155041,-0.570012
2.161366,-0.578714
2.167892,-0.587417
2.174625,-0.596119
2.181566,-0.604822
2.188719,-0.613524
2.196087,-0.622227
2.203673,-0.630929
2.211481,-0.639632
2.219513,-0.648334
2.232591,-0.657037
2.252659,-0.665739
2.247673,-0.674442
2.271853,-0.683144
2.275353,-0.691847
2.280072,-0.700549
2.285469,-0.709252
2.293478,-0.717954
2.325074,-0.726657
2.335312,-0.735359
2.327122,-0.744061
2.340166,-0.752764
2.354170,-0.761466
2.115563,-0.770169
1.997858,-0.778871
1.966861,-0.787574
1.936214,-0.796276
1.915016,-0.804979
1.814776,-0.813681
1.785392,-0.822384
1.756234,-0.831086
1.739481,-0.839789
1.711456,-0.848491
1.707944,-0.857194
1.670263,-0.865896
1.643366,-0.874599
1.641378,-0.883301
1.606407,-0.892003
1.605586,-0.900706
1.579824,-0.909408
1.572799,-0.918111
1.547771,-0.926813
1.522732,-0.935516
1.518500,-0.944218
1.494097,-0.952921
1.469636,-0.961623
1.468060,-0.970326
1.470983,-0.979028
1.474229,-0.987731
1.475635,-0.996433
1.480032,-1.005136
1.455868,-1.013838
1.461186,-1.022541
1.466832,-1.031243
1.461132,-1.039946
1.476573,-1.048648
1.464209,-1.057350
1.479590,-1.066053
1.467623,-1.074755
1.455959,-1.083458
1.444588,-1.092160
1.433502,-1.100863
1.422692,-1.109565
1.412150,-1.118268
1.401869,-1.126970
1.391843,-1.135673
1.382063,-1.144375
1.372523,-1.153078
1.363218,-1.161780
1.379245,-1.170483
1.395166,-1.179185
1.386206,-1.187888
1.377464,-1.196590
1.368936,-1.205293
1.360615,-1.213995
1.352498,-1.222697
1.368615,-1.231400
1.349126,-1.240102
1.365491,-1.248805
1.372062,-1.257507
1.365568,-1.266210
1.374516,-1.274912
1.369107,-1.283615
1.340773,-1.292317
1.353262,-1.301020
1.395159,-1.309722
1.387309,-1.318425
1.361828,-1.327127
1.381984,-1.335830
1.378509,-1.344532
1.377450,-1.353235
1.377424,-1.361937
1.355770,-1.370639
1.356736,-1.379342
1.383915,-1.388044
1.386594,-1.396747
1.389679,-1.405449
1.378707,-1.414152
1.383957,-1.422854
1.399472,-1.431557
1.407071,-1.440259
1.415285,-1.448962
1.416623,-1.457664
1.406417,-1.466367
1.418386,-1.475069
1.449703,-1.483772
1.476632,-1.492474
1.472342,-1.501177
1.468188,-1.509879
1.506039,-1.518582
1.502042,-1.527284
1.519005,-1.535986
1.556772,-1.544689
1.553025,-1.553391
1.549413,-1.562094
1.545935,-1.570796
