scan.pos:-7.088235,7.139638,-0.0815650.862869,1.562094
0.863518,1.553391
0.864233,1.544689
0.865016,1.535986
0.865866,1.527284
0.866784,1.518581
0.867770,1.509879
0.868825,1.501177
0.869949,1.492474
0.871141,1.483772
0.872404,1.475069
0.873737,1.466367
0.875141,1.457664
0.876616,1.448962
0.878163,1.440259
0.879783,1.431557
0.881476,1.422854
0.883242,1.414152
0.885084,1.405449
0.887001,1.396747
0.888994,1.388044
0.891064,1.379342
0.893212,1.370639
0.895438,1.361937
0.897745,1.353234
0.900131,1.344532
0.902600,1.335830
0.905151,1.327127
0.907786,1.318425
0.910506,1.309722
0.913312,1.301020
0.916206,1.292317
0.919188,1.283615
0.922260,1.274912
0.925423,1.266210
0.928679,1.257507
0.932029,1.248805
0.935475,1.240102
0.939019,1.231400
0.942661,1.222697
0.946404,1.213995
0.950250,1.205292
0.954200,1.196590
0.958256,1.187888
0.962420,1.179185
0.966695,1.170483
0.971082,1.161780
0.975584,1.153078
0.980202,1.144375
0.984940,1.135673
0.989800,1.126970
0.994784,1.118268
0.999895,1.109565
1.005136,1.100863
1.010510,1.092160
1.016019,1.083458
1.021666,1.074755
1.027455,1.066053
1.033390,1.057350
1.039473,1.048648
1.045708,1.039945
1.052099,1.031243
1.058650,1.022541
1.065365,1.013838
1.072247,1.005136
1.079302,0.996433
1.086533,0.987731
1.093946,0.979028
1.101545,0.970326
1.109336,0.961623
1.117323,0.952921
1.125512,0.944218
1.133909,0.935516
1.142521,0.926813
1.151352,0.918111
1.160410,0.909408
1.169701,0.900706
1.179233,0.892003
1.189013,0.883301
1.199049,0.874598
1.209348,0.865896
1.212561,0.857194
1.230137,0.848491
1.219786,0.839789
1.237193,0.831086
1.254409,0.822384
1.271443,0.813681
1.288304,0.804979
1.278369,0.796276
1.295113,0.787574
1.311704,0.778871
1.328150,0.770169
1.344459,0.761466
1.360638,0.752764
1.376695,0.744061
1.392635,0.735359
1.408466,0.726656
1.424195,0.717954
1.340528,0.709251
1.332032,0.700549
1.299229,0.691847
1.242564,0.683144
1.235112,0.674442
1.227843,0.665739
1.196814,0.657037
1.190031,0.648334
1.183414,0.639632
1.176959,0.630929
1.170663,0.622227
1.164522,0.613524
1.158533,0.604822
1.152693,0.596119
1.146998,0.587417
1.095788,0.578714
1.090591,0.570012
1.085526,0.561309
1.080590,0.552607
1.075780,0.543905
1.071094,0.535202
1.066529,0.526500
1.062084,0.517797
1.057756,0.509095
1.053542,0.500392
1.049442,0.491690
1.045453,0.482987
1.041573,0.474285
1.037801,0.465582
0.991045,0.456880
0.987631,0.448177
0.984315,0.439475
0.981096,0.430772
0.977971,0.422070
0.974941,0.413367
0.972003,0.404665
0.969156,0.395962
0.966400,0.387260
0.963732,0.378558
0.961152,0.369855
0.958658,0.361153
0.956250,0.352450
0.953927,0.343748
0.951687,0.335045
0.949530,0.326343
0.947454,0.317640
0.945460,0.308938
0.943545,0.300235
0.941710,0.291533
0.939953,0.282830
0.938275,0.274128
0.936673,0.265425
0.935148,0.256723
0.933699,0.248020
0.932325,0.239318
0.931026,0.230615
0.929802,0.221913
0.928651,0.213211
0.927574,0.204508
0.926569,0.195806
0.925637,0.187103
0.924778,0.178401
0.923990,0.169698
0.923274,0.160996
0.922629,0.152293
0.922056,0.143591
0.921553,0.134888
0.921121,0.126186
0.920759,0.117483
0.920468,0.108781
0.920247,0.100078
0.920096,0.091376
0.920015,0.082673
0.920004,0.073971
0.920064,0.065269
0.920193,0.056566
0.920392,0.047864
0.920662,0.039161
0.921002,0.030459
0.921413,0.021756
0.921894,0.013054
0.922446,0.004351
0.923069,-0.004351
0.923763,-0.013054
0.924529,-0.021756
0.925366,-0.030459
0.926276,-0.039161
0.967573,-0.047864
0.968674,-0.056566
0.969851,-0.065269
0.971105,-0.073971
0.972437,-0.082674
0.973846,-0.091376
0.975334,-0.100078
1.017605,-0.108781
1.039707,-0.117483
1.041542,-0.126186
1.043463,-0.134888
1.045471,-0.143591
1.047567,-0.152293
1.049751,-0.160996
1.052024,-0.169698
1.054388,-0.178401
1.056843,-0.187103
1.059391,-0.195806
1.062032,-0.204508
1.064767,-0.213211
1.067598,-0.221913
1.070526,-0.230616
1.073552,-0.239318
1.076677,-0.248021
1.122252,-0.256723
1.125711,-0.265425
1.129277,-0.274128
1.132952,-0.282830
1.136739,-0.291533
1.140638,-0.300235
1.144651,-0.308938
1.170455,-0.317640
1.218293,-0.326343
1.222908,-0.335045
1.227652,-0.343748
1.232526,-0.352450
1.281732,-0.361153
1.309251,-0.369855
1.314816,-0.378558
1.320530,-0.387260
1.326395,-0.395963
1.377581,-0.404665
1.383968,-0.413367
1.458906,-0.422070
1.465958,-0.430772
4.626684,-0.500392
4.566403,-0.509095
4.505113,-0.517797
4.442800,-0.526500
4.379450,-0.535202
4.339665,-0.543905
4.274344,-0.552607
4.249254,-0.561310
4.207709,-0.570012
4.179659,-0.578714
4.157294,-0.587417
4.160555,-0.596119
4.138383,-0.604822
4.090226,-0.613524
4.041681,-0.622227
4.019096,-0.630929
3.996477,-0.639632
3.947042,-0.648334
3.951108,-0.657037
3.928340,-0.665739
3.878080,-0.674442
3.854940,-0.683144
3.831707,-0.691847
3.780246,-0.700549
3.777905,-0.709252
3.736078,-0.717954
3.714303,-0.726657
3.683588,-0.735359
3.653653,-0.744061
3.624475,-0.752764
3.596031,-0.761466
3.568299,-0.770169
3.567691,-0.778871
3.541127,-0.787574
3.541263,-0.796276
3.541666,-0.804979
3.568002,-0.813681
3.543253,-0.822384
3.544431,-0.831086
3.571013,-0.839789
3.547542,-0.848491
3.599118,-0.857194
3.608891,-0.865896
3.656713,-0.874599
3.716016,-0.883301
3.766124,-0.892003
3.780865,-0.900706
3.785910,-0.909408
3.829437,-0.918111
3.885542,-0.926813
3.942820,-0.935516
3.992979,-0.944218
4.170067,-0.952921
4.247942,-0.961623
4.311593,-0.970326
4.371799,-0.979028
4.439611,-0.987731
4.509233,-0.996433
4.714076,-1.005136
4.787954,-1.013838
4.863515,-1.022541
4.931091,-1.031243
5.046953,-1.039946
