scan.pos:-1.948921,4.264824,1.6352500.982039,1.562094
0.981524,1.553391
0.981083,1.544689
0.980718,1.535986
0.980428,1.527284
0.980212,1.518581
0.980072,1.509879
0.980006,1.501177
0.980014,1.492474
0.980097,1.483772
0.980255,1.475069
0.980488,1.466367
1.020827,1.457664
1.021225,1.448962
1.021701,1.440259
1.022256,1.431557
1.022889,1.422854
1.023600,1.414152
1.024391,1.405449
1.025261,1.396747
1.026211,1.388044
1.027241,1.379342
1.028352,1.370639
1.029543,1.361937
1.030815,1.353234
1.052408,1.344532
1.053873,1.335830
1.055423,1.327127
1.057058,1.318425
1.058778,1.309722
1.060585,1.301020
1.103344,1.292317
1.105403,1.283615
1.107554,1.274912
1.130349,1.266210
1.132730,1.257507
1.176489,1.248805
1.179158,1.240102
1.181929,1.231400
1.247162,1.222697
1.250299,1.213995
6.321092,1.205292
6.338039,1.196590
6.355564,1.187888
6.373672,1.179185
6.392371,1.170483
6.411670,1.161780
6.431578,1.153078
6.452102,1.144375
6.473253,1.135673
6.495039,1.126970
6.517469,1.118268
6.540555,1.109565
6.564307,1.100863
6.588736,1.092160
6.613853,1.083458
6.639669,1.074755
6.666198,1.066053
6.693451,1.057350
6.721442,1.048648
6.750184,1.039945
6.779691,1.031243
6.809979,1.022541
6.841062,1.013838
6.872955,1.005136
6.905676,0.996433
4.175357,0.987731
4.135118,0.979028
4.054513,0.970326
3.997625,0.961623
3.933026,0.952921
3.876530,0.944218
3.844232,0.935516
3.778215,0.926813
3.722562,0.918111
3.667325,0.909408
3.623735,0.900706
3.592973,0.892003
3.538307,0.883301
3.493435,0.874598
3.447666,0.865896
3.417565,0.857194
3.387969,0.848491
3.333539,0.839789
3.311483,0.831086
3.263133,0.822384
3.233907,0.813681
3.205074,0.804979
3.155075,0.796276
3.130434,0.787574
3.101434,0.778871
3.072745,0.770169
3.047014,0.761466
3.020557,0.752764
2.991684,0.744061
2.963045,0.735359
2.935304,0.726656
2.906580,0.717954
2.891006,0.709251
2.866368,0.700549
2.842361,0.691847
2.818966,0.683144
2.796165,0.674442
2.773938,0.665739
2.752270,0.657037
2.731145,0.648334
2.710546,0.639632
2.713893,0.630929
2.700734,0.622227
2.709621,0.613524
2.706307,0.604822
2.673820,0.596119
2.661659,0.587417
2.633442,0.578714
2.624148,0.570012
2.625035,0.561309
2.618504,0.552607
2.598856,0.543905
2.643978,0.535202
2.641328,0.526500
2.639874,0.517797
2.639641,0.509095
2.640654,0.500392
2.619310,0.491690
2.661105,0.482987
2.666719,0.474285
2.645814,0.465582
2.678558,0.456880
2.665127,0.448177
2.720761,0.439475
2.707663,0.430772
2.740278,0.422070
2.795385,0.413367
2.827716,0.404665
2.882358,0.395962
2.936742,0.387260
2.968689,0.378558
2.956389,0.369855
2.966427,0.361153
2.998536,0.352450
2.986939,0.343748
2.997416,0.335045
3.029720,0.326343
3.062019,0.317640
3.072797,0.308938
3.126636,0.300235
3.201727,0.291533
3.276568,0.282830
3.372422,0.274128
3.467935,0.265425
3.542018,0.256723
3.658040,0.248020
3.752682,0.239318
3.805213,0.230615
3.878630,0.221913
3.880520,0.213211
3.877162,0.204508
3.857780,0.195806
3.843608,0.187103
3.835119,0.178401
3.832854,0.169698
3.822361,0.160996
3.817631,0.152293
3.801232,0.143591
3.794737,0.134888
3.799370,0.126186
3.796234,0.117483
3.774751,0.108781
3.768981,0.100078
3.763515,0.091376
3.758350,0.082673
3.753485,0.073971
3.748918,0.065269
3.744646,0.056566
3.740669,0.047864
3.736984,0.039161
3.733591,0.030459
3.730488,0.021756
3.727674,0.013054
3.725147,0.004351
3.722907,-0.004351
3.720953,-0.013054
3.719284,-0.021756
3.717899,-0.030459
3.716799,-0.039161
3.715982,-0.047864
3.715448,-0.056566
3.715198,-0.065269
3.715230,-0.073971
3.715545,-0.082674
3.716143,-0.091376
3.717025,-0.100078
3.718190,-0.108781
3.719640,-0.117483
3.721374,-0.126186
3.723393,-0.134888
3.725698,-0.143591
3.728291,-0.152293
3.731171,-0.160996
3.734340,-0.169698
3.737800,-0.178401
3.741551,-0.187103
3.745595,-0.195806
3.749934,-0.204508
3.754570,-0.213211
3.759503,-0.221913
3.764736,-0.230616
3.770272,-0.239318
3.776112,-0.248021
3.782258,-0.256723
3.788714,-0.265425
3.795481,-0.274128
3.802562,-0.282830
3.809961,-0.291533
3.817679,-0.300235
3.825721,-0.308938
3.834090,-0.317640
3.842788,-0.326343
3.851820,-0.335045
3.861190,-0.343748
3.870900,-0.352450
3.880956,-0.361153
3.891361,-0.369855
3.902121,-0.378558
3.913238,-0.387260
3.924719,-0.395963
3.936568,-0.404665
3.948791,-0.413367
3.961392,-0.422070
3.974378,-0.430772
3.987754,-0.439475
4.001526,-0.448177
4.015700,-0.456880
4.030283,-0.465582
4.045281,-0.474285
4.060702,-0.482987
4.076553,-0.491690
1.994941,-0.500392
1.972476,-0.509095
1.928876,-0.517797
1.886108,-0.526500
1.866522,-0.535202
1.825346,-0.543905
1.809800,-0.552607
1.770925,-0.561310
1.732607,-0.570012
1.740674,-0.578714
1.749670,-0.587417
1.736409,-0.596119
1.723799,-0.604822
1.711815,-0.613524
1.709555,-0.622227
1.675874,-0.630929
1.618683,-0.639632
1.609340,-0.648334
1.576432,-0.657037
1.495304,-0.665739
1.462487,-0.674442
1.454326,-0.683144
1.437072,-0.691847
1.430323,-0.700549
1.398993,-0.709252
1.392866,-0.717954
1.335532,-0.726657
1.344688,-0.735359
1.351038,-0.744061
1.314609,-0.752764
1.310425,-0.761466
1.306566,-0.770169
1.276603,-0.778871
1.273177,-0.787574
1.270057,-0.796276
1.237526,-0.804979
1.235287,-0.813681
1.233336,-0.822384
1.203957,-0.831086
1.202341,-0.839789
1.201000,-0.848491
1.194173,-0.857194
1.183996,-0.865896
1.174080,-0.874599
1.164416,-0.883301
1.154997,-0.892003
1.145817,-0.900706
1.136866,-0.909408
1.128140,-0.918111
1.119631,-0.926813
1.111334,-0.935516
1.103242,-0.944218
1.095350,-0.952921
1.087653,-0.961623
1.080144,-0.970326
1.072820,-0.979028
1.065675,-0.987731
1.058704,-0.996433
1.051904,-1.005136
1.045269,-1.013838
1.038796,-1.022541
1.032482,-1.031243
1.026321,-1.039946
1.020310,-1.048648
1.014446,-1.057350
1.008726,-1.066053
1.003146,-1.074755
0.997703,-1.083458
0.992393,-1.092160
0.987215,-1.100863
0.982165,-1.109565
0.977240,-1.118268
0.972438,-1.126970
0.967756,-1.135673
0.963193,-1.144375
0.958744,-1.153078
0.954409,-1.161780
0.950185,-1.170483
0.946070,-1.179185
0.942062,-1.187888
0.938159,-1.196590
0.934359,-1.205293
0.930660,-1.213995
0.927061,-1.222697
0.923560,-1.231400
0.920154,-1.240102
0.916843,-1.248805
0.913626,-1.257507
0.910500,-1.266210
0.907464,-1.274912
0.904517,-1.283615
0.901657,-1.292317
0.898884,-1.301020
0.896196,-1.309722
0.893591,-1.318425
0.881706,-1.327127
0.879291,-1.335830
0.876957,-1.344532
0.874701,-1.353235
0.872523,-1.361937
0.870422,-1.370639
0.868397,-1.379342
0.866448,-1.388044
0.864573,-1.396747
0.862771,-1.405449
0.861042,-1.414152
0.859386,-1.422854
0.857801,-1.431557
0.856287,-1.440259
0.854844,-1.448962
0.853470,-1.457664
0.852165,-1.466367
0.850929,-1.475069
0.849762,-1.483772
0.848662,-1.492474
0.847629,-1.501177
0.846663,-1.509879
0.845764,-1.518582
0.844931,-1.527284
0.844164,-1.535986
0.843462,-1.544689
0.842826,-1.553391
0.842254,-1.562094
0.841748,-1.570796
