scan.pos:-2.319339,-1.333172,1.7352501.541458,1.562094
1.539288,1.553391
1.537240,1.544689
1.535315,1.535986
1.533511,1.527284
1.531828,1.518581
1.530265,1.509879
1.528821,1.501177
1.527496,1.492474
1.526290,1.483772
1.525202,1.475069
1.524231,1.466367
1.523378,1.457664
1.522641,1.448962
1.522021,1.440259
1.521517,1.431557
1.521129,1.422854
1.520858,1.414152
1.520702,1.405449
1.520662,1.396747
1.520738,1.388044
1.520930,1.379342
1.521237,1.370639
1.521661,1.361937
1.522201,1.353234
1.522857,1.344532
1.523630,1.335830
1.524520,1.327127
1.525527,1.318425
1.526652,1.309722
1.527894,1.301020
1.529256,1.292317
1.530736,1.283615
1.532337,1.274912
1.534057,1.266210
1.535899,1.257507
1.537862,1.248805
1.539947,1.240102
1.542156,1.231400
1.585116,1.222697
1.587639,1.213995
1.590291,1.205292
1.633904,1.196590
1.636893,1.187888
1.660509,1.179185
1.663812,1.170483
1.667255,1.161780
1.670840,1.153078
1.715899,1.144375
1.740580,1.135673
1.744749,1.126970
1.790699,1.118268
1.795282,1.109565
5.942683,1.100863
5.958885,1.092160
5.975632,1.083458
5.992931,1.074755
6.010789,1.066053
6.029215,1.057350
6.048216,1.048648
6.067801,1.039945
6.087978,1.031243
6.108757,1.022541
6.130146,1.013838
6.152155,1.005136
6.174796,0.996433
6.198077,0.987731
6.222010,0.979028
6.246606,0.970326
6.271877,0.961623
6.297835,0.952921
6.324492,0.944218
6.351862,0.935516
6.379957,0.926813
6.408793,0.918111
6.438383,0.909408
6.468742,0.900706
6.499886,0.892003
6.531831,0.883301
6.564595,0.874598
6.598193,0.865896
6.632645,0.857194
6.667969,0.848491
6.704185,0.839789
6.741313,0.831086
6.779373,0.822384
6.818387,0.813681
6.858378,0.804979
6.899370,0.796276
6.941387,0.787574
6.984454,0.778871
7.028596,0.770169
7.073843,0.761466
7.120222,0.752764
7.167762,0.744061
7.216495,0.735359
7.266452,0.726656
7.317667,0.717954
7.370173,0.709251
7.424009,0.700549
7.479210,0.691847
7.535817,0.683144
7.593870,0.674442
7.653411,0.665739
7.714486,0.657037
7.777140,0.648334
4.330202,0.422070
4.209249,0.413367
4.161479,0.404665
4.138254,0.395962
4.115598,0.387260
4.093500,0.378558
4.071946,0.369855
4.050924,0.361153
4.030424,0.352450
4.010434,0.343748
3.990944,0.335045
3.971943,0.326343
3.953423,0.317640
3.935372,0.308938
3.917782,0.300235
3.900645,0.291533
3.883951,0.282830
3.867693,0.274128
3.851863,0.265425
3.836453,0.256723
3.821455,0.248020
3.806863,0.239318
3.792670,0.230615
3.778868,0.221913
3.765453,0.213211
3.752418,0.204508
3.739756,0.195806
3.748803,0.187103
3.736804,0.178401
3.725163,0.169698
3.713877,0.160996
3.745101,0.152293
3.734389,0.143591
3.724020,0.134888
3.713990,0.126186
3.745997,0.117483
3.736529,0.108781
3.727392,0.100078
3.718581,0.091376
3.710094,0.082673
3.701927,0.073971
3.694077,0.065269
3.686539,0.056566
3.699792,0.047864
3.692834,0.039161
3.726991,0.030459
3.740942,0.021756
3.775465,0.013054
3.830469,0.004351
3.905870,-0.004351
3.981350,-0.013054
4.056927,-0.021756
4.415315,-0.030459
4.712662,-0.039161
5.009692,-0.047864
5.407107,-0.056566
7.290085,-0.335045
6.899620,-0.343748
6.595207,-0.352450
6.313300,-0.361153
6.032732,-0.369855
5.791283,-0.378558
5.543888,-0.387260
5.351976,-0.395963
5.363052,-0.404665
5.353964,-0.413367
5.365911,-0.422070
5.378322,-0.430772
5.349676,-0.439475
5.362927,-0.448177
5.376655,-0.456880
5.390864,-0.465582
5.405561,-0.474285
5.420753,-0.482987
5.436446,-0.491690
5.452646,-0.500392
5.469361,-0.509095
5.486598,-0.517797
5.504364,-0.526500
5.522667,-0.535202
5.541516,-0.543905
5.560919,-0.552607
5.580885,-0.561310
5.601423,-0.570012
5.622543,-0.578714
5.644253,-0.587417
5.666566,-0.596119
5.689490,-0.604822
3.173929,-0.613524
3.083739,-0.622227
3.016693,-0.630929
2.973920,-0.639632
2.902995,-0.648334
2.871426,-0.657037
2.854981,-0.665739
2.821280,-0.674442
2.784570,-0.683144
2.725435,-0.691847
2.689940,-0.700549
2.655050,-0.709252
2.573777,-0.717954
2.539734,-0.726657
2.506186,-0.735359
2.473101,-0.744061
2.440448,-0.752764
2.408199,-0.761466
2.376326,-0.770169
2.344802,-0.778871
2.313601,-0.787574
2.282699,-0.796276
2.276977,-0.804979
2.222519,-0.813681
2.212123,-0.822384
2.187013,-0.831086
2.157432,-0.839789
2.076492,-0.848491
2.046856,-0.857194
2.043475,-0.865896
2.014249,-0.874599
1.985104,-0.883301
1.982758,-0.892003
1.953928,-0.900706
1.925126,-0.909408
1.923715,-0.918111
1.895139,-0.926813
1.894378,-0.935516
1.865973,-0.944218
1.863309,-0.952921
1.875306,-0.961623
1.887241,-0.970326
1.871582,-0.979028
1.856322,-0.987731
1.868541,-0.996433
1.853828,-1.005136
1.839484,-1.013838
1.825498,-1.022541
1.838131,-1.031243
1.850717,-1.039946
1.837370,-1.048648
1.824352,-1.057350
1.811654,-1.066053
1.824621,-1.074755
1.812368,-1.083458
1.800415,-1.092160
1.838463,-1.100863
1.826770,-1.109565
1.839905,-1.118268
1.828625,-1.126970
1.841865,-1.135673
1.855088,-1.144375
1.868296,-1.153078
1.858330,-1.161780
1.864036,-1.170483
1.893830,-1.179185
1.915397,-1.187888
1.946591,-1.196590
1.978137,-1.205293
2.010064,-1.213995
2.037191,-1.222697
2.070837,-1.231400
2.104978,-1.240102
2.139650,-1.248805
2.174895,-1.257507
2.210061,-1.266210
2.269878,-1.274912
2.307997,-1.283615
2.346902,-1.292317
2.386647,-1.301020
2.431734,-1.309722
2.474466,-1.318425
2.518271,-1.327127
2.519796,-1.335830
2.587778,-1.344532
2.645819,-1.353235
2.696171,-1.361937
2.748108,-1.370639
2.823094,-1.379342
2.878515,-1.388044
2.957135,-1.396747
3.036029,-1.405449
3.120692,-1.414152
3.186841,-1.422854
3.297773,-1.431557
3.390691,-1.440259
3.474247,-1.448962
3.597261,-1.457664
3.703561,-1.466367
3.814428,-1.475069
3.951006,-1.483772
4.093114,-1.492474
4.121943,-1.501177
4.116688,-1.509879
4.099635,-1.518582
4.174101,-1.527284
4.238799,-1.535986
4.254510,-1.544689
4.333775,-1.553391
4.324202,-1.562094
4.414950,-1.570796
