scan.pos:6.203067,2.916879,1.9184350.914719,1.562094
0.933076,1.553391
0.951392,1.544689
0.948591,1.535986
0.945878,1.527284
0.964214,1.518581
1.003427,1.509879
1.021659,1.501177
1.060673,1.492474
1.058079,1.483772
1.055579,1.475069
1.053171,1.466367
1.050853,1.457664
1.089748,1.448962
1.108045,1.440259
1.105873,1.431557
1.124235,1.422854
1.163018,1.414152
1.181385,1.405449
1.179444,1.396747
1.177600,1.388044
1.175850,1.379342
1.194440,1.370639
1.192852,1.361937
1.191359,1.353234
1.189960,1.344532
1.249095,1.335830
1.247821,1.327127
1.266752,1.318425
1.346014,1.309722
1.344952,1.301020
1.343994,1.292317
1.343140,1.283615
1.402495,1.274912
1.401818,1.266210
1.481319,1.257507
1.480830,1.248805
1.480453,1.240102
1.540198,1.231400
1.540041,1.222697
1.540002,1.213995
1.580081,1.205292
1.580282,1.196590
1.600610,1.187888
1.601057,1.179185
1.641666,1.170483
1.642375,1.161780
1.703327,1.153078
1.704323,1.144375
1.765642,1.135673
1.766945,1.126970
1.768385,1.118268
1.870528,1.109565
1.872340,1.100863
1.874299,1.092160
1.896581,1.083458
1.939260,1.074755
1.941740,1.066053
1.984882,1.057350
1.987731,1.048648
5.264354,1.039945
5.211698,1.031243
4.989109,1.022541
4.891446,1.013838
4.864186,1.005136
4.880261,0.996433
4.889972,0.987731
4.900095,0.979028
4.910634,0.970326
4.921595,0.961623
4.932981,0.952921
4.944798,0.944218
4.957049,0.935516
4.969741,0.926813
4.982879,0.918111
4.996468,0.909408
5.010513,0.900706
5.025022,0.892003
5.040000,0.883301
5.055453,0.874598
5.071389,0.865896
5.130542,0.857194
5.147606,0.848491
5.208195,0.839789
5.226435,0.831086
5.245204,0.822384
5.286251,0.813681
5.306186,0.804979
5.326679,0.796276
5.347741,0.787574
5.369379,0.778871
5.391606,0.770169
5.414432,0.761466
5.437868,0.752764
5.461925,0.744061
5.486615,0.735359
5.511952,0.726656
5.515172,0.717954
5.541729,0.709251
5.522975,0.700549
5.550683,0.691847
5.579097,0.683144
5.608233,0.674442
5.638106,0.665739
5.715943,0.657037
5.771338,0.648334
7.756072,0.509095
7.693913,0.500392
7.607069,0.491690
7.548744,0.482987
7.465187,0.474285
7.410447,0.465582
7.329916,0.456880
7.250692,0.448177
7.200791,0.439475
7.150139,0.430772
7.088726,0.422070
7.028889,0.413367
6.970580,0.404665
6.913752,0.395962
6.858362,0.387260
6.804367,0.378558
6.751724,0.369855
6.700397,0.361153
6.650347,0.352450
6.601538,0.343748
6.553936,0.335045
6.507507,0.326343
6.462220,0.317640
6.418045,0.308938
6.374951,0.300235
6.332911,0.291533
6.291899,0.282830
6.251887,0.274128
6.212851,0.265425
6.174767,0.256723
6.137611,0.248020
6.101362,0.239318
6.065997,0.230615
6.031497,0.221913
5.997841,0.213211
5.965011,0.204508
5.932987,0.195806
5.901752,0.187103
5.871290,0.178401
5.841582,0.169698
5.812614,0.160996
5.784371,0.152293
5.756837,0.143591
5.729998,0.134888
5.703840,0.126186
5.678351,0.117483
5.653517,0.108781
5.629326,0.100078
5.605767,0.091376
5.582827,0.082673
5.560496,0.073971
5.538763,0.065269
5.517618,0.056566
5.497050,0.047864
5.477051,0.039161
5.457611,0.030459
5.438722,0.021756
5.420373,0.013054
5.402559,0.004351
5.385270,-0.004351
5.368498,-0.013054
5.352237,-0.021756
5.336480,-0.030459
5.321219,-0.039161
5.306448,-0.047864
5.292161,-0.056566
5.278351,-0.065269
5.265013,-0.073971
5.252141,-0.082674
5.239731,-0.091376
5.227776,-0.100078
5.216271,-0.108781
5.205213,-0.117483
5.194596,-0.126186
5.184416,-0.134888
5.174670,-0.143591
5.165353,-0.152293
5.156461,-0.160996
5.147991,-0.169698
5.139940,-0.178401
5.132304,-0.187103
5.125081,-0.195806
5.118267,-0.204508
5.111859,-0.213211
5.105856,-0.221913
5.100256,-0.230616
5.095055,-0.239318
5.090252,-0.248021
5.085845,-0.256723
5.081832,-0.265425
5.078212,-0.274128
5.074984,-0.282830
5.072145,-0.291533
5.069695,-0.300235
5.067634,-0.308938
5.065960,-0.317640
5.064672,-0.326343
5.063771,-0.335045
5.063256,-0.343748
5.063126,-0.352450
5.063382,-0.361153
5.064023,-0.369855
5.065051,-0.378558
5.066465,-0.387260
5.068265,-0.395963
5.070454,-0.404665
5.073030,-0.413367
5.075996,-0.422070
5.079353,-0.430772
5.083101,-0.439475
5.087243,-0.448177
5.091779,-0.456880
5.096712,-0.465582
5.102043,-0.474285
5.107775,-0.482987
5.113910,-0.491690
5.120450,-0.500392
5.127398,-0.509095
5.134756,-0.517797
5.142527,-0.526500
5.150715,-0.535202
5.159322,-0.543905
5.168353,-0.552607
5.177810,-0.561310
5.187697,-0.570012
5.198020,-0.578714
5.208780,-0.587417
5.219984,-0.596119
5.231635,-0.604822
5.243739,-0.613524
5.256300,-0.622227
5.269323,-0.630929
5.282815,-0.639632
5.296780,-0.648334
5.313660,-0.657037
5.341048,-0.665739
5.354940,-0.674442
5.375828,-0.683144
5.275913,-0.691847
5.138780,-0.700549
5.027727,-0.709252
4.908441,-0.717954
4.807444,-0.726657
4.710284,-0.735359
4.595039,-0.744061
4.504712,-0.752764
4.417499,-0.761466
4.333198,-0.770169
4.247532,-0.778871
4.169590,-0.787574
4.094011,-0.796276
4.020653,-0.804979
3.949380,-0.813681
3.880067,-0.822384
3.814532,-0.831086
3.749716,-0.839789
3.686512,-0.848491
3.624828,-0.857194
3.587573,-0.865896
3.528785,-0.874599
3.478422,-0.883301
3.422922,-0.892003
3.368541,-0.900706
3.315214,-0.909408
3.286615,-0.918111
3.235350,-0.926813
3.196825,-0.935516
3.148024,-0.944218
3.124289,-0.952921
3.077137,-0.961623
3.030669,-0.970326
3.000379,-0.979028
2.955873,-0.987731
2.936994,-0.996433
2.893732,-1.005136
2.876365,-1.013838
2.827731,-1.022541
2.812295,-1.031243
2.771662,-1.039946
2.757524,-1.048648
2.717765,-1.057350
2.700938,-1.066053
2.662458,-1.074755
2.624221,-1.083458
2.613361,-1.092160
2.573848,-1.100863
2.564504,-1.109565
2.527920,-1.118268
2.519532,-1.126970
2.509384,-1.135673
2.487831,-1.144375
2.466830,-1.153078
2.446367,-1.161780
2.426423,-1.170483
2.406983,-1.179185
2.388033,-1.187888
2.369558,-1.196590
2.351544,-1.205293
2.333979,-1.213995
2.316849,-1.222697
2.300143,-1.231400
2.283849,-1.240102
2.267955,-1.248805
2.252451,-1.257507
2.237327,-1.266210
2.222573,-1.274912
2.208179,-1.283615
2.194137,-1.292317
2.180437,-1.301020
2.167071,-1.309722
2.154031,-1.318425
2.141309,-1.327127
2.128898,-1.335830
2.116790,-1.344532
2.104978,-1.353235
2.093456,-1.361937
2.082217,-1.370639
2.071255,-1.379342
2.060564,-1.388044
2.050138,-1.396747
2.039972,-1.405449
2.030060,-1.414152
2.020396,-1.422854
2.010977,-1.431557
2.001797,-1.440259
1.992851,-1.448962
1.984136,-1.457664
1.975646,-1.466367
1.967377,-1.475069
1.959327,-1.483772
1.951489,-1.492474
1.943862,-1.501177
1.936441,-1.509879
1.929223,-1.518582
1.922204,-1.527284
1.915381,-1.535986
1.908752,-1.544689
1.902312,-1.553391
1.896060,-1.562094
1.889992,-1.570796
