scan.pos:1.466370,6.829687,2.7684350.773212,1.562094
0.775892,1.553391
0.778651,1.544689
0.781488,1.535986
0.784407,1.527284
0.787408,1.518581
0.790492,1.509879
0.793661,1.501177
0.796916,1.492474
0.800260,1.483772
0.803693,1.475069
0.807218,1.466367
0.810835,1.457664
0.814548,1.448962
0.818357,1.440259
0.822265,1.431557
0.826274,1.422854
0.830385,1.414152
0.811418,1.405449
0.792318,1.396747
0.796505,1.388044
0.800798,1.379342
0.805199,1.370639
0.785896,1.361937
0.790384,1.353234
0.794986,1.344532
0.799702,1.335830
0.804536,1.327127
0.809492,1.318425
0.814571,1.309722
0.819777,1.301020
0.825113,1.292317
0.805413,1.283615
0.810850,1.274912
0.790911,1.266210
0.796446,1.257507
0.802120,1.248805
0.807938,1.240102
0.813904,1.231400
0.820021,1.222697
0.826294,1.213995
0.832728,1.205292
0.839327,1.196590
0.846097,1.187888
0.853042,1.179185
0.860169,1.170483
0.867481,1.161780
0.874987,1.153078
0.871049,1.144375
0.863645,1.135673
0.884057,1.126970
0.876799,1.118268
0.869725,1.109565
0.889793,1.100863
0.882860,1.092160
0.902650,1.083458
0.895859,1.074755
0.915391,1.066053
0.934707,1.057350
0.928038,1.048648
0.947132,1.039945
0.966032,1.031243
0.959499,1.022541
0.953125,1.013838
0.946907,1.005136
0.940841,0.996433
0.959526,0.987731
0.953601,0.979028
0.972123,0.970326
0.990496,0.961623
0.984711,0.952921
1.002948,0.944218
1.021053,0.935516
1.039035,0.926813
1.056900,0.918111
1.051292,0.909408
1.045822,0.900706
1.040487,0.892003
1.035285,0.883301
1.053107,0.874598
1.070836,0.865896
1.088478,0.857194
1.106039,0.848491
1.143708,0.839789
1.162452,0.831086
1.182051,0.822384
1.201766,0.813681
1.224436,0.804979
1.245276,0.796276
1.266190,0.787574
1.293452,0.778871
1.315740,0.770169
1.346854,0.761466
1.392338,0.752764
1.406146,0.744061
1.453372,0.735359
1.479442,0.726656
1.521449,0.717954
1.549897,0.709251
1.576446,0.700549
1.628901,0.691847
1.681966,0.683144
1.717848,0.674442
1.774458,0.665739
1.759890,0.657037
1.879435,0.648334
1.941728,0.639632
1.999308,0.630929
2.067483,0.622227
2.137172,0.613524
2.377387,0.604822
4.946103,0.456880
4.922361,0.448177
4.878976,0.439475
4.815977,0.430772
4.773444,0.422070
4.751335,0.413367
4.709592,0.404665
4.708251,0.395962
4.707269,0.387260
4.706645,0.378558
4.706380,0.369855
4.706474,0.361153
4.706925,0.352450
4.667725,0.343748
4.648873,0.335045
4.590331,0.326343
4.592172,0.317640
4.594364,0.308938
4.556816,0.300235
4.559689,0.291533
4.562912,0.282830
4.566489,0.274128
4.570419,0.265425
4.574705,0.256723
4.579348,0.248020
4.584350,0.239318
4.589713,0.230615
4.595438,0.221913
4.601529,0.213211
4.648530,0.204508
4.614816,0.195806
4.622017,0.187103
4.629594,0.178401
4.637549,0.169698
4.666233,0.160996
4.662169,0.152293
4.668840,0.143591
4.680952,0.134888
4.729780,0.126186
4.602616,0.117483
4.441101,0.108781
4.305606,0.100078
4.174952,0.091376
4.048668,0.082673
3.926340,0.073971
3.828553,0.065269
3.713123,0.056566
3.621729,0.047864
3.533153,0.039161
3.447161,0.030459
3.342272,0.021756
3.282096,0.013054
3.202656,0.004351
3.125059,-0.004351
3.049157,-0.013054
2.996447,-0.021756
2.945331,-0.030459
2.873914,-0.039161
2.825591,-0.047864
2.756605,-0.056566
2.710698,-0.065269
2.665921,-0.073971
2.622199,-0.082674
2.579467,-0.091376
2.515237,-0.100078
2.474195,-0.108781
2.433962,-0.117483
2.394485,-0.126186
2.355716,-0.134888
2.317609,-0.143591
2.280120,-0.152293
2.266392,-0.160996
2.230139,-0.169698
2.194390,-0.178401
2.159111,-0.187103
2.124267,-0.195806
2.089826,-0.204508
2.079710,-0.213211
2.046125,-0.221913
2.012858,-0.230616
2.004263,-0.239318
1.971703,-0.248021
1.939385,-0.256723
1.932127,-0.265425
1.900383,-0.274128
1.868813,-0.282830
1.862734,-0.291533
1.831619,-0.300235
1.826307,-0.308938
1.795576,-0.317640
1.764918,-0.326343
1.760567,-0.335045
1.756641,-0.343748
1.726481,-0.352450
1.696322,-0.361153
1.693217,-0.369855
1.663215,-0.378558
1.660675,-0.387260
1.658519,-0.395963
1.628761,-0.404665
1.627125,-0.413367
1.616096,-0.422070
1.602358,-0.430772
1.588972,-0.439475
1.575927,-0.448177
1.563212,-0.456880
1.550818,-0.465582
1.538736,-0.474285
1.526955,-0.482987
1.515468,-0.491690
1.504266,-0.500392
1.493342,-0.509095
1.482687,-0.517797
1.472294,-0.526500
1.462157,-0.535202
1.452268,-0.543905
1.442621,-0.552607
1.433210,-0.561310
1.424029,-0.570012
1.415071,-0.578714
1.406332,-0.587417
1.397807,-0.596119
1.389489,-0.604822
1.381374,-0.613524
1.373457,-0.622227
1.365734,-0.630929
1.358200,-0.639632
1.350851,-0.648334
1.343683,-0.657037
1.336691,-0.665739
1.329873,-0.674442
1.323225,-0.683144
1.316742,-0.691847
1.310422,-0.700549
1.304261,-0.709252
1.298256,-0.717954
1.292405,-0.726657
1.286703,-0.735359
1.281148,-0.744061
1.275738,-0.752764
1.270470,-0.761466
1.265341,-0.770169
1.260349,-0.778871
1.255491,-0.787574
1.250766,-0.796276
1.246171,-0.804979
1.241703,-0.813681
1.237361,-0.822384
1.233143,-0.831086
1.229047,-0.839789
1.225071,-0.848491
1.221214,-0.857194
1.217473,-0.865896
1.213847,-0.874599
1.210335,-0.883301
1.206934,-0.892003
1.203644,-0.900706
1.200463,-0.909408
1.197390,-0.918111
1.194423,-0.926813
1.191561,-0.935516
1.188803,-0.944218
1.186149,-0.952921
1.183595,-0.961623
1.181143,-0.970326
1.188717,-0.979028
1.186444,-0.987731
1.184270,-0.996433
1.182194,-1.005136
1.180215,-1.013838
1.178331,-1.022541
1.176544,-1.031243
1.174851,-1.039946
1.173252,-1.048648
1.171746,-1.057350
1.170334,-1.066053
1.169014,-1.074755
1.167785,-1.083458
1.166648,-1.092160
1.165602,-1.100863
1.164646,-1.109565
1.163781,-1.118268
1.163005,-1.126970
1.162319,-1.135673
1.161722,-1.144375
1.161214,-1.153078
1.160794,-1.161780
1.160464,-1.170483
1.160222,-1.179185
1.160068,-1.187888
1.160003,-1.196590
1.160026,-1.205293
1.160137,-1.213995
1.160337,-1.222697
1.160625,-1.231400
1.161002,-1.240102
1.161467,-1.248805
1.162022,-1.257507
1.162665,-1.266210
1.163398,-1.274912
1.164221,-1.283615
1.165133,-1.292317
1.166136,-1.301020
1.167230,-1.309722
1.168414,-1.318425
1.169690,-1.327127
1.171059,-1.335830
1.172520,-1.344532
1.174074,-1.353235
1.175722,-1.361937
1.177464,-1.370639
1.179301,-1.379342
1.181234,-1.388044
1.183264,-1.396747
1.185391,-1.405449
1.187617,-1.414152
1.189942,-1.422854
1.192366,-1.431557
1.194892,-1.440259
1.197520,-1.448962
1.200251,-1.457664
1.203087,-1.466367
1.206028,-1.475069
1.209075,-1.483772
1.212231,-1.492474
1.215496,-1.501177
1.218872,-1.509879
1.222360,-1.518582
1.225961,-1.527284
1.229678,-1.535986
1.233511,-1.544689
1.237463,-1.553391
1.241536,-1.562094
1.245730,-1.570796
