scan.pos:-2.070010,6.140920,1.6352505.942328,1.562094
5.939209,1.553391
5.936545,1.544689
5.934336,1.535986
5.932579,1.527284
5.931275,1.518581
5.930423,1.509879
5.930023,1.501177
5.930075,1.492474
5.930578,1.483772
5.931533,1.475069
5.932940,1.466367
5.934800,1.457664
5.937114,1.448962
3.235378,1.440259
2.635806,1.431557
2.356645,1.422854
2.197720,1.414152
2.078902,1.405449
1.738914,1.396747
1.660037,1.388044
1.621419,1.379342
1.623172,1.370639
1.604865,1.361937
1.546213,1.353234
1.487529,1.344532
1.449066,1.335830
1.410603,1.327127
1.412788,1.318425
1.415088,1.309722
1.417503,1.301020
1.399602,1.292317
1.402214,1.283615
1.406812,1.274912
1.385218,1.266210
1.385979,1.257507
1.347132,1.248805
1.334801,1.240102
1.342705,1.231400
1.351739,1.222697
1.340982,1.213995
1.345497,1.205292
1.317628,1.196590
1.311289,1.187888
1.305544,1.179185
1.301701,1.170483
1.298771,1.161780
1.296256,1.153078
1.294136,1.144375
1.300273,1.135673
1.300362,1.126970
1.322280,1.118268
1.301394,1.109565
1.272419,1.100863
1.274734,1.092160
1.299119,1.083458
1.301938,1.074755
1.301362,1.066053
1.305655,1.057350
1.310122,1.048648
1.305163,1.039945
1.310869,1.031243
1.316725,1.022541
1.322735,1.013838
1.328901,1.005136
1.335228,0.996433
1.341718,0.987731
1.348374,0.979028
1.355201,0.970326
1.362201,0.961623
1.369379,0.952921
1.376738,0.944218
1.384282,0.935516
1.392017,0.926813
1.399945,0.918111
1.408073,0.909408
1.416403,0.900706
1.400584,0.892003
1.384679,0.883301
1.393343,0.874598
1.377406,0.865896
1.386348,0.857194
1.395514,0.848491
1.404909,0.839789
1.389053,0.831086
1.373083,0.822384
1.382841,0.813681
1.392845,0.804979
1.376876,0.796276
1.387198,0.787574
1.397782,0.778871
1.408638,0.770169
1.419772,0.761466
1.431194,0.752764
1.415428,0.744061
1.399508,0.735359
1.411376,0.726656
1.423556,0.717954
1.424840,0.709251
1.447294,0.700549
1.441940,0.691847
1.464339,0.683144
1.459401,0.674442
1.484562,0.665739
1.507336,0.657037
1.503443,0.648334
1.526254,0.639632
1.548999,0.630929
1.577014,0.622227
1.574381,0.613524
1.597715,0.604822
1.621037,0.596119
1.644362,0.587417
1.650577,0.578714
1.674665,0.570012
1.698803,0.561309
1.723006,0.552607
1.722816,0.543905
1.795993,0.535202
1.783390,0.526500
1.808758,0.517797
1.834281,0.509095
1.859975,0.500392
1.885861,0.491690
1.911957,0.482987
1.938284,0.474285
1.957529,0.465582
1.985206,0.456880
2.013195,0.448177
2.110250,0.439475
2.115808,0.430772
2.099288,0.422070
2.083614,0.413367
2.090079,0.404665
2.076999,0.395962
2.064844,0.387260
2.053637,0.378558
2.043406,0.369855
2.034180,0.361153
2.025995,0.352450
2.024977,0.343748
2.020166,0.335045
1.994885,0.326343
1.992623,0.317640
1.991684,0.308938
1.992135,0.300235
1.972674,0.291533
1.976211,0.282830
1.955771,0.274128
1.964443,0.265425
1.953937,0.256723
1.935852,0.248020
1.930389,0.239318
1.925104,0.230615
1.919992,0.221913
1.915054,0.213211
1.910286,0.204508
1.905686,0.195806
1.901253,0.187103
1.896984,0.178401
1.892879,0.169698
1.888934,0.160996
1.885150,0.152293
1.881523,0.143591
1.878054,0.134888
1.874739,0.126186
1.871579,0.117483
1.868571,0.108781
1.865715,0.100078
1.863008,0.091376
1.860452,0.082673
1.858044,0.073971
1.855783,0.065269
1.853668,0.056566
1.851699,0.047864
1.849875,0.039161
1.848196,0.030459
1.846660,0.021756
1.845266,0.013054
1.844016,0.004351
1.842907,-0.004351
1.841939,-0.013054
1.841113,-0.021756
1.840428,-0.030459
1.839883,-0.039161
1.839479,-0.047864
1.839215,-0.056566
1.839090,-0.065269
1.839106,-0.073971
1.839263,-0.082674
1.839559,-0.091376
1.839995,-0.100078
1.840572,-0.108781
1.841289,-0.117483
1.842148,-0.126186
1.843147,-0.134888
1.844289,-0.143591
1.845572,-0.152293
1.846998,-0.160996
1.848567,-0.169698
1.850279,-0.178401
1.852136,-0.187103
1.854138,-0.195806
1.856286,-0.204508
1.858580,-0.213211
1.861022,-0.221913
1.863613,-0.230616
1.866353,-0.239318
1.869244,-0.248021
1.872287,-0.256723
1.875482,-0.265425
1.878832,-0.274128
1.882338,-0.282830
1.886000,-0.291533
1.889821,-0.300235
1.893802,-0.308938
1.897944,-0.317640
1.902250,-0.326343
1.906721,-0.335045
1.911359,-0.343748
1.916166,-0.352450
1.921144,-0.361153
1.926295,-0.369855
1.931621,-0.378558
1.937124,-0.387260
1.942808,-0.395963
1.948673,-0.404665
1.954724,-0.413367
1.960962,-0.422070
1.967390,-0.430772
1.974011,-0.439475
1.980828,-0.448177
1.987845,-0.456880
1.995064,-0.465582
2.002488,-0.474285
2.010122,-0.482987
2.017968,-0.491690
2.026031,-0.500392
2.034314,-0.509095
2.042821,-0.517797
2.051556,-0.526500
2.060524,-0.535202
2.069730,-0.543905
2.079176,-0.552607
2.088870,-0.561310
2.098814,-0.570012
2.109015,-0.578714
2.119478,-0.587417
2.130209,-0.596119
2.141212,-0.604822
2.152495,-0.613524
2.164062,-0.622227
2.175922,-0.630929
2.188079,-0.639632
2.200542,-0.648334
2.213317,-0.657037
2.226412,-0.665739
2.239834,-0.674442
2.253592,-0.683144
2.267693,-0.691847
2.282147,-0.700549
2.296963,-0.709252
2.312149,-0.717954
2.327716,-0.726657
2.343673,-0.735359
2.360032,-0.744061
2.376803,-0.752764
2.393998,-0.761466
2.411628,-0.770169
2.429707,-0.778871
2.448246,-0.787574
2.467260,-0.796276
2.486763,-0.804979
2.506768,-0.813681
2.527292,-0.822384
2.548350,-0.831086
2.569960,-0.839789
2.592139,-0.848491
2.606415,-0.857194
2.615956,-0.865896
2.653766,-0.874599
2.664304,-0.883301
2.702685,-0.892003
2.714284,-0.900706
2.753327,-0.909408
2.766054,-0.918111
2.805853,-0.926813
2.845968,-0.935516
2.860440,-0.944218
2.901467,-0.952921
2.917277,-0.961623
2.959328,-0.970326
3.001847,-0.979028
3.019764,-0.987731
3.063493,-0.996433
3.107795,-1.005136
3.128086,-1.013838
3.173808,-1.022541
3.220223,-1.031243
3.267375,-1.039946
3.291272,-1.048648
3.340176,-1.057350
3.389959,-1.066053
3.440674,-1.074755
3.492377,-1.083458
3.521746,-1.092160
3.575727,-1.100863
3.630881,-1.109565
3.687276,-1.118268
3.744988,-1.126970
3.804095,-1.135673
3.864681,-1.144375
3.949422,-1.153078
4.013138,-1.161780
4.078622,-1.170483
4.145984,-1.179185
4.215341,-1.187888
4.286819,-1.196590
4.382567,-1.205293
4.458620,-1.213995
4.559078,-1.222697
4.640350,-1.231400
4.746226,-1.240102
4.833474,-1.248805
4.945598,-1.257507
5.061168,-1.266210
5.180455,-1.274912
5.303755,-1.283615
5.431393,-1.292317
5.563728,-1.301020
5.701153,-1.309722
5.865160,-1.318425
6.035061,-1.327127
6.190469,-1.335830
6.373919,-1.344532
6.565103,-1.353235
6.764787,-1.361937
6.994564,-1.370639
7.213920,-1.379342
7.465378,-1.388044
7.750085,-1.396747
1.449881,-1.518582
1.166809,-1.527284
1.165750,-1.535986
1.164781,-1.544689
1.103700,-1.553391
1.102952,-1.562094
1.062206,-1.570796
