scan.pos:-0.447556,7.235657,-0.4147500.830404,1.562094
0.833639,1.553391
0.836963,1.544689
0.840378,1.535986
0.843885,1.527284
0.847487,1.518581
0.851184,1.509879
0.854980,1.501177
0.858875,1.492474
0.862872,1.483772
0.866972,1.475069
0.871179,1.466367
0.875493,1.457664
0.879917,1.448962
0.884455,1.440259
0.889107,1.431557
0.893877,1.422854
0.898767,1.414152
0.903780,1.405449
0.908920,1.396747
0.914187,1.388044
0.919587,1.379342
0.925122,1.370639
0.930795,1.361937
0.936610,1.353234
0.942570,1.344532
0.948679,1.335830
0.954942,1.327127
0.961361,1.318425
0.967941,1.309722
0.974687,1.301020
0.981602,1.292317
0.988693,1.283615
0.995962,1.274912
1.003417,1.266210
1.011061,1.257507
1.018901,1.248805
1.026943,1.240102
1.035192,1.231400
1.043654,1.222697
1.030658,1.213995
1.039385,1.205292
1.048341,1.196590
1.048170,1.187888
1.039828,1.179185
1.059396,1.170483
1.080475,1.161780
1.072856,1.153078
1.095214,1.144375
1.115129,1.135673
1.108259,1.126970
1.128005,1.118268
1.126141,1.109565
1.146254,1.100863
1.166214,1.092160
1.166712,1.083458
1.187101,1.074755
1.207368,1.066053
1.210333,1.057350
1.231101,1.048648
1.251782,1.039945
1.257350,1.031243
1.278614,1.022541
1.299829,1.013838
1.296813,1.005136
1.330065,0.996433
1.328041,0.987731
1.350069,0.979028
1.372110,0.970326
1.408684,0.961623
1.408072,0.952921
1.431042,0.944218
1.454093,0.935516
1.471495,0.926813
1.495606,0.918111
1.519863,0.909408
1.544282,0.900706
1.589260,0.892003
1.592398,0.883301
1.640773,0.874598
1.666925,0.865896
1.695026,0.857194
1.722832,0.848491
1.751020,0.839789
1.779620,0.831086
1.814657,0.822384
1.867128,0.813681
1.898317,0.804979
1.951725,0.796276
1.984110,0.787574
2.029514,0.778871
2.086189,0.770169
2.122308,0.761466
2.180647,0.752764
2.237066,0.744061
2.277977,0.735359
2.341274,0.726656
2.426893,0.717954
2.492915,0.709251
2.546461,0.700549
2.638998,0.691847
2.712744,0.683144
2.788806,0.674442
2.888118,0.665739
2.988984,0.657037
3.097232,0.648334
3.209169,0.639632
3.325258,0.630929
3.486964,0.622227
3.609165,0.613524
3.786506,0.604822
3.950668,0.596119
4.123175,0.587417
4.366226,0.578714
4.582868,0.570012
4.857375,0.561309
5.128046,0.552607
5.499117,0.543905
5.853476,0.535202
6.306692,0.526500
6.780169,0.517797
7.422167,0.509095
2.094324,-0.178401
2.003345,-0.187103
1.972671,-0.195806
1.942233,-0.204508
1.813418,-0.213211
1.724140,-0.221913
1.718834,-0.230616
1.688842,-0.239318
1.653991,-0.248021
1.614368,-0.256723
1.593083,-0.265425
1.583949,-0.274128
1.503435,-0.282830
1.500778,-0.291533
1.467847,-0.300235
1.466207,-0.308938
1.438095,-0.317640
1.380161,-0.326343
1.352144,-0.335045
1.351464,-0.343748
1.349871,-0.352450
1.322376,-0.361153
1.322877,-0.369855
1.317177,-0.378558
1.305934,-0.387260
1.294980,-0.395963
1.284305,-0.404665
1.273901,-0.413367
1.263759,-0.422070
1.253873,-0.430772
1.244234,-0.439475
1.234835,-0.448177
1.225670,-0.456880
1.216732,-0.465582
1.208015,-0.474285
1.199512,-0.482987
1.191218,-0.491690
1.183128,-0.500392
1.175236,-0.509095
1.167536,-0.517797
1.160025,-0.526500
1.152697,-0.535202
1.145548,-0.543905
1.138573,-0.552607
1.131768,-0.561310
1.125129,-0.570012
1.118652,-0.578714
1.112333,-0.587417
1.106170,-0.596119
1.100157,-0.604822
1.094293,-0.613524
1.088573,-0.622227
1.082994,-0.630929
1.077554,-0.639632
1.072250,-0.648334
1.067079,-0.657037
1.062037,-0.665739
1.057124,-0.674442
1.034726,-0.683144
1.030138,-0.691847
1.025668,-0.700549
1.021314,-0.709252
1.017075,-0.717954
1.012947,-0.726657
1.008929,-0.735359
1.005019,-0.744061
1.001215,-0.752764
0.997515,-0.761466
0.993919,-0.770169
0.990423,-0.778871
0.987026,-0.787574
0.983728,-0.796276
0.980525,-0.804979
0.977418,-0.813681
0.974405,-0.822384
0.971483,-0.831086
0.968653,-0.839789
0.965913,-0.848491
0.963261,-0.857194
0.960696,-0.865896
0.958218,-0.874599
0.955825,-0.883301
0.953517,-0.892003
0.951292,-0.900706
0.949150,-0.909408
0.947089,-0.918111
0.945109,-0.926813
0.943209,-0.935516
0.941388,-0.944218
0.939645,-0.952921
0.937980,-0.961623
0.936392,-0.970326
0.934881,-0.979028
0.933446,-0.987731
0.932085,-0.996433
0.930800,-1.005136
0.929589,-1.013838
0.928451,-1.022541
0.927387,-1.031243
0.926396,-1.039946
0.925477,-1.048648
0.924631,-1.057350
0.923856,-1.066053
0.923153,-1.074755
0.922521,-1.083458
0.921960,-1.092160
0.921470,-1.100863
0.921050,-1.109565
0.920701,-1.118268
0.920423,-1.126970
0.920214,-1.135673
0.920076,-1.144375
0.920008,-1.153078
0.920010,-1.161780
0.920082,-1.170483
0.920224,-1.179185
0.920436,-1.187888
0.920718,-1.196590
0.921071,-1.205293
0.921494,-1.213995
0.921988,-1.222697
0.922553,-1.231400
0.923189,-1.240102
0.923896,-1.248805
0.924674,-1.257507
0.925525,-1.266210
0.926447,-1.274912
0.927442,-1.283615
0.928510,-1.292317
0.929652,-1.301020
0.930867,-1.309722
0.932157,-1.318425
0.933521,-1.327127
0.934960,-1.335830
0.936476,-1.344532
0.938068,-1.353235
0.939737,-1.361937
0.982417,-1.370639
0.984322,-1.379342
0.986309,-1.388044
0.988380,-1.396747
1.006690,-1.405449
1.008967,-1.414152
1.011331,-1.422854
1.013784,-1.431557
1.016326,-1.440259
1.018959,-1.448962
1.021683,-1.457664
1.024500,-1.466367
1.027412,-1.475069
1.030419,-1.483772
1.033522,-1.492474
1.036723,-1.501177
1.040024,-1.509879
1.043425,-1.518582
1.046929,-1.527284
1.050536,-1.535986
1.054249,-1.544689
1.058069,-1.553391
1.061999,-1.562094
1.066039,-1.570796
