scan.pos:-6.111578,5.696697,2.9684357.550493,1.483772
7.306808,1.475069
7.073024,1.466367
6.850264,1.457664
6.637492,1.448962
6.448699,1.440259
6.276363,1.431557
6.111583,1.422854
5.953726,1.414152
5.803977,1.405449
5.638842,1.396747
5.521439,1.388044
5.394441,1.379342
5.266799,1.370639
5.143301,1.361937
5.023642,1.353234
4.920016,1.344532
4.830264,1.335830
4.743707,1.327127
4.632695,1.318425
4.552965,1.309722
4.453771,1.301020
4.378970,1.292317
4.305172,1.283615
4.235795,1.274912
4.145978,1.266210
4.082004,1.257507
4.019083,1.248805
3.935066,1.240102
3.879575,1.231400
3.822065,1.222697
3.765918,1.213995
3.711057,1.205292
3.657412,1.196590
3.604914,1.187888
3.553501,1.179185
3.503112,1.170483
3.453691,1.161780
3.405183,1.153078
3.357538,1.144375
3.310705,1.135673
3.289031,1.126970
3.243837,1.118268
3.199326,1.109565
3.155457,1.100863
3.137207,1.092160
3.094671,1.083458
3.052668,1.074755
3.011161,1.066053
2.995825,1.057350
2.955395,1.048648
2.915368,1.039945
2.901983,1.031243
2.862865,1.022541
2.850735,1.013838
2.812429,1.005136
2.774386,0.996433
2.763891,0.987731
2.726518,0.979028
2.717098,0.970326
2.680307,0.961623
2.671901,0.952921
2.651215,0.944218
2.628711,0.935516
2.606781,0.926813
2.585411,0.918111
2.564581,0.909408
2.544277,0.900706
2.524482,0.892003
2.505182,0.883301
2.486363,0.874598
2.468011,0.865896
2.450114,0.857194
2.432658,0.848491
2.415631,0.839789
2.399023,0.831086
2.382822,0.822384
2.367017,0.813681
2.351598,0.804979
2.336556,0.796276
2.321880,0.787574
2.307563,0.778871
2.293594,0.770169
2.279967,0.761466
2.266671,0.752764
2.253701,0.744061
2.241048,0.735359
2.228705,0.726656
2.216665,0.717954
2.204921,0.709251
2.193467,0.700549
2.182297,0.691847
2.171405,0.683144
2.160785,0.674442
2.150431,0.665739
2.140338,0.657037
2.130501,0.648334
2.120914,0.639632
2.111574,0.630929
2.102475,0.622227
2.093613,0.613524
2.084983,0.604822
2.076581,0.596119
2.068404,0.587417
2.060448,0.578714
2.052708,0.570012
2.045181,0.561309
2.037864,0.552607
2.030753,0.543905
2.023845,0.535202
2.017137,0.526500
2.010626,0.517797
2.004309,0.509095
1.998183,0.500392
1.992246,0.491690
1.986495,0.482987
1.980927,0.474285
1.975540,0.465582
1.970333,0.456880
1.965302,0.448177
1.960445,0.439475
1.955761,0.430772
1.951248,0.422070
1.946903,0.413367
1.942726,0.404665
1.938713,0.395962
1.934864,0.387260
1.931177,0.378558
1.927651,0.369855
1.924284,0.361153
1.921074,0.352450
1.918021,0.343748
1.915124,0.335045
1.912380,0.326343
1.909790,0.317640
1.907351,0.308938
1.905064,0.300235
1.902927,0.291533
1.900940,0.282830
1.899101,0.274128
1.897410,0.265425
1.895866,0.256723
1.894469,0.248020
1.893218,0.239318
1.892112,0.230615
1.891152,0.221913
1.890337,0.213211
1.889666,0.204508
1.889140,0.195806
1.888757,0.187103
1.888519,0.178401
1.888424,0.169698
1.888473,0.160996
1.888667,0.152293
1.889003,0.143591
1.889485,0.134888
1.890110,0.126186
1.890879,0.117483
1.891794,0.108781
1.892853,0.100078
1.894058,0.091376
1.895409,0.082673
1.896907,0.073971
1.898552,0.065269
1.900344,0.056566
1.902285,0.047864
1.904374,0.039161
1.906614,0.030459
1.909005,0.021756
1.911547,0.013054
1.914242,0.004351
1.917091,-0.004351
1.920095,-0.013054
1.923255,-0.021756
1.926572,-0.030459
1.930048,-0.039161
1.933684,-0.047864
1.937482,-0.056566
1.941443,-0.065269
1.945568,-0.073971
1.949860,-0.082674
1.954320,-0.091376
1.958950,-0.100078
1.963752,-0.108781
1.968728,-0.117483
1.973879,-0.126186
1.979209,-0.134888
1.984720,-0.143591
1.990413,-0.152293
1.996291,-0.160996
2.002357,-0.169698
2.008613,-0.178401
2.015063,-0.187103
2.021708,-0.195806
2.028553,-0.204508
2.035600,-0.213211
2.042852,-0.221913
2.050312,-0.230616
2.057984,-0.239318
2.065872,-0.248021
2.073980,-0.256723
2.082310,-0.265425
2.090867,-0.274128
2.099656,-0.282830
2.108680,-0.291533
2.117944,-0.300235
2.127452,-0.308938
2.137209,-0.317640
2.147221,-0.326343
2.157492,-0.335045
2.168028,-0.343748
2.178834,-0.352450
2.189916,-0.361153
2.201279,-0.369855
2.212931,-0.378558
2.224877,-0.387260
2.237123,-0.395963
2.249678,-0.404665
2.262547,-0.413367
2.275740,-0.422070
2.289262,-0.430772
2.303122,-0.439475
2.317328,-0.448177
2.331890,-0.456880
2.346816,-0.465582
2.362115,-0.474285
2.377797,-0.482987
2.393872,-0.491690
2.410351,-0.500392
2.427244,-0.509095
2.444563,-0.517797
2.462321,-0.526500
2.480528,-0.535202
2.499198,-0.543905
2.518345,-0.552607
2.537982,-0.561310
2.558124,-0.570012
2.578786,-0.578714
2.599985,-0.587417
2.621736,-0.596119
2.644057,-0.604822
2.666966,-0.613524
2.677591,-0.622227
2.686419,-0.630929
2.723479,-0.639632
2.760720,-0.648334
2.771006,-0.657037
2.808903,-0.665739
2.820321,-0.674442
2.858964,-0.683144
2.897916,-0.691847
2.911067,-0.700549
2.950915,-0.709252
2.939628,-0.717954
2.929488,-0.726657
2.900674,-0.735359
2.881085,-0.744061
2.861975,-0.752764
2.843332,-0.761466
2.825145,-0.770169
2.807400,-0.778871
2.790089,-0.787574
2.773200,-0.796276
2.756722,-0.804979
2.740647,-0.813681
2.724964,-0.822384
2.709665,-0.831086
2.694741,-0.839789
2.680183,-0.848491
2.665984,-0.857194
2.652135,-0.865896
2.638630,-0.874599
2.625460,-0.883301
2.612619,-0.892003
2.600100,-0.900706
2.587896,-0.909408
2.576002,-0.918111
2.564411,-0.926813
2.553118,-0.935516
2.542116,-0.944218
2.531400,-0.952921
2.520966,-0.961623
2.510808,-0.970326
2.500921,-0.979028
2.491300,-0.987731
2.481942,-0.996433
2.472841,-1.005136
2.463994,-1.013838
2.455396,-1.022541
2.447043,-1.031243
2.438933,-1.039946
2.431060,-1.048648
2.423422,-1.057350
2.416016,-1.066053
2.408837,-1.074755
2.401883,-1.083458
2.395151,-1.092160
2.388638,-1.100863
2.382342,-1.109565
2.376259,-1.118268
2.370387,-1.126970
2.364723,-1.135673
2.359267,-1.144375
2.354013,-1.153078
2.348962,-1.161780
2.344110,-1.170483
2.339457,-1.179185
2.334999,-1.187888
2.330735,-1.196590
2.326664,-1.205293
2.322783,-1.213995
2.319092,-1.222697
2.315588,-1.231400
2.312271,-1.240102
2.326025,-1.248805
2.323055,-1.257507
2.320269,-1.266210
2.317666,-1.274912
2.315245,-1.283615
2.313006,-1.292317
2.310946,-1.301020
2.309066,-1.309722
2.307364,-1.318425
2.305840,-1.327127
2.304494,-1.335830
1.341937,-1.344532
1.341358,-1.353235
1.340882,-1.361937
1.340509,-1.370639
1.280227,-1.379342
1.280065,-1.388044
1.280001,-1.396747
1.280035,-1.405449
1.260163,-1.414152
1.260388,-1.422854
1.100619,-1.431557
1.100983,-1.440259
1.101431,-1.448962
1.101964,-1.457664
1.042440,-1.466367
1.023044,-1.475069
1.023774,-1.483772
1.004493,-1.492474
1.005364,-1.501177
1.006313,-1.509879
1.007341,-1.518582
1.008447,-1.527284
0.949055,-1.535986
0.950245,-1.544689
0.951511,-1.553391
0.952852,-1.562094
0.954270,-1.570796
