scan.pos:1.345304,6.752183,-0.3647501.314280,1.562094
1.318724,1.553391
1.323300,1.544689
1.328009,1.535986
1.332853,1.527284
1.337835,1.518581
1.342957,1.509879
1.348222,1.501177
1.353632,1.492474
1.359189,1.483772
1.364896,1.475069
1.370757,1.466367
1.376773,1.457664
1.382947,1.448962
1.389284,1.440259
1.395786,1.431557
1.402457,1.422854
1.409299,1.414152
1.416317,1.405449
1.423514,1.396747
1.430894,1.388044
1.438461,1.379342
1.446219,1.370639
1.454173,1.361937
1.462326,1.353234
1.470685,1.344532
1.479252,1.335830
1.488034,1.327127
1.497036,1.318425
1.506263,1.309722
1.515720,1.301020
1.525413,1.292317
1.535349,1.283615
1.545534,1.274912
1.555974,1.266210
1.566676,1.257507
1.577648,1.248805
1.588896,1.240102
1.600428,1.231400
1.612253,1.222697
1.624378,1.213995
1.636813,1.205292
1.649566,1.196590
1.662647,1.187888
1.676066,1.179185
1.689833,1.170483
1.703958,1.161780
1.718454,1.153078
1.733332,1.144375
1.736796,1.135673
1.737654,1.126970
1.766529,1.118268
1.795351,1.109565
1.796967,1.100863
1.825956,1.092160
1.828197,1.083458
1.857408,1.074755
1.860311,1.066053
1.889802,1.057350
1.919361,1.048648
1.923236,1.039945
1.953172,1.031243
1.983232,1.022541
1.988195,1.013838
2.018736,1.005136
2.049462,0.996433
2.080395,0.987731
2.086962,0.979028
2.118533,0.970326
2.150379,0.961623
2.182527,0.952921
2.190989,0.944218
2.223955,0.935516
2.257300,0.926813
2.291054,0.918111
2.325249,0.909408
2.359915,0.900706
2.395087,0.892003
2.430801,0.883301
2.467094,0.874598
2.504006,0.865896
2.541578,0.857194
2.579854,0.848491
2.618882,0.839789
2.681179,0.831086
2.721693,0.822384
2.764179,0.813681
2.829844,0.804979
2.877283,0.796276
2.923967,0.787574
2.993816,0.778871
3.049315,0.770169
3.101131,0.761466
3.176192,0.752764
3.231204,0.744061
3.299338,0.735359
3.380929,0.726656
3.464534,0.717954
3.544624,0.709251
3.634410,0.700549
3.726845,0.691847
3.822161,0.683144
3.921865,0.674442
4.046675,0.665739
4.154290,0.657037
4.273505,0.648334
4.413040,0.639632
4.536917,0.630929
4.687255,0.622227
4.840515,0.613524
5.006995,0.604822
5.181417,0.596119
5.385252,0.587417
5.588172,0.578714
5.837410,0.570012
6.058679,0.561309
6.315128,0.552607
6.636091,0.543905
6.751351,0.535202
6.748168,0.526500
6.732206,0.517797
6.720615,0.509095
6.701575,0.500392
6.693516,0.491690
6.685984,0.482987
6.678977,0.474285
6.672493,0.465582
6.666528,0.456880
6.661080,0.448177
6.656148,0.439475
6.651730,0.430772
6.647823,0.422070
6.644427,0.413367
6.641540,0.404665
6.639160,0.395962
6.637288,0.387260
6.635921,0.378558
6.635061,0.369855
6.634706,0.361153
6.634856,0.352450
6.635512,0.343748
6.636673,0.335045
6.638340,0.326343
6.640514,0.317640
6.643195,0.308938
6.646385,0.300235
6.650084,0.291533
6.654295,0.282830
6.659019,0.274128
6.664257,0.265425
6.670012,0.256723
6.676285,0.248020
6.683080,0.239318
6.690398,0.230615
6.698244,0.221913
6.706619,0.213211
6.715527,0.204508
6.724971,0.195806
6.734956,0.187103
6.745485,0.178401
6.756562,0.169698
6.768192,0.160996
6.780379,0.152293
6.793129,0.143591
6.806446,0.134888
6.820335,0.126186
6.834804,0.117483
6.849856,0.108781
6.865499,0.100078
6.881738,0.091376
6.898581,0.082673
6.916035,0.073971
6.934107,0.065269
6.952804,0.056566
6.972135,0.047864
6.992107,0.039161
7.012730,0.030459
7.034012,0.021756
7.055963,0.013054
7.078592,0.004351
7.101909,-0.004351
7.125925,-0.013054
7.150650,-0.021756
7.176095,-0.030459
7.202273,-0.039161
7.229195,-0.047864
7.256874,-0.056566
7.285322,-0.065269
7.314554,-0.073971
7.344583,-0.082674
7.375422,-0.091376
7.407089,-0.100078
7.439598,-0.108781
7.472965,-0.117483
7.507207,-0.126186
7.542342,-0.134888
7.578386,-0.143591
7.615360,-0.152293
7.653281,-0.160996
7.692171,-0.169698
7.732050,-0.178401
7.772940,-0.187103
7.784482,-0.387260
7.711917,-0.395963
7.648748,-0.404665
7.535659,-0.413367
7.459311,-0.422070
7.348475,-0.430772
5.809952,-0.439475
5.733828,-0.448177
5.632000,-0.456880
5.450736,-0.465582
5.380591,-0.474285
5.285205,-0.482987
5.165144,-0.491690
4.968263,-0.500392
4.826975,-0.509095
4.584285,-0.517797
4.525826,-0.526500
4.494123,-0.535202
4.463200,-0.543905
4.433034,-0.552607
4.403607,-0.561310
4.374898,-0.570012
4.346891,-0.578714
4.344164,-0.587417
4.317354,-0.596119
4.291198,-0.604822
4.289833,-0.613524
4.288808,-0.622227
4.311995,-0.630929
4.311505,-0.639632
4.311051,-0.648334
4.311160,-0.657037
4.336295,-0.665739
4.362896,-0.674442
4.414137,-0.683144
4.420724,-0.691847
4.452075,-0.700549
4.485139,-0.709252
4.519992,-0.717954
4.489009,-0.726657
4.527992,-0.735359
4.524281,-0.744061
4.567642,-0.752764
4.591074,-0.761466
4.639142,-0.770169
4.623713,-0.778871
4.677170,-0.787574
4.705809,-0.796276
4.753343,-0.804979
4.822549,-0.813681
4.848448,-0.822384
4.917554,-0.831086
4.965119,-0.839789
4.970009,-0.848491
5.017839,-0.857194
5.044515,-0.865896
5.071409,-0.874599
5.098526,-0.883301
5.146912,-0.892003
5.153450,-0.900706
5.181267,-0.909408
5.167590,-0.918111
5.196009,-0.926813
5.184014,-0.935516
5.232770,-0.944218
5.204484,-0.952921
5.203372,-0.961623
5.197958,-0.970326
5.187203,-0.979028
5.176886,-0.987731
5.167003,-0.996433
5.157549,-1.005136
5.107759,-1.013838
5.099222,-1.022541
5.091100,-1.031243
5.083391,-1.039946
5.076090,-1.048648
5.069197,-1.057350
5.062707,-1.066053
5.056618,-1.074755
5.050929,-1.083458
5.045635,-1.092160
5.040737,-1.100863
5.036231,-1.109565
5.032115,-1.118268
0.842716,-1.126970
0.842157,-1.135673
0.841662,-1.144375
0.841232,-1.153078
0.840867,-1.161780
0.780525,-1.170483
0.780305,-1.179185
0.780144,-1.187888
0.740041,-1.196590
0.740001,-1.205293
0.740018,-1.213995
0.740091,-1.222697
0.740221,-1.231400
0.740406,-1.240102
0.740649,-1.248805
0.700897,-1.257507
0.701233,-1.266210
0.701624,-1.274912
0.682009,-1.283615
0.682493,-1.292317
0.683030,-1.301020
0.683620,-1.309722
0.684263,-1.318425
0.684959,-1.327127
0.685709,-1.335830
0.686513,-1.344532
0.687371,-1.353235
0.688285,-1.361937
0.689252,-1.370639
0.690276,-1.379342
0.691355,-1.388044
0.692490,-1.396747
0.652877,-1.405449
0.654053,-1.414152
0.655283,-1.422854
0.656568,-1.431557
0.657907,-1.440259
0.659303,-1.448962
0.660755,-1.457664
0.662264,-1.466367
0.663830,-1.475069
0.665455,-1.483772
0.667139,-1.492474
0.668882,-1.501177
0.670686,-1.509879
0.672550,-1.518582
0.674477,-1.527284
0.676466,-1.535986
0.678519,-1.544689
0.680637,-1.553391
0.682819,-1.562094
0.685069,-1.570796
