scan.pos:1.532147,6.680840,-0.3647501.390647,1.562094
1.395350,1.553391
1.400191,1.544689
1.405174,1.535986
1.410299,1.527284
1.415571,1.518581
1.420991,1.509879
1.426562,1.501177
1.432286,1.492474
1.438166,1.483772
1.444204,1.475069
1.450405,1.466367
1.456771,1.457664
1.463305,1.448962
1.470010,1.440259
1.476889,1.431557
1.483947,1.422854
1.491187,1.414152
1.498613,1.405449
1.506228,1.396747
1.514037,1.388044
1.522044,1.379342
1.530253,1.370639
1.538668,1.361937
1.547296,1.353234
1.556140,1.344532
1.565205,1.335830
1.574498,1.327127
1.584022,1.318425
1.593785,1.309722
1.603792,1.301020
1.614048,1.292317
1.624562,1.283615
1.635338,1.274912
1.646385,1.266210
1.657709,1.257507
1.669318,1.248805
1.681220,1.240102
1.693422,1.231400
1.705934,1.222697
1.718764,1.213995
1.731921,1.205292
1.745415,1.196590
1.759256,1.187888
1.773455,1.179185
1.788021,1.170483
1.802968,1.161780
1.818306,1.153078
1.834048,1.144375
1.837219,1.135673
1.865357,1.126970
1.865832,1.118268
1.894127,1.109565
1.895238,1.100863
1.923741,1.092160
1.955642,1.083458
1.958168,1.074755
1.987497,1.066053
1.995657,1.057350
2.025864,1.048648
2.056187,1.039945
2.061057,1.031243
2.098851,1.022541
2.105119,1.013838
2.137005,1.005136
2.152834,0.996433
2.185914,0.987731
2.219273,0.979028
2.252938,0.970326
2.273560,0.961623
2.308661,0.952921
2.320146,0.944218
2.356210,0.935516
2.382371,0.926813
2.420161,0.918111
2.458490,0.909408
2.497395,0.900706
2.536917,0.892003
2.570740,0.883301
2.612465,0.874598
2.654956,0.865896
2.698265,0.857194
2.739560,0.848491
2.785584,0.839789
2.832621,0.831086
2.880736,0.822384
2.930001,0.813681
2.982423,0.804979
3.035266,0.796276
3.089538,0.787574
3.167245,0.778871
3.224589,0.770169
3.291166,0.761466
3.353352,0.752764
3.417587,0.744061
3.505531,0.735359
3.574252,0.726656
3.659622,0.717954
3.756411,0.709251
3.834852,0.700549
3.937723,0.691847
4.043997,0.683144
4.155227,0.674442
4.271198,0.665739
4.391687,0.657037
4.517121,0.648334
4.668795,0.639632
4.796870,0.630929
4.942814,0.622227
5.116851,0.613524
5.299026,0.604822
5.469692,0.596119
5.691645,0.587417
5.914088,0.578714
6.163976,0.570012
6.408175,0.561309
6.587677,0.552607
6.562865,0.543905
6.553271,0.535202
6.543507,0.526500
6.530066,0.517797
6.521198,0.509095
6.512849,0.500392
6.505016,0.491690
6.497697,0.482987
6.490887,0.474285
6.484585,0.465582
6.478789,0.456880
6.473495,0.448177
6.468702,0.439475
6.464408,0.430772
6.460611,0.422070
6.457311,0.413367
6.454504,0.404665
6.452192,0.395962
6.450372,0.387260
6.449044,0.378558
6.448208,0.369855
6.447863,0.361153
6.448009,0.352450
6.448646,0.343748
6.449775,0.335045
6.451395,0.326343
6.453507,0.317640
6.456113,0.308938
6.459213,0.300235
6.462809,0.291533
6.466901,0.282830
6.471491,0.274128
6.476582,0.265425
6.482174,0.256723
6.488271,0.248020
6.494874,0.239318
6.501987,0.230615
6.509611,0.221913
6.517751,0.213211
6.526408,0.204508
6.535586,0.195806
6.545290,0.187103
6.555522,0.178401
6.566288,0.169698
6.577590,0.160996
6.589434,0.152293
6.601825,0.143591
6.614767,0.134888
6.628265,0.126186
6.642325,0.117483
6.656954,0.108781
6.672156,0.100078
6.687938,0.091376
6.704307,0.082673
6.721270,0.073971
6.738832,0.065269
6.757003,0.056566
6.775789,0.047864
6.795199,0.039161
6.815242,0.030459
6.835925,0.021756
6.857257,0.013054
6.879249,0.004351
6.901909,-0.004351
6.925248,-0.013054
6.949277,-0.021756
6.974006,-0.030459
6.999447,-0.039161
7.025610,-0.047864
7.052510,-0.056566
7.080157,-0.065269
7.108565,-0.073971
7.137748,-0.082674
7.167720,-0.091376
7.198495,-0.100078
7.230089,-0.108781
7.262516,-0.117483
7.295794,-0.126186
7.329938,-0.134888
7.364968,-0.143591
7.400900,-0.152293
7.437754,-0.160996
7.475549,-0.169698
7.514305,-0.178401
7.554043,-0.187103
7.594785,-0.195806
7.636554,-0.204508
7.679372,-0.213211
7.723266,-0.221913
7.768258,-0.230616
7.755750,-0.378558
7.679410,-0.387260
7.605887,-0.395963
7.536599,-0.404665
7.474152,-0.413367
7.416807,-0.422070
7.304454,-0.430772
7.186701,-0.439475
7.126701,-0.448177
5.616465,-0.456880
5.544009,-0.465582
5.446170,-0.474285
5.270036,-0.482987
5.203174,-0.491690
5.111373,-0.500392
4.995175,-0.509095
4.829135,-0.517797
4.717386,-0.526500
4.607567,-0.535202
4.397954,-0.543905
4.342986,-0.552607
4.314156,-0.561310
4.286031,-0.570012
4.258592,-0.578714
4.231823,-0.587417
4.205706,-0.596119
4.180226,-0.604822
4.179521,-0.613524
4.155128,-0.622227
4.131331,-0.630929
4.155597,-0.639632
4.132689,-0.648334
4.157309,-0.657037
4.158622,-0.665739
4.160236,-0.674442
4.146200,-0.683144
4.176850,-0.691847
4.186220,-0.700549
4.265827,-0.709252
4.256065,-0.717954
4.293693,-0.726657
4.333238,-0.735359
4.330058,-0.744061
4.351647,-0.752764
4.353465,-0.761466
4.380068,-0.770169
4.409307,-0.778871
4.463223,-0.787574
4.432584,-0.796276
4.492486,-0.804979
4.533808,-0.813681
4.556981,-0.822384
4.561182,-0.831086
4.652836,-0.839789
4.722861,-0.848491
4.771490,-0.857194
4.777710,-0.865896
4.826586,-0.874599
4.833329,-0.883301
4.903523,-0.892003
4.910744,-0.900706
4.981073,-0.909408
4.988794,-0.918111
5.017670,-0.926813
5.046782,-0.935516
5.055421,-0.944218
5.043736,-0.952921
5.094352,-0.961623
5.077355,-0.970326
5.110777,-0.979028
5.091177,-0.987731
5.081246,-0.996433
5.084718,-1.005136
5.075818,-1.013838
5.067334,-1.022541
5.059263,-1.031243
5.051602,-1.039946
5.003838,-1.048648
4.997042,-1.057350
4.990645,-1.066053
4.984643,-1.074755
4.979034,-1.083458
4.973816,-1.092160
4.968987,-1.100863
4.964545,-1.109565
4.960488,-1.118268
4.956816,-1.126970
4.953525,-1.135673
4.950616,-1.144375
4.948087,-1.153078
4.945937,-1.161780
4.944164,-1.170483
4.942770,-1.179185
4.941752,-1.187888
4.921111,-1.196590
4.920847,-1.205293
4.920959,-1.213995
4.921445,-1.222697
4.922306,-1.231400
2.141176,-1.240102
2.021771,-1.248805
2.022588,-1.257507
1.903347,-1.266210
1.904407,-1.274912
1.905613,-1.283615
1.766452,-1.292317
1.747753,-1.301020
1.065642,-1.309722
1.006269,-1.318425
0.906563,-1.327127
0.867220,-1.335830
0.807662,-1.344532
0.788456,-1.353235
0.789503,-1.361937
0.790613,-1.370639
0.791787,-1.379342
0.793025,-1.388044
0.794327,-1.396747
0.754890,-1.405449
0.735810,-1.414152
0.737193,-1.422854
0.738638,-1.431557
0.740146,-1.440259
0.700509,-1.448962
0.702052,-1.457664
0.703655,-1.466367
0.705320,-1.475069
0.707046,-1.483772
0.708835,-1.492474
0.710687,-1.501177
0.712603,-1.509879
0.693567,-1.518582
0.674477,-1.527284
0.676466,-1.535986
0.678519,-1.544689
0.680637,-1.553391
0.661481,-1.562094
0.663660,-1.570796
