scan.pos:6.485228,2.447567,-2.7647501.075464,1.562094
1.071803,1.553391
1.068249,1.544689
1.064798,1.535986
1.061450,1.527284
1.058204,1.518581
1.055057,1.509879
1.052009,1.501177
1.049059,1.492474
1.046204,1.483772
1.043444,1.475069
1.040777,1.466367
1.038203,1.457664
1.035721,1.448962
0.991995,1.440259
0.989784,1.431557
0.987659,1.422854
0.985617,1.414152
0.983658,1.405449
0.981781,1.396747
0.979987,1.388044
0.978273,1.379342
0.976639,1.370639
0.975085,1.361937
0.973610,1.353234
0.972214,1.344532
0.970895,1.335830
0.969653,1.327127
0.968489,1.318425
0.967400,1.309722
0.966388,1.301020
0.965451,1.292317
0.924398,1.283615
0.923644,1.274912
0.922962,1.266210
0.922351,1.257507
0.921810,1.248805
0.921341,1.240102
0.920942,1.231400
0.920613,1.222697
0.920355,1.213995
0.920167,1.205292
0.920049,1.196590
0.920001,1.187888
0.920023,1.179185
0.920116,1.170483
0.920278,1.161780
0.920511,1.153078
0.920813,1.144375
0.921187,1.135673
0.921630,1.126970
0.922145,1.118268
0.922730,1.109565
0.923386,1.100863
0.924114,1.092160
0.924914,1.083458
0.925785,1.074755
0.926729,1.066053
0.927745,1.057350
0.928834,1.048648
0.929997,1.039945
0.931234,1.031243
0.932545,1.022541
0.933931,1.013838
0.935392,1.005136
0.936930,0.996433
0.938544,0.987731
0.940235,0.979028
0.942005,0.970326
0.943853,0.961623
0.945781,0.952921
0.947788,0.944218
0.949877,0.935516
0.952048,0.926813
0.954301,0.918111
0.956639,0.909408
0.959061,0.900706
0.961568,0.892003
0.964163,0.883301
0.966845,0.874598
0.969616,0.865896
0.972478,0.857194
0.975430,0.848491
0.978476,0.839789
0.981616,0.831086
0.984851,0.822384
0.988183,0.813681
0.991613,0.804979
0.995144,0.796276
0.998776,0.787574
1.002511,0.778871
1.006351,0.770169
1.010298,0.761466
1.014354,0.752764
1.018520,0.744061
1.022799,0.735359
1.027192,0.726656
1.031702,0.717954
1.036331,0.709251
1.041082,0.700549
1.045956,0.691847
1.050957,0.683144
1.056086,0.674442
1.061347,0.665739
1.066743,0.657037
1.072275,0.648334
1.077948,0.639632
1.083764,0.630929
1.089727,0.622227
1.095839,0.613524
1.102105,0.604822
1.108528,0.596119
1.115111,0.587417
1.121860,0.578714
1.128776,0.570012
1.135866,0.561309
1.143133,0.552607
1.150582,0.543905
1.158217,0.535202
1.166044,0.526500
1.174067,0.517797
1.182292,0.509095
1.190724,0.500392
1.199369,0.491690
1.208234,0.482987
1.217324,0.474285
1.226646,0.465582
1.236206,0.456880
1.246013,0.448177
1.256072,0.439475
1.266393,0.430772
1.276983,0.422070
1.287850,0.413367
1.299004,0.404665
1.291898,0.395962
1.308774,0.387260
1.325465,0.378558
1.341981,0.369855
1.358331,0.361153
1.347572,0.352450
1.363825,0.343748
1.379931,0.335045
1.369560,0.326343
1.385590,0.317640
1.401491,0.308938
1.417270,0.300235
1.432934,0.291533
1.448490,0.282830
1.463944,0.274128
1.479302,0.265425
1.494571,0.256723
1.485006,0.248020
1.475675,0.239318
1.491014,0.230615
1.506279,0.221913
1.521475,0.213211
1.536608,0.204508
1.551683,0.195806
1.590443,0.187103
1.605286,0.178401
1.620090,0.169698
1.634857,0.160996
1.579893,0.152293
1.571844,0.143591
1.563995,0.134888
1.533454,0.126186
1.480547,0.117483
1.450923,0.108781
1.444251,0.100078
1.437749,0.091376
1.319585,0.082673
1.313895,0.073971
1.264003,0.065269
1.236706,0.056566
1.187730,0.047864
1.183050,0.039161
1.178496,0.030459
1.174067,0.021756
1.126434,0.013054
1.122402,0.004351
1.118483,-0.004351
1.093239,-0.013054
1.089613,-0.021756
1.086094,-0.030459
1.082679,-0.039161
1.079368,-0.047864
1.033956,-0.056566
1.030969,-0.065269
1.028077,-0.073971
1.025280,-0.082674
1.022575,-0.091376
1.019962,-0.100078
1.017439,-0.108781
1.015006,-0.117483
1.012662,-0.126186
1.010405,-0.134888
1.008235,-0.143591
1.006150,-0.152293
1.004151,-0.160996
1.002235,-0.169698
1.000403,-0.178401
0.998654,-0.187103
0.996986,-0.195806
0.995400,-0.204508
0.993894,-0.213211
0.992468,-0.221913
0.991122,-0.230616
0.989854,-0.239318
0.988665,-0.248021
0.987554,-0.256723
0.986521,-0.265425
0.985565,-0.274128
0.984685,-0.282830
0.983882,-0.291533
0.983155,-0.300235
0.982504,-0.308938
0.981928,-0.317640
0.981428,-0.326343
0.981003,-0.335045
0.980653,-0.343748
0.980378,-0.352450
0.980178,-0.361153
1.000053,-0.369855
1.020001,-0.378558
1.020026,-0.387260
1.020128,-0.395963
1.020308,-0.404665
1.020566,-0.413367
1.020902,-0.422070
1.041341,-0.430772
1.041843,-0.439475
1.042425,-0.448177
1.083205,-0.456880
1.083975,-0.465582
1.084830,-0.474285
1.125982,-0.482987
1.127043,-0.491690
1.128191,-0.500392
1.129428,-0.509095
1.191331,-0.517797
1.314126,-0.526500
1.315874,-0.535202
1.378544,-0.543905
1.461805,-0.552607
1.464092,-0.561310
1.486867,-0.570012
1.489428,-0.578714
1.492113,-0.587417
1.556356,-0.596119
1.662002,-0.604822
1.809319,-0.613524
1.874973,-0.622227
1.879105,-0.630929
1.924793,-0.639632
1.950094,-0.648334
1.996463,-0.657037
2.064065,-0.665739
2.132173,-0.674442
2.242726,-0.683144
2.248965,-0.691847
2.318647,-0.700549
2.325490,-0.709252
2.374961,-0.717954
5.365908,-0.726657
5.383126,-0.735359
5.400867,-0.744061
5.419140,-0.752764
5.437953,-0.761466
5.457313,-0.770169
5.477231,-0.778871
5.497714,-0.787574
5.543146,-0.796276
5.584344,-0.804979
5.650863,-0.813681
5.674072,-0.822384
5.697908,-0.831086
5.744714,-0.839789
5.769938,-0.848491
5.795827,-0.857194
5.822395,-0.865896
5.849656,-0.874599
5.877623,-0.883301
5.906310,-0.892003
5.935733,-0.900706
5.965908,-0.909408
5.996849,-0.918111
6.005141,-0.926813
6.013982,-0.935516
6.023380,-0.944218
6.057166,-0.952921
6.091800,-0.961623
6.127302,-0.970326
6.163692,-0.979028
6.322933,-0.987731
7.768849,-1.170483
7.702875,-1.179185
7.638588,-1.187888
7.575938,-1.196590
7.514875,-1.205293
7.455351,-1.213995
7.397323,-1.222697
7.340744,-1.231400
7.285576,-1.240102
7.231777,-1.248805
7.179310,-1.257507
7.128137,-1.266210
7.078224,-1.274912
7.029537,-1.283615
6.982043,-1.292317
6.935711,-1.301020
6.890511,-1.309722
6.846415,-1.318425
6.803394,-1.327127
6.761422,-1.335830
6.720473,-1.344532
6.680524,-1.353235
6.641549,-1.361937
6.603526,-1.370639
6.566433,-1.379342
6.530250,-1.388044
6.494954,-1.396747
6.460528,-1.405449
6.426951,-1.414152
6.394206,-1.422854
6.362275,-1.431557
6.331141,-1.440259
6.300788,-1.448962
6.271200,-1.457664
6.242362,-1.466367
6.214259,-1.475069
6.186876,-1.483772
6.160201,-1.492474
6.134220,-1.501177
6.108921,-1.509879
6.084291,-1.518582
6.060318,-1.527284
6.036992,-1.535986
6.014300,-1.544689
5.992233,-1.553391
5.970781,-1.562094
5.949933,-1.570796
