scan.pos:1.652606,6.756776,2.7684350.794690,1.562094
0.797445,1.553391
0.800280,1.544689
0.803196,1.535986
0.806196,1.527284
0.809280,1.518581
0.790492,1.509879
0.793661,1.501177
0.774780,1.492474
0.778031,1.483772
0.781368,1.475069
0.784795,1.466367
0.765789,1.457664
0.769295,1.448962
0.772893,1.440259
0.776583,1.431557
0.780369,1.422854
0.784252,1.414152
0.788235,1.405449
0.792318,1.396747
0.796505,1.388044
0.800798,1.379342
0.805199,1.370639
0.785896,1.361937
0.790384,1.353234
0.770895,1.344532
0.775469,1.335830
0.780157,1.327127
0.784962,1.318425
0.789887,1.309722
0.794935,1.301020
0.800109,1.292317
0.805413,1.283615
0.810850,1.274912
0.816424,1.266210
0.822138,1.257507
0.827995,1.248805
0.834001,1.240102
0.840159,1.231400
0.846473,1.222697
0.852949,1.213995
0.859590,1.205292
0.866403,1.196590
0.873391,1.187888
0.853042,1.179185
0.860169,1.170483
0.839498,1.161780
0.846762,1.153078
0.842951,1.144375
0.835786,1.135673
0.856430,1.126970
0.848402,1.118268
0.869678,1.109565
0.863736,1.100863
0.888082,1.092160
0.882789,1.083458
0.904021,1.074755
0.898883,1.066053
0.873355,1.057350
0.869271,1.048648
0.865355,1.039945
0.894006,1.031243
0.890789,1.022541
0.912829,1.013838
0.909797,1.005136
0.940871,0.996433
0.938604,0.987731
0.960977,0.979028
0.958940,0.970326
0.981255,0.961623
0.991569,0.952921
0.990597,0.944218
0.966093,0.935516
0.989295,0.926813
1.003631,0.918111
1.027565,0.909408
1.028258,0.900706
1.052324,0.892003
1.076415,0.883301
1.072964,0.874598
1.075353,0.865896
1.078045,0.857194
1.058477,0.848491
1.060841,0.839789
1.087936,0.831086
1.115209,0.822384
1.120504,0.813681
1.148298,0.804979
1.180352,0.796276
1.187870,0.787574
1.174074,0.778871
1.182729,0.770169
1.170287,0.761466
1.180192,0.752764
1.201988,0.744061
1.236015,0.735359
1.270677,0.726656
1.306031,0.717954
1.308579,0.709251
1.355474,0.700549
1.395152,0.691847
1.435902,0.683144
1.477826,0.674442
1.521038,0.665739
1.565665,0.657037
1.600608,0.648334
1.671723,0.639632
1.724060,0.630929
1.778653,0.622227
1.835753,0.613524
1.898263,0.604822
1.964618,0.596119
2.021441,0.587417
2.038031,0.578714
2.228943,0.570012
2.313365,0.561309
5.349987,0.448177
5.125850,0.439475
5.102786,0.430772
5.020046,0.422070
4.957788,0.413367
4.955997,0.404665
4.934577,0.395962
4.893540,0.387260
4.892892,0.378558
4.892617,0.369855
4.892714,0.361153
4.893184,0.352450
4.894026,0.343748
4.895242,0.335045
4.856797,0.326343
4.838719,0.317640
4.780924,0.308938
4.783572,0.300235
4.746470,0.291533
4.749826,0.282830
4.753550,0.274128
4.757641,0.265425
4.762102,0.256723
4.766935,0.248020
4.772142,0.239318
4.777724,0.230615
4.783684,0.221913
4.790025,0.213211
4.796748,0.204508
4.844458,0.195806
4.811352,0.187103
4.819239,0.178401
4.827520,0.169698
4.836199,0.160996
4.854373,0.152293
4.870067,0.143591
4.877273,0.134888
4.935520,0.126186
4.883839,0.117483
4.737043,0.108781
4.576612,0.100078
4.443297,0.091376
4.315799,0.082673
4.187410,0.073971
4.072098,0.065269
3.961072,0.056566
3.853964,0.047864
3.750443,0.039161
3.671415,0.030459
3.557995,0.021756
3.486490,0.013054
3.396216,0.004351
3.329722,-0.004351
3.265498,-0.013054
3.194118,-0.021756
3.113511,-0.030459
3.056321,-0.039161
3.000800,-0.047864
2.946838,-0.056566
2.890887,-0.065269
2.840801,-0.073971
2.769731,-0.082674
2.744285,-0.091376
2.675279,-0.100078
2.653699,-0.108781
2.587396,-0.117483
2.544491,-0.126186
2.502405,-0.134888
2.461087,-0.143591
2.426473,-0.152293
2.410561,-0.160996
2.372198,-0.169698
2.334411,-0.178401
2.306400,-0.187103
2.270432,-0.195806
2.234920,-0.204508
2.199829,-0.213211
2.189221,-0.221913
2.143842,-0.230616
2.134954,-0.239318
2.102134,-0.248021
2.069591,-0.256723
2.053262,-0.265425
2.021910,-0.274128
1.990757,-0.282830
1.985118,-0.291533
1.947768,-0.300235
1.943473,-0.308938
1.913777,-0.317640
1.884175,-0.326343
1.880900,-0.335045
1.851620,-0.343748
1.849032,-0.352450
1.820014,-0.361153
1.791001,-0.369855
1.789265,-0.378558
1.760424,-0.387260
1.759282,-0.395963
1.730559,-0.404665
1.729980,-0.413367
1.718531,-0.422070
1.703922,-0.430772
1.689688,-0.439475
1.675816,-0.448177
1.662295,-0.456880
1.649116,-0.465582
1.636267,-0.474285
1.623740,-0.482987
1.611525,-0.491690
1.599613,-0.500392
1.587996,-0.509095
1.576666,-0.517797
1.565614,-0.526500
1.554834,-0.535202
1.544319,-0.543905
1.534060,-0.552607
1.524053,-0.561310
1.514290,-0.570012
1.504764,-0.578714
1.495471,-0.587417
1.486405,-0.596119
1.477560,-0.604822
1.468930,-0.613524
1.460512,-0.622227
1.452299,-0.630929
1.444288,-0.639632
1.436473,-0.648334
1.428851,-0.657037
1.421416,-0.665739
1.414166,-0.674442
1.407096,-0.683144
1.400203,-0.691847
1.393482,-0.700549
1.386930,-0.709252
1.380545,-0.717954
1.374322,-0.726657
1.368259,-0.735359
1.362353,-0.744061
1.356600,-0.752764
1.350997,-0.761466
1.345544,-0.770169
1.340235,-0.778871
1.335070,-0.787574
1.330045,-0.796276
1.325158,-0.804979
1.320407,-0.813681
1.315790,-0.822384
1.311305,-0.831086
1.306949,-0.839789
1.302721,-0.848491
1.298619,-0.857194
1.294641,-0.865896
1.290786,-0.874599
1.287050,-0.883301
1.283434,-0.892003
1.279936,-0.900706
1.276553,-0.909408
1.273285,-0.918111
1.270130,-0.926813
1.267087,-0.935516
1.264154,-0.944218
1.261331,-0.952921
1.258616,-0.961623
1.256009,-0.970326
1.253507,-0.979028
1.251110,-0.987731
1.248817,-0.996433
1.246628,-1.005136
1.244541,-1.013838
1.242555,-1.022541
1.240670,-1.031243
1.238885,-1.039946
1.237199,-1.048648
1.235611,-1.057350
1.234122,-1.066053
1.232729,-1.074755
1.231434,-1.083458
1.230235,-1.092160
1.229132,-1.100863
1.228124,-1.109565
1.227211,-1.118268
1.226393,-1.126970
1.225670,-1.135673
1.225040,-1.144375
1.224504,-1.153078
1.224062,-1.161780
1.223713,-1.170483
1.223458,-1.179185
1.223296,-1.187888
1.223227,-1.196590
1.223251,-1.205293
1.223369,-1.213995
1.223580,-1.222697
1.223884,-1.231400
1.224281,-1.240102
1.224772,-1.248805
1.225356,-1.257507
1.226035,-1.266210
1.226808,-1.274912
1.227675,-1.283615
1.228638,-1.292317
1.229695,-1.301020
1.230848,-1.309722
1.232097,-1.318425
1.233443,-1.327127
1.234886,-1.335830
1.236426,-1.344532
1.238065,-1.353235
1.239803,-1.361937
1.241640,-1.370639
1.243578,-1.379342
1.245616,-1.388044
1.247757,-1.396747
1.250000,-1.405449
1.252347,-1.414152
1.254798,-1.422854
1.257355,-1.431557
1.260018,-1.440259
1.262790,-1.448962
1.265670,-1.457664
1.268660,-1.466367
1.271761,-1.475069
1.274975,-1.483772
1.278302,-1.492474
1.281745,-1.501177
1.285305,-1.509879
1.288983,-1.518582
1.292781,-1.527284
1.296700,-1.535986
1.300742,-1.544689
1.304910,-1.553391
1.309204,-1.562094
1.313627,-1.570796
