scan.pos:-5.246115,-5.246635,0.7852503.894806,1.562094
3.908521,1.553391
3.950938,1.544689
3.993806,1.535986
4.037160,1.527284
4.053907,1.518581
4.098544,1.509879
4.143759,1.501177
4.189590,1.492474
4.236074,1.483772
4.257142,1.475069
4.305232,1.466367
4.354087,1.457664
4.403747,1.448962
4.454257,1.440259
4.505662,1.431557
4.558009,1.422854
4.611346,1.414152
4.665725,1.405449
4.721200,1.396747
4.788290,1.388044
4.846717,1.379342
4.918078,1.370639
4.979748,1.361937
5.031888,1.353234
5.120972,1.344532
5.178395,1.335830
5.247700,1.327127
5.334297,1.318425
5.407953,1.309722
5.483602,1.301020
5.579000,1.292317
5.659718,1.283615
5.761966,1.274912
5.848330,1.266210
5.935588,1.257507
6.050811,1.248805
6.146492,1.240102
6.268742,1.231400
6.371906,1.222697
6.503957,1.213995
6.615569,1.205292
6.753194,1.196590
6.879791,1.187888
7.027429,1.179185
7.179947,1.170483
7.326400,1.161780
7.491179,1.153078
7.662050,1.144375
1.956305,0.952921
1.953377,0.944218
1.950605,0.935516
1.907546,0.926813
1.905136,0.918111
1.902878,0.909408
1.900769,0.900706
1.898809,0.892003
1.896998,0.883301
1.895334,0.874598
1.893817,0.865896
1.852324,0.857194
1.851125,0.848491
1.850069,0.839789
1.829128,0.831086
1.828363,0.822384
1.827739,0.813681
1.827254,0.804979
1.826909,0.796276
1.826702,0.787574
1.826635,0.778871
1.826707,0.770169
1.826918,0.761466
1.827268,0.752764
1.827758,0.744061
1.828387,0.735359
1.829156,0.726656
1.830065,0.717954
1.831115,0.709251
1.832305,0.700549
1.833636,0.691847
1.835110,0.683144
1.836725,0.674442
1.838484,0.665739
1.840386,0.657037
1.842433,0.648334
1.844625,0.639632
1.846963,0.630929
1.849448,0.622227
1.852080,0.613524
1.854862,0.604822
1.857794,0.596119
1.860877,0.587417
1.823292,0.578714
1.826607,0.570012
1.830074,0.561309
1.833694,0.552607
1.837468,0.543905
1.841398,0.535202
1.845487,0.526500
1.849734,0.517797
1.854143,0.509095
1.858714,0.500392
1.863451,0.491690
1.868354,0.482987
1.873426,0.474285
1.878670,0.465582
1.884086,0.456880
1.889679,0.448177
1.895449,0.439475
1.901400,0.430772
1.907534,0.422070
1.913854,0.413367
1.920363,0.404665
1.927063,0.395962
1.933959,0.387260
1.941052,0.378558
1.948346,0.369855
1.955845,0.361153
1.963551,0.352450
1.971470,0.343748
1.979604,0.335045
1.987957,0.326343
1.996534,0.317640
2.005339,0.308938
2.014375,0.300235
2.023649,0.291533
2.033163,0.282830
2.042924,0.274128
2.052936,0.265425
2.063205,0.256723
2.073735,0.248020
2.084534,0.239318
2.095605,0.230615
2.106956,0.221913
2.118594,0.213211
2.130523,0.204508
2.142752,0.195806
2.155287,0.187103
2.216676,0.178401
2.376649,0.169698
2.391357,0.160996
7.282092,0.152293
7.204400,0.143591
7.096188,0.134888
6.959614,0.126186
6.884381,0.117483
6.816799,0.108781
6.743154,0.100078
6.727842,0.091376
6.682059,0.082673
6.663909,0.073971
6.661215,0.065269
6.658990,0.056566
6.684158,0.047864
6.683108,0.039161
6.737254,0.030459
6.792807,0.021756
6.849809,0.013054
6.908306,0.004351
6.966259,-0.004351
7.016844,-0.013054
7.070153,-0.021756
7.152192,-0.030459
7.185281,-0.039161
7.250190,-0.047864
7.316430,-0.056566
7.382565,-0.065269
7.455135,-0.073971
7.535734,-0.082674
7.615952,-0.091376
7.709190,-0.100078
7.783047,-0.108781
4.943200,-0.213211
4.868116,-0.221913
4.817813,-0.230616
4.791874,-0.239318
4.766574,-0.248021
4.741899,-0.256723
4.717836,-0.265425
4.694371,-0.274128
4.671493,-0.282830
4.649189,-0.291533
4.627448,-0.300235
4.602447,-0.308938
4.585608,-0.317640
4.565490,-0.326343
4.545891,-0.335045
4.526804,-0.343748
4.508218,-0.352450
4.490125,-0.361153
4.472515,-0.369855
4.455381,-0.378558
4.438715,-0.387260
4.422508,-0.395963
4.406754,-0.404665
4.391444,-0.413367
4.376573,-0.422070
4.362134,-0.430772
4.348119,-0.439475
4.334523,-0.448177
4.321340,-0.456880
4.308564,-0.465582
4.296189,-0.474285
4.284211,-0.482987
4.272624,-0.491690
4.261423,-0.500392
4.250603,-0.509095
4.240160,-0.517797
4.250795,-0.526500
4.241045,-0.535202
4.272885,-0.543905
4.325479,-0.552607
4.357656,-0.561310
4.390036,-0.570012
4.402178,-0.578714
4.537064,-0.587417
4.590323,-0.596119
4.722774,-0.604822
4.931702,-0.613524
5.562263,-0.622227
5.878854,-0.630929
6.603515,-0.639632
7.647664,-1.153078
7.485529,-1.161780
7.320985,-1.170483
7.174797,-1.179185
7.022483,-1.187888
6.875038,-1.196590
6.748662,-1.205293
6.611207,-1.213995
6.496586,-1.222697
6.367890,-1.231400
6.264870,-1.240102
6.142786,-1.248805
6.047234,-1.257507
5.932129,-1.266210
5.845018,-1.274912
5.758763,-1.283615
5.656644,-1.292317
5.576025,-1.301020
5.480744,-1.309722
5.405184,-1.318425
5.316125,-1.327127
5.245121,-1.335830
5.175892,-1.344532
5.118569,-1.353235
5.029551,-1.361937
4.977504,-1.370639
4.915899,-1.379342
4.844619,-1.388044
4.786252,-1.396747
4.719237,-1.405449
4.663816,-1.414152
4.609489,-1.422854
4.556202,-1.431557
4.503904,-1.440259
4.452546,-1.448962
4.402081,-1.457664
4.352463,-1.466367
4.303650,-1.475069
4.255600,-1.483772
4.234578,-1.492474
4.188132,-1.501177
4.142337,-1.509879
4.097156,-1.518582
4.052554,-1.527284
4.035846,-1.535986
3.992525,-1.544689
3.949686,-1.553391
3.907300,-1.562094
3.893269,-1.570796
