scan.pos:5.548964,4.722024,1.9184354.232738,1.414152
4.184714,1.405449
4.177840,1.396747
4.171306,1.388044
4.165109,1.379342
4.159247,1.370639
4.153717,1.361937
4.148517,1.353234
4.143646,1.344532
4.139101,1.335830
4.134880,1.327127
4.130982,1.318425
4.127405,1.309722
4.124149,1.301020
4.121211,1.292317
4.118591,1.283615
4.116287,1.274912
4.114299,1.266210
4.112627,1.257507
4.111268,1.248805
4.110223,1.240102
4.109491,1.231400
4.149075,1.222697
4.148968,1.213995
4.149178,1.205292
4.189711,1.196590
4.190561,1.187888
4.191730,1.179185
4.193220,1.170483
4.195031,1.161780
4.217201,1.153078
4.219667,1.144375
4.222457,1.135673
4.225573,1.126970
4.229016,1.118268
4.232787,1.109565
4.236888,1.100863
4.241320,1.092160
4.246085,1.083458
4.251184,1.074755
4.256621,1.066053
4.262397,1.057350
4.268513,1.048648
4.274974,1.039945
4.281780,1.031243
4.288936,1.022541
4.276027,1.013838
4.283851,1.005136
4.251048,0.996433
4.259506,0.987731
4.268324,0.979028
4.277505,0.970326
4.287052,0.961623
4.296971,0.952921
4.307264,0.944218
4.317936,0.935516
4.370727,0.926813
4.403204,0.918111
4.457172,0.909408
4.827365,0.900706
7.654304,0.778871
7.518041,0.770169
7.386450,0.761466
7.259295,0.752764
7.137219,0.744061
7.019036,0.735359
6.904529,0.726656
6.797244,0.717954
6.690376,0.709251
6.586602,0.700549
6.485758,0.691847
6.394843,0.683144
6.300221,0.674442
6.208085,0.665739
6.118307,0.657037
6.041098,0.648334
5.956453,0.639632
5.873820,0.630929
5.805703,0.622227
5.727540,0.613524
5.651098,0.604822
5.576292,0.596119
5.518577,0.587417
5.447525,0.578714
5.377875,0.570012
5.327240,0.561309
5.260899,0.552607
5.195760,0.543905
5.157527,0.535202
5.089358,0.526500
5.054316,0.517797
4.994302,0.509095
4.931314,0.500392
4.900349,0.491690
4.843683,0.482987
4.812571,0.474285
4.758152,0.465582
4.704436,0.456880
4.679222,0.448177
4.627025,0.439475
4.600914,0.430772
4.561396,0.422070
4.522892,0.413367
4.485372,0.404665
4.448805,0.395962
4.413163,0.387260
4.378418,0.378558
4.344545,0.369855
4.311517,0.361153
4.279311,0.352450
4.247904,0.343748
4.217273,0.335045
4.187398,0.326343
4.158257,0.317640
4.129831,0.308938
4.102102,0.300235
4.075051,0.291533
4.048660,0.282830
4.022913,0.274128
3.997795,0.265425
3.973289,0.256723
3.949380,0.248020
3.926055,0.239318
3.903299,0.230615
3.881099,0.221913
3.859442,0.213211
3.838317,0.204508
3.817710,0.195806
3.797612,0.187103
3.778010,0.178401
3.758894,0.169698
3.740254,0.160996
3.722080,0.152293
3.704363,0.143591
3.687093,0.134888
3.670261,0.126186
3.653859,0.117483
3.637879,0.108781
3.622313,0.100078
3.607153,0.091376
3.592392,0.082673
3.578023,0.073971
3.564038,0.065269
3.550432,0.056566
3.537197,0.047864
3.524328,0.039161
3.511819,0.030459
3.499664,0.021756
3.487858,0.013054
3.476395,0.004351
3.465270,-0.004351
3.454478,-0.013054
3.444014,-0.021756
3.433875,-0.030459
3.424055,-0.039161
3.414550,-0.047864
3.405357,-0.056566
3.396471,-0.065269
3.387888,-0.073971
3.379606,-0.082674
3.371619,-0.091376
3.363927,-0.100078
3.356524,-0.108781
3.349408,-0.117483
3.342577,-0.126186
3.336026,-0.134888
3.329755,-0.143591
3.323759,-0.152293
3.318038,-0.160996
3.312588,-0.169698
3.307407,-0.178401
3.302493,-0.187103
3.297845,-0.195806
3.293461,-0.204508
3.289338,-0.213211
3.285475,-0.221913
3.281871,-0.230616
3.278525,-0.239318
3.275434,-0.248021
3.272598,-0.256723
3.270016,-0.265425
3.267687,-0.274128
3.265609,-0.282830
3.263783,-0.291533
3.262207,-0.300235
3.260880,-0.308938
3.259803,-0.317640
3.258975,-0.326343
3.258394,-0.335045
3.258063,-0.343748
3.257979,-0.352450
3.258144,-0.361153
3.258557,-0.369855
3.259218,-0.378558
3.260128,-0.387260
3.261286,-0.395963
3.262694,-0.404665
3.264352,-0.413367
3.266261,-0.422070
3.268421,-0.430772
3.270833,-0.439475
3.273498,-0.448177
3.276417,-0.456880
3.279591,-0.465582
3.283021,-0.474285
3.286710,-0.482987
3.290657,-0.491690
3.294866,-0.500392
3.299336,-0.509095
3.304071,-0.517797
3.309072,-0.526500
3.314340,-0.535202
3.319879,-0.543905
3.325690,-0.552607
3.331775,-0.561310
3.338138,-0.570012
3.344779,-0.578714
3.351704,-0.587417
3.358913,-0.596119
3.366410,-0.604822
3.374198,-0.613524
3.382281,-0.622227
3.390661,-0.630929
3.399343,-0.639632
3.408329,-0.648334
3.417624,-0.657037
3.427231,-0.665739
3.437155,-0.674442
3.447400,-0.683144
3.457970,-0.691847
3.468871,-0.700549
3.480106,-0.709252
3.491681,-0.717954
3.503601,-0.726657
3.515871,-0.735359
3.528497,-0.744061
3.541485,-0.752764
3.554840,-0.761466
3.568569,-0.770169
3.582679,-0.778871
3.597176,-0.787574
3.612067,-0.796276
3.627359,-0.804979
3.643059,-0.813681
3.659176,-0.822384
3.675717,-0.831086
3.692692,-0.839789
3.710107,-0.848491
3.727973,-0.857194
3.746298,-0.865896
3.765092,-0.874599
3.784366,-0.883301
3.804129,-0.892003
3.824393,-0.900706
3.845167,-0.909408
3.866465,-0.918111
3.888298,-0.926813
3.910678,-0.935516
3.933619,-0.944218
3.957134,-0.952921
3.981236,-0.961623
4.005941,-0.970326
4.033895,-0.979028
4.052368,-0.987731
4.014494,-0.996433
3.961236,-1.005136
3.934208,-1.013838
3.876237,-1.022541
3.851776,-1.031243
3.802420,-1.039946
3.753713,-1.048648
3.727538,-1.057350
3.680717,-1.066053
3.661166,-1.074755
3.612690,-1.083458
3.568075,-1.092160
3.551274,-1.100863
3.506312,-1.109565
3.491457,-1.118268
3.449337,-1.126970
3.433109,-1.135673
3.403622,-1.144375
3.374891,-1.153078
3.346894,-1.161780
3.319609,-1.170483
3.293014,-1.179185
3.267088,-1.187888
3.241812,-1.196590
3.217167,-1.205293
3.193136,-1.213995
3.169701,-1.222697
3.146845,-1.231400
3.124552,-1.240102
3.102808,-1.248805
3.081597,-1.257507
3.060906,-1.266210
3.040721,-1.274912
3.021029,-1.283615
3.001817,-1.292317
2.983074,-1.301020
2.964788,-1.309722
2.946948,-1.318425
2.929543,-1.327127
2.912563,-1.335830
2.895998,-1.344532
2.879838,-1.353235
2.864075,-1.361937
2.848699,-1.370639
2.833701,-1.379342
2.819075,-1.388044
2.804811,-1.396747
2.790902,-1.405449
2.777341,-1.414152
2.764121,-1.422854
2.751234,-1.431557
2.738675,-1.440259
2.726436,-1.448962
2.714512,-1.457664
2.702897,-1.466367
2.691585,-1.475069
2.680571,-1.483772
2.669849,-1.492474
2.659414,-1.501177
2.649261,-1.509879
2.639385,-1.518582
2.629783,-1.527284
2.620449,-1.535986
2.611379,-1.544689
2.602569,-1.553391
2.594016,-1.562094
2.585715,-1.570796
