scan.pos:-2.420594,2.134191,1.1352500.617665,1.562094
0.620208,1.553391
0.622819,1.544689
0.625499,1.535986
0.628251,1.527284
0.631076,1.518581
0.633974,1.509879
0.636949,1.501177
0.640000,1.492474
0.643129,1.483772
0.623256,1.475069
0.626430,1.466367
0.629685,1.457664
0.633022,1.448962
0.636444,1.440259
0.639952,1.431557
0.643548,1.422854
0.647234,1.414152
0.651013,1.405449
0.654886,1.396747
0.658856,1.388044
0.662925,1.379342
0.667096,1.370639
0.671371,1.361937
0.675753,1.353234
0.680245,1.344532
0.684850,1.335830
0.689570,1.327127
0.694408,1.318425
0.699369,1.309722
0.704456,1.301020
0.709671,1.292317
0.715019,1.283615
0.720503,1.274912
0.699234,1.266210
0.704790,1.257507
0.683163,1.248805
0.688786,1.240102
0.694555,1.231400
0.700475,1.222697
0.706552,1.213995
0.701558,1.205292
0.695610,1.196590
0.717407,1.187888
0.711532,1.179185
0.732953,1.170483
0.727157,1.161780
0.748228,1.153078
0.742515,1.144375
0.763263,1.135673
0.757636,1.126970
0.778085,1.118268
0.772548,1.109565
0.792719,1.100863
0.787275,1.092160
0.807189,1.083458
0.826900,1.074755
0.821520,1.066053
0.841007,1.057350
0.835731,1.048648
0.855013,1.039945
0.874125,1.031243
0.868938,1.022541
0.887874,1.013838
0.906659,1.005136
0.901575,0.996433
0.920211,0.987731
0.938715,0.979028
0.957092,0.970326
0.975349,0.961623
0.970389,0.952921
0.988542,0.944218
1.006590,0.935516
1.024541,0.926813
1.042400,0.918111
1.060173,0.909408
1.077865,0.900706
1.095482,0.892003
1.113029,0.883301
1.130511,0.874598
1.147934,0.865896
1.187289,0.857194
1.204522,0.848491
1.221712,0.839789
1.260599,0.831086
1.277639,0.822384
1.294653,0.813681
1.333148,0.804979
1.371480,0.796276
1.388301,0.787574
1.426407,0.778871
1.464379,0.770169
1.498225,0.761466
1.537694,0.752764
1.598175,0.744061
1.637559,0.735359
1.676957,0.726656
1.724031,0.717954
1.786617,0.709251
1.828549,0.700549
1.891439,0.691847
1.954521,0.683144
2.017791,0.674442
2.105142,0.665739
2.172461,0.657037
4.452101,0.648334
4.466587,0.639632
4.498843,0.630929
4.537930,0.622227
4.583214,0.613524
4.697823,0.604822
4.873277,0.596119
4.886573,0.587417
4.920429,0.578714
5.015167,0.570012
5.049529,0.561309
5.426781,0.552607
5.783503,0.543905
5.878497,0.535202
5.873293,0.526500
5.868545,0.517797
5.864250,0.509095
5.860408,0.500392
5.857017,0.491690
5.854075,0.482987
5.851581,0.474285
5.867823,0.465582
5.847936,0.456880
5.846782,0.448177
5.846074,0.439475
5.845811,0.430772
5.845994,0.422070
5.846622,0.413367
5.847695,0.404665
5.849214,0.395962
5.851180,0.387260
5.853592,0.378558
5.856453,0.369855
5.859764,0.361153
5.863525,0.352450
5.867738,0.343748
5.872404,0.335045
5.877526,0.326343
5.883105,0.317640
5.889144,0.308938
5.895644,0.300235
5.902609,0.291533
5.910041,0.282830
5.917943,0.274128
5.926318,0.265425
5.935170,0.256723
5.944501,0.248020
5.954316,0.239318
5.964618,0.230615
5.975412,0.221913
5.986701,0.213211
5.998492,0.204508
6.010787,0.195806
6.023592,0.187103
6.036913,0.178401
6.050755,0.169698
6.065123,0.160996
6.080024,0.152293
6.095463,0.143591
6.111448,0.134888
6.127985,0.126186
6.145080,0.117483
4.151805,0.108781
4.032012,0.100078
3.941065,0.091376
3.894589,0.082673
3.873234,0.073971
3.818348,0.065269
3.583446,0.056566
3.496519,0.047864
3.423840,0.039161
3.353533,0.030459
3.285437,0.021756
3.235801,0.013054
3.172902,0.004351
3.111773,-0.004351
3.052299,-0.013054
2.964849,-0.021756
2.937686,-0.030459
2.883543,-0.039161
2.853188,-0.047864
2.801571,-0.056566
2.754576,-0.065269
2.705976,-0.073971
2.658326,-0.082674
2.634651,-0.091376
2.595789,-0.100078
2.551584,-0.108781
2.508101,-0.117483
2.488864,-0.126186
2.433249,-0.134888
2.416262,-0.143591
2.376115,-0.152293
2.321716,-0.160996
2.310454,-0.169698
2.296849,-0.178401
2.259385,-0.187103
2.237637,-0.195806
2.201592,-0.204508
2.190876,-0.213211
2.205961,-0.221913
2.214823,-0.230616
2.206763,-0.239318
2.224989,-0.248021
2.238570,-0.256723
2.259166,-0.265425
2.280690,-0.274128
2.299121,-0.282830
2.269662,-0.291533
2.267216,-0.300235
2.289881,-0.308938
2.316528,-0.317640
2.344148,-0.326343
2.343944,-0.335045
2.373820,-0.343748
2.404717,-0.352450
2.386131,-0.361153
2.421549,-0.369855
2.428965,-0.378558
2.449369,-0.387260
2.472866,-0.395963
2.496482,-0.404665
2.520233,-0.413367
2.548073,-0.422070
2.572648,-0.430772
2.597409,-0.439475
2.627850,-0.448177
2.653555,-0.456880
2.679502,-0.465582
2.712766,-0.474285
2.765016,-0.482987
2.775264,-0.491690
2.803474,-0.500392
2.856775,-0.509095
2.895387,-0.517797
2.925160,-0.526500
2.955372,-0.535202
3.010187,-0.543905
3.029417,-0.552607
3.061731,-0.561310
3.118334,-0.570012
3.165776,-0.578714
3.200413,-0.587417
3.259078,-0.596119
3.287908,-0.604822
3.348529,-0.613524
3.386755,-0.622227
3.448732,-0.630929
3.507732,-0.639632
3.572077,-0.648334
3.637273,-0.657037
3.702465,-0.665739
3.748183,-0.674442
3.817453,-0.683144
4.020906,-0.691847
4.095176,-0.700549
4.172987,-0.709252
6.276812,-0.961623
6.186239,-0.970326
6.096402,-0.979028
6.067952,-0.987731
6.060236,-0.996433
6.012652,-1.005136
5.985786,-1.013838
5.939303,-1.022541
5.873252,-1.031243
5.827865,-1.039946
5.803076,-1.048648
5.758703,-1.057350
5.714830,-1.066053
5.691484,-1.074755
5.648569,-1.083458
5.626143,-1.092160
5.624176,-1.100863
5.582623,-1.109565
5.581522,-1.118268
5.540844,-1.126970
5.520596,-1.135673
5.480767,-1.144375
5.461352,-1.153078
5.422342,-1.161780
5.423751,-1.170483
5.365519,-1.179185
5.307651,-1.187888
5.317410,-1.196590
5.213008,-1.205293
5.168085,-1.213995
4.476614,-1.222697
3.295519,-1.231400
3.146919,-1.240102
2.918108,-1.248805
2.680317,-1.257507
2.683275,-1.266210
2.631865,-1.274912
2.625828,-1.283615
2.610315,-1.292317
2.601214,-1.301020
2.577300,-1.309722
2.456384,-1.318425
2.282182,-1.327127
2.224912,-1.335830
2.160629,-1.344532
2.007847,-1.353235
1.950234,-1.361937
1.913103,-1.370639
1.896570,-1.379342
1.900764,-1.388044
1.863720,-1.396747
1.764394,-1.405449
1.727126,-1.414152
1.710658,-1.422854
1.715144,-1.431557
1.719785,-1.440259
1.682535,-1.448962
1.666286,-1.457664
1.628924,-1.466367
1.633883,-1.475069
1.638997,-1.483772
1.622924,-1.492474
1.628286,-1.501177
1.633808,-1.509879
1.596366,-1.518582
1.602062,-1.527284
1.607923,-1.535986
1.613949,-1.544689
1.620145,-1.553391
1.626513,-1.562094
1.610997,-1.570796
