scan.pos:5.754790,5.068484,-0.3647503.116544,1.562094
3.127083,1.553391
3.137933,1.544689
3.149099,1.535986
3.160587,1.527284
3.172401,1.518581
3.184547,1.509879
3.197031,1.501177
3.209859,1.492474
3.223037,1.483772
3.236570,1.475069
3.250467,1.466367
3.264733,1.457664
3.279375,1.448962
3.294402,1.440259
3.309820,1.431557
3.325637,1.422854
3.341862,1.414152
3.358503,1.405449
3.375570,1.396747
3.393070,1.388044
3.411013,1.379342
3.429410,1.370639
3.448271,1.361937
3.467606,1.353234
3.487426,1.344532
3.507742,1.335830
3.528567,1.327127
3.549912,1.318425
3.571791,1.309722
3.594217,1.301020
3.617203,1.292317
3.640942,1.283615
3.647940,1.274912
3.598369,1.266210
3.557173,1.257507
3.536110,1.248805
3.496758,1.240102
3.452814,1.231400
3.414983,1.222697
3.373518,1.213995
3.363735,1.205292
3.324814,1.196590
3.289845,1.187888
3.253140,1.179185
3.217747,1.170483
3.184726,1.161780
3.179966,1.153078
3.147701,1.144375
3.125254,1.135673
3.098705,1.126970
3.072835,1.118268
3.047624,1.109565
3.023051,1.100863
2.999098,1.092160
2.975746,1.083458
2.952979,1.074755
2.930778,1.066053
2.909129,1.057350
2.888016,1.048648
2.867423,1.039945
2.847338,1.031243
2.827745,1.022541
2.808633,1.013838
2.789989,1.005136
2.771800,0.996433
2.754056,0.987731
2.736743,0.979028
2.719854,0.970326
2.703376,0.961623
2.687299,0.952921
2.671616,0.944218
2.656315,0.935516
2.641389,0.926813
2.626828,0.918111
2.612625,0.909408
2.598771,0.900706
2.585260,0.892003
2.572083,0.883301
2.559233,0.874598
2.546705,0.865896
2.534490,0.857194
2.522583,0.848491
2.510978,0.839789
2.499669,0.831086
2.488650,0.822384
2.477915,0.813681
2.467460,0.804979
2.457279,0.796276
2.447367,0.787574
2.437720,0.778871
2.428333,0.770169
2.419201,0.761466
2.410320,0.752764
2.401687,0.744061
2.393297,0.735359
2.385146,0.726656
2.377232,0.717954
2.369549,0.709251
2.362095,0.700549
2.354867,0.691847
2.347861,0.683144
2.341074,0.674442
2.334504,0.665739
2.328147,0.657037
2.322001,0.648334
2.316064,0.639632
2.310332,0.630929
2.304803,0.622227
2.299476,0.613524
2.294348,0.604822
2.289416,0.596119
2.284679,0.587417
2.280135,0.578714
2.275782,0.570012
2.271618,0.561309
2.267642,0.552607
2.263852,0.543905
2.260247,0.535202
2.256824,0.526500
2.253583,0.517797
2.250522,0.509095
2.247641,0.500392
2.244938,0.491690
2.242412,0.482987
2.240062,0.474285
2.237887,0.465582
2.235887,0.456880
2.234060,0.448177
2.232405,0.439475
2.230924,0.430772
2.229613,0.422070
2.228474,0.413367
2.227506,0.404665
2.226708,0.395962
2.226080,0.387260
2.225621,0.378558
2.225333,0.369855
2.225214,0.361153
2.225264,0.352450
2.225484,0.343748
2.225873,0.335045
2.226433,0.326343
2.227162,0.317640
2.228061,0.308938
2.229131,0.300235
2.230372,0.291533
2.231784,0.282830
2.233368,0.274128
2.235125,0.265425
2.237055,0.256723
2.239159,0.248020
2.241438,0.239318
2.243892,0.230615
2.246524,0.221913
2.249333,0.213211
2.252320,0.204508
2.255488,0.195806
2.258837,0.187103
2.262368,0.178401
2.266083,0.169698
2.269984,0.160996
2.274071,0.152293
2.278347,0.143591
2.282814,0.134888
2.287472,0.126186
2.292325,0.117483
2.297373,0.108781
2.302619,0.100078
2.308066,0.091376
2.313715,0.082673
2.319569,0.073971
2.325630,0.065269
2.331901,0.056566
2.338384,0.047864
2.345083,0.039161
2.351999,0.030459
2.359137,0.021756
2.366499,0.013054
2.374089,0.004351
2.381909,-0.004351
2.389964,-0.013054
2.398256,-0.021756
2.406790,-0.030459
2.415570,-0.039161
2.424599,-0.047864
2.433883,-0.056566
2.443424,-0.065269
2.453228,-0.073971
2.463299,-0.082674
2.473643,-0.091376
2.484263,-0.100078
2.495167,-0.108781
2.506358,-0.117483
2.517842,-0.126186
2.529626,-0.134888
2.541715,-0.143591
2.554115,-0.152293
2.566834,-0.160996
2.579877,-0.169698
2.593252,-0.178401
2.606966,-0.187103
2.621027,-0.195806
2.635441,-0.204508
2.650218,-0.213211
2.665366,-0.221913
2.680894,-0.230616
2.696810,-0.239318
2.713124,-0.248021
2.729845,-0.256723
2.746985,-0.265425
2.764553,-0.274128
2.782560,-0.282830
2.801018,-0.291533
2.819939,-0.300235
2.839335,-0.308938
2.859219,-0.317640
2.879604,-0.326343
2.900505,-0.335045
2.921935,-0.343748
2.943910,-0.352450
2.966445,-0.361153
2.989558,-0.369855
3.013265,-0.378558
3.037585,-0.387260
3.062535,-0.395963
3.088135,-0.404665
3.114407,-0.413367
3.141370,-0.422070
3.151729,-0.430772
3.186259,-0.439475
3.222435,-0.448177
3.230622,-0.456880
3.269114,-0.465582
3.306067,-0.474285
3.346764,-0.482987
3.384982,-0.491690
3.401675,-0.500392
3.441481,-0.509095
3.487192,-0.517797
3.502751,-0.526500
3.544818,-0.535202
3.594469,-0.543905
3.638283,-0.552607
3.665765,-0.561310
3.711666,-0.570012
3.767508,-0.578714
3.815521,-0.587417
3.839935,-0.596119
3.900761,-0.604822
3.952204,-0.613524
4.004653,-0.622227
4.047035,-0.630929
4.102432,-0.639632
4.159022,-0.648334
4.231556,-0.657037
4.307695,-0.665739
4.285298,-0.674442
4.263456,-0.683144
4.242157,-0.691847
4.221390,-0.700549
4.201143,-0.709252
4.181407,-0.717954
4.162170,-0.726657
4.143425,-0.735359
4.125159,-0.744061
4.062823,-0.752764
4.045680,-0.761466
4.006901,-0.770169
3.990739,-0.778871
3.975008,-0.787574
3.959701,-0.796276
3.944810,-0.804979
3.930330,-0.813681
3.916252,-0.822384
3.902571,-0.831086
3.889280,-0.839789
3.876374,-0.848491
3.863847,-0.857194
3.851692,-0.865896
3.839905,-0.874599
3.828481,-0.883301
3.817415,-0.892003
3.806701,-0.900706
3.796335,-0.909408
3.786314,-0.918111
3.776632,-0.926813
3.767286,-0.935516
3.716840,-0.944218
3.708249,-0.952921
3.699979,-0.961623
3.692026,-0.970326
3.643318,-0.979028
3.636072,-0.987731
3.629130,-0.996433
3.612110,-1.005136
3.616149,-1.013838
3.610106,-1.022541
3.604356,-1.031243
3.598897,-1.039946
3.593729,-1.048648
3.588849,-1.057350
3.584254,-1.066053
3.579944,-1.074755
3.575915,-1.083458
3.572168,-1.092160
3.568700,-1.100863
3.565510,-1.109565
3.562596,-1.118268
3.559958,-1.126970
3.557595,-1.135673
3.555506,-1.144375
3.553689,-1.153078
3.552145,-1.161780
3.550872,-1.170483
3.549871,-1.179185
3.549140,-1.187888
3.548680,-1.196590
3.548490,-1.205293
3.548570,-1.213995
3.548921,-1.222697
3.549542,-1.231400
3.550434,-1.240102
3.551596,-1.248805
3.553030,-1.257507
3.554736,-1.266210
3.556715,-1.274912
3.558967,-1.283615
2.818780,-1.292317
2.660285,-1.301020
2.662582,-1.309722
2.604710,-1.318425
2.587215,-1.327127
2.590049,-1.335830
2.552703,-1.344532
2.555894,-1.353235
2.518802,-1.361937
2.522344,-1.370639
2.526089,-1.379342
2.509704,-1.388044
2.513826,-1.396747
2.518153,-1.405449
2.522687,-1.414152
2.527431,-1.422854
2.491350,-1.431557
2.496434,-1.440259
2.501729,-1.448962
2.507239,-1.457664
2.492269,-1.466367
2.498164,-1.475069
2.504278,-1.483772
2.468918,-1.492474
2.475370,-1.501177
2.440126,-1.509879
2.446911,-1.518582
2.453920,-1.527284
2.440018,-1.535986
2.447423,-1.544689
2.455061,-1.553391
2.462934,-1.562094
2.471047,-1.570796
