scan.pos:-4.141486,5.352110,2.9684350.893360,1.562094
0.894759,1.553391
0.896232,1.544689
0.897778,1.535986
0.899398,1.527284
0.901092,1.518581
0.902862,1.509879
0.904707,1.501177
0.906630,1.492474
0.908630,1.483772
0.910708,1.475069
0.912866,1.466367
0.915103,1.457664
0.917422,1.448962
0.919823,1.440259
0.922306,1.431557
0.924874,1.422854
0.927527,1.414152
0.930266,1.405449
0.933093,1.396747
0.936009,1.388044
0.939014,1.379342
0.942111,1.370639
0.945301,1.361937
0.948584,1.353234
0.965064,1.344532
0.968588,1.335830
0.972213,1.327127
0.975939,1.318425
0.979769,1.309722
0.983704,1.301020
0.987747,1.292317
0.991899,1.283615
0.996162,1.274912
1.000538,1.266210
1.005030,1.257507
1.009639,1.248805
1.014369,1.240102
1.019221,1.231400
1.024198,1.222697
1.029303,1.213995
1.034538,1.205292
1.039907,1.196590
1.045411,1.187888
1.051054,1.179185
1.056840,1.170483
1.062771,1.161780
1.068850,1.153078
1.075082,1.144375
1.105716,1.135673
1.112410,1.126970
1.119272,1.118268
1.126305,1.109565
1.133514,1.100863
1.190937,1.092160
1.249210,1.083458
1.257655,1.074755
6.202524,1.066053
6.136442,1.057350
6.051413,1.048648
5.987243,1.039945
5.928868,1.031243
5.870640,1.022541
5.808959,1.013838
5.754457,1.005136
5.720952,0.996433
5.661546,0.987731
5.604632,0.979028
5.547611,0.970326
5.490442,0.961623
5.461249,0.952921
5.417088,0.944218
5.371105,0.935516
5.326299,0.926813
5.282633,0.918111
5.240073,0.909408
5.198586,0.900706
5.158141,0.892003
5.118707,0.883301
5.080255,0.874598
5.042758,0.865896
5.006188,0.857194
4.970521,0.848491
4.935732,0.839789
4.901797,0.831086
4.868694,0.822384
4.836401,0.813681
4.804896,0.804979
4.774161,0.796276
4.744176,0.787574
4.714921,0.778871
4.686380,0.770169
4.658535,0.761466
4.631370,0.752764
4.604868,0.744061
4.579015,0.735359
4.553795,0.726656
4.529194,0.717954
4.505199,0.709251
4.481796,0.700549
4.458973,0.691847
4.436718,0.683144
4.415018,0.674442
4.393862,0.665739
4.373240,0.657037
4.353140,0.648334
4.333553,0.639632
4.314468,0.630929
4.295876,0.622227
4.277768,0.613524
4.260136,0.604822
4.242970,0.596119
4.226262,0.587417
4.210004,0.578714
4.194190,0.570012
4.178810,0.561309
4.163859,0.552607
4.149330,0.543905
4.135215,0.535202
4.121509,0.526500
4.108205,0.517797
4.095298,0.509095
4.082782,0.500392
4.070651,0.491690
4.058899,0.482987
4.047523,0.474285
4.036518,0.465582
4.025877,0.456880
4.015597,0.448177
4.005674,0.439475
3.996104,0.430772
3.986882,0.422070
3.978005,0.413367
3.969469,0.404665
3.961270,0.395962
3.953406,0.387260
3.945873,0.378558
3.938668,0.369855
3.931787,0.361153
3.925230,0.352450
3.918992,0.343748
3.913071,0.335045
3.907466,0.326343
3.902173,0.317640
3.897191,0.308938
3.892517,0.300235
3.888151,0.291533
3.884090,0.282830
3.880332,0.274128
3.876877,0.265425
3.873723,0.256723
3.870868,0.248020
3.868312,0.239318
3.866053,0.230615
3.864091,0.221913
3.862425,0.213211
3.861055,0.204508
3.859979,0.195806
3.859198,0.187103
3.858711,0.178401
3.858517,0.169698
3.858618,0.160996
3.859013,0.152293
3.859701,0.143591
3.860684,0.134888
3.861961,0.126186
3.863534,0.117483
3.865402,0.108781
3.867568,0.100078
3.870030,0.091376
3.872790,0.082673
3.875850,0.073971
3.879210,0.065269
3.882872,0.056566
3.886838,0.047864
3.891108,0.039161
3.895684,0.030459
3.900569,0.021756
3.905763,0.013054
3.911270,0.004351
3.917091,-0.004351
3.923229,-0.013054
3.929685,-0.021756
3.936464,-0.030459
3.943566,-0.039161
3.950995,-0.047864
3.958755,-0.056566
3.966848,-0.065269
3.975277,-0.073971
3.984046,-0.082674
3.993159,-0.091376
4.002619,-0.100078
4.012431,-0.108781
4.022597,-0.117483
4.033123,-0.126186
4.044014,-0.134888
4.055273,-0.143591
4.066905,-0.152293
4.078916,-0.160996
4.091310,-0.169698
4.104094,-0.178401
4.117272,-0.187103
4.130850,-0.195806
4.144835,-0.204508
4.159234,-0.213211
4.174051,-0.221913
4.189294,-0.230616
4.204971,-0.239318
4.221088,-0.248021
4.237653,-0.256723
4.254674,-0.265425
4.272159,-0.274128
4.290116,-0.282830
4.308554,-0.291533
4.327482,-0.300235
4.346910,-0.308938
4.366848,-0.317640
4.387304,-0.326343
4.408290,-0.335045
4.429817,-0.343748
4.451897,-0.352450
4.474539,-0.361153
4.497758,-0.369855
4.521564,-0.378558
4.545973,-0.387260
1.795726,-0.395963
1.751448,-0.404665
1.742556,-0.413367
1.722870,-0.422070
1.703231,-0.430772
1.683629,-0.439475
1.664053,-0.448177
1.635098,-0.456880
1.616105,-0.465582
1.597097,-0.474285
1.578066,-0.482987
1.551811,-0.491690
1.533236,-0.500392
1.514601,-0.509095
1.495897,-0.517797
1.498105,-0.526500
1.479939,-0.535202
1.461676,-0.543905
1.443305,-0.552607
1.421762,-0.561310
1.430740,-0.570012
1.412704,-0.578714
1.392964,-0.587417
1.375126,-0.596119
1.357123,-0.604822
1.367188,-0.613524
1.358851,-0.622227
1.347317,-0.630929
1.336077,-0.639632
1.325124,-0.648334
1.314448,-0.657037
1.304041,-0.665739
1.293895,-0.674442
1.284004,-0.683144
1.274358,-0.691847
1.280779,-0.700549
1.271491,-0.709252
1.262432,-0.717954
1.253596,-0.726657
1.244977,-0.735359
1.236569,-0.744061
1.228367,-0.752764
1.220366,-0.761466
1.212560,-0.770169
1.204944,-0.778871
1.197514,-0.787574
1.190265,-0.796276
1.183192,-0.804979
1.176293,-0.813681
1.169562,-0.822384
1.162996,-0.831086
1.156590,-0.839789
1.150342,-0.848491
1.144248,-0.857194
1.138304,-0.865896
1.132507,-0.874599
1.126855,-0.883301
1.121343,-0.892003
1.115970,-0.900706
1.110732,-0.909408
1.105627,-0.918111
1.100652,-0.926813
1.095805,-0.935516
1.091083,-0.944218
1.086484,-0.952921
1.082005,-0.961623
1.077646,-0.970326
1.073402,-0.979028
1.069273,-0.987731
1.065256,-0.996433
1.061350,-1.005136
1.057553,-1.013838
1.053863,-1.022541
1.050278,-1.031243
1.046797,-1.039946
1.043418,-1.048648
1.040139,-1.057350
1.036960,-1.066053
1.033879,-1.074755
1.030895,-1.083458
1.028005,-1.092160
1.025210,-1.100863
1.022508,-1.109565
1.019897,-1.118268
1.017376,-1.126970
1.014946,-1.135673
1.012604,-1.144375
1.010349,-1.153078
1.008181,-1.161780
1.006099,-1.170483
1.004101,-1.179185
1.002188,-1.187888
1.000358,-1.196590
0.998610,-1.205293
0.996945,-1.213995
0.995360,-1.222697
0.993857,-1.231400
0.992433,-1.240102
0.991089,-1.248805
0.989823,-1.257507
0.988636,-1.266210
0.987527,-1.274912
0.986496,-1.283615
0.985542,-1.292317
0.984664,-1.301020
0.983863,-1.309722
0.983138,-1.318425
0.982489,-1.327127
0.981915,-1.335830
0.981417,-1.344532
0.980993,-1.353235
0.980645,-1.361937
0.980372,-1.370639
0.980174,-1.379342
0.980050,-1.388044
0.980001,-1.396747
0.980026,-1.405449
0.980127,-1.414152
0.980302,-1.422854
0.980551,-1.431557
0.980876,-1.440259
0.981275,-1.448962
0.981750,-1.457664
0.982300,-1.466367
0.982925,-1.475069
0.983626,-1.483772
0.984403,-1.492474
0.985257,-1.501177
0.986187,-1.509879
0.987194,-1.518582
0.988278,-1.527284
0.989441,-1.535986
0.990681,-1.544689
0.992001,-1.553391
0.993399,-1.562094
0.994878,-1.570796
