scan.pos:-2.028788,5.502249,1.6352505.983636,1.562094
5.980495,1.553391
5.977813,1.544689
5.975588,1.535986
5.973819,1.527284
5.972506,1.518581
5.971648,1.509879
5.971245,1.501177
5.971297,1.492474
5.971804,1.483772
5.972766,1.475069
5.974183,1.466367
5.976056,1.457664
5.978385,1.448962
5.981172,1.440259
5.984417,1.431557
5.988123,1.422854
5.992290,1.414152
5.996919,1.405449
6.002013,1.396747
6.007573,1.388044
6.013602,1.379342
6.020103,1.370639
6.027076,1.361937
6.034526,1.353234
6.042455,1.344532
6.050867,1.335830
6.059764,1.327127
6.069150,1.318425
6.079029,1.309722
6.089404,1.301020
6.100281,1.292317
6.111662,1.283615
3.682833,1.274912
3.566983,1.266210
3.471522,1.257507
3.293354,1.248805
3.197391,1.240102
3.121964,1.231400
2.984056,1.222697
2.908207,1.213995
2.853085,1.205292
2.797889,1.196590
2.658580,1.187888
2.602956,1.179185
2.568336,1.170483
2.448940,1.161780
2.414028,1.153078
2.379081,1.144375
2.279903,1.135673
2.244641,1.126970
2.209310,1.118268
2.130664,1.109565
2.095009,1.100863
2.081029,1.092160
2.001521,1.083458
1.987389,1.074755
1.929230,1.066053
1.914994,1.057350
1.878571,1.048648
1.841983,1.039945
1.850035,1.031243
1.858299,1.022541
1.844170,1.013838
1.830051,1.005136
1.770290,0.996433
1.733023,0.987731
1.741621,0.979028
1.727272,0.970326
1.689623,0.961623
1.698526,0.952921
1.684120,0.944218
1.693349,0.935516
1.679015,0.926813
1.688578,0.918111
1.698381,0.909408
1.708429,0.900706
1.670012,0.892003
1.680270,0.883301
1.690784,0.874598
1.651924,0.865896
1.662648,0.857194
1.655715,0.848491
1.673217,0.839789
1.666023,0.831086
1.633602,0.822384
1.652942,0.813681
1.673071,0.804979
1.641544,0.796276
1.662880,0.787574
1.685018,0.778871
1.681137,0.770169
1.677654,0.761466
1.674565,0.752764
1.671867,0.744061
1.697269,0.735359
1.695578,0.726656
1.722465,0.717954
1.741138,0.709251
1.726300,0.700549
1.767162,0.691847
1.780050,0.683144
1.792863,0.674442
1.805606,0.665739
1.818286,0.657037
1.830908,0.648334
1.869854,0.639632
1.882179,0.630929
1.868475,0.622227
1.855109,0.613524
1.867696,0.604822
1.854803,0.596119
1.867500,0.587417
1.880169,0.578714
1.867871,0.570012
1.880655,0.561309
1.868794,0.552607
1.906168,0.543905
1.918905,0.535202
1.931634,0.526500
1.920322,0.517797
1.909286,0.509095
1.969814,0.500392
1.982551,0.491690
1.995298,0.482987
2.017875,0.474285
2.038287,0.465582
2.067172,0.456880
2.096412,0.448177
2.126034,0.439475
2.156067,0.430772
2.209233,0.422070
2.240076,0.413367
2.270223,0.404665
2.370236,0.395962
2.358833,0.387260
2.392855,0.378558
2.449680,0.369855
2.485061,0.361153
2.543171,0.352450
2.586221,0.343748
2.712313,0.335045
2.687046,0.326343
2.684960,0.317640
2.684364,0.308938
2.663882,0.300235
2.666569,0.291533
2.649686,0.282830
2.651644,0.274128
2.640437,0.265425
2.631514,0.256723
2.625018,0.248020
2.621112,0.239318
2.599043,0.230615
2.600944,0.221913
2.585230,0.213211
2.593870,0.204508
2.578980,0.195806
2.577620,0.187103
2.555764,0.178401
2.550233,0.169698
2.544919,0.160996
2.539820,0.152293
2.534934,0.143591
2.530260,0.134888
2.525794,0.126186
2.521536,0.117483
2.517483,0.108781
2.513635,0.100078
2.509990,0.091376
2.506545,0.082673
2.503300,0.073971
2.500254,0.065269
2.497405,0.056566
2.494753,0.047864
2.492296,0.039161
2.490032,0.030459
2.487963,0.021756
2.486086,0.013054
2.484401,0.004351
2.482907,-0.004351
2.481603,-0.013054
2.480490,-0.021756
2.479567,-0.030459
2.478833,-0.039161
2.478288,-0.047864
2.477932,-0.056566
2.477765,-0.065269
2.477787,-0.073971
2.477997,-0.082674
2.478396,-0.091376
2.478984,-0.100078
2.479761,-0.108781
2.480728,-0.117483
2.481884,-0.126186
2.483231,-0.134888
2.484768,-0.143591
2.486497,-0.152293
2.488418,-0.160996
2.490532,-0.169698
2.492839,-0.178401
2.495341,-0.187103
2.498038,-0.195806
2.500932,-0.204508
2.504024,-0.213211
2.507314,-0.221913
2.510804,-0.230616
2.514496,-0.239318
2.518391,-0.248021
2.522490,-0.256723
2.526795,-0.265425
2.531308,-0.274128
2.536031,-0.282830
2.540965,-0.291533
2.546113,-0.300235
2.551476,-0.308938
2.557058,-0.317640
2.562859,-0.326343
2.568883,-0.335045
2.575131,-0.343748
2.581608,-0.352450
2.588314,-0.361153
2.595254,-0.369855
2.602429,-0.378558
2.609844,-0.387260
2.617501,-0.395963
2.625404,-0.404665
2.633555,-0.413367
2.641959,-0.422070
2.650620,-0.430772
2.659540,-0.439475
2.668725,-0.448177
2.678178,-0.456880
2.687904,-0.465582
2.697907,-0.474285
2.708192,-0.482987
2.718763,-0.491690
2.729625,-0.500392
2.740785,-0.509095
2.752246,-0.517797
2.764016,-0.526500
2.776098,-0.535202
2.788500,-0.543905
2.801228,-0.552607
2.814287,-0.561310
2.827685,-0.570012
2.841429,-0.578714
2.855525,-0.587417
2.869982,-0.596119
2.884807,-0.604822
2.900008,-0.613524
2.915593,-0.622227
2.931571,-0.630929
2.947950,-0.639632
2.964741,-0.648334
2.981952,-0.657037
2.999595,-0.665739
3.017678,-0.674442
3.036213,-0.683144
3.055212,-0.691847
3.074686,-0.700549
3.094646,-0.709252
3.115106,-0.717954
3.136079,-0.726657
3.157578,-0.735359
3.179618,-0.744061
3.202214,-0.752764
3.225380,-0.761466
3.249133,-0.770169
3.273489,-0.778871
3.298467,-0.787574
3.324084,-0.796276
3.350359,-0.804979
3.377312,-0.813681
3.404963,-0.822384
3.433335,-0.831086
3.462449,-0.839789
3.492330,-0.848491
3.512086,-0.857194
3.552890,-0.865896
3.566688,-0.874599
3.608756,-0.883301
3.646663,-0.892003
3.688581,-0.900706
3.700897,-0.909408
3.743484,-0.918111
3.782299,-0.926813
3.825459,-0.935516
3.863886,-0.944218
3.907742,-0.952921
3.945887,-0.961623
3.983666,-0.970326
4.028535,-0.979028
4.074166,-0.987731
4.137012,-0.996433
4.183573,-1.005136
4.221365,-1.013838
1.258894,-1.022541
1.202592,-1.031243
1.171237,-1.039946
1.164377,-1.048648
1.157686,-1.057350
1.151158,-1.066053
1.144790,-1.074755
1.091567,-1.083458
1.085758,-1.092160
1.080093,-1.100863
1.074568,-1.109565
1.069180,-1.118268
1.063926,-1.126970
1.058804,-1.135673
1.053811,-1.144375
1.048944,-1.153078
1.044201,-1.161780
1.039580,-1.170483
1.035078,-1.179185
1.030692,-1.187888
1.026422,-1.196590
1.022264,-1.205293
1.018218,-1.213995
1.014280,-1.222697
1.010449,-1.231400
1.006723,-1.240102
1.003101,-1.248805
0.999581,-1.257507
0.996160,-1.266210
0.992839,-1.274912
0.989614,-1.283615
0.986486,-1.292317
0.983452,-1.301020
0.971233,-1.309722
0.968410,-1.318425
0.965677,-1.327127
0.963033,-1.335830
0.960476,-1.344532
0.978832,-1.353235
0.997169,-1.361937
0.994768,-1.370639
0.992454,-1.379342
0.990226,-1.388044
0.988083,-1.396747
0.986024,-1.405449
0.984048,-1.414152
1.002617,-1.422854
1.000768,-1.431557
0.999002,-1.440259
0.997318,-1.448962
0.995715,-1.457664
0.994193,-1.466367
0.992751,-1.475069
0.991388,-1.483772
0.990105,-1.492474
0.968719,-1.501177
0.967615,-1.509879
0.966587,-1.518582
0.965635,-1.527284
0.964758,-1.535986
0.963956,-1.544689
0.963229,-1.553391
0.962576,-1.562094
0.961998,-1.570796
