scan.pos:-2.227660,-1.885617,1.7352501.634392,1.562094
1.632090,1.553391
1.629919,1.544689
1.627878,1.535986
1.625965,1.527284
1.624180,1.518581
1.622523,1.509879
1.620993,1.501177
1.619588,1.492474
1.618309,1.483772
1.617155,1.475069
1.616126,1.466367
1.615221,1.457664
1.614440,1.448962
1.613783,1.440259
1.613248,1.431557
1.612837,1.422854
1.612549,1.414152
1.612384,1.405449
1.612342,1.396747
1.612422,1.388044
1.612625,1.379342
1.612952,1.370639
1.613401,1.361937
1.613973,1.353234
1.614669,1.344532
1.615488,1.335830
1.616432,1.327127
1.617500,1.318425
1.618692,1.309722
1.620010,1.301020
1.621454,1.292317
1.623023,1.283615
1.624720,1.274912
1.626544,1.266210
1.628497,1.257507
1.630578,1.248805
1.632790,1.240102
1.635132,1.231400
1.637605,1.222697
1.640212,1.213995
1.642951,1.205292
1.645826,1.196590
1.648836,1.187888
1.651984,1.179185
1.655270,1.170483
1.658695,1.161780
1.662262,1.153078
1.665971,1.144375
1.669824,1.135673
1.673823,1.126970
1.677969,1.118268
1.682264,1.109565
1.686710,1.100863
1.691309,1.092160
1.696062,1.083458
1.700972,1.074755
1.706041,1.066053
1.711270,1.057350
1.716663,1.048648
1.722222,1.039945
1.727949,1.031243
1.733847,1.022541
1.739917,1.013838
1.746164,1.005136
1.752590,0.996433
1.759198,0.987731
1.765991,0.979028
1.772972,0.970326
1.780145,0.961623
1.787513,0.952921
1.795079,0.944218
1.802847,0.935516
1.855745,0.926813
1.864133,0.918111
1.918075,0.909408
1.949894,0.900706
1.959282,0.892003
1.968911,0.883301
2.094348,0.874598
6.704680,0.865896
6.739688,0.857194
6.775583,0.848491
6.812383,0.839789
6.850110,0.831086
6.888784,0.822384
6.928428,0.813681
6.969065,0.804979
7.010718,0.796276
7.053413,0.787574
7.097175,0.778871
7.142030,0.770169
7.188007,0.761466
7.235134,0.752764
7.283442,0.744061
7.332961,0.735359
7.383724,0.726656
7.435765,0.717954
7.489120,0.709251
7.543824,0.700549
7.599916,0.691847
7.657436,0.683144
7.716426,0.674442
7.776928,0.665739
4.881509,0.378558
4.832492,0.369855
4.714770,0.361153
4.667835,0.352450
4.644683,0.343748
4.622111,0.335045
4.600105,0.326343
4.578655,0.317640
4.557750,0.308938
4.537379,0.300235
4.517531,0.291533
4.498198,0.282830
4.479368,0.274128
4.461034,0.265425
4.443187,0.256723
4.425817,0.248020
4.408917,0.239318
4.392479,0.230615
4.376496,0.221913
4.360959,0.213211
4.345861,0.204508
4.331197,0.195806
4.316959,0.187103
4.303141,0.178401
4.310943,0.169698
4.297883,0.160996
4.285226,0.152293
4.272968,0.143591
4.261104,0.134888
4.291439,0.126186
4.280237,0.117483
4.269419,0.108781
4.300472,0.100078
4.290307,0.091376
4.280515,0.082673
4.271092,0.073971
4.262035,0.065269
4.253339,0.056566
4.265481,0.047864
4.257459,0.039161
4.290598,0.030459
4.283210,0.021756
4.337178,0.013054
4.370999,0.004351
4.546965,-0.004351
4.540562,-0.013054
4.696266,-0.021756
5.053854,-0.030459
5.350451,-0.039161
5.807956,-0.047864
7.759197,-0.317640
7.074054,-0.326343
6.737575,-0.335045
6.408453,-0.343748
6.048394,-0.352450
5.875080,-0.361153
5.864944,-0.369855
5.875672,-0.378558
5.886888,-0.387260
5.857532,-0.395963
5.869654,-0.404665
5.882276,-0.413367
5.895401,-0.422070
5.909036,-0.430772
5.923186,-0.439475
5.937858,-0.448177
5.953057,-0.456880
5.968790,-0.465582
5.985063,-0.474285
6.001884,-0.482987
6.019258,-0.491690
6.037195,-0.500392
6.055702,-0.509095
6.074787,-0.517797
3.616348,-0.526500
3.502304,-0.535202
3.408244,-0.543905
3.350384,-0.552607
3.316067,-0.561310
3.254382,-0.570012
3.203070,-0.578714
3.131348,-0.587417
3.016869,-0.596119
2.966385,-0.604822
2.921189,-0.613524
2.877108,-0.622227
2.811732,-0.630929
2.770539,-0.639632
2.707676,-0.648334
2.668112,-0.657037
2.629332,-0.665739
2.499752,-0.674442
2.461950,-0.683144
2.424785,-0.691847
2.388216,-0.700549
2.352204,-0.709252
2.316712,-0.717954
2.281706,-0.726657
2.270886,-0.735359
2.236887,-0.744061
2.251291,-0.752764
2.242476,-0.761466
2.210002,-0.770169
2.226724,-0.778871
2.195166,-0.787574
2.163883,-0.796276
2.182662,-0.804979
2.177255,-0.813681
2.152118,-0.822384
2.141343,-0.831086
2.130584,-0.839789
2.145600,-0.848491
2.135047,-0.857194
2.124505,-0.865896
2.140302,-0.874599
2.129969,-0.883301
2.146378,-0.892003
2.163207,-0.900706
2.153309,-0.909408
2.170797,-0.918111
2.161133,-0.926813
2.179312,-0.935516
2.197968,-0.944218
2.214822,-0.952921
2.219666,-0.961623
2.252789,-0.970326
2.258429,-0.979028
2.291909,-0.987731
2.300947,-0.996433
2.335356,-1.005136
2.343235,-1.013838
2.378154,-1.022541
2.391560,-1.031243
2.427582,-1.039946
2.437950,-1.048648
2.474656,-1.057350
2.486006,-1.066053
2.530790,-1.074755
2.569153,-1.083458
2.582875,-1.092160
2.622185,-1.100863
2.661932,-1.109565
2.687571,-1.118268
2.729026,-1.126970
2.722538,-1.135673
2.741313,-1.144375
2.784949,-1.153078
2.818390,-1.161780
2.864159,-1.170483
2.910687,-1.179185
2.958025,-1.187888
2.982911,-1.196590
3.032148,-1.205293
3.076298,-1.213995
3.128387,-1.222697
3.181592,-1.231400
3.235982,-1.240102
3.268998,-1.248805
3.326093,-1.257507
3.383920,-1.266210
3.444922,-1.274912
3.507563,-1.283615
3.571948,-1.292317
3.638193,-1.301020
3.706422,-1.309722
3.782329,-1.318425
3.822652,-1.327127
3.954031,-1.335830
4.032804,-1.344532
4.114398,-1.353235
4.199018,-1.361937
4.201240,-1.370639
4.179472,-1.379342
4.212980,-1.388044
4.228282,-1.396747
4.293836,-1.405449
4.299691,-1.414152
4.332375,-1.422854
4.371180,-1.431557
4.422587,-1.440259
4.449172,-1.448962
4.479523,-1.457664
4.530809,-1.466367
4.561496,-1.475069
4.571736,-1.483772
4.602883,-1.492474
4.613684,-1.501177
4.706869,-1.509879
4.759080,-1.518582
4.791012,-1.527284
4.802786,-1.535986
4.937099,-1.544689
4.969656,-1.553391
5.104007,-1.562094
5.136968,-1.570796
