scan.pos:-4.595481,-4.596193,0.7852504.814886,1.562094
4.853422,1.553391
4.892592,1.544689
4.930935,1.535986
4.968979,1.527284
5.033874,1.518581
5.071184,1.509879
5.111763,1.501177
5.175663,1.492474
5.243502,1.483772
5.280721,1.475069
5.323365,1.466367
5.386649,1.457664
5.456099,1.448962
1.619325,1.440259
1.608423,1.431557
1.527435,1.422854
1.517517,1.414152
1.507841,1.405449
1.498400,1.396747
1.489190,1.388044
1.431674,1.379342
1.423195,1.370639
1.414923,1.361937
1.383008,1.353234
1.375270,1.344532
1.367720,1.335830
1.360357,1.327127
1.353174,1.318425
1.346169,1.309722
1.339338,1.301020
1.332677,1.292317
1.326182,1.283615
1.319850,1.274912
1.313678,1.266210
1.307662,1.257507
1.301800,1.248805
1.296089,1.240102
1.290525,1.231400
1.285106,1.222697
1.279830,1.213995
1.274693,1.205292
1.269694,1.196590
1.264830,1.187888
1.260099,1.179185
1.255498,1.170483
1.251025,1.161780
1.246679,1.153078
1.242458,1.144375
1.238358,1.135673
1.234380,1.126970
1.230520,1.118268
1.226777,1.109565
1.223150,1.100863
1.219638,1.092160
1.216237,1.083458
1.212947,1.074755
1.209768,1.066053
1.206696,1.057350
1.162224,1.048648
1.159463,1.039945
1.156804,1.031243
1.154245,1.022541
1.151784,1.013838
1.149421,1.005136
1.147155,0.996433
1.144985,0.987731
1.142910,0.979028
1.140930,0.970326
1.139043,0.961623
1.137248,0.952921
1.135546,0.944218
1.133934,0.935516
1.132414,0.926813
1.130983,0.918111
1.129642,0.909408
1.128390,0.900706
1.127227,0.892003
1.126152,0.883301
1.125164,0.874598
1.124264,0.865896
1.123450,0.857194
1.122723,0.848491
1.122083,0.839789
1.121528,0.831086
1.121060,0.822384
1.120677,0.813681
1.120380,0.804979
1.120168,0.796276
1.120041,0.787574
1.120000,0.778871
1.120044,0.770169
1.120174,0.761466
1.120388,0.752764
1.120689,0.744061
1.121074,0.735359
1.121546,0.726656
1.122103,0.717954
1.122747,0.709251
1.123476,0.700549
1.124293,0.691847
1.125196,0.683144
1.126187,0.674442
1.127265,0.665739
1.128432,0.657037
1.129686,0.648334
1.131030,0.639632
1.132464,0.630929
1.133988,0.622227
1.135602,0.613524
1.137308,0.604822
1.139105,0.596119
1.140996,0.587417
1.142979,0.578714
1.145058,0.570012
1.147231,0.561309
1.149500,0.552607
1.151866,0.543905
1.154330,0.535202
1.156893,0.526500
1.159555,0.517797
1.162319,0.509095
1.165185,0.500392
1.168154,0.491690
1.171228,0.482987
1.174407,0.474285
1.177694,0.465582
1.181090,0.456880
1.184596,0.448177
1.188213,0.439475
1.191943,0.430772
1.195789,0.422070
1.199751,0.413367
1.203831,0.404665
1.208031,0.395962
1.212354,0.387260
1.216800,0.378558
1.221373,0.369855
1.226074,0.361153
1.230905,0.352450
1.235869,0.343748
1.240968,0.335045
1.246204,0.326343
1.296280,0.317640
1.301997,0.308938
1.330413,0.300235
1.381844,0.291533
1.456620,0.282830
1.463613,0.274128
1.470786,0.265425
1.478143,0.256723
1.485688,0.248020
7.023875,0.239318
6.940682,0.230615
6.835618,0.221913
6.803062,0.213211
6.701026,0.204508
6.576187,0.195806
6.476290,0.187103
6.401672,0.178401
6.328275,0.169698
6.231462,0.160996
6.160151,0.152293
6.040098,0.143591
5.970447,0.134888
5.901691,0.126186
5.833776,0.117483
5.817764,0.108781
5.803205,0.100078
5.790073,0.091376
5.752238,0.082673
5.755803,0.073971
5.746253,0.065269
5.763704,0.056566
5.754953,0.047864
5.800767,0.039161
5.847764,0.030459
5.895982,0.021756
5.945459,0.013054
5.996233,0.004351
6.046259,-0.004351
6.089209,-0.013054
6.133661,-0.021756
6.207121,-0.030459
6.256755,-0.039161
6.279802,-0.047864
6.362153,-0.056566
6.393803,-0.065269
6.478045,-0.073971
6.542319,-0.082674
6.604895,-0.091376
6.675360,-0.100078
6.743241,-0.108781
6.832598,-0.117483
6.890627,-0.126186
6.982023,-0.134888
7.055599,-0.143591
7.151319,-0.152293
7.211738,-0.160996
7.322002,-0.169698
7.408021,-0.178401
7.505630,-0.187103
7.569267,-0.195806
7.526224,-0.204508
7.580274,-0.213211
7.613757,-0.221913
7.636030,-0.230616
7.674863,-0.239318
7.717154,-0.248021
4.102893,-0.256723
3.989704,-0.265425
3.969861,-0.274128
3.927648,-0.282830
3.908896,-0.291533
3.890616,-0.300235
3.872800,-0.308938
3.855439,-0.317640
3.838524,-0.326343
3.822047,-0.335045
3.805998,-0.343748
3.790372,-0.352450
3.775159,-0.361153
3.760354,-0.369855
3.745948,-0.378558
3.731936,-0.387260
3.718309,-0.395963
3.705064,-0.404665
3.692192,-0.413367
3.679689,-0.422070
3.667548,-0.430772
3.655765,-0.439475
3.644334,-0.448177
3.633250,-0.456880
3.622509,-0.465582
3.612104,-0.474285
3.602033,-0.482987
3.592291,-0.491690
3.582874,-0.500392
3.573777,-0.509095
3.564997,-0.517797
3.556530,-0.526500
3.548373,-0.535202
3.540523,-0.543905
3.532975,-0.552607
3.525728,-0.561310
3.518777,-0.570012
3.512121,-0.578714
3.505756,-0.587417
3.499681,-0.596119
3.493892,-0.604822
3.488388,-0.613524
3.483165,-0.622227
3.478223,-0.630929
3.473559,-0.639632
3.469171,-0.648334
3.485230,-0.657037
3.501517,-0.665739
3.518036,-0.674442
3.575010,-0.683144
3.612059,-0.691847
3.649320,-0.700549
3.646680,-0.709252
3.664369,-0.717954
3.862650,-0.726657
3.980906,-0.735359
7.748189,-1.240102
7.600207,-1.248805
7.479538,-1.257507
7.340377,-1.266210
7.227391,-1.274912
7.121547,-1.283615
6.993434,-1.292317
6.896578,-1.301020
6.775092,-1.309722
6.686424,-1.318425
6.594203,-1.327127
6.504498,-1.335830
6.403037,-1.344532
6.318646,-1.353235
6.223540,-1.361937
6.143966,-1.370639
6.078823,-1.379342
6.003770,-1.388044
5.920022,-1.396747
5.848963,-1.405449
5.770189,-1.414152
5.702775,-1.422854
5.636790,-1.431557
5.564530,-1.440259
5.501742,-1.448962
5.440185,-1.457664
5.379800,-1.466367
5.346456,-1.475069
5.288443,-1.483772
5.231449,-1.492474
5.175425,-1.501177
5.120323,-1.509879
5.066098,-1.518582
5.012705,-1.527284
4.987453,-1.535986
4.935825,-1.544689
4.884911,-1.553391
4.834671,-1.562094
4.812997,-1.570796
