scan.pos:-7.172682,6.593029,1.6184350.840954,1.562094
0.840636,1.553391
0.840383,1.544689
0.840193,1.535986
0.840068,1.527284
0.840007,1.518581
0.840009,1.509879
0.840076,1.501177
0.840207,1.492474
0.840401,1.483772
0.840660,1.475069
0.840983,1.466367
0.841370,1.457664
0.841822,1.448962
0.842339,1.440259
0.842920,1.431557
0.843566,1.422854
0.844278,1.414152
0.845056,1.405449
0.845899,1.396747
0.846809,1.388044
0.847785,1.379342
0.848828,1.370639
0.849938,1.361937
0.851117,1.353234
0.852363,1.344532
0.853678,1.335830
0.855063,1.327127
0.856518,1.318425
0.858042,1.309722
0.859638,1.301020
0.861306,1.292317
0.863046,1.283615
0.864859,1.274912
0.866745,1.266210
0.868707,1.257507
0.870743,1.248805
0.872856,1.240102
0.875046,1.231400
0.877314,1.222697
0.879660,1.213995
0.882087,1.205292
0.884595,1.196590
0.887185,1.187888
0.889858,1.179185
0.892615,1.170483
0.895458,1.161780
0.898388,1.153078
0.901405,1.144375
0.904513,1.135673
0.907711,1.126970
0.911001,1.118268
0.914385,1.109565
0.917865,1.100863
0.921441,1.092160
0.925117,1.083458
0.928893,1.074755
0.932771,1.066053
0.936753,1.057350
0.940841,1.048648
0.945038,1.039945
0.949344,1.031243
0.953764,1.022541
0.958297,1.013838
0.962948,1.005136
0.967718,0.996433
0.972610,0.987731
0.977627,0.979028
0.982771,0.970326
0.988045,0.961623
0.993452,0.952921
0.998994,0.944218
1.004676,0.935516
1.010501,0.926813
1.016471,0.918111
1.022591,0.909408
1.028863,0.900706
1.035292,0.892003
1.041882,0.883301
1.048637,0.874598
1.055561,0.865896
1.062658,0.857194
1.069934,0.848491
1.077392,0.839789
1.085038,0.831086
1.092878,0.822384
1.100915,0.813681
1.092411,0.804979
1.100736,0.796276
1.109274,0.787574
1.118030,0.778871
1.127013,0.770169
1.136229,0.761466
1.145684,0.752764
1.155387,0.744061
1.165345,0.735359
1.165685,0.726656
1.157905,0.717954
1.179314,0.709251
1.199759,0.700549
1.192786,0.691847
1.215823,0.683144
1.236441,0.674442
1.230305,0.665739
1.255075,0.657037
1.275955,0.648334
1.270702,0.639632
1.297330,0.630929
1.318568,0.622227
1.314255,0.613524
1.342890,0.604822
1.339479,0.596119
1.361297,0.587417
1.392115,0.578714
1.389780,0.570012
1.412222,0.561309
1.434659,0.552607
1.444280,0.543905
1.467494,0.535202
1.490752,0.526500
1.503509,0.517797
1.527671,0.509095
1.551931,0.500392
1.576307,0.491690
1.593420,0.482987
1.595751,0.474285
1.598497,0.465582
1.601670,0.456880
1.601274,0.448177
1.583528,0.439475
1.589074,0.430772
1.572629,0.422070
1.556587,0.413367
1.564874,0.404665
1.539619,0.395962
1.533230,0.387260
1.527009,0.378558
1.520954,0.369855
1.515062,0.361153
1.509329,0.352450
1.503754,0.343748
1.498334,0.335045
1.493066,0.326343
1.487947,0.317640
1.482977,0.308938
1.478151,0.300235
1.473469,0.291533
1.468928,0.282830
1.464525,0.274128
1.460260,0.265425
1.456131,0.256723
1.452135,0.248020
1.448270,0.239318
1.444536,0.230615
1.440931,0.221913
1.437453,0.213211
1.434100,0.204508
1.430872,0.195806
1.427767,0.187103
1.424784,0.178401
1.421921,0.169698
1.419177,0.160996
1.416552,0.152293
1.414043,0.143591
1.411651,0.134888
1.409374,0.126186
1.407212,0.117483
1.405163,0.108781
1.403227,0.100078
1.401402,0.091376
1.399689,0.082673
1.398086,0.073971
1.396593,0.065269
1.395210,0.056566
1.393935,0.047864
1.392769,0.039161
1.391710,0.030459
1.390759,0.021756
1.389915,0.013054
1.389178,0.004351
1.388547,-0.004351
1.388022,-0.013054
1.387604,-0.021756
1.387291,-0.030459
1.387084,-0.039161
1.386983,-0.047864
1.386987,-0.056566
1.387097,-0.065269
1.387313,-0.073971
1.387634,-0.082674
1.388061,-0.091376
1.388595,-0.100078
1.389234,-0.108781
1.389980,-0.117483
1.390833,-0.126186
1.391793,-0.134888
1.392860,-0.143591
1.394036,-0.152293
1.395319,-0.160996
1.396712,-0.169698
1.398213,-0.178401
1.399825,-0.187103
1.401548,-0.195806
1.403381,-0.204508
1.405327,-0.213211
1.407385,-0.221913
1.409557,-0.230616
1.411843,-0.239318
1.414245,-0.248021
1.416762,-0.256723
1.419397,-0.265425
1.422151,-0.274128
1.425024,-0.282830
1.428017,-0.291533
1.431132,-0.300235
1.434370,-0.308938
1.437733,-0.317640
1.441222,-0.326343
1.444838,-0.335045
1.448582,-0.343748
1.452457,-0.352450
1.456464,-0.361153
1.460605,-0.369855
1.464881,-0.378558
1.469294,-0.387260
1.473847,-0.395963
1.478541,-0.404665
1.483379,-0.413367
1.488361,-0.422070
1.493492,-0.430772
1.498772,-0.439475
1.504205,-0.448177
1.509793,-0.456880
1.515538,-0.465582
1.521444,-0.474285
1.527513,-0.482987
1.533747,-0.491690
1.540150,-0.500392
1.546726,-0.509095
1.553476,-0.517797
1.560405,-0.526500
1.567516,-0.535202
1.574813,-0.543905
1.582299,-0.552607
1.589978,-0.561310
1.597854,-0.570012
1.605932,-0.578714
1.614215,-0.587417
1.622708,-0.596119
1.631416,-0.604822
1.640344,-0.613524
1.649496,-0.622227
1.658878,-0.630929
1.668495,-0.639632
1.678353,-0.648334
1.688457,-0.657037
1.698814,-0.665739
1.709430,-0.674442
1.732648,-0.683144
1.746480,-0.691847
1.744923,-0.700549
1.769078,-0.709252
1.787172,-0.717954
1.787720,-0.726657
1.814506,-0.735359
1.810802,-0.744061
1.839471,-0.752764
1.842523,-0.761466
1.762439,-0.770169
1.658921,-0.778871
1.632474,-0.787574
1.581921,-0.796276
1.585775,-0.804979
1.561072,-0.813681
1.482104,-0.822384
1.486559,-0.831086
1.481739,-0.839789
1.469095,-0.848491
1.456776,-0.857194
1.444770,-0.865896
1.433069,-0.874599
1.421663,-0.883301
1.356946,-0.892003
1.346517,-0.900706
1.336348,-0.909408
1.326432,-0.918111
1.316762,-0.926813
1.307330,-0.935516
1.298131,-0.944218
1.289157,-0.952921
1.280404,-0.961623
1.271865,-0.970326
1.263535,-0.979028
1.255408,-0.987731
1.247480,-0.996433
1.239744,-1.005136
1.232198,-1.013838
1.224835,-1.022541
1.217652,-1.031243
1.210644,-1.039946
1.203808,-1.048648
1.197139,-1.057350
1.190634,-1.066053
1.184289,-1.074755
1.163346,-1.083458
1.157387,-1.092160
1.151575,-1.100863
1.145908,-1.109565
1.140383,-1.118268
1.134997,-1.126970
1.129747,-1.135673
1.124631,-1.144375
1.119645,-1.153078
1.114789,-1.161780
1.110058,-1.170483
1.105452,-1.179185
1.100967,-1.187888
1.096601,-1.196590
1.092353,-1.205293
1.088219,-1.213995
1.105884,-1.222697
1.123503,-1.231400
1.119553,-1.240102
1.115715,-1.248805
1.111988,-1.257507
1.108370,-1.266210
1.104859,-1.274912
1.122635,-1.283615
1.140389,-1.292317
1.137068,-1.301020
1.154850,-1.309722
1.151681,-1.318425
1.148616,-1.327127
1.145655,-1.335830
1.142795,-1.344532
1.140037,-1.353235
1.137378,-1.361937
1.134817,-1.370639
1.132355,-1.379342
1.129989,-1.388044
1.127718,-1.396747
1.125542,-1.405449
1.123460,-1.414152
1.121471,-1.422854
1.119573,-1.431557
1.117768,-1.440259
1.136345,-1.448962
1.154952,-1.457664
1.153361,-1.466367
1.151861,-1.475069
1.150453,-1.483772
1.149136,-1.492474
1.147909,-1.501177
1.146771,-1.509879
1.145724,-1.518582
1.164849,-1.527284
1.163963,-1.535986
1.203277,-1.544689
1.202547,-1.553391
1.201909,-1.562094
1.201363,-1.570796
