scan.pos:5.385438,5.173310,1.9184354.188600,1.527284
4.135050,1.518581
4.123917,1.509879
4.113156,1.501177
4.102762,1.492474
4.092732,1.483772
4.083061,1.475069
4.073745,1.466367
4.064780,1.457664
4.056163,1.448962
4.047890,1.440259
4.039958,1.431557
4.032362,1.422854
4.025102,1.414152
4.018173,1.405449
4.011573,1.396747
4.005299,1.388044
3.999349,1.379342
3.993720,1.370639
3.988410,1.361937
3.983417,1.353234
3.978740,1.344532
4.014668,1.335830
4.010575,1.327127
4.006794,1.318425
4.003325,1.309722
4.040314,1.301020
4.037436,1.292317
4.034869,1.283615
4.032612,1.274912
4.050691,1.266210
4.049044,1.257507
4.047706,1.248805
4.046678,1.240102
4.045958,1.231400
4.045546,1.222697
4.045442,1.213995
4.045646,1.205292
4.046159,1.196590
4.046980,1.187888
4.048110,1.179185
4.049548,1.170483
4.051297,1.161780
4.053355,1.153078
4.055725,1.144375
4.058407,1.135673
4.061402,1.126970
4.044616,1.118268
4.048223,1.109565
4.011879,1.100863
4.016076,1.092160
4.020587,1.083458
4.025416,1.074755
4.030564,1.066053
4.036033,1.057350
4.041825,1.048648
4.047942,1.039945
4.054387,1.031243
4.101923,1.022541
4.129518,1.013838
4.177980,1.005136
4.288419,0.996433
4.481748,0.987731
7.783999,0.848491
7.596852,0.839789
7.437968,0.831086
7.276690,0.822384
7.131348,0.813681
6.991524,0.804979
6.856867,0.796276
6.727054,0.787574
6.601787,0.778871
6.480791,0.770169
6.362856,0.761466
6.250646,0.752764
6.141971,0.744061
6.036630,0.735359
5.934436,0.726656
5.857989,0.717954
5.743421,0.709251
5.673516,0.700549
5.583224,0.691847
5.495295,0.683144
5.409603,0.674442
5.349509,0.665739
5.268074,0.657037
5.198876,0.648334
5.121922,0.639632
5.046673,0.630929
4.997188,0.622227
4.925232,0.613524
4.879172,0.604822
4.800425,0.596119
4.758087,0.587417
4.692396,0.578714
4.627879,0.570012
4.589711,0.561309
4.545920,0.552607
4.485445,0.543905
4.425913,0.535202
4.393220,0.526500
4.335607,0.517797
4.300711,0.509095
4.245347,0.500392
4.217423,0.491690
4.163630,0.482987
4.137621,0.474285
4.083352,0.465582
4.059631,0.456880
4.009035,0.448177
3.986990,0.439475
3.963607,0.430772
3.929563,0.422070
3.896393,0.413367
3.864070,0.404665
3.832568,0.395962
3.801863,0.387260
3.771932,0.378558
3.742750,0.369855
3.714297,0.361153
3.686553,0.352450
3.659496,0.343748
3.633108,0.335045
3.607371,0.326343
3.582266,0.317640
3.557778,0.308938
3.533890,0.300235
3.510585,0.291533
3.487850,0.282830
3.465670,0.274128
3.444031,0.265425
3.422919,0.256723
3.402322,0.248020
3.382228,0.239318
3.362624,0.230615
3.343499,0.221913
3.324842,0.213211
3.306643,0.204508
3.288891,0.195806
3.271577,0.187103
3.254690,0.178401
3.238222,0.169698
3.222164,0.160996
3.206507,0.152293
3.191244,0.143591
3.176366,0.134888
3.161866,0.126186
3.147736,0.117483
3.133970,0.108781
3.120560,0.100078
3.107500,0.091376
3.094784,0.082673
3.082405,0.073971
3.070357,0.065269
3.058635,0.056566
3.047234,0.047864
3.036148,0.039161
3.025372,0.030459
3.014900,0.021756
3.004729,0.013054
2.994854,0.004351
2.985270,-0.004351
2.975973,-0.013054
2.966959,-0.021756
2.958224,-0.030459
2.949764,-0.039161
2.941576,-0.047864
2.933656,-0.056566
2.926000,-0.065269
2.918607,-0.073971
2.911471,-0.082674
2.904592,-0.091376
2.897964,-0.100078
2.891587,-0.108781
2.885457,-0.117483
2.879572,-0.126186
2.873929,-0.134888
2.868526,-0.143591
2.863361,-0.152293
2.858432,-0.160996
2.853737,-0.169698
2.849274,-0.178401
2.845041,-0.187103
2.841036,-0.195806
2.837259,-0.204508
2.833707,-0.213211
2.830380,-0.221913
2.827275,-0.230616
2.824392,-0.239318
2.821730,-0.248021
2.819287,-0.256723
2.817062,-0.265425
2.815055,-0.274128
2.813266,-0.282830
2.811692,-0.291533
2.810334,-0.300235
2.809192,-0.308938
2.808264,-0.317640
2.807550,-0.326343
2.807050,-0.335045
2.806765,-0.343748
2.806693,-0.352450
2.806834,-0.361153
2.807190,-0.369855
2.807760,-0.378558
2.808543,-0.387260
2.809542,-0.395963
2.810755,-0.404665
2.812183,-0.413367
2.813827,-0.422070
2.815688,-0.430772
2.817765,-0.439475
2.820061,-0.448177
2.822576,-0.456880
2.825310,-0.465582
2.828266,-0.474285
2.831444,-0.482987
2.834844,-0.491690
2.838470,-0.500392
2.842321,-0.509095
2.846400,-0.517797
2.850708,-0.526500
2.855247,-0.535202
2.860018,-0.543905
2.865024,-0.552607
2.870266,-0.561310
2.875747,-0.570012
2.881469,-0.578714
2.887434,-0.587417
2.893645,-0.596119
2.900104,-0.604822
2.906813,-0.613524
2.913776,-0.622227
2.920996,-0.630929
2.928475,-0.639632
2.936216,-0.648334
2.944224,-0.657037
2.952500,-0.665739
2.961050,-0.674442
2.969875,-0.683144
2.978981,-0.691847
2.988372,-0.700549
2.998051,-0.709252
3.008022,-0.717954
3.018291,-0.726657
3.028862,-0.735359
3.039739,-0.744061
3.050928,-0.752764
3.062433,-0.761466
3.074261,-0.770169
3.086416,-0.778871
3.098905,-0.787574
3.111733,-0.796276
3.124907,-0.804979
3.138432,-0.813681
3.152317,-0.822384
3.166567,-0.831086
3.181190,-0.839789
3.196193,-0.848491
3.211584,-0.857194
3.227371,-0.865896
3.243562,-0.874599
3.260165,-0.883301
3.277191,-0.892003
3.294648,-0.900706
3.312545,-0.909408
3.330893,-0.918111
3.349701,-0.926813
3.368982,-0.935516
3.388745,-0.944218
3.409002,-0.952921
3.429766,-0.961623
3.451049,-0.970326
3.472863,-0.979028
3.495223,-0.987731
3.518143,-0.996433
3.541636,-1.005136
3.565719,-1.013838
3.590407,-1.022541
3.615716,-1.031243
3.641665,-1.039946
3.668269,-1.048648
3.695549,-1.057350
3.723523,-1.066053
3.752212,-1.074755
3.781636,-1.083458
3.807353,-1.092160
3.788785,-1.100863
3.743516,-1.109565
3.726515,-1.118268
3.682304,-1.126970
3.664041,-1.135673
3.632570,-1.144375
3.601906,-1.153078
3.572026,-1.161780
3.542906,-1.170483
3.514521,-1.179185
3.486851,-1.187888
3.459876,-1.196590
3.433573,-1.205293
3.407925,-1.213995
3.382913,-1.222697
3.358520,-1.231400
3.334728,-1.240102
3.311521,-1.248805
3.288883,-1.257507
3.266801,-1.266210
3.245258,-1.274912
3.224241,-1.283615
3.203737,-1.292317
3.183733,-1.301020
3.164217,-1.309722
3.145177,-1.318425
3.126601,-1.327127
3.108479,-1.335830
3.090800,-1.344532
3.073553,-1.353235
3.056729,-1.361937
3.040319,-1.370639
3.024313,-1.379342
3.008703,-1.388044
2.993479,-1.396747
2.978635,-1.405449
2.964162,-1.414152
2.950052,-1.422854
2.936299,-1.431557
2.922894,-1.440259
2.909832,-1.448962
2.897107,-1.457664
2.884710,-1.466367
2.872637,-1.475069
2.860882,-1.483772
2.849438,-1.492474
2.838302,-1.501177
2.827466,-1.509879
2.816926,-1.518582
2.806678,-1.527284
2.796716,-1.535986
2.787036,-1.544689
2.777634,-1.553391
2.768505,-1.562094
2.759645,-1.570796
