scan.pos:1.644253,6.638034,-0.3647501.436467,1.562094
1.441325,1.553391
1.446326,1.544689
1.451472,1.535986
1.456767,1.527284
1.462213,1.518581
1.467811,1.509879
1.473565,1.501177
1.479478,1.492474
1.485551,1.483772
1.491789,1.475069
1.498194,1.466367
1.504770,1.457664
1.511519,1.448962
1.518445,1.440259
1.525551,1.431557
1.532842,1.422854
1.540320,1.414152
1.547990,1.405449
1.555856,1.396747
1.563923,1.388044
1.572193,1.379342
1.580673,1.370639
1.589366,1.361937
1.598278,1.353234
1.607413,1.344532
1.616777,1.335830
1.626375,1.327127
1.636214,1.318425
1.646298,1.309722
1.656635,1.301020
1.667230,1.292317
1.678089,1.283615
1.689221,1.274912
1.700632,1.266210
1.712329,1.257507
1.724320,1.248805
1.736614,1.240102
1.749219,1.231400
1.762143,1.222697
1.775395,1.213995
1.788986,1.205292
1.802925,1.196590
1.817222,1.187888
1.831888,1.179185
1.846935,1.170483
1.862374,1.161780
1.878217,1.153078
1.894478,1.144375
1.900149,1.135673
1.903453,1.126970
1.934814,1.118268
1.938773,1.109565
1.972731,1.100863
1.977885,1.092160
2.010255,1.083458
2.016152,1.074755
2.048881,1.066053
2.060474,1.057350
2.094150,1.048648
2.102209,1.039945
2.136400,1.031243
2.170793,1.022541
2.187702,1.013838
2.198208,1.005136
2.234236,0.996433
2.270571,0.987731
2.282643,0.979028
2.305719,0.970326
2.344033,0.961623
2.382780,0.952921
2.397979,0.944218
2.437831,0.935516
2.478217,0.926813
2.509594,0.918111
2.551958,0.909408
2.571633,0.900706
2.615504,0.892003
2.660135,0.883301
2.705579,0.874598
2.728999,0.865896
2.795340,0.857194
2.821779,0.848491
2.872065,0.839789
2.923486,0.831086
2.976119,0.822384
3.030044,0.813681
3.087276,0.804979
3.145092,0.796276
3.204508,0.787574
3.265633,0.778871
3.328586,0.770169
3.393494,0.761466
3.460495,0.752764
3.539725,0.744061
3.612698,0.735359
3.709747,0.726656
3.788126,0.717954
3.869564,0.709251
3.975533,0.700549
4.084939,0.691847
4.176978,0.683144
4.295493,0.674442
4.419140,0.665739
4.526803,0.657037
4.660855,0.648334
4.821653,0.639632
4.968103,0.630929
5.121740,0.622227
5.300653,0.613524
5.473927,0.604822
5.657193,0.596119
5.892676,0.587417
6.099501,0.578714
6.361290,0.570012
6.475479,0.561309
6.465475,0.552607
6.456607,0.543905
6.444121,0.535202
6.425759,0.526500
6.416531,0.517797
6.407817,0.509095
6.399613,0.500392
6.391917,0.491690
6.384725,0.482987
6.378034,0.474285
6.371841,0.465582
6.366145,0.456880
6.360943,0.448177
6.356234,0.439475
6.352015,0.430772
6.348284,0.422070
6.345040,0.413367
6.342283,0.404665
6.340011,0.395962
6.338223,0.387260
6.336918,0.378558
6.336096,0.369855
6.335757,0.361153
6.335901,0.352450
6.336527,0.343748
6.337636,0.335045
6.339228,0.326343
6.341303,0.317640
6.343864,0.308938
6.346910,0.300235
6.350443,0.291533
6.354464,0.282830
6.358974,0.274128
6.363976,0.265425
6.369472,0.256723
6.375463,0.248020
6.381951,0.239318
6.388940,0.230615
6.396432,0.221913
6.404430,0.213211
6.412936,0.204508
6.421956,0.195806
6.431490,0.187103
6.441545,0.178401
6.452123,0.169698
6.463229,0.160996
6.474867,0.152293
6.487042,0.143591
6.499759,0.134888
6.513023,0.126186
6.526839,0.117483
6.541213,0.108781
6.556151,0.100078
6.571659,0.091376
6.587743,0.082673
6.604410,0.073971
6.621668,0.065269
6.639523,0.056566
6.657982,0.047864
6.677055,0.039161
6.696749,0.030459
6.717072,0.021756
6.738033,0.013054
6.759643,0.004351
6.781909,-0.004351
6.804842,-0.013054
6.828454,-0.021756
6.852753,-0.030459
6.877751,-0.039161
6.903460,-0.047864
6.929891,-0.056566
6.957058,-0.065269
6.984972,-0.073971
7.013648,-0.082674
7.043098,-0.091376
7.073339,-0.100078
7.104383,-0.108781
7.136246,-0.117483
7.168945,-0.126186
7.202497,-0.134888
7.236917,-0.143591
7.272224,-0.152293
7.308437,-0.160996
7.345575,-0.169698
7.383657,-0.178401
7.422704,-0.187103
7.462738,-0.195806
7.503781,-0.204508
7.545855,-0.213211
7.588985,-0.221913
7.633195,-0.230616
7.678512,-0.239318
7.724962,-0.248021
7.772573,-0.256723
7.773304,-0.369855
7.688386,-0.378558
7.633164,-0.387260
7.557835,-0.395963
7.485745,-0.404665
7.418908,-0.413367
7.334931,-0.422070
7.244335,-0.430772
7.182793,-0.439475
7.067590,-0.448177
7.009603,-0.456880
5.513026,-0.465582
5.442389,-0.474285
5.346521,-0.482987
5.172909,-0.491690
5.107677,-0.500392
5.017654,-0.509095
4.955280,-0.517797
4.739542,-0.526500
4.680752,-0.535202
4.546882,-0.543905
4.364688,-0.552607
4.285562,-0.561310
4.232710,-0.570012
4.205613,-0.578714
4.179177,-0.587417
4.153385,-0.596119
4.128222,-0.604822
4.103673,-0.613524
4.079722,-0.622227
4.080232,-0.630929
4.057304,-0.639632
4.034938,-0.648334
4.036604,-0.657037
4.038557,-0.665739
4.064032,-0.674442
4.066435,-0.683144
4.046121,-0.691847
4.072092,-0.700549
4.077300,-0.709252
4.091443,-0.717954
4.152752,-0.726657
4.170832,-0.735359
4.213481,-0.744061
4.258235,-0.752764
4.238671,-0.761466
4.266162,-0.770169
4.274292,-0.778871
4.307276,-0.787574
4.299522,-0.796276
4.360402,-0.804979
4.359376,-0.813681
4.405273,-0.822384
4.411797,-0.831086
4.465368,-0.839789
4.484834,-0.848491
4.534232,-0.857194
4.647350,-0.865896
4.654294,-0.874599
4.703754,-0.883301
4.753282,-0.892003
4.760924,-0.900706
4.831661,-0.909408
4.839776,-0.918111
4.910666,-0.926813
4.919279,-0.935516
4.948938,-0.944218
4.958167,-0.952921
4.988352,-0.961623
4.977629,-0.970326
5.008399,-0.979028
5.018932,-0.987731
5.037085,-0.996433
5.039704,-1.005136
5.013842,-1.013838
5.023785,-1.022541
5.015783,-1.031243
5.008188,-1.039946
5.000996,-1.048648
4.994205,-1.057350
4.947407,-1.066053
4.941457,-1.074755
4.935897,-1.083458
4.930724,-1.092160
4.925937,-1.100863
4.921534,-1.109565
4.917512,-1.118268
4.913871,-1.126970
4.910609,-1.135673
4.907725,-1.144375
4.905218,-1.153078
4.903087,-1.161780
4.901330,-1.170483
4.899948,-1.179185
4.898939,-1.187888
4.898304,-1.196590
4.898041,-1.205293
4.898152,-1.213995
4.878634,-1.222697
4.879488,-1.231400
4.880713,-1.240102
4.882311,-1.248805
4.884283,-1.257507
4.886628,-1.266210
4.889348,-1.274912
2.527444,-1.283615
2.228139,-1.292317
2.049089,-1.301020
1.970433,-1.309722
1.972286,-1.318425
1.913856,-1.327127
1.855448,-1.335830
1.857624,-1.344532
1.859946,-1.353235
1.761199,-1.361937
1.702859,-1.370639
1.705387,-1.379342
1.606384,-1.388044
1.547920,-1.396747
1.468974,-1.405449
1.410302,-1.414152
1.371999,-1.422854
1.025887,-1.431557
1.007421,-1.440259
0.947748,-1.448962
0.929187,-1.457664
0.910613,-1.466367
0.871277,-1.475069
0.852614,-1.483772
0.813075,-1.492474
0.794297,-1.501177
0.775480,-1.509879
0.756619,-1.518582
0.758786,-1.527284
0.761024,-1.535986
0.763334,-1.544689
0.765716,-1.553391
0.768172,-1.562094
0.749294,-1.570796
