scan.pos:-4.693112,5.448594,2.9684351.105120,1.562094
1.106852,1.553391
1.108674,1.544689
1.171798,1.535986
1.173912,1.527284
1.176124,1.518581
1.239992,1.509879
7.694858,1.292317
7.535524,1.283615
7.425290,1.274912
7.274747,1.266210
7.152282,1.257507
7.032984,1.248805
6.917330,1.240102
6.827972,1.231400
6.719136,1.222697
6.613389,1.213995
6.517456,1.205292
6.418226,1.196590
6.321613,1.187888
6.227483,1.179185
6.159403,1.170483
6.057026,1.161780
5.994337,1.153078
5.909835,1.144375
5.827245,1.135673
5.760319,1.126970
5.682005,1.118268
5.630023,1.109565
5.555058,1.100863
5.481573,1.092160
5.426949,1.083458
5.356919,1.074755
5.313684,1.066053
5.246304,1.057350
5.200353,1.048648
5.135909,1.039945
5.072495,1.031243
5.036524,1.022541
4.971651,1.013838
4.938594,1.005136
4.879695,0.996433
4.848890,0.987731
4.790173,0.979028
4.761974,0.970326
4.706897,0.961623
4.680680,0.952921
4.642643,0.944218
4.603235,0.935516
4.564834,0.926813
4.527411,0.918111
4.490935,0.909408
4.455379,0.900706
4.420716,0.892003
4.386919,0.883301
4.353965,0.874598
4.321828,0.865896
4.290487,0.857194
4.259919,0.848491
4.230103,0.839789
4.201020,0.831086
4.172649,0.822384
4.144973,0.813681
4.117973,0.804979
4.091632,0.796276
4.065933,0.787574
4.040861,0.778871
4.016400,0.770169
3.992536,0.761466
3.969254,0.752764
3.946541,0.744061
3.924384,0.735359
3.902770,0.726656
3.881686,0.717954
3.861121,0.709251
3.841064,0.700549
3.821504,0.691847
3.802430,0.683144
3.783833,0.674442
3.765702,0.665739
3.748027,0.657037
3.730801,0.648334
3.714014,0.639632
3.697658,0.630929
3.681724,0.622227
3.666205,0.613524
3.651093,0.604822
3.636381,0.596119
3.622061,0.587417
3.608128,0.578714
3.594574,0.570012
3.581394,0.561309
3.568580,0.552607
3.556128,0.543905
3.544031,0.535202
3.532285,0.526500
3.520883,0.517797
3.509821,0.509095
3.499094,0.500392
3.488697,0.491690
3.478626,0.482987
3.468876,0.474285
3.459444,0.465582
3.450325,0.456880
3.441515,0.448177
3.433010,0.439475
3.424808,0.430772
3.416905,0.422070
3.409297,0.413367
3.401981,0.404665
3.394954,0.395962
3.388214,0.387260
3.381758,0.378558
3.375583,0.369855
3.369686,0.361153
3.364066,0.352450
3.358720,0.343748
3.353646,0.335045
3.348842,0.326343
3.344306,0.317640
3.340036,0.308938
3.336030,0.300235
3.332288,0.291533
3.328808,0.282830
3.325587,0.274128
3.322626,0.265425
3.319923,0.256723
3.317476,0.248020
3.315285,0.239318
3.313349,0.230615
3.311668,0.221913
3.310241,0.213211
3.309066,0.204508
3.308144,0.195806
3.307474,0.187103
3.307057,0.178401
3.306891,0.169698
3.306978,0.160996
3.307316,0.152293
3.307906,0.143591
3.308748,0.134888
3.309843,0.126186
3.311191,0.117483
3.312792,0.108781
3.314647,0.100078
3.316758,0.091376
3.319124,0.082673
3.321746,0.073971
3.324626,0.065269
3.327765,0.056566
3.331163,0.047864
3.334822,0.039161
3.338745,0.030459
3.342931,0.021756
3.347383,0.013054
3.352102,0.004351
3.357091,-0.004351
3.362351,-0.013054
3.367885,-0.021756
3.373694,-0.030459
3.379781,-0.039161
3.386148,-0.047864
3.392799,-0.056566
3.399734,-0.065269
3.406959,-0.073971
3.414474,-0.082674
3.422284,-0.091376
3.430392,-0.100078
3.438801,-0.108781
3.447514,-0.117483
3.456535,-0.126186
3.465869,-0.134888
3.475518,-0.143591
3.485487,-0.152293
3.495781,-0.160996
3.506403,-0.169698
3.517359,-0.178401
3.528653,-0.187103
3.540291,-0.195806
3.552276,-0.204508
3.564616,-0.213211
3.577315,-0.221913
3.590379,-0.230616
3.603815,-0.239318
3.617628,-0.248021
3.631824,-0.256723
3.646412,-0.265425
3.661397,-0.274128
3.676787,-0.282830
3.692589,-0.291533
3.708811,-0.300235
3.725462,-0.308938
3.742549,-0.317640
3.760081,-0.326343
3.778067,-0.335045
3.796516,-0.343748
3.815439,-0.352450
3.834845,-0.361153
3.854744,-0.369855
3.875147,-0.378558
3.896066,-0.387260
3.917512,-0.395963
3.939497,-0.404665
3.962033,-0.413367
3.985134,-0.422070
4.008813,-0.430772
4.033084,-0.439475
4.057962,-0.448177
4.083461,-0.456880
4.109598,-0.465582
4.160145,-0.474285
4.132325,-0.482987
4.097760,-0.491690
4.058215,-0.500392
4.021362,-0.509095
3.955653,-0.517797
3.924361,-0.526500
3.900181,-0.535202
1.473188,-0.543905
1.413585,-0.552607
1.290211,-0.561310
1.300450,-0.570012
1.283642,-0.578714
1.266658,-0.587417
1.249489,-0.596119
1.232124,-0.604822
1.242800,-0.613524
1.235459,-0.622227
1.224972,-0.630929
1.214754,-0.639632
1.204795,-0.648334
1.195088,-0.657037
1.185626,-0.665739
1.176402,-0.674442
1.167408,-0.683144
1.158639,-0.691847
1.150087,-0.700549
1.141747,-0.709252
1.133612,-0.717954
1.125678,-0.726657
1.117939,-0.735359
1.110389,-0.744061
1.103024,-0.752764
1.095839,-0.761466
1.088829,-0.770169
1.081990,-0.778871
1.075318,-0.787574
1.068809,-0.796276
1.062459,-0.804979
1.056263,-0.813681
1.050219,-0.822384
1.044322,-0.831086
1.038571,-0.839789
1.032960,-0.848491
1.027488,-0.857194
1.022150,-0.865896
1.016945,-0.874599
1.011869,-0.883301
1.006920,-0.892003
1.002095,-0.900706
0.997392,-0.909408
0.992808,-0.918111
0.988341,-0.926813
0.983988,-0.935516
0.979748,-0.944218
0.975618,-0.952921
0.971597,-0.961623
0.967682,-0.970326
0.963871,-0.979028
0.960163,-0.987731
0.956557,-0.996433
0.953049,-1.005136
0.949639,-1.013838
0.946326,-1.022541
0.943106,-1.031243
0.939981,-1.039946
0.936946,-1.048648
0.934003,-1.057350
0.931148,-1.066053
0.928381,-1.074755
0.925701,-1.083458
0.923107,-1.092160
0.920597,-1.100863
0.918170,-1.109565
0.915826,-1.118268
0.913563,-1.126970
0.911380,-1.135673
0.909277,-1.144375
0.907252,-1.153078
0.905305,-1.161780
0.903435,-1.170483
0.901642,-1.179185
0.899924,-1.187888
0.898280,-1.196590
0.896711,-1.205293
0.895216,-1.213995
0.893793,-1.222697
0.892443,-1.231400
0.891164,-1.240102
0.889957,-1.248805
0.888821,-1.257507
0.887755,-1.266210
0.886759,-1.274912
0.885833,-1.283615
0.884976,-1.292317
0.884188,-1.301020
0.883469,-1.309722
0.882818,-1.318425
0.882235,-1.327127
0.881719,-1.335830
0.881272,-1.344532
0.880892,-1.353235
0.880580,-1.361937
0.880334,-1.370639
0.880156,-1.379342
0.880045,-1.388044
0.880001,-1.396747
0.880024,-1.405449
0.880114,-1.414152
0.880271,-1.422854
0.880495,-1.431557
0.880786,-1.440259
0.881145,-1.448962
0.881571,-1.457664
0.882065,-1.466367
0.882626,-1.475069
0.883256,-1.483772
0.883954,-1.492474
0.884720,-1.501177
0.885555,-1.509879
0.886460,-1.518582
0.887434,-1.527284
0.888477,-1.535986
0.889591,-1.544689
0.890776,-1.553391
0.892032,-1.562094
0.893360,-1.570796
