scan.pos:7.133499,4.427597,-1.1147500.957896,1.562094
0.953850,1.553391
0.949909,1.544689
0.946072,1.535986
0.942338,1.527284
0.938704,1.518581
0.935170,1.509879
0.931732,1.501177
0.928390,1.492474
0.925142,1.483772
0.921987,1.475069
0.918923,1.466367
0.915949,1.457664
0.913063,1.448962
0.910265,1.440259
0.907552,1.431557
0.904925,1.422854
0.902381,1.414152
0.899919,1.405449
0.897539,1.396747
0.895240,1.388044
0.893020,1.379342
0.890879,1.370639
0.888816,1.361937
0.886830,1.353234
0.884920,1.344532
0.883085,1.335830
0.881324,1.327127
0.879638,1.318425
0.878025,1.309722
0.876484,1.301020
0.875015,1.292317
0.873617,1.283615
0.872291,1.274912
0.871034,1.266210
0.869847,1.257507
0.868730,1.248805
0.867681,1.240102
0.866701,1.231400
0.865789,1.222697
0.864945,1.213995
0.864168,1.205292
0.863458,1.196590
0.862815,1.187888
0.862239,1.179185
0.861728,1.170483
0.861284,1.161780
0.860906,1.153078
0.860594,1.144375
0.860348,1.135673
0.860167,1.126970
0.860052,1.118268
0.860002,1.109565
0.860018,1.100863
0.860099,1.092160
0.860246,1.083458
0.860458,1.074755
0.860737,1.066053
0.861080,1.057350
0.861490,1.048648
0.861966,1.039945
0.862508,1.031243
0.863117,1.022541
0.863792,1.013838
0.864534,1.005136
0.865343,0.996433
0.866220,0.987731
0.867165,0.979028
0.868178,0.970326
0.869260,0.961623
0.870411,0.952921
0.871631,0.944218
0.872921,0.935516
0.874282,0.926813
0.875714,0.918111
0.877217,0.909408
0.878793,0.900706
0.880441,0.892003
0.882163,0.883301
0.883960,0.874598
0.885831,0.865896
0.887778,0.857194
0.889801,0.848491
0.891901,0.839789
0.894080,0.831086
0.896338,0.822384
0.898676,0.813681
0.901095,0.804979
0.903596,0.796276
0.906180,0.787574
0.908849,0.778871
0.911602,0.770169
0.914443,0.761466
0.917371,0.752764
0.920388,0.744061
0.923496,0.735359
0.926696,0.726656
0.929989,0.717954
0.933377,0.709251
0.936861,0.700549
0.940443,0.691847
0.944125,0.683144
0.947908,0.674442
0.951795,0.665739
0.955786,0.657037
0.959885,0.648334
0.964092,0.639632
0.968411,0.630929
0.972843,0.622227
0.977391,0.613524
0.982056,0.604822
0.986842,0.596119
0.991751,0.587417
0.996784,0.578714
1.001946,0.570012
1.007239,0.561309
1.012666,0.552607
1.018229,0.543905
1.023932,0.535202
1.029778,0.526500
1.035771,0.517797
1.041913,0.509095
1.048210,0.500392
1.054663,0.491690
1.061278,0.482987
1.068058,0.474285
1.075008,0.465582
1.082132,0.456880
1.089434,0.448177
1.096920,0.439475
1.104594,0.430772
1.112461,0.422070
1.120528,0.413367
1.128798,0.404665
1.137279,0.395962
1.145976,0.387260
1.154896,0.378558
1.164045,0.369855
1.173431,0.361153
1.183060,0.352450
1.192939,0.343748
1.203078,0.335045
1.213483,0.326343
1.208435,0.317640
1.226024,0.308938
1.243409,0.300235
1.233198,0.291533
1.232843,0.282830
1.250201,0.274128
1.270734,0.265425
1.261705,0.256723
1.283635,0.248020
1.301566,0.239318
1.324749,0.230615
1.317152,0.221913
1.335404,0.213211
1.360512,0.204508
1.379089,0.195806
1.380542,0.187103
1.399670,0.178401
1.427891,0.169698
1.447467,0.160996
1.442551,0.152293
1.473100,0.143591
1.493336,0.134888
1.513573,0.126186
1.522650,0.117483
1.543688,0.108781
1.564769,0.100078
1.600554,0.091376
1.622435,0.082673
1.637184,0.073971
1.660101,0.065269
1.683161,0.056566
1.724569,0.047864
1.748729,0.039161
1.773104,0.030459
1.795694,0.021756
1.843971,0.013054
1.869979,0.004351
1.897177,-0.004351
1.924885,-0.013054
1.975099,-0.021756
2.007566,-0.030459
2.059552,-0.039161
2.090096,-0.047864
2.121240,-0.056566
2.183343,-0.065269
2.217024,-0.073971
2.273019,-0.082674
2.320888,-0.091376
2.379886,-0.100078
2.439813,-0.108781
2.500760,-0.117483
2.560351,-0.126186
2.625415,-0.134888
2.691912,-0.143591
2.763062,-0.152293
2.855829,-0.160996
2.929623,-0.169698
3.005633,-0.178401
3.116787,-0.187103
3.138284,-0.195806
3.142555,-0.204508
3.129503,-0.213211
3.124478,-0.221913
3.124439,-0.230616
3.109422,-0.239318
3.117188,-0.248021
3.111471,-0.256723
3.106011,-0.265425
3.100805,-0.274128
3.095853,-0.282830
3.091151,-0.291533
3.086699,-0.300235
3.082493,-0.308938
3.078533,-0.317640
3.034460,-0.326343
3.031033,-0.335045
3.027843,-0.343748
3.024890,-0.352450
3.002076,-0.361153
2.999610,-0.369855
2.997376,-0.378558
2.995373,-0.387260
2.993601,-0.395963
2.992059,-0.404665
2.990746,-0.413367
2.989661,-0.422070
2.988806,-0.430772
2.988178,-0.439475
2.987777,-0.448177
2.987604,-0.456880
2.987659,-0.465582
2.987942,-0.474285
2.988452,-0.482987
2.989190,-0.491690
2.990155,-0.500392
2.991350,-0.509095
2.992774,-0.517797
2.994426,-0.526500
2.996310,-0.535202
2.998424,-0.543905
3.000769,-0.552607
3.003347,-0.561310
3.006159,-0.570012
3.009206,-0.578714
3.012488,-0.587417
2.975627,-0.596119
2.979334,-0.604822
2.983279,-0.613524
2.987461,-0.622227
2.991883,-0.630929
2.996547,-0.639632
2.981089,-0.648334
2.965807,-0.657037
2.971134,-0.665739
2.976708,-0.674442
2.982530,-0.683144
2.988602,-0.691847
2.994928,-0.700549
3.001510,-0.709252
3.008351,-0.717954
3.015453,-0.726657
3.022820,-0.735359
3.030453,-0.744061
3.038358,-0.752764
3.046536,-0.761466
3.054992,-0.770169
3.063729,-0.778871
3.072751,-0.787574
3.082061,-0.796276
3.091664,-0.804979
3.101564,-0.813681
3.111765,-0.822384
3.122272,-0.831086
3.133090,-0.839789
3.144224,-0.848491
3.155678,-0.857194
3.167458,-0.865896
3.179569,-0.874599
3.192017,-0.883301
3.204808,-0.892003
3.217948,-0.900706
3.231443,-0.909408
3.245300,-0.918111
3.259526,-0.926813
3.274127,-0.935516
3.289112,-0.944218
3.304487,-0.952921
3.320260,-0.961623
3.318446,-0.970326
3.337677,-0.979028
3.335482,-0.987731
3.342391,-0.996433
3.367349,-1.005136
3.393954,-1.013838
3.408509,-1.022541
3.391361,-1.031243
3.399198,-1.039946
3.420609,-1.048648
3.431741,-1.057350
3.457888,-1.066053
2.809994,-1.074755
2.772030,-1.083458
2.741677,-1.092160
2.714153,-1.100863
2.670439,-1.109565
2.635428,-1.118268
2.626270,-1.126970
2.585914,-1.135673
2.578429,-1.144375
2.592501,-1.153078
2.560738,-1.161780
2.555650,-1.170483
2.547559,-1.179185
2.571042,-1.187888
2.565866,-1.196590
2.564389,-1.205293
2.561890,-1.213995
2.562084,-1.222697
2.562241,-1.231400
2.592319,-1.240102
2.576355,-1.248805
2.582311,-1.257507
2.615994,-1.266210
2.649319,-1.274912
2.655120,-1.283615
2.637389,-1.292317
2.687315,-1.301020
2.683904,-1.309722
2.707444,-1.318425
2.731194,-1.327127
2.703234,-1.335830
2.702039,-1.344532
2.682289,-1.353235
2.708453,-1.361937
2.742399,-1.370639
2.744597,-1.379342
2.780968,-1.388044
2.809641,-1.396747
2.774593,-1.405449
2.805066,-1.414152
2.822540,-1.422854
2.854618,-1.431557
2.875249,-1.440259
2.861308,-1.448962
2.885546,-1.457664
2.897924,-1.466367
2.905020,-1.475069
2.917299,-1.483772
2.933209,-1.492474
2.920576,-1.501177
2.939449,-1.509879
2.954691,-1.518582
2.999418,-1.527284
2.974145,-1.535986
3.022105,-1.544689
3.026233,-1.553391
3.031815,-1.562094
3.062427,-1.570796
