scan.pos:-2.077043,-2.793204,1.7352501.787068,1.562094
1.784551,1.553391
1.782178,1.544689
1.779945,1.535986
1.777854,1.527284
1.775903,1.518581
1.774091,1.509879
1.772417,1.501177
1.770881,1.492474
1.769483,1.483772
1.768221,1.475069
1.767096,1.466367
1.766106,1.457664
1.765252,1.448962
1.764534,1.440259
1.763950,1.431557
1.763500,1.422854
1.763185,1.414152
1.763005,1.405449
1.762958,1.396747
1.763046,1.388044
1.763268,1.379342
1.763625,1.370639
1.764116,1.361937
1.764742,1.353234
1.765503,1.344532
1.766399,1.335830
1.767430,1.327127
1.768598,1.318425
1.769902,1.309722
1.771343,1.301020
1.772921,1.292317
1.774638,1.283615
1.776493,1.274912
1.778487,1.266210
1.780622,1.257507
1.782898,1.248805
1.785316,1.240102
1.787877,1.231400
1.790582,1.222697
1.793431,1.213995
1.796427,1.205292
1.799570,1.196590
1.802862,1.187888
1.806304,1.179185
1.809896,1.170483
1.813642,1.161780
1.817542,1.153078
1.821597,1.144375
1.825810,1.135673
1.830183,1.126970
1.834716,1.118268
1.839412,1.109565
1.844274,1.100863
1.849302,1.092160
1.854499,1.083458
1.859868,1.074755
1.865410,1.066053
1.871128,1.057350
1.877025,1.048648
1.883103,1.039945
1.889365,1.031243
1.895813,1.022541
1.902451,1.013838
1.909282,1.005136
1.916308,0.996433
1.923533,0.987731
1.930961,0.979028
1.938594,0.970326
1.946437,0.961623
1.954493,0.952921
1.962766,0.944218
1.971260,0.935516
1.979979,0.926813
1.988928,0.918111
1.998111,0.909408
2.007532,0.900706
2.017198,0.892003
2.027112,0.883301
2.037280,0.874598
2.047707,0.865896
2.058399,0.857194
2.069361,0.848491
2.080601,0.839789
2.092123,0.831086
2.103935,0.822384
2.116043,0.813681
2.128454,0.804979
2.141175,0.796276
2.154215,0.787574
2.167580,0.778871
2.181280,0.770169
2.195322,0.761466
2.209715,0.752764
2.224469,0.744061
2.239593,0.735359
2.255097,0.726656
2.270991,0.717954
2.287286,0.709251
2.303993,0.700549
2.321125,0.691847
2.338692,0.683144
2.356709,0.674442
2.375187,0.665739
2.394141,0.657037
2.413585,0.648334
2.433535,0.639632
2.454006,0.630929
2.531170,0.622227
2.634670,0.613524
5.741635,0.317640
5.692888,0.308938
5.555287,0.300235
5.530987,0.291533
5.507316,0.282830
5.484263,0.274128
5.461816,0.265425
5.439965,0.256723
5.418698,0.248020
5.398007,0.239318
5.377882,0.230615
5.358312,0.221913
5.339290,0.213211
5.320805,0.204508
5.302851,0.195806
5.285419,0.187103
5.268501,0.178401
5.252089,0.169698
5.236177,0.160996
5.220757,0.152293
5.205823,0.143591
5.212331,0.134888
5.198293,0.126186
5.184725,0.117483
5.213216,0.108781
5.200467,0.100078
5.188175,0.091376
5.217636,0.082673
5.206150,0.073971
5.195109,0.065269
5.184510,0.056566
5.174346,0.047864
5.164615,0.039161
5.175717,0.030459
5.207542,0.021756
5.219320,0.013054
5.251761,0.004351
5.345323,-0.004351
5.459266,-0.013054
5.714839,-0.021756
6.071150,-0.030459
6.487566,-0.039161
6.943824,-0.047864
7.276749,-0.300235
6.760273,-0.308938
6.748688,-0.317640
6.737586,-0.326343
6.747251,-0.335045
6.716831,-0.343748
6.727521,-0.352450
6.738759,-0.361153
6.750550,-0.369855
6.762897,-0.378558
6.775807,-0.387260
6.789285,-0.395963
6.803335,-0.404665
6.817964,-0.413367
6.833177,-0.422070
4.262617,-0.430772
4.103950,-0.439475
4.076766,-0.448177
3.960535,-0.456880
3.765161,-0.465582
3.678371,-0.474285
3.574432,-0.482987
3.474464,-0.491690
3.400072,-0.500392
3.180038,-0.509095
3.080403,-0.517797
3.004925,-0.526500
2.993483,-0.535202
2.982193,-0.543905
2.949470,-0.552607
2.895080,-0.561310
2.905734,-0.570012
2.894868,-0.578714
2.862234,-0.587417
2.829564,-0.596119
2.841011,-0.604822
2.808423,-0.613524
2.820311,-0.622227
2.810153,-0.630929
2.822582,-0.639632
2.835340,-0.648334
2.803095,-0.657037
2.816313,-0.665739
2.829872,-0.674442
2.843780,-0.683144
2.858044,-0.691847
2.872672,-0.700549
2.887672,-0.709252
2.903051,-0.717954
2.918818,-0.726657
2.934983,-0.735359
2.951553,-0.744061
2.968539,-0.752764
2.966805,-0.761466
3.003797,-0.770169
3.022089,-0.778871
3.040839,-0.787574
3.060058,-0.796276
3.079757,-0.804979
3.099949,-0.813681
3.120647,-0.822384
3.141864,-0.831086
3.163614,-0.839789
3.185911,-0.848491
3.208771,-0.857194
3.232210,-0.865896
3.229911,-0.874599
3.254356,-0.883301
3.279427,-0.892003
3.305140,-0.900706
3.331515,-0.909408
3.358572,-0.918111
3.386333,-0.926813
3.414818,-0.935516
3.444052,-0.944218
3.471838,-0.952921
3.487750,-0.961623
3.532314,-0.970326
3.548145,-0.979028
3.593196,-0.987731
3.633562,-0.996433
3.651613,-1.005136
3.693684,-1.013838
3.739323,-1.022541
3.759243,-1.031243
3.796043,-1.039946
3.842600,-1.048648
3.889809,-1.057350
3.931054,-1.066053
3.979152,-1.074755
4.020289,-1.083458
4.061144,-1.092160
4.110569,-1.100863
4.160883,-1.109565
4.226714,-1.118268
4.267678,-1.126970
4.319629,-1.135673
4.385026,-1.144375
4.438440,-1.153078
4.480069,-1.161780
4.450854,-1.170483
4.436152,-1.179185
4.494129,-1.187888
4.491280,-1.196590
4.528498,-1.205293
4.527400,-1.213995
4.567630,-1.222697
4.591269,-1.231400
4.634638,-1.240102
4.659493,-1.248805
4.638219,-1.257507
4.662350,-1.266210
4.708955,-1.274912
4.755514,-1.283615
4.757752,-1.292317
4.782386,-1.301020
4.785218,-1.309722
4.854030,-1.318425
4.900883,-1.327127
4.904325,-1.335830
4.908115,-1.344532
4.955368,-1.353235
5.045634,-1.361937
5.071432,-1.370639
5.140126,-1.379342
5.193797,-1.388044
5.219762,-1.396747
5.307245,-1.405449
1.240623,-1.414152
1.174014,-1.422854
1.170754,-1.431557
1.125791,-1.440259
1.122852,-1.448962
1.120014,-1.457664
1.055034,-1.466367
1.034902,-1.475069
1.032540,-1.483772
1.030267,-1.492474
0.986959,-1.501177
0.984945,-1.509879
0.983014,-1.518582
0.981166,-1.527284
0.938590,-1.535986
0.936974,-1.544689
0.935434,-1.553391
0.933971,-1.562094
0.932582,-1.570796
