scan.pos:7.051696,4.569290,-0.6647501.499562,1.562094
1.478896,1.553391
1.458172,1.544689
1.431947,1.535986
1.437732,1.527284
1.413070,1.518581
1.393217,1.509879
1.373247,1.501177
1.377209,1.492474
1.357685,1.483772
1.336122,1.475069
1.344399,1.466367
1.324223,1.457664
1.305265,1.448962
1.310822,1.440259
1.299566,1.431557
1.288598,1.422854
1.277910,1.414152
1.267494,1.405449
1.257342,1.396747
1.247444,1.388044
1.237795,1.379342
1.243865,1.370639
1.234575,1.361937
1.225516,1.353234
1.216681,1.344532
1.208064,1.335830
1.199658,1.327127
1.191459,1.318425
1.183461,1.309722
1.175658,1.301020
1.168046,1.292317
1.160619,1.283615
1.153374,1.274912
1.146305,1.266210
1.139409,1.257507
1.132681,1.248805
1.126117,1.240102
1.119714,1.231400
1.113467,1.222697
1.107374,1.213995
1.101430,1.205292
1.095633,1.196590
1.089979,1.187888
1.084465,1.179185
1.079088,1.170483
1.073846,1.161780
1.068736,1.153078
1.063755,1.144375
1.058900,1.135673
1.054169,1.126970
1.049560,1.118268
1.045070,1.109565
1.040697,1.100863
1.036439,1.092160
1.032295,1.083458
1.028261,1.074755
1.024337,1.066053
1.020519,1.057350
1.016808,1.048648
1.013200,1.039945
1.009694,1.031243
1.006288,1.022541
1.002982,1.013838
0.999773,1.005136
0.996661,0.996433
0.993643,0.987731
0.990718,0.979028
0.987886,0.970326
0.985145,0.961623
0.982493,0.952921
0.979931,0.944218
0.977455,0.935516
0.975066,0.926813
0.972763,0.918111
0.970545,0.909408
0.968410,0.900706
0.966358,0.892003
0.964387,0.883301
0.962498,0.874598
0.960690,0.865896
0.958961,0.857194
0.957311,0.848491
0.955739,0.839789
0.954246,0.831086
0.952829,0.822384
0.951488,0.813681
0.950224,0.804979
0.949036,0.796276
0.947922,0.787574
0.946883,0.778871
0.945918,0.770169
0.945027,0.761466
0.944210,0.752764
0.943466,0.744061
0.942795,0.735359
0.942196,0.726656
0.941670,0.717954
0.941216,0.709251
0.940834,0.700549
0.940524,0.691847
0.940286,0.683144
0.940119,0.674442
0.940024,0.665739
0.940001,0.657037
0.940049,0.648334
0.940169,0.639632
0.940361,0.630929
0.940624,0.622227
0.940959,0.613524
0.941366,0.604822
0.941845,0.596119
0.942397,0.587417
0.943021,0.578714
0.943718,0.570012
0.944487,0.561309
0.945330,0.552607
0.946247,0.543905
0.947238,0.535202
0.948303,0.526500
0.949443,0.517797
0.950657,0.509095
0.951948,0.500392
0.953315,0.491690
0.954759,0.482987
0.956280,0.474285
0.957879,0.465582
0.959556,0.456880
0.961313,0.448177
0.963149,0.439475
0.965067,0.430772
0.967065,0.422070
0.969146,0.413367
0.971310,0.404665
0.973559,0.395962
0.975892,0.387260
0.978310,0.378558
0.980816,0.369855
0.983410,0.361153
0.986093,0.352450
0.988866,0.343748
0.991730,0.335045
0.994687,0.326343
0.997738,0.317640
1.000884,0.308938
1.004126,0.300235
1.007467,0.291533
1.010907,0.282830
1.014449,0.274128
1.018093,0.265425
1.021841,0.256723
1.025696,0.248020
1.029658,0.239318
1.033731,0.230615
1.037915,0.221913
1.042212,0.213211
1.046625,0.204508
1.051157,0.195806
1.055808,0.187103
1.060582,0.178401
1.065481,0.169698
1.070507,0.160996
1.075663,0.152293
1.080952,0.143591
1.086376,0.134888
1.091939,0.126186
1.097642,0.117483
1.103490,0.108781
1.109486,0.100078
1.115633,0.091376
1.121934,0.082673
1.128393,0.073971
1.135014,0.065269
1.141800,0.056566
1.148756,0.047864
1.155886,0.039161
1.163194,0.030459
1.170685,0.021756
1.178363,0.013054
1.186233,0.004351
1.194301,-0.004351
1.202572,-0.013054
1.211051,-0.021756
1.219744,-0.030459
1.228656,-0.039161
1.237795,-0.047864
1.247167,-0.056566
1.256778,-0.065269
1.266635,-0.073971
1.276747,-0.082674
1.287120,-0.091376
1.297762,-0.100078
1.308682,-0.108781
1.319890,-0.117483
1.327338,-0.126186
1.343938,-0.134888
1.332596,-0.143591
1.349076,-0.152293
1.365387,-0.160996
1.381540,-0.169698
1.397541,-0.178401
1.413399,-0.187103
1.429121,-0.195806
1.404989,-0.204508
1.420982,-0.213211
1.442468,-0.221913
1.464888,-0.230616
1.481599,-0.239318
1.505421,-0.248021
1.497325,-0.256723
1.522796,-0.265425
1.540475,-0.274128
1.567510,-0.282830
1.585677,-0.291533
1.614379,-0.300235
1.633106,-0.308938
1.651841,-0.317640
1.658994,-0.326343
1.678537,-0.335045
1.711748,-0.343748
1.732048,-0.352450
1.767371,-0.361153
1.788533,-0.369855
1.802947,-0.378558
1.848282,-0.387260
1.870599,-0.395963
1.911625,-0.404665
1.935113,-0.413367
1.956306,-0.422070
2.003762,-0.430772
2.028900,-0.439475
2.077006,-0.448177
2.103747,-0.456880
2.155373,-0.465582
2.183953,-0.474285
2.213053,-0.482987
2.270174,-0.491690
2.323301,-0.500392
2.363182,-0.509095
2.418732,-0.517797
2.453410,-0.526500
2.522290,-0.535202
2.581573,-0.543905
2.641821,-0.552607
2.698034,-0.561310
2.783355,-0.570012
2.847026,-0.578714
2.915690,-0.587417
2.986049,-0.596119
3.083181,-0.604822
3.159470,-0.613524
3.238116,-0.622227
3.309117,-0.630929
3.291999,-0.639632
3.299382,-0.648334
3.287907,-0.657037
3.265601,-0.665739
3.269109,-0.674442
3.272034,-0.683144
3.265625,-0.691847
3.259488,-0.700549
3.253622,-0.709252
3.248024,-0.717954
3.242692,-0.726657
3.237623,-0.735359
3.232816,-0.744061
3.187780,-0.752764
3.183545,-0.761466
3.179562,-0.770169
3.175832,-0.778871
3.152204,-0.787574
3.148993,-0.796276
3.146027,-0.804979
3.143306,-0.813681
3.140828,-0.822384
3.138594,-0.831086
3.136601,-0.839789
3.134849,-0.848491
3.133338,-0.857194
3.132066,-0.865896
3.131035,-0.874599
3.130242,-0.883301
3.129687,-0.892003
3.129371,-0.900706
3.129294,-0.909408
3.129455,-0.918111
3.129854,-0.926813
3.130491,-0.935516
3.131368,-0.944218
3.132484,-0.952921
3.133839,-0.961623
3.135434,-0.970326
3.137270,-0.979028
3.139347,-0.987731
3.141666,-0.996433
3.144229,-1.005136
3.106808,-1.013838
3.109821,-1.022541
3.113077,-1.031243
3.116577,-1.039946
3.120323,-1.048648
3.124316,-1.057350
3.088049,-1.066053
3.092484,-1.074755
3.097167,-1.083458
3.102101,-1.092160
3.107287,-1.100863
3.112729,-1.109565
3.118428,-1.118268
3.124385,-1.126970
3.130605,-1.135673
3.137089,-1.144375
3.143839,-1.153078
3.150859,-1.161780
3.158152,-1.170483
3.165720,-1.179185
3.173566,-1.187888
3.181695,-1.196590
3.190109,-1.205293
3.198811,-1.213995
3.207807,-1.222697
3.217098,-1.231400
3.226690,-1.240102
3.236587,-1.248805
3.246793,-1.257507
3.257312,-1.266210
3.268149,-1.274912
3.279309,-1.283615
3.290797,-1.292317
3.302618,-1.301020
3.314778,-1.309722
3.327281,-1.318425
3.340135,-1.327127
3.353345,-1.335830
3.366918,-1.344532
3.380859,-1.353235
3.395175,-1.361937
3.401209,-1.370639
3.416421,-1.379342
3.433497,-1.388044
3.429759,-1.396747
3.431370,-1.405449
3.454533,-1.414152
3.461893,-1.422854
3.489162,-1.431557
3.455521,-1.440259
3.486472,-1.448962
3.495508,-1.457664
3.515402,-1.466367
2.863150,-1.475069
2.836385,-1.483772
2.775850,-1.492474
2.752336,-1.501177
2.717455,-1.509879
2.697130,-1.518582
2.663880,-1.527284
2.646576,-1.535986
2.664639,-1.544689
2.625463,-1.553391
2.620494,-1.562094
2.609156,-1.570796
