scan.pos:6.039542,3.368165,1.9184351.450054,1.562094
1.452741,1.553391
1.455886,1.544689
1.459577,1.535986
1.486628,1.527284
1.472282,1.518581
1.500549,1.509879
1.487746,1.501177
1.496649,1.492474
1.506418,1.483772
1.517130,1.475069
1.526593,1.466367
1.583682,1.457664
1.580363,1.448962
1.578738,1.440259
1.578987,1.431557
1.622198,1.422854
1.626782,1.414152
1.629030,1.405449
1.653096,1.396747
1.672349,1.388044
1.696091,1.379342
1.704806,1.370639
1.699477,1.361937
1.721692,1.353234
1.732472,1.344532
1.753880,1.335830
1.770639,1.327127
1.768970,1.318425
1.807618,1.309722
1.806192,1.301020
1.804905,1.292317
1.803758,1.283615
1.862856,1.274912
6.496019,1.144375
5.677685,1.135673
5.179902,1.126970
5.023360,1.118268
4.753487,1.109565
4.670322,1.100863
4.634900,1.092160
4.640107,1.083458
4.645680,1.074755
4.651621,1.066053
4.657933,1.057350
4.664617,1.048648
4.671677,1.039945
4.679115,1.031243
4.686934,1.022541
4.695138,1.013838
4.703730,1.005136
4.712712,0.996433
4.722089,0.987731
4.731864,0.979028
4.742042,0.970326
4.752626,0.961623
4.763622,0.952921
4.775033,0.944218
4.828493,0.935516
4.840856,0.926813
4.853652,0.918111
4.908849,0.909408
4.922648,0.900706
4.936903,0.892003
4.972781,0.883301
4.988028,0.874598
5.003751,0.865896
5.019958,0.857194
5.036654,0.848491
5.053848,0.839789
5.071548,0.831086
5.089760,0.822384
5.108495,0.813681
5.127760,0.804979
5.147564,0.796276
5.167917,0.787574
5.188828,0.778871
5.188134,0.770169
5.165563,0.761466
5.187922,0.752764
5.210873,0.744061
5.234429,0.735359
5.258601,0.726656
5.283401,0.717954
5.354613,0.709251
5.449928,0.700549
7.721319,0.578714
7.621714,0.570012
7.549485,0.561309
7.472620,0.552607
7.380019,0.543905
7.289275,0.535202
7.226249,0.526500
7.139149,0.517797
7.075584,0.509095
6.992338,0.500392
6.937293,0.491690
6.857111,0.482987
6.805422,0.474285
6.726158,0.465582
6.678102,0.456880
6.603812,0.448177
6.558692,0.439475
6.512833,0.430772
6.456893,0.422070
6.402390,0.413367
6.349277,0.404665
6.297515,0.395962
6.247062,0.387260
6.197879,0.378558
6.149930,0.369855
6.103177,0.361153
6.057588,0.352450
6.013130,0.343748
5.969770,0.335045
5.927480,0.326343
5.886230,0.317640
5.845991,0.308938
5.806739,0.300235
5.768446,0.291533
5.731089,0.282830
5.694643,0.274128
5.659087,0.265425
5.624397,0.256723
5.590553,0.248020
5.557535,0.239318
5.525322,0.230615
5.493897,0.221913
5.463242,0.213211
5.433337,0.204508
5.404168,0.195806
5.375717,0.187103
5.347970,0.178401
5.320910,0.169698
5.294524,0.160996
5.268798,0.152293
5.243718,0.143591
5.219272,0.134888
5.195446,0.126186
5.172228,0.117483
5.149608,0.108781
5.127573,0.100078
5.106113,0.091376
5.085218,0.082673
5.064878,0.073971
5.045082,0.065269
5.025821,0.056566
5.007087,0.047864
4.988871,0.039161
4.971163,0.030459
4.953957,0.021756
4.937244,0.013054
4.921018,0.004351
4.905270,-0.004351
4.889993,-0.013054
4.875182,-0.021756
4.860828,-0.030459
4.846928,-0.039161
4.833474,-0.047864
4.820460,-0.056566
4.807881,-0.065269
4.795732,-0.073971
4.784008,-0.082674
4.772703,-0.091376
4.761813,-0.100078
4.751334,-0.108781
4.741261,-0.117483
4.731591,-0.126186
4.722319,-0.134888
4.713441,-0.143591
4.704955,-0.152293
4.696855,-0.160996
4.689140,-0.169698
4.681807,-0.178401
4.674851,-0.187103
4.668272,-0.195806
4.662065,-0.204508
4.656229,-0.213211
4.650761,-0.221913
4.645660,-0.230616
4.640923,-0.239318
4.636548,-0.248021
4.632533,-0.256723
4.628878,-0.265425
4.625581,-0.274128
4.622640,-0.282830
4.620054,-0.291533
4.617823,-0.300235
4.615946,-0.308938
4.614421,-0.317640
4.613248,-0.326343
4.612427,-0.335045
4.611958,-0.343748
4.611839,-0.352450
4.612072,-0.361153
4.612657,-0.369855
4.613593,-0.378558
4.614881,-0.387260
4.616521,-0.395963
4.618514,-0.404665
4.620861,-0.413367
4.623562,-0.422070
4.626620,-0.430772
4.630034,-0.439475
4.633806,-0.448177
4.637938,-0.456880
4.642432,-0.465582
4.647288,-0.474285
4.652509,-0.482987
4.658097,-0.491690
4.664054,-0.500392
4.670382,-0.509095
4.677084,-0.517797
4.684163,-0.526500
4.691621,-0.535202
4.699461,-0.543905
4.707687,-0.552607
4.716301,-0.561310
4.725307,-0.570012
4.734710,-0.578714
4.744511,-0.587417
4.754716,-0.596119
4.765329,-0.604822
4.776354,-0.613524
4.787795,-0.622227
4.799658,-0.630929
4.811947,-0.639632
4.824667,-0.648334
4.837824,-0.657037
4.851424,-0.665739
4.865472,-0.674442
4.879974,-0.683144
4.894938,-0.691847
4.910367,-0.700549
4.926271,-0.709252
4.960472,-0.717954
4.959848,-0.726657
4.997219,-0.735359
5.007500,-0.744061
4.935168,-0.752764
4.822685,-0.761466
4.735058,-0.770169
4.646259,-0.778871
4.565366,-0.787574
4.464838,-0.796276
4.388774,-0.804979
4.314985,-0.813681
4.244233,-0.822384
4.175444,-0.831086
4.088685,-0.839789
4.047052,-0.848491
3.961491,-0.857194
3.900237,-0.865896
3.846752,-0.874599
3.789136,-0.883301
3.732794,-0.892003
3.677656,-0.900706
3.633210,-0.909408
3.581061,-0.918111
3.529917,-0.926813
3.491577,-0.935516
3.443026,-0.944218
3.395312,-0.952921
3.372827,-0.961623
3.317017,-0.970326
3.272260,-0.979028
3.228158,-0.987731
3.201639,-0.996433
3.159440,-1.005136
3.117777,-1.013838
3.095716,-1.022541
3.055732,-1.031243
3.042133,-1.039946
3.003177,-1.048648
2.964600,-1.057350
2.926373,-1.066053
2.915203,-1.074755
2.877797,-1.083458
2.840661,-1.092160
2.831151,-1.100863
2.794699,-1.109565
2.786284,-1.118268
2.750435,-1.126970
2.740315,-1.135673
2.716778,-1.144375
2.693846,-1.153078
2.671499,-1.161780
2.649719,-1.170483
2.628491,-1.179185
2.607797,-1.187888
2.587621,-1.196590
2.567950,-1.205293
2.548768,-1.213995
2.530062,-1.222697
2.511818,-1.231400
2.494024,-1.240102
2.476668,-1.248805
2.459738,-1.257507
2.443222,-1.266210
2.427110,-1.274912
2.411392,-1.283615
2.396057,-1.292317
2.381096,-1.301020
2.366500,-1.309722
2.352260,-1.318425
2.338368,-1.327127
2.324814,-1.335830
2.311592,-1.344532
2.298693,-1.353235
2.286111,-1.361937
2.273838,-1.370639
2.261867,-1.379342
2.250192,-1.388044
2.238806,-1.396747
2.227704,-1.405449
2.216880,-1.414152
2.206327,-1.422854
2.196041,-1.431557
2.186016,-1.440259
2.176248,-1.448962
2.166730,-1.457664
2.157459,-1.466367
2.148429,-1.475069
2.139637,-1.483772
2.131079,-1.492474
2.122750,-1.501177
2.114646,-1.509879
2.106763,-1.518582
2.099099,-1.527284
2.091648,-1.535986
2.084409,-1.544689
2.077377,-1.553391
2.070549,-1.562094
2.063923,-1.570796
