scan.pos:5.276421,5.474168,1.9184354.080519,1.562094
4.067811,1.553391
4.055490,1.544689
4.043550,1.535986
4.031986,1.527284
4.020794,1.518581
4.009968,1.509879
3.999504,1.501177
3.989398,1.492474
3.979645,1.483772
3.970241,1.475069
3.961182,1.466367
3.952465,1.457664
3.944086,1.448962
3.936042,1.440259
3.928329,1.431557
3.920943,1.422854
3.954691,1.414152
3.947883,1.405449
3.941399,1.396747
3.975842,1.388044
3.969935,1.379342
3.964347,1.370639
3.959077,1.361937
3.954121,1.353234
3.949477,1.344532
3.965292,1.335830
3.961248,1.327127
3.957514,1.318425
3.954088,1.309722
3.950968,1.301020
3.948153,1.292317
3.945643,1.283615
3.943436,1.274912
3.941532,1.266210
3.939929,1.257507
3.938628,1.248805
3.937627,1.240102
3.936926,1.231400
3.936526,1.222697
3.936425,1.213995
3.936624,1.205292
3.937122,1.196590
3.917913,1.187888
3.919007,1.179185
3.880359,1.170483
3.882035,1.161780
3.884007,1.153078
3.886278,1.144375
3.888848,1.135673
3.891718,1.126970
3.894888,1.118268
3.898362,1.109565
3.902138,1.100863
3.946528,1.092160
3.971138,1.083458
4.016309,1.074755
4.122577,1.066053
4.290202,1.057350
4.377491,1.048648
4.790389,1.039945
7.647407,0.883301
7.444372,0.874598
7.269756,0.865896
7.109052,0.857194
6.948868,0.848491
6.772888,0.839789
6.645228,0.831086
6.500996,0.822384
6.361357,0.813681
6.225999,0.804979
6.116543,0.796276
6.010988,0.787574
5.887014,0.778871
5.788476,0.770169
5.693175,0.761466
5.578560,0.752764
5.489085,0.744061
5.379754,0.735359
5.295440,0.726656
5.213540,0.717954
5.133921,0.709251
5.056459,0.700549
4.981039,0.691847
4.907550,0.683144
4.835892,0.674442
4.765967,0.665739
4.697686,0.657037
4.630961,0.648334
4.565713,0.639632
4.501864,0.630929
4.463489,0.622227
4.402367,0.613524
4.342441,0.604822
4.283647,0.596119
4.250672,0.587417
4.194126,0.578714
4.138544,0.570012
4.083874,0.561309
4.055476,0.552607
4.002659,0.543905
3.950613,0.535202
3.925245,0.526500
3.874800,0.517797
3.825001,0.509095
3.802342,0.500392
3.753920,0.491690
3.732979,0.482987
3.685802,0.474285
3.666472,0.465582
3.620415,0.456880
3.574758,0.448177
3.557547,0.439475
3.538736,0.430772
3.508342,0.422070
3.478727,0.413367
3.449869,0.404665
3.421744,0.395962
3.394330,0.387260
3.367607,0.378558
3.341553,0.369855
3.316151,0.361153
3.291380,0.352450
3.267223,0.343748
3.243664,0.335045
3.220686,0.326343
3.198272,0.317640
3.176409,0.308938
3.155081,0.300235
3.134275,0.291533
3.113977,0.282830
3.094175,0.274128
3.074855,0.265425
3.056006,0.256723
3.037617,0.248020
3.019677,0.239318
3.002174,0.230615
2.985100,0.221913
2.968443,0.213211
2.952194,0.204508
2.936345,0.195806
2.920887,0.187103
2.905810,0.178401
2.891107,0.169698
2.876770,0.160996
2.862792,0.152293
2.849165,0.143591
2.835882,0.134888
2.822936,0.126186
2.810321,0.117483
2.798030,0.108781
2.786058,0.100078
2.774398,0.091376
2.763044,0.082673
2.751992,0.073971
2.741236,0.065269
2.730771,0.056566
2.720592,0.047864
2.710694,0.039161
2.701073,0.030459
2.691724,0.021756
2.682643,0.013054
2.673826,0.004351
2.665270,-0.004351
2.656969,-0.013054
2.648921,-0.021756
2.641123,-0.030459
2.633570,-0.039161
2.626259,-0.047864
2.619188,-0.056566
2.612354,-0.065269
2.605752,-0.073971
2.599382,-0.082674
2.593240,-0.091376
2.587323,-0.100078
2.581629,-0.108781
2.576156,-0.117483
2.570902,-0.126186
2.565864,-0.134888
2.561040,-0.143591
2.556429,-0.152293
2.552028,-0.160996
2.547836,-0.169698
2.543851,-0.178401
2.540072,-0.187103
2.536497,-0.195806
2.533125,-0.204508
2.529954,-0.213211
2.526983,-0.221913
2.524211,-0.230616
2.521637,-0.239318
2.519260,-0.248021
2.517079,-0.256723
2.515093,-0.265425
2.513301,-0.274128
2.511703,-0.282830
2.510298,-0.291533
2.509086,-0.300235
2.508066,-0.308938
2.507237,-0.317640
2.506600,-0.326343
2.506154,-0.335045
2.505899,-0.343748
2.505835,-0.352450
2.505961,-0.361153
2.506279,-0.369855
2.506788,-0.378558
2.507487,-0.387260
2.508379,-0.395963
2.509461,-0.404665
2.510737,-0.413367
2.512205,-0.422070
2.513866,-0.430772
2.515721,-0.439475
2.517771,-0.448177
2.520016,-0.456880
2.522457,-0.465582
2.525096,-0.474285
2.527933,-0.482987
2.530969,-0.491690
2.534205,-0.500392
2.537644,-0.509095
2.541286,-0.517797
2.545132,-0.526500
2.549184,-0.535202
2.553444,-0.543905
2.557914,-0.552607
2.562594,-0.561310
2.567487,-0.570012
2.572596,-0.578714
2.577922,-0.587417
2.583467,-0.596119
2.589233,-0.604822
2.595223,-0.613524
2.601440,-0.622227
2.607886,-0.630929
2.614563,-0.639632
2.621475,-0.648334
2.628623,-0.657037
2.636013,-0.665739
2.643646,-0.674442
2.651525,-0.683144
2.659656,-0.691847
2.668039,-0.700549
2.676681,-0.709252
2.685583,-0.717954
2.694752,-0.726657
2.704189,-0.735359
2.713900,-0.744061
2.723890,-0.752764
2.734162,-0.761466
2.744721,-0.770169
2.755574,-0.778871
2.766724,-0.787574
2.778177,-0.796276
2.789938,-0.804979
2.802014,-0.813681
2.814410,-0.822384
2.827133,-0.831086
2.840188,-0.839789
2.853583,-0.848491
2.867324,-0.857194
2.881419,-0.865896
2.895875,-0.874599
2.910699,-0.883301
2.925899,-0.892003
2.941485,-0.900706
2.957463,-0.909408
2.973844,-0.918111
2.990637,-0.926813
3.007850,-0.935516
3.025495,-0.944218
3.043581,-0.952921
3.062119,-0.961623
3.081120,-0.970326
3.100597,-0.979028
3.120560,-0.987731
3.141022,-0.996433
3.161998,-1.005136
3.183499,-1.013838
3.205541,-1.022541
3.228137,-1.031243
3.251304,-1.039946
3.275056,-1.048648
3.299412,-1.057350
3.324387,-1.066053
3.350001,-1.074755
3.376271,-1.083458
3.403218,-1.092160
3.430862,-1.100863
3.459224,-1.109565
3.488327,-1.118268
3.518194,-1.126970
3.546428,-1.135673
3.563085,-1.144375
3.608332,-1.153078
3.626426,-1.161780
3.672695,-1.170483
3.662193,-1.179185
3.633361,-1.187888
3.605251,-1.196590
3.577844,-1.205293
3.551118,-1.213995
3.525055,-1.222697
3.499637,-1.231400
3.474845,-1.240102
3.450663,-1.248805
3.427074,-1.257507
3.404064,-1.266210
3.381616,-1.274912
3.359716,-1.283615
3.338351,-1.292317
3.317506,-1.301020
3.297170,-1.309722
3.277330,-1.318425
3.257974,-1.327127
3.239090,-1.335830
3.220668,-1.344532
3.202696,-1.353235
3.185166,-1.361937
3.168066,-1.370639
3.151387,-1.379342
3.135121,-1.388044
3.119258,-1.396747
3.103790,-1.405449
3.088709,-1.414152
3.074006,-1.422854
3.059675,-1.431557
3.045707,-1.440259
3.032097,-1.448962
3.018836,-1.457664
3.005919,-1.466367
2.993339,-1.475069
2.981089,-1.483772
2.969165,-1.492474
2.957560,-1.501177
2.946269,-1.509879
2.935287,-1.518582
2.924608,-1.527284
2.914227,-1.535986
2.904140,-1.544689
2.894343,-1.553391
2.884830,-1.562094
2.875599,-1.570796
