scan.pos:-1.936203,6.430684,-2.6147501.643282,1.562094
1.662742,1.553391
1.688915,1.544689
1.711392,1.535986
1.761640,1.527284
1.789393,1.518581
1.816285,1.509879
1.845685,1.501177
1.839474,1.492474
1.907513,1.483772
1.939291,1.475069
1.975482,1.466367
2.009504,1.457664
2.066038,1.448962
2.108658,1.440259
2.145995,1.431557
2.184220,1.422854
2.234479,1.414152
2.297503,1.405449
2.340173,1.396747
2.399448,1.388044
2.467534,1.379342
2.515861,1.370639
2.586069,1.361937
2.621637,1.353234
4.986357,1.344532
4.972709,1.335830
4.959512,1.327127
4.946761,1.318425
4.934450,1.309722
4.964022,1.301020
4.952480,1.292317
4.941367,1.283615
4.930678,1.274912
4.961493,1.266210
4.951558,1.257507
4.962499,1.248805
5.014623,1.240102
5.005778,1.231400
5.160169,1.222697
5.558287,1.213995
5.630953,1.205292
5.987469,1.196590
6.201811,1.187888
7.751326,0.787574
3.820644,0.778871
3.705279,0.770169
3.561675,0.761466
3.476244,0.752764
3.372809,0.744061
3.271887,0.735359
3.191892,0.726656
3.097265,0.717954
3.025544,0.709251
2.937474,0.700549
2.870672,0.691847
2.805254,0.683144
2.727610,0.674442
2.687490,0.665739
2.626981,0.657037
2.579573,0.648334
2.500458,0.639632
2.465461,0.630929
2.403614,0.622227
2.371250,0.613524
2.361599,0.604822
2.372361,0.596119
2.320993,0.587417
2.332371,0.578714
2.275341,0.570012
2.285509,0.561309
2.250719,0.552607
2.238497,0.543905
2.249157,0.535202
2.214218,0.526500
2.225206,0.517797
2.213307,0.509095
2.224743,0.500392
2.213059,0.491690
2.201420,0.482987
2.213487,0.474285
2.225858,0.465582
2.190673,0.456880
2.203394,0.448177
2.216434,0.439475
2.229800,0.430772
2.243499,0.422070
2.257541,0.413367
2.271934,0.404665
2.286687,0.395962
2.301809,0.387260
2.317311,0.378558
2.333201,0.369855
2.349491,0.361153
2.366191,0.352450
2.383314,0.343748
2.400870,0.335045
2.418872,0.326343
2.437333,0.317640
2.456267,0.308938
2.475687,0.300235
2.495609,0.291533
2.516046,0.282830
2.537016,0.274128
2.558535,0.265425
2.637007,0.256723
2.641872,0.248020
2.664402,0.239318
2.743677,0.230615
2.795747,0.221913
2.846250,0.213211
2.872314,0.204508
2.896306,0.195806
2.924329,0.187103
2.949313,0.178401
3.031744,0.169698
3.057423,0.160996
3.115077,0.152293
3.141762,0.143591
3.168815,0.134888
3.203702,0.126186
3.265191,0.117483
3.320026,0.108781
3.335717,0.100078
3.372701,0.091376
3.428236,0.082673
3.486725,0.073971
7.330338,0.065269
7.287420,0.056566
7.245550,0.047864
7.204704,0.039161
7.164859,0.030459
7.125991,0.021756
7.088080,0.013054
7.051105,0.004351
7.015044,-0.004351
6.979879,-0.013054
6.945592,-0.021756
6.912163,-0.030459
6.879577,-0.039161
6.847815,-0.047864
6.816861,-0.056566
6.786701,-0.065269
6.757318,-0.073971
6.728700,-0.082674
6.700830,-0.091376
6.673697,-0.100078
6.647287,-0.108781
6.621588,-0.117483
6.596586,-0.126186
6.572272,-0.134888
6.548633,-0.143591
6.525658,-0.152293
6.503337,-0.160996
6.481661,-0.169698
6.460619,-0.178401
6.440203,-0.187103
6.420402,-0.195806
6.401208,-0.204508
6.382614,-0.213211
6.364611,-0.221913
6.347190,-0.230616
6.330346,-0.239318
6.314071,-0.248021
6.298357,-0.256723
6.283198,-0.265425
6.268589,-0.274128
6.254523,-0.282830
6.240994,-0.291533
6.227996,-0.300235
6.215525,-0.308938
6.203576,-0.317640
6.192142,-0.326343
6.181221,-0.335045
6.170807,-0.343748
6.160897,-0.352450
6.151486,-0.361153
6.142571,-0.369855
6.134148,-0.378558
6.126214,-0.387260
6.118766,-0.395963
6.111801,-0.404665
6.105316,-0.413367
6.099309,-0.422070
6.093778,-0.430772
6.088719,-0.439475
6.084132,-0.448177
6.080015,-0.456880
1.747411,-0.465582
1.746496,-0.474285
1.585538,-0.482987
1.584950,-0.491690
1.524457,-0.500392
1.540330,-0.509095
1.540110,-0.517797
1.520008,-0.526500
1.520023,-0.535202
1.520153,-0.543905
1.480389,-0.552607
1.480742,-0.561310
1.441175,-0.570012
1.441739,-0.578714
1.442412,-0.587417
1.423152,-0.596119
1.424035,-0.604822
1.384886,-0.613524
1.385957,-0.622227
1.387136,-0.630929
1.388422,-0.639632
1.369675,-0.648334
1.371157,-0.657037
1.372747,-0.665739
1.374445,-0.674442
1.376253,-0.683144
1.337636,-0.691847
1.339604,-0.700549
1.341680,-0.709252
1.343866,-0.717954
1.346161,-0.726657
1.348567,-0.735359
1.351084,-0.744061
1.353715,-0.752764
1.356459,-0.761466
1.359318,-0.770169
1.362293,-0.778871
1.365385,-0.787574
1.368596,-0.796276
1.371926,-0.804979
1.375378,-0.813681
1.378953,-0.822384
1.382652,-0.831086
1.386476,-0.839789
1.390428,-0.848491
1.394509,-0.857194
1.398721,-0.865896
1.403065,-0.874599
1.407545,-0.883301
1.412160,-0.892003
1.395446,-0.900706
1.378725,-0.909408
1.383610,-0.918111
1.366939,-0.926813
1.372028,-0.935516
1.377260,-0.944218
1.382638,-0.952921
1.366129,-0.961623
1.349592,-0.970326
1.355237,-0.979028
1.338722,-0.987731
1.344576,-0.996433
1.350585,-1.005136
1.356751,-1.013838
1.363078,-1.022541
1.369569,-1.031243
1.376228,-1.039946
1.360007,-1.048648
1.343726,-1.057350
1.350669,-1.066053
1.357788,-1.074755
1.365087,-1.083458
1.372570,-1.092160
1.380241,-1.100863
1.388105,-1.109565
1.396165,-1.118268
1.404428,-1.126970
1.412897,-1.135673
1.421577,-1.144375
1.430475,-1.153078
1.439595,-1.161780
1.448943,-1.170483
1.458525,-1.179185
1.468347,-1.187888
1.478416,-1.196590
1.488738,-1.205293
1.499320,-1.213995
1.510170,-1.222697
1.521294,-1.231400
1.532701,-1.240102
1.544399,-1.248805
1.556396,-1.257507
1.568702,-1.266210
1.581325,-1.274912
1.572005,-1.283615
1.585107,-1.292317
1.598552,-1.301020
1.612351,-1.309722
1.665717,-1.318425
1.652612,-1.327127
1.641171,-1.335830
1.656711,-1.344532
1.674445,-1.353235
1.690298,-1.361937
1.709364,-1.370639
1.725570,-1.379342
1.746020,-1.388044
1.762625,-1.396747
1.784521,-1.405449
1.801574,-1.414152
1.824985,-1.422854
1.842540,-1.431557
1.860101,-1.440259
1.935870,-1.448962
1.953690,-1.457664
1.931093,-1.466367
1.925274,-1.475069
1.919829,-1.483772
1.901257,-1.492474
1.873121,-1.501177
1.881709,-1.509879
1.855374,-1.518582
1.853466,-1.527284
1.842238,-1.535986
1.841913,-1.544689
1.833874,-1.553391
1.811949,-1.562094
1.813848,-1.570796
