scan.pos:-1.979607,-3.478386,1.1852502.007778,1.562094
2.014992,1.553391
2.022411,1.544689
2.030041,1.535986
2.037885,1.527284
2.045945,1.518581
2.054227,1.509879
2.062734,1.501177
2.071470,1.492474
2.080440,1.483772
2.089647,1.475069
2.099097,1.466367
2.108793,1.457664
2.118742,1.448962
2.128948,1.440259
2.139417,1.431557
2.150154,1.422854
2.161164,1.414152
2.172454,1.405449
2.184030,1.396747
2.195898,1.388044
2.208065,1.379342
2.220537,1.370639
2.233322,1.361937
2.246428,1.353234
2.259861,1.344532
2.273630,1.335830
2.287743,1.327127
2.302208,1.318425
2.317036,1.309722
2.332234,1.301020
2.347813,1.292317
2.363783,1.283615
2.380154,1.274912
2.396937,1.266210
2.414144,1.257507
2.431786,1.248805
2.449876,1.240102
2.468426,1.231400
2.487450,1.222697
2.506962,1.213995
2.526977,1.205292
2.547509,1.196590
2.568575,1.187888
2.590191,1.179185
2.612375,1.170483
2.631316,1.161780
2.633458,1.153078
2.663965,1.144375
2.694617,1.135673
2.725437,1.126970
2.759013,1.118268
2.763858,1.109565
2.796021,1.100863
2.828437,1.092160
2.861130,1.083458
2.873148,1.074755
2.907172,1.066053
2.941546,1.057350
2.976297,1.048648
3.011452,1.039945
3.198113,1.031243
6.446355,0.831086
6.352960,0.822384
6.238767,0.813681
6.191859,0.804979
6.167667,0.796276
6.144131,0.787574
6.121237,0.778871
6.098976,0.770169
6.077338,0.761466
6.056312,0.752764
6.035890,0.744061
6.016061,0.735359
5.996817,0.726656
5.978150,0.717954
5.960051,0.709251
5.942513,0.700549
5.925527,0.691847
5.909087,0.683144
5.893185,0.674442
5.898664,0.665739
5.883768,0.657037
5.869391,0.648334
5.896924,0.639632
5.883477,0.630929
5.911746,0.622227
5.899221,0.613524
5.887197,0.604822
5.875668,0.596119
5.864630,0.587417
5.874482,0.578714
5.864377,0.570012
5.895422,0.561309
5.947118,0.552607
5.999109,0.543905
6.152627,0.535202
6.508368,0.526500
6.863688,0.517797
7.299342,0.509095
7.754710,0.500392
7.447596,0.265425
7.415088,0.256723
7.403252,0.248020
7.412153,0.239318
7.381188,0.230615
7.391213,0.221913
7.401829,0.213211
7.413042,0.204508
7.424854,0.195806
7.437272,0.187103
5.021014,0.178401
4.833200,0.169698
4.717169,0.160996
4.466751,0.152293
4.237017,0.143591
4.101793,0.134888
3.821624,0.126186
3.706185,0.117483
3.611248,0.108781
3.599386,0.100078
3.566869,0.091376
3.513531,0.082673
3.523118,0.073971
3.448867,0.065269
3.437757,0.056566
3.426845,0.047864
3.416129,0.039161
3.405606,0.030459
3.416641,0.021756
3.406574,0.013054
3.396700,0.004351
3.408601,-0.004351
3.420846,-0.013054
3.433443,-0.021756
3.446397,-0.030459
3.459712,-0.039161
3.473397,-0.047864
3.487457,-0.056566
3.501899,-0.065269
3.516730,-0.073971
3.531957,-0.082674
3.547589,-0.091376
3.563631,-0.100078
3.580094,-0.108781
3.596984,-0.117483
3.614311,-0.126186
3.632084,-0.134888
3.650311,-0.143591
3.669004,-0.152293
3.688171,-0.160996
3.707823,-0.169698
3.727971,-0.178401
3.724889,-0.187103
3.745929,-0.195806
3.767497,-0.204508
3.789605,-0.213211
3.812266,-0.221913
3.813796,-0.230616
3.859301,-0.239318
3.883704,-0.248021
3.908717,-0.256723
3.934356,-0.265425
3.960637,-0.274128
3.987577,-0.282830
4.015194,-0.291533
4.043507,-0.300235
4.072533,-0.308938
4.102294,-0.317640
4.132811,-0.326343
4.164104,-0.335045
4.196197,-0.343748
4.229113,-0.352450
4.262877,-0.361153
4.297514,-0.369855
1.191236,-0.378558
1.189621,-0.387260
1.188279,-0.395963
1.157279,-0.404665
1.147341,-0.413367
1.137659,-0.422070
1.128225,-0.430772
1.119030,-0.439475
1.110067,-0.448177
1.101330,-0.456880
1.092812,-0.465582
1.084507,-0.474285
1.076408,-0.482987
1.068511,-0.491690
1.060808,-0.500392
1.053295,-0.509095
1.045968,-0.517797
1.038819,-0.526500
1.031847,-0.535202
1.025044,-0.543905
1.018408,-0.552607
1.011933,-0.561310
1.005617,-0.570012
0.999455,-0.578714
0.993442,-0.587417
0.987577,-0.596119
0.981855,-0.604822
0.976272,-0.613524
0.970826,-0.622227
0.965514,-0.630929
0.960332,-0.639632
0.955278,-0.648334
0.950349,-0.657037
0.945542,-0.665739
0.940855,-0.674442
0.936285,-0.683144
0.931830,-0.691847
0.927487,-0.700549
0.923254,-0.709252
0.919130,-0.717954
0.915112,-0.726657
0.911197,-0.735359
0.907385,-0.744061
0.903674,-0.752764
0.900060,-0.761466
0.896544,-0.770169
0.893123,-0.778871
0.889795,-0.787574
0.886559,-0.796276
0.883413,-0.804979
0.880357,-0.813681
0.877388,-0.822384
0.853586,-0.831086
0.850856,-0.839789
0.848207,-0.848491
0.845639,-0.857194
0.843151,-0.865896
0.840741,-0.874599
0.838408,-0.883301
0.836152,-0.892003
0.833971,-0.900706
0.831865,-0.909408
0.829833,-0.918111
0.827873,-0.926813
0.825985,-0.935516
0.824169,-0.944218
0.822422,-0.952921
0.820746,-0.961623
0.819139,-0.970326
0.817600,-0.979028
0.816129,-0.987731
0.814725,-0.996433
0.813388,-1.005136
0.812117,-1.013838
0.810911,-1.022541
0.809771,-1.031243
0.808696,-1.039946
0.807684,-1.048648
0.806737,-1.057350
0.805853,-1.066053
0.805032,-1.074755
0.804275,-1.083458
0.803579,-1.092160
0.802946,-1.100863
0.802375,-1.109565
0.801866,-1.118268
0.801419,-1.126970
0.801033,-1.135673
0.800708,-1.144375
0.800445,-1.153078
0.800242,-1.161780
0.800101,-1.170483
0.800020,-1.179185
0.800001,-1.187888
0.800042,-1.196590
0.800145,-1.205293
0.800308,-1.213995
0.800533,-1.222697
0.800818,-1.231400
0.801165,-1.240102
0.801573,-1.248805
0.802043,-1.257507
0.802574,-1.266210
0.803167,-1.274912
0.803823,-1.283615
0.804541,-1.292317
0.805321,-1.301020
0.806165,-1.309722
0.807071,-1.318425
0.808042,-1.327127
0.809076,-1.335830
0.810175,-1.344532
0.811339,-1.353235
0.812568,-1.361937
0.813863,-1.370639
0.815224,-1.379342
0.816652,-1.388044
0.818147,-1.396747
0.819711,-1.405449
0.821343,-1.414152
0.823044,-1.422854
0.824816,-1.431557
0.826658,-1.440259
0.828571,-1.448962
0.830557,-1.457664
0.832616,-1.466367
0.834749,-1.475069
0.836957,-1.483772
0.839241,-1.492474
0.841601,-1.501177
0.844039,-1.509879
0.846556,-1.518582
0.849153,-1.527284
0.851831,-1.535986
0.854591,-1.544689
0.857435,-1.553391
0.860363,-1.562094
0.863378,-1.570796
