scan.pos:5.140149,5.850240,1.9184353.935576,1.562094
3.923320,1.553391
3.911436,1.544689
3.899921,1.535986
3.888768,1.527284
3.919896,1.518581
3.909342,1.509879
3.899140,1.501177
3.889287,1.492474
3.921273,1.483772
3.912007,1.475069
3.903081,1.466367
3.894492,1.457664
3.886235,1.448962
3.898828,1.440259
3.891188,1.431557
3.883873,1.422854
3.876879,1.414152
3.870206,1.405449
3.863849,1.396747
3.857806,1.388044
3.852075,1.379342
3.846653,1.370639
3.841539,1.361937
3.836730,1.353234
3.832224,1.344532
3.828021,1.335830
3.824117,1.327127
3.820512,1.318425
3.817204,1.309722
3.814193,1.301020
3.811476,1.292317
3.789006,1.283615
3.746815,1.274912
3.745006,1.266210
3.743483,1.257507
3.742246,1.248805
3.741295,1.240102
3.740629,1.231400
3.740249,1.222697
3.740153,1.213995
3.740342,1.205292
3.740816,1.196590
3.781590,1.187888
3.802659,1.179185
3.844051,1.170483
3.845711,1.161780
3.947860,1.153078
4.110576,1.144375
4.133358,1.135673
4.196645,1.126970
4.601970,1.118268
7.673477,0.935516
7.421941,0.926813
7.222225,0.918111
7.028546,0.909408
6.827567,0.900706
6.655291,0.892003
6.492426,0.883301
6.314259,0.874598
6.184511,0.865896
6.024880,0.857194
5.907382,0.848491
5.751684,0.839789
5.633301,0.831086
5.530407,0.822384
5.409632,0.813681
5.285954,0.804979
5.194888,0.796276
5.106950,0.787574
4.996851,0.778871
4.915562,0.770169
4.836837,0.761466
4.738193,0.752764
4.665018,0.744061
4.573328,0.735359
4.505080,0.726656
4.438695,0.717954
4.355808,0.709251
4.293594,0.700549
4.232934,0.691847
4.157665,0.683144
4.100560,0.674442
4.053521,0.665739
3.999737,0.657037
3.947109,0.648334
3.882804,0.639632
3.832929,0.630929
3.772482,0.622227
3.725095,0.613524
3.703007,0.604822
3.647664,0.596119
3.603444,0.587417
3.551295,0.578714
3.509034,0.570012
3.485092,0.561309
3.444781,0.552607
3.398549,0.543905
3.359861,0.535202
3.342180,0.526500
3.305158,0.517797
3.268572,0.509095
3.232393,0.500392
3.196595,0.491690
3.161150,0.482987
3.126032,0.474285
3.091216,0.465582
3.084286,0.456880
3.050230,0.448177
3.016407,0.439475
3.007648,0.430772
2.981814,0.422070
2.956645,0.413367
2.932117,0.404665
2.908213,0.395962
2.884914,0.387260
2.862201,0.378558
2.840058,0.369855
2.818467,0.361153
2.797414,0.352450
2.776883,0.343748
2.756860,0.335045
2.737329,0.326343
2.718280,0.317640
2.699698,0.308938
2.681571,0.300235
2.663888,0.291533
2.646636,0.282830
2.629805,0.274128
2.613385,0.265425
2.597365,0.256723
2.581736,0.248020
2.566488,0.239318
2.551612,0.230615
2.537100,0.221913
2.522943,0.213211
2.509133,0.204508
2.495662,0.195806
2.482524,0.187103
2.469710,0.178401
2.457214,0.169698
2.445029,0.160996
2.433148,0.152293
2.421566,0.143591
2.410277,0.134888
2.399274,0.126186
2.388552,0.117483
2.378106,0.108781
2.367930,0.100078
2.358020,0.091376
2.348371,0.082673
2.338977,0.073971
2.329835,0.065269
2.320941,0.056566
2.312289,0.047864
2.303877,0.039161
2.295700,0.030459
2.287754,0.021756
2.280036,0.013054
2.272542,0.004351
2.265270,-0.004351
2.258215,-0.013054
2.251375,-0.021756
2.244747,-0.030459
2.238327,-0.039161
2.232114,-0.047864
2.226104,-0.056566
2.220295,-0.065269
2.214685,-0.073971
2.209270,-0.082674
2.204050,-0.091376
2.199021,-0.100078
2.194182,-0.108781
2.189530,-0.117483
2.185064,-0.126186
2.180782,-0.134888
2.176683,-0.143591
2.172763,-0.152293
2.169023,-0.160996
2.165460,-0.169698
2.162074,-0.178401
2.158862,-0.187103
2.155823,-0.195806
2.152957,-0.204508
2.150262,-0.213211
2.147737,-0.221913
2.145381,-0.230616
2.143193,-0.239318
2.141173,-0.248021
2.139319,-0.256723
2.137631,-0.265425
2.136108,-0.274128
2.134750,-0.282830
2.133556,-0.291533
2.132526,-0.300235
2.131659,-0.308938
2.130955,-0.317640
2.130413,-0.326343
2.130034,-0.335045
2.129817,-0.343748
2.129763,-0.352450
2.129870,-0.361153
2.130140,-0.369855
2.130572,-0.378558
2.131167,-0.387260
2.131924,-0.395963
2.132845,-0.404665
2.133929,-0.413367
2.135176,-0.422070
2.136588,-0.430772
2.138165,-0.439475
2.139907,-0.448177
2.141815,-0.456880
2.143890,-0.465582
2.146133,-0.474285
2.148544,-0.482987
2.151124,-0.491690
2.153875,-0.500392
2.156798,-0.509095
2.159893,-0.517797
2.163162,-0.526500
2.166606,-0.535202
2.170227,-0.543905
2.174025,-0.552607
2.178003,-0.561310
2.182163,-0.570012
2.186504,-0.578714
2.191031,-0.587417
2.195744,-0.596119
2.200644,-0.604822
2.205736,-0.613524
2.211020,-0.622227
2.216498,-0.630929
2.222173,-0.639632
2.228047,-0.648334
2.234123,-0.657037
2.240404,-0.665739
2.246891,-0.674442
2.253588,-0.683144
2.260498,-0.691847
2.267624,-0.700549
2.274968,-0.709252
2.282535,-0.717954
2.290327,-0.726657
2.298348,-0.735359
2.306602,-0.744061
2.315092,-0.752764
2.323822,-0.761466
2.332798,-0.770169
2.342021,-0.778871
2.351498,-0.787574
2.361232,-0.796276
2.371228,-0.804979
2.381492,-0.813681
2.392028,-0.822384
2.402841,-0.831086
2.413937,-0.839789
2.425321,-0.848491
2.437000,-0.857194
2.448980,-0.865896
2.461266,-0.874599
2.473865,-0.883301
2.486784,-0.892003
2.500031,-0.900706
2.513611,-0.909408
2.527534,-0.918111
2.541806,-0.926813
2.556436,-0.935516
2.571433,-0.944218
2.586804,-0.952921
2.602560,-0.961623
2.618710,-0.970326
2.635263,-0.979028
2.652231,-0.987731
2.669622,-0.996433
2.687449,-1.005136
2.705724,-1.013838
2.724458,-1.022541
2.743663,-1.031243
2.763352,-1.039946
2.783540,-1.048648
2.804241,-1.057350
2.825468,-1.066053
2.847237,-1.074755
2.869565,-1.083458
2.892468,-1.092160
2.915963,-1.100863
2.940068,-1.109565
2.964804,-1.118268
2.990188,-1.126970
3.012772,-1.135673
3.018287,-1.144375
3.052261,-1.153078
3.086473,-1.161780
3.120950,-1.170483
3.155714,-1.179185
3.166973,-1.187888
3.203102,-1.196590
3.243661,-1.205293
3.281054,-1.213995
3.292792,-1.222697
3.336856,-1.231400
3.376312,-1.240102
3.422942,-1.248805
3.438642,-1.257507
3.488185,-1.266210
3.531161,-1.274912
3.549948,-1.283615
3.529759,-1.292317
3.484722,-1.301020
3.463361,-1.309722
3.442521,-1.318425
3.422189,-1.327127
3.402354,-1.335830
3.383003,-1.344532
3.364125,-1.353235
3.345711,-1.361937
3.327749,-1.370639
3.310230,-1.379342
3.293144,-1.388044
3.276482,-1.396747
3.260234,-1.405449
3.244392,-1.414152
3.228949,-1.422854
3.213895,-1.431557
3.199224,-1.440259
3.184927,-1.448962
3.170998,-1.457664
3.157429,-1.466367
3.144215,-1.475069
3.131349,-1.483772
3.118823,-1.492474
3.106633,-1.501177
3.094773,-1.509879
3.083237,-1.518582
3.072020,-1.527284
3.061116,-1.535986
3.050521,-1.544689
3.040230,-1.553391
3.030238,-1.562094
3.020541,-1.570796
