scan.pos:7.121083,4.127508,-1.9147500.913505,1.562094
0.916404,1.553391
0.919393,1.544689
0.922471,1.535986
0.925640,1.527284
0.928902,1.518581
0.932259,1.509879
0.935712,1.501177
0.939262,1.492474
0.942911,1.483772
0.946661,1.475069
0.950513,1.466367
0.954470,1.457664
0.958534,1.448962
0.962705,1.440259
0.966988,1.431557
0.971383,1.422854
0.974663,1.414152
0.979283,1.405449
0.984024,1.396747
0.988886,1.388044
0.993872,1.379342
0.998985,1.370639
1.004228,1.361937
1.009604,1.353234
1.015115,1.344532
1.020765,1.335830
1.026557,1.327127
1.032494,1.318425
1.038579,1.309722
1.044817,1.301020
1.051211,1.292317
1.057764,1.283615
1.064481,1.274912
1.071367,1.266210
1.078424,1.257507
1.085659,1.248805
1.093075,1.240102
1.100677,1.231400
1.108471,1.222697
1.116461,1.213995
1.124654,1.205292
1.133055,1.196590
1.141670,1.187888
1.150505,1.179185
1.159567,1.170483
1.168863,1.161780
1.178400,1.153078
1.188184,1.144375
1.198225,1.135673
1.208529,1.126970
1.213176,1.118268
1.209713,1.109565
1.234230,1.100863
1.231082,1.092160
1.257649,1.083458
1.255331,1.074755
1.280118,1.066053
1.278152,1.057350
1.302888,1.048648
1.305998,1.039945
1.331236,1.031243
1.330551,1.022541
1.355827,1.013838
1.362359,1.005136
1.388253,0.996433
1.414126,0.987731
1.415020,0.979028
1.441063,0.970326
1.452012,0.961623
1.478848,0.952921
1.481393,0.944218
1.508521,0.935516
1.535746,0.926813
1.539160,0.918111
1.579907,0.909408
1.584652,0.900706
1.613372,0.892003
1.642298,0.883301
1.671453,0.874598
1.694185,0.865896
1.701661,0.857194
1.732617,0.848491
1.763919,0.839789
1.795597,0.831086
1.827684,0.822384
1.858817,0.813681
1.892774,0.804979
1.904962,0.796276
1.940135,0.787574
1.998051,0.778871
2.034428,0.770169
2.071529,0.761466
2.115268,0.752764
2.155155,0.744061
2.195985,0.735359
2.237829,0.726656
2.280766,0.717954
2.346345,0.709251
2.405209,0.700549
2.453360,0.691847
2.503059,0.683144
2.575622,0.674442
2.649873,0.665739
2.704906,0.657037
2.783089,0.648334
2.867932,0.639632
2.869319,0.630929
2.853100,0.622227
2.840478,0.613524
2.831748,0.604822
2.827244,0.596119
2.827354,0.587417
2.829088,0.578714
2.823148,0.570012
2.817446,0.561309
2.811981,0.552607
2.806751,0.543905
2.801753,0.535202
2.796985,0.526500
2.792446,0.517797
2.788134,0.509095
2.743515,0.500392
2.739707,0.491690
2.736118,0.482987
2.732746,0.474285
2.729590,0.465582
2.706507,0.456880
2.703800,0.448177
2.701303,0.439475
2.699016,0.430772
2.696939,0.422070
2.695069,0.413367
2.693408,0.404665
2.691953,0.395962
2.690704,0.387260
2.689662,0.378558
2.688824,0.369855
2.688192,0.361153
2.687765,0.352450
2.687543,0.343748
2.687526,0.335045
2.687713,0.326343
2.688105,0.317640
2.688701,0.308938
2.689503,0.300235
2.690511,0.291533
2.691724,0.282830
2.693143,0.274128
2.694769,0.265425
2.696603,0.256723
2.698645,0.248020
2.700896,0.239318
2.703356,0.230615
2.706028,0.221913
2.708911,0.213211
2.712007,0.204508
2.715317,0.195806
2.678376,0.187103
2.682063,0.178401
2.685964,0.169698
2.690082,0.160996
2.694418,0.152293
2.698975,0.143591
2.703752,0.134888
2.667828,0.126186
2.672976,0.117483
2.678349,0.108781
2.683948,0.100078
2.689775,0.091376
2.695833,0.082673
2.702126,0.073971
2.708654,0.065269
2.715421,0.056566
2.722430,0.047864
2.729684,0.039161
2.737185,0.030459
2.744938,0.021756
2.752944,0.013054
2.761209,0.004351
2.769735,-0.004351
2.778526,-0.013054
2.787585,-0.021756
2.796918,-0.030459
2.806528,-0.039161
2.816419,-0.047864
2.826597,-0.056566
2.837065,-0.065269
2.847828,-0.073971
2.858892,-0.082674
2.870262,-0.091376
2.881943,-0.100078
2.893941,-0.108781
2.906261,-0.117483
2.918910,-0.126186
2.931893,-0.134888
2.945218,-0.143591
2.958891,-0.152293
2.972919,-0.160996
2.987310,-0.169698
3.002069,-0.178401
3.017207,-0.187103
3.032730,-0.195806
3.048647,-0.204508
3.064966,-0.213211
3.080819,-0.221913
3.078483,-0.230616
3.088811,-0.239318
3.089951,-0.248021
3.116584,-0.256723
3.144792,-0.265425
3.150087,-0.274128
3.132004,-0.282830
3.155345,-0.291533
3.164906,-0.300235
3.175669,-0.308938
3.212904,-0.317640
3.226217,-0.326343
2.567997,-0.335045
2.553670,-0.343748
2.514031,-0.352450
2.500865,-0.361153
2.461963,-0.369855
2.446101,-0.378558
2.408344,-0.387260
2.397764,-0.395963
2.360550,-0.404665
2.349131,-0.413367
2.340539,-0.422070
2.360395,-0.430772
2.353131,-0.439475
2.340682,-0.448177
2.320665,-0.456880
2.328867,-0.465582
2.337110,-0.474285
2.345395,-0.482987
2.326686,-0.491690
2.335274,-0.500392
2.343905,-0.509095
2.326165,-0.517797
2.361307,-0.526500
2.370083,-0.535202
2.378911,-0.543905
2.413454,-0.552607
2.447698,-0.561310
2.456350,-0.570012
2.439931,-0.578714
2.448889,-0.587417
2.482729,-0.596119
2.491670,-0.604822
2.500687,-0.613524
2.509783,-0.622227
2.504894,-0.630929
2.528217,-0.639632
2.519518,-0.648334
2.551657,-0.657037
2.536929,-0.665739
2.570259,-0.674442
2.604096,-0.683144
2.615192,-0.691847
2.603939,-0.700549
2.662901,-0.709252
2.653482,-0.717954
2.690836,-0.726657
2.706203,-0.735359
2.699946,-0.744061
2.739931,-0.752764
2.735972,-0.761466
2.755636,-0.770169
2.776470,-0.778871
2.776412,-0.787574
2.777045,-0.796276
2.802713,-0.804979
2.829030,-0.813681
2.835082,-0.822384
2.842893,-0.831086
2.895785,-0.839789
2.885703,-0.848491
2.911442,-0.857194
2.928625,-0.865896
2.963204,-0.874599
2.944311,-0.883301
2.967746,-0.892003
3.001073,-0.900706
2.992301,-0.909408
3.025817,-0.918111
3.017481,-0.926813
3.072092,-0.935516
3.105813,-0.944218
3.222736,-0.952921
3.318595,-0.961623
6.108339,-1.179185
5.725667,-1.187888
5.683866,-1.196590
5.682530,-1.205293
5.681628,-1.213995
5.681158,-1.222697
5.681120,-1.231400
5.681516,-1.240102
5.682344,-1.248805
5.683606,-1.257507
5.685301,-1.266210
5.687430,-1.274912
5.689995,-1.283615
5.692996,-1.292317
5.696433,-1.301020
5.700309,-1.309722
5.704626,-1.318425
5.749583,-1.327127
5.754821,-1.335830
5.760507,-1.344532
5.806963,-1.353235
5.813600,-1.361937
5.820696,-1.370639
5.848486,-1.379342
5.856536,-1.388044
5.865056,-1.396747
5.874048,-1.405449
5.883517,-1.414152
5.893466,-1.422854
5.903898,-1.431557
5.914819,-1.440259
5.926233,-1.448962
5.938144,-1.457664
5.950557,-1.466367
5.942846,-1.475069
5.914876,-1.483772
5.928682,-1.492474
5.943006,-1.501177
5.957854,-1.509879
5.973232,-1.518582
5.989147,-1.527284
6.047596,-1.535986
6.127886,-1.544689
6.504725,-1.553391
