scan.pos:2.055306,6.481079,-0.3647501.604475,1.562094
1.609900,1.553391
1.615486,1.544689
1.621235,1.535986
1.627149,1.527284
1.633232,1.518581
1.639485,1.509879
1.645912,1.501177
1.652516,1.492474
1.659300,1.483772
1.666267,1.475069
1.673422,1.466367
1.680766,1.457664
1.688304,1.448962
1.696041,1.440259
1.703978,1.431557
1.712121,1.422854
1.720474,1.414152
1.729042,1.405449
1.737828,1.396747
1.746837,1.388044
1.756075,1.379342
1.765546,1.370639
1.775256,1.361937
1.785210,1.353234
1.795414,1.344532
1.805874,1.335830
1.816595,1.327127
1.827584,1.318425
1.838848,1.309722
1.850393,1.301020
1.862227,1.292317
1.874357,1.283615
1.886790,1.274912
1.899536,1.266210
1.912601,1.257507
1.925995,1.248805
1.939727,1.240102
1.953805,1.231400
1.968241,1.222697
1.983043,1.213995
1.998224,1.205292
2.013793,1.196590
2.029762,1.187888
2.046144,1.179185
2.062950,1.170483
2.080195,1.161780
2.097892,1.153078
2.116054,1.144375
2.118954,1.135673
2.146185,1.126970
2.147199,1.118268
2.175208,1.109565
2.205644,1.100863
2.207318,1.092160
2.236248,1.083458
2.269167,1.074755
2.298838,1.066053
2.307413,1.057350
2.338109,1.048648
2.368997,1.039945
2.380971,1.031243
2.413017,1.022541
2.445324,1.013838
2.460919,1.005136
2.494538,0.996433
2.528498,0.987731
2.572583,0.979028
2.583438,0.970326
2.619322,0.961623
2.667187,0.952921
2.680624,0.944218
2.718752,0.935516
2.770832,0.926813
2.810790,0.918111
2.851413,0.909408
2.884747,0.900706
2.927643,0.892003
2.971354,0.883301
3.010414,0.874598
3.056767,0.865896
3.104115,0.857194
3.152521,0.848491
3.222648,0.839789
3.274207,0.831086
3.327062,0.822384
3.382211,0.813681
3.438927,0.804979
3.519320,0.796276
3.579234,0.787574
3.646118,0.778871
3.710923,0.770169
3.799577,0.761466
3.868658,0.752764
3.950135,0.744061
4.047045,0.735359
4.125196,0.726656
4.227755,0.717954
4.327748,0.709251
4.438458,0.700549
4.552921,0.691847
4.671458,0.683144
4.795673,0.674442
4.925415,0.665739
5.060526,0.657037
5.222380,0.648334
5.379411,0.639632
5.536258,0.630929
5.721757,0.622227
5.915930,0.613524
6.119331,0.604822
6.110631,0.596119
6.094524,0.587417
6.072555,0.578714
6.059343,0.570012
6.048257,0.561309
6.037670,0.552607
6.027579,0.543905
6.017978,0.535202
6.008865,0.526500
6.000237,0.517797
5.992088,0.509095
5.984416,0.500392
5.977219,0.491690
5.970493,0.482987
5.964236,0.474285
5.958446,0.465582
5.953119,0.456880
5.948255,0.448177
5.943851,0.439475
5.939905,0.430772
5.936417,0.422070
5.933384,0.413367
5.930806,0.404665
5.928680,0.395962
5.927009,0.387260
5.925788,0.378558
5.925020,0.369855
5.924703,0.361153
5.924837,0.352450
5.925423,0.343748
5.926459,0.335045
5.927948,0.326343
5.929889,0.317640
5.932284,0.308938
5.935132,0.300235
5.938436,0.291533
5.942196,0.282830
5.946414,0.274128
5.951091,0.265425
5.956230,0.256723
5.961833,0.248020
5.967900,0.239318
5.974435,0.230615
5.981441,0.221913
5.988920,0.213211
5.996875,0.204508
6.005309,0.195806
6.014225,0.187103
6.023627,0.178401
6.033519,0.169698
6.043904,0.160996
6.054788,0.152293
6.066173,0.143591
6.078064,0.134888
6.090468,0.126186
6.103387,0.117483
6.116829,0.108781
6.130797,0.100078
6.145299,0.091376
6.160340,0.082673
6.175926,0.073971
6.192064,0.065269
6.208760,0.056566
6.226022,0.047864
6.243858,0.039161
6.262274,0.030459
6.281278,0.021756
6.300880,0.013054
6.321087,0.004351
6.341909,-0.004351
6.363355,-0.013054
6.385434,-0.021756
6.408156,-0.030459
6.431533,-0.039161
6.455574,-0.047864
6.480290,-0.056566
6.505694,-0.065269
6.531798,-0.073971
6.558613,-0.082674
6.586153,-0.091376
6.614431,-0.100078
6.643461,-0.108781
6.673257,-0.117483
6.703835,-0.126186
6.735209,-0.134888
6.767397,-0.143591
6.800414,-0.152293
6.834277,-0.160996
6.869005,-0.169698
6.904617,-0.178401
6.941131,-0.187103
6.978567,-0.195806
7.016947,-0.204508
7.056292,-0.213211
7.096623,-0.221913
7.137965,-0.230616
7.180342,-0.239318
7.223778,-0.248021
7.268300,-0.256723
7.313935,-0.265425
7.360710,-0.274128
7.408655,-0.282830
7.457800,-0.291533
7.508178,-0.300235
7.559821,-0.308938
7.612762,-0.317640
7.668763,-0.326343
7.738513,-0.335045
7.781442,-0.343748
7.780213,-0.352450
7.701841,-0.361153
7.618886,-0.369855
7.563946,-0.378558
7.429888,-0.387260
7.329394,-0.395963
7.259385,-0.404665
7.194573,-0.413367
7.135103,-0.422070
7.080074,-0.430772
7.019928,-0.439475
6.961321,-0.448177
6.849423,-0.456880
6.794197,-0.465582
6.686451,-0.474285
6.634389,-0.482987
6.583629,-0.491690
5.243396,-0.500392
5.100076,-0.509095
5.037104,-0.517797
4.949644,-0.526500
4.787014,-0.535202
4.728660,-0.543905
4.696701,-0.552607
4.590294,-0.561310
4.510543,-0.570012
4.357901,-0.578714
4.305910,-0.587417
4.181552,-0.596119
4.156219,-0.604822
3.938277,-0.613524
3.891280,-0.622227
3.868994,-0.630929
3.847254,-0.639632
3.826046,-0.648334
3.805358,-0.657037
3.785180,-0.665739
3.765500,-0.674442
3.746308,-0.683144
3.727592,-0.691847
3.732234,-0.700549
3.714333,-0.709252
3.696883,-0.717954
3.702445,-0.726657
3.708236,-0.735359
3.691889,-0.744061
3.720507,-0.752764
3.726986,-0.761466
3.755780,-0.770169
3.740630,-0.778871
3.791615,-0.787574
3.820665,-0.796276
3.863115,-0.804979
3.844352,-0.813681
3.907189,-0.822384
3.940570,-0.831086
3.945299,-0.839789
3.974477,-0.848491
3.979785,-0.857194
3.995885,-0.865896
4.015749,-0.874599
4.060129,-0.883301
4.069076,-0.892003
4.128023,-0.900706
4.128026,-0.909408
4.175611,-0.918111
4.247705,-0.926813
4.257958,-0.935516
4.372062,-0.944218
4.382624,-0.952921
4.434713,-0.961623
4.486912,-0.970326
4.498163,-0.979028
4.571192,-0.987731
4.582919,-0.996433
4.656203,-1.005136
4.668434,-1.013838
4.701326,-1.022541
4.714153,-1.031243
4.747582,-1.039946
4.740765,-1.048648
4.795009,-1.057350
4.788870,-1.066053
4.823465,-1.074755
4.805306,-1.083458
4.801589,-1.092160
4.808316,-1.100863
4.804018,-1.109565
4.800092,-1.118268
4.796538,-1.126970
4.793354,-1.135673
4.790539,-1.144375
4.748033,-1.153078
4.745970,-1.161780
4.744269,-1.170483
4.742931,-1.179185
4.741955,-1.187888
4.741340,-1.196590
4.741086,-1.205293
4.741194,-1.213995
4.741662,-1.222697
4.742492,-1.231400
4.743683,-1.240102
4.745236,-1.248805
4.747152,-1.257507
4.749432,-1.266210
4.752076,-1.274912
4.755085,-1.283615
4.758460,-1.292317
4.762203,-1.301020
4.746209,-1.309722
4.750673,-1.318425
4.755508,-1.327127
4.760715,-1.335830
4.766298,-1.344532
4.772257,-1.353235
4.778596,-1.361937
4.785316,-1.370639
4.792422,-1.379342
4.799914,-1.388044
4.807796,-1.396747
4.816072,-1.405449
4.824744,-1.414152
4.833816,-1.422854
4.802257,-1.431557
2.569951,-1.440259
2.451783,-1.448962
2.374588,-1.457664
2.317924,-1.466367
2.219683,-1.475069
2.162729,-1.483772
2.105657,-1.492474
2.027549,-1.501177
1.970139,-1.509879
1.933582,-1.518582
1.918044,-1.527284
1.923701,-1.535986
1.908335,-1.544689
1.850481,-1.553391
1.813739,-1.562094
1.819714,-1.570796
