scan.pos:5.657981,4.421166,1.9184354.677128,1.344532
4.289211,1.335830
4.244585,1.327127
4.240583,1.318425
4.236912,1.309722
4.233569,1.301020
4.230553,1.292317
4.227863,1.283615
4.225499,1.274912
4.223458,1.266210
4.221741,1.257507
4.220346,1.248805
4.219274,1.240102
4.218523,1.231400
4.218093,1.222697
4.217985,1.213995
4.218198,1.205292
4.218733,1.196590
4.219589,1.187888
4.220767,1.179185
4.222267,1.170483
4.224090,1.161780
4.266315,1.153078
4.268809,1.144375
4.271632,1.135673
4.314942,1.126970
4.318457,1.118268
4.322308,1.109565
4.326496,1.100863
4.351175,1.092160
4.356063,1.083458
4.361295,1.074755
4.366873,1.066053
4.372798,1.057350
4.379073,1.048648
4.385701,1.039945
4.379971,1.031243
4.400024,1.022541
4.407726,1.013838
4.415791,1.005136
4.424223,0.996433
4.433026,0.987731
4.442204,0.979028
4.451758,0.970326
4.461695,0.961623
4.451304,0.952921
4.461967,0.944218
4.431393,0.935516
4.442739,0.926813
4.454484,0.918111
4.466631,0.909408
4.479187,0.900706
4.492157,0.892003
4.505547,0.883301
4.561817,0.874598
4.597492,0.865896
4.655109,0.857194
7.653986,0.735359
7.529540,0.726656
7.410827,0.717954
7.300336,0.709251
7.189487,0.700549
7.081851,0.691847
6.984413,0.683144
6.883527,0.674442
6.785372,0.665739
6.675761,0.657037
6.583313,0.648334
6.493195,0.639632
6.417150,0.630929
6.332108,0.622227
6.249065,0.613524
6.182008,0.604822
6.103410,0.596119
6.026533,0.587417
5.967548,0.578714
5.894586,0.570012
5.823106,0.561309
5.746021,0.552607
5.677831,0.543905
5.630722,0.535202
5.565725,0.526500
5.501884,0.517797
5.461064,0.509095
5.400072,0.500392
5.340073,0.491690
5.305069,0.482987
5.247623,0.474285
5.189131,0.465582
5.161448,0.456880
5.106243,0.448177
5.053164,0.439475
5.025784,0.430772
4.982617,0.422070
4.940558,0.413367
4.899573,0.404665
4.859630,0.395962
4.820696,0.387260
4.782743,0.378558
4.745741,0.369855
4.709664,0.361153
4.674484,0.352450
4.640176,0.343748
4.606717,0.335045
4.574083,0.326343
4.542251,0.317640
4.511200,0.308938
4.480910,0.300235
4.451361,0.291533
4.422533,0.282830
4.394409,0.274128
4.366971,0.265425
4.340202,0.256723
4.314085,0.248020
4.288606,0.239318
4.263748,0.230615
4.239499,0.221913
4.215842,0.213211
4.192766,0.204508
4.170257,0.195806
4.148302,0.187103
4.126890,0.178401
4.106009,0.169698
4.085648,0.160996
4.065795,0.152293
4.046442,0.143591
4.027577,0.134888
4.009191,0.126186
3.991275,0.117483
3.973819,0.108781
3.956815,0.100078
3.940256,0.091376
3.924131,0.082673
3.908435,0.073971
3.893159,0.065269
3.878296,0.056566
3.863840,0.047864
3.849782,0.039161
3.836118,0.030459
3.822841,0.021756
3.809944,0.013054
3.797422,0.004351
3.785270,-0.004351
3.773481,-0.013054
3.762052,-0.021756
3.750976,-0.030459
3.740249,-0.039161
3.729867,-0.047864
3.719824,-0.056566
3.710117,-0.065269
3.700742,-0.073971
3.691695,-0.082674
3.682971,-0.091376
3.674568,-0.100078
3.666482,-0.108781
3.658709,-0.117483
3.651247,-0.126186
3.644091,-0.134888
3.637241,-0.143591
3.630692,-0.152293
3.624442,-0.160996
3.618488,-0.169698
3.612829,-0.178401
3.607462,-0.187103
3.602385,-0.195806
3.597595,-0.204508
3.593091,-0.213211
3.588872,-0.221913
3.584935,-0.230616
3.581280,-0.239318
3.577904,-0.248021
3.574806,-0.256723
3.571985,-0.265425
3.569441,-0.274128
3.567172,-0.282830
3.565176,-0.291533
3.563455,-0.300235
3.562006,-0.308938
3.560829,-0.317640
3.559924,-0.326343
3.559291,-0.335045
3.558928,-0.343748
3.558837,-0.352450
3.559017,-0.361153
3.559468,-0.369855
3.560190,-0.378558
3.561184,-0.387260
3.562450,-0.395963
3.563988,-0.404665
3.565799,-0.413367
3.567883,-0.422070
3.570243,-0.430772
3.572877,-0.439475
3.575788,-0.448177
3.578977,-0.456880
3.582444,-0.465582
3.586192,-0.474285
3.590221,-0.482987
3.594533,-0.491690
3.599130,-0.500392
3.604013,-0.509095
3.609185,-0.517797
3.614647,-0.526500
3.620403,-0.535202
3.626453,-0.543905
3.632800,-0.552607
3.639447,-0.561310
3.646398,-0.570012
3.653653,-0.578714
3.661216,-0.587417
3.669091,-0.596119
3.677281,-0.604822
3.685789,-0.613524
3.694618,-0.622227
3.703772,-0.630929
3.713255,-0.639632
3.723071,-0.648334
3.733224,-0.657037
3.743719,-0.665739
3.754559,-0.674442
3.765750,-0.683144
3.777297,-0.691847
3.789203,-0.700549
3.801476,-0.709252
3.814120,-0.717954
3.827140,-0.726657
3.840544,-0.735359
3.854336,-0.744061
3.868523,-0.752764
3.883111,-0.761466
3.898109,-0.770169
3.913521,-0.778871
3.929357,-0.787574
3.945623,-0.796276
3.962327,-0.804979
3.979477,-0.813681
3.997082,-0.822384
4.015151,-0.831086
4.033693,-0.839789
4.052716,-0.848491
4.072232,-0.857194
4.092249,-0.865896
4.112779,-0.874599
4.133833,-0.883301
4.155421,-0.892003
4.177556,-0.900706
4.206039,-0.909408
4.243258,-0.918111
4.235033,-0.926813
4.192370,-0.935516
4.115571,-0.944218
4.077174,-0.952921
4.027160,-0.961623
3.968302,-0.970326
3.920681,-0.979028
3.890147,-0.987731
3.844864,-0.996433
3.792770,-1.005136
3.749474,-1.013838
3.700352,-1.022541
3.658866,-1.031243
3.643914,-1.039946
3.598830,-1.048648
3.555292,-1.057350
3.517160,-1.066053
3.476086,-1.074755
3.439337,-1.083458
3.427750,-1.092160
3.392482,-1.100863
3.356159,-1.109565
3.322054,-1.118268
3.287831,-1.126970
3.279155,-1.135673
3.250990,-1.144375
3.223548,-1.153078
3.196806,-1.161780
3.170745,-1.170483
3.145342,-1.179185
3.120579,-1.187888
3.096436,-1.196590
3.072897,-1.205293
3.049943,-1.213995
3.027559,-1.222697
3.005728,-1.231400
2.984435,-1.240102
2.963665,-1.248805
2.943406,-1.257507
2.923643,-1.266210
2.904363,-1.274912
2.885554,-1.283615
2.867204,-1.292317
2.849301,-1.301020
2.831835,-1.309722
2.814795,-1.318425
2.798171,-1.327127
2.781952,-1.335830
2.766130,-1.344532
2.750695,-1.353235
2.735638,-1.361937
2.720952,-1.370639
2.706627,-1.379342
2.692657,-1.388044
2.679032,-1.396747
2.665747,-1.405449
2.652794,-1.414152
2.640167,-1.422854
2.627858,-1.431557
2.615862,-1.440259
2.604172,-1.448962
2.592783,-1.457664
2.581689,-1.466367
2.570884,-1.475069
2.560364,-1.483772
2.550122,-1.492474
2.540155,-1.501177
2.530457,-1.509879
2.521025,-1.518582
2.511853,-1.527284
2.502938,-1.535986
2.494275,-1.544689
2.485860,-1.553391
2.477690,-1.562094
2.469761,-1.570796
