scan.pos:6.689003,4.711769,-0.3647503.507040,1.562094
3.523498,1.553391
3.435178,1.544689
3.370580,1.535986
3.300092,1.527284
3.240731,1.518581
3.161273,1.509879
3.105268,1.501177
3.047409,1.492474
2.995464,1.483772
2.944850,1.475069
2.895483,1.466367
2.824859,1.457664
2.779250,1.448962
2.733999,1.440259
2.689688,1.431557
2.646261,1.422854
2.608831,1.414152
2.567856,1.405449
2.527593,1.396747
2.487997,1.388044
2.457498,1.379342
2.419902,1.370639
2.382839,1.361937
2.346274,1.353234
2.321752,1.344532
2.286833,1.335830
2.276545,1.327127
2.242526,1.318425
2.223389,1.309722
2.190742,1.301020
2.158375,1.292317
2.126260,1.283615
2.111795,1.274912
2.080825,1.266210
2.050035,1.257507
2.038950,1.248805
2.009160,1.240102
2.005554,1.231400
1.976166,1.222697
1.969228,1.213995
1.940686,1.205292
1.912185,1.196590
1.910789,1.187888
1.882533,1.179185
1.854266,1.170483
1.853725,1.161780
1.825617,1.153078
1.825682,1.144375
1.813175,1.135673
1.797772,1.126970
1.782763,1.118268
1.768136,1.109565
1.753880,1.100863
1.739983,1.092160
1.726435,1.083458
1.713226,1.074755
1.700346,1.066053
1.687786,1.057350
1.675536,1.048648
1.663589,1.039945
1.651936,1.031243
1.640569,1.022541
1.629481,1.013838
1.618664,1.005136
1.608112,0.996433
1.597817,0.987731
1.587773,0.979028
1.577974,0.970326
1.568414,0.961623
1.559087,0.952921
1.549988,0.944218
1.541111,0.935516
1.532451,0.926813
1.524003,0.918111
1.515763,0.909408
1.507726,0.900706
1.499887,0.892003
1.492242,0.883301
1.484787,0.874598
1.477518,0.865896
1.470432,0.857194
1.463524,0.848491
1.456791,0.839789
1.450230,0.831086
1.443837,0.822384
1.437609,0.813681
1.431543,0.804979
1.425636,0.796276
1.419886,0.787574
1.414289,0.778871
1.408843,0.770169
1.403545,0.761466
1.398392,0.752764
1.393384,0.744061
1.388516,0.735359
1.383787,0.726656
1.379195,0.717954
1.374738,0.709251
1.370414,0.700549
1.366220,0.691847
1.362155,0.683144
1.358218,0.674442
1.354406,0.665739
1.350718,0.657037
1.347152,0.648334
1.343708,0.639632
1.340382,0.630929
1.337175,0.622227
1.334084,0.613524
1.331109,0.604822
1.328248,0.596119
1.325499,0.587417
1.322863,0.578714
1.320338,0.570012
1.317922,0.561309
1.315615,0.552607
1.313416,0.543905
1.311324,0.535202
1.309338,0.526500
1.307458,0.517797
1.305683,0.509095
1.304011,0.500392
1.302443,0.491690
1.300977,0.482987
1.299614,0.474285
1.298352,0.465582
1.297191,0.456880
1.296131,0.448177
1.295172,0.439475
1.294312,0.430772
1.293552,0.422070
1.292891,0.413367
1.292329,0.404665
1.291866,0.395962
1.291502,0.387260
1.291236,0.378558
1.291068,0.369855
1.290999,0.361153
1.291029,0.352450
1.291156,0.343748
1.291382,0.335045
1.291706,0.326343
1.292130,0.317640
1.292651,0.308938
1.293272,0.300235
1.293992,0.291533
1.294811,0.282830
1.295730,0.274128
1.296749,0.265425
1.297869,0.256723
1.299090,0.248020
1.300412,0.239318
1.301836,0.230615
1.303363,0.221913
1.304992,0.213211
1.306726,0.204508
1.308563,0.195806
1.310506,0.187103
1.312555,0.178401
1.314710,0.169698
1.316973,0.160996
1.319345,0.152293
1.321826,0.143591
1.324417,0.134888
1.327120,0.126186
1.329935,0.117483
1.332864,0.108781
1.335908,0.100078
1.339068,0.091376
1.342345,0.082673
1.345741,0.073971
1.349258,0.065269
1.352896,0.056566
1.356657,0.047864
1.360543,0.039161
1.364556,0.030459
1.368698,0.021756
1.372969,0.013054
1.377372,0.004351
1.381909,-0.004351
1.386582,-0.013054
1.391393,-0.021756
1.396344,-0.030459
1.401438,-0.039161
1.406677,-0.047864
1.412063,-0.056566
1.417598,-0.065269
1.423286,-0.073971
1.429129,-0.082674
1.435130,-0.091376
1.441292,-0.100078
1.447618,-0.108781
1.454110,-0.117483
1.460773,-0.126186
1.467610,-0.134888
1.474623,-0.143591
1.481818,-0.152293
1.489197,-0.160996
1.496764,-0.169698
1.504524,-0.178401
1.512480,-0.187103
1.520638,-0.195806
1.529001,-0.204508
1.537574,-0.213211
1.546362,-0.221913
1.555371,-0.230616
1.564605,-0.239318
1.574069,-0.248021
1.583771,-0.256723
1.593714,-0.265425
1.603907,-0.274128
1.614354,-0.282830
1.625063,-0.291533
1.636040,-0.300235
1.647293,-0.308938
1.658829,-0.317640
1.670656,-0.326343
1.682782,-0.335045
1.695215,-0.343748
1.707964,-0.352450
1.721039,-0.361153
1.734448,-0.369855
1.748202,-0.378558
1.762312,-0.387260
1.776787,-0.395963
1.791639,-0.404665
1.806881,-0.413367
1.822525,-0.422070
1.828348,-0.430772
1.831990,-0.439475
1.863672,-0.448177
1.867937,-0.456880
1.899809,-0.465582
1.907613,-0.474285
1.940243,-0.482987
1.946385,-0.491690
1.979343,-0.500392
1.986249,-0.509095
1.999070,-0.517797
2.033273,-0.526500
2.042044,-0.535202
2.076770,-0.543905
2.086459,-0.552607
2.121793,-0.561310
2.157383,-0.570012
2.177695,-0.578714
2.214605,-0.587417
2.227417,-0.596119
2.265200,-0.604822
2.279237,-0.613524
2.318007,-0.622227
2.346122,-0.630929
2.386637,-0.639632
2.404099,-0.648334
2.445893,-0.657037
2.488323,-0.665739
2.508197,-0.674442
2.552151,-0.683144
2.596880,-0.691847
2.637777,-0.700549
2.685089,-0.709252
2.710687,-0.717954
2.760086,-0.726657
2.810574,-0.735359
2.862223,-0.744061
2.915111,-0.752764
2.971252,-0.761466
3.027918,-0.770169
3.086124,-0.778871
3.145974,-0.787574
3.207584,-0.796276
3.271077,-0.804979
3.336586,-0.813681
3.404258,-0.822384
3.474250,-0.831086
3.559414,-0.839789
3.550547,-0.848491
3.545185,-0.857194
3.522305,-0.865896
3.525901,-0.874599
3.515411,-0.883301
3.505249,-0.892003
3.495412,-0.900706
3.485894,-0.909408
3.476692,-0.918111
3.467802,-0.926813
3.459220,-0.935516
3.450942,-0.944218
3.401631,-0.952921
3.394044,-0.961623
3.386749,-0.970326
3.359207,-0.979028
3.352526,-0.987731
3.346125,-0.996433
3.340003,-1.005136
3.334157,-1.013838
3.328584,-1.022541
3.323283,-1.031243
3.318250,-1.039946
3.313485,-1.048648
3.308985,-1.057350
3.304749,-1.066053
3.300775,-1.074755
3.297060,-1.083458
3.293605,-1.092160
3.290407,-1.100863
3.287466,-1.109565
3.284780,-1.118268
3.282348,-1.126970
3.280169,-1.135673
3.278242,-1.144375
3.276568,-1.153078
3.275144,-1.161780
3.273970,-1.170483
3.273047,-1.179185
3.272373,-1.187888
3.231947,-1.196590
3.231774,-1.205293
3.231847,-1.213995
3.232166,-1.222697
3.232732,-1.231400
3.233544,-1.240102
3.194568,-1.248805
3.195858,-1.257507
3.197392,-1.266210
3.199172,-1.274912
3.201198,-1.283615
3.203470,-1.292317
3.205990,-1.301020
3.208758,-1.309722
3.211776,-1.318425
3.215045,-1.327127
3.218566,-1.335830
3.222340,-1.344532
3.226369,-1.353235
3.230654,-1.361937
3.235198,-1.370639
3.240001,-1.379342
3.245066,-1.388044
3.250395,-1.396747
3.255990,-1.405449
3.261853,-1.414152
3.267987,-1.422854
3.274393,-1.431557
3.281075,-1.440259
3.288035,-1.448962
3.295276,-1.457664
3.302802,-1.466367
3.310614,-1.475069
3.318717,-1.483772
3.327113,-1.492474
3.335807,-1.501177
3.344802,-1.509879
3.354101,-1.518582
3.363710,-1.527284
3.359443,-1.535986
3.379719,-1.544689
3.382734,-1.553391
3.389396,-1.562094
3.399498,-1.570796
