scan.pos:-2.523995,6.088775,-2.6147505.100395,1.562094
5.074828,1.553391
5.049898,1.544689
5.025593,1.535986
5.001901,1.527284
4.978807,1.518581
4.956303,1.509879
4.934374,1.501177
4.913011,1.492474
4.892203,1.483772
4.871941,1.475069
4.852213,1.466367
4.833011,1.457664
4.814326,1.448962
4.839663,1.440259
4.821824,1.431557
4.804481,1.422854
4.787625,1.414152
4.771250,1.405449
4.798103,1.396747
4.803836,1.388044
4.831138,1.379342
4.837460,1.370639
4.907450,1.361937
4.914247,1.353234
5.068322,1.344532
5.284732,1.335830
5.437740,1.327127
5.582564,1.318425
5.747807,1.309722
5.935661,1.301020
5.976602,1.292317
6.173083,1.283615
3.292030,0.918111
3.134279,0.909408
2.956226,0.900706
2.818396,0.892003
2.558996,0.883301
2.461225,0.874598
2.363361,0.865896
2.184068,0.857194
2.106179,0.848491
2.048587,0.839789
1.990950,0.831086
1.851370,0.822384
1.854974,0.813681
1.858734,0.804979
1.800865,0.796276
1.763525,0.787574
1.746840,0.778871
1.709475,0.770169
1.692848,0.761466
1.697108,0.752764
1.680625,0.744061
1.664184,0.735359
1.668787,0.726656
1.673544,0.717954
1.657327,0.709251
1.662333,0.700549
1.667496,0.691847
1.630167,0.683144
1.635512,0.674442
1.641019,0.665739
1.646688,0.657037
1.630904,0.648334
1.615131,0.639632
1.621144,0.630929
1.627326,0.622227
1.633680,0.613524
1.640210,0.604822
1.646917,0.596119
1.653807,0.587417
1.660881,0.578714
1.668143,0.570012
1.675598,0.561309
1.683248,0.552607
1.691098,0.543905
1.699151,0.535202
1.707412,0.526500
1.715885,0.517797
1.724575,0.509095
1.733486,0.500392
1.742622,0.491690
1.751990,0.482987
1.761594,0.474285
1.771439,0.465582
1.781531,0.456880
1.791876,0.448177
1.802481,0.439475
1.813350,0.430772
1.818274,0.422070
1.815147,0.413367
1.847615,0.404665
1.859613,0.395962
1.871911,0.387260
1.884517,0.378558
1.897440,0.369855
1.910687,0.361153
1.924268,0.352450
1.990268,0.343748
2.004929,0.335045
2.019962,0.326343
2.035379,0.317640
2.104859,0.308938
2.121501,0.300235
2.165836,0.291533
2.183573,0.282830
2.201772,0.274128
2.220448,0.265425
2.239614,0.256723
2.244711,0.248020
2.269585,0.239318
2.349816,0.230615
2.374336,0.221913
2.398943,0.213211
2.423652,0.204508
2.421700,0.195806
2.473446,0.187103
2.498562,0.178401
2.497668,0.169698
2.523329,0.160996
2.606647,0.152293
2.613640,0.143591
2.654649,0.134888
2.665359,0.126186
2.702899,0.117483
2.750407,0.108781
2.766631,0.100078
2.809325,0.091376
6.700222,0.082673
6.659502,0.073971
6.619775,0.065269
6.581017,0.056566
6.543206,0.047864
6.506320,0.039161
6.470336,0.030459
6.435237,0.021756
6.401000,0.013054
6.367609,0.004351
6.335044,-0.004351
6.303288,-0.013054
6.272325,-0.021756
6.242136,-0.030459
6.212708,-0.039161
6.184025,-0.047864
6.156072,-0.056566
6.128835,-0.065269
6.102301,-0.073971
6.076457,-0.082674
6.051289,-0.091376
6.026786,-0.100078
6.002935,-0.108781
5.979727,-0.117483
5.957149,-0.126186
5.935192,-0.134888
5.913844,-0.143591
5.893096,-0.152293
5.872940,-0.160996
5.853364,-0.169698
5.834363,-0.178401
5.815925,-0.187103
5.798043,-0.195806
5.780710,-0.204508
5.763918,-0.213211
5.747660,-0.221913
5.731928,-0.230616
5.716717,-0.239318
5.702019,-0.248021
5.687829,-0.256723
5.674139,-0.265425
5.660946,-0.274128
5.648244,-0.282830
5.636026,-0.291533
5.624289,-0.300235
5.613026,-0.308938
5.602235,-0.317640
5.591910,-0.326343
5.582047,-0.335045
5.572643,-0.343748
5.563693,-0.352450
5.555194,-0.361153
5.547143,-0.369855
5.539537,-0.378558
5.532372,-0.387260
5.525647,-0.395963
5.519357,-0.404665
5.513500,-0.413367
5.508076,-0.422070
5.503080,-0.430772
5.498512,-0.439475
5.494370,-0.448177
5.490652,-0.456880
5.487356,-0.465582
5.484482,-0.474285
5.482028,-0.482987
5.479993,-0.491690
5.478377,-0.500392
5.477179,-0.509095
5.476398,-0.517797
5.476034,-0.526500
5.476088,-0.535202
5.476558,-0.543905
5.477446,-0.552607
5.478752,-0.561310
5.480475,-0.570012
5.482617,-0.578714
5.485179,-0.587417
5.488161,-0.596119
3.068695,-0.604822
2.789842,-0.613524
2.490705,-0.622227
2.291790,-0.630929
2.132939,-0.639632
1.953801,-0.648334
1.834931,-0.657037
1.695746,-0.665739
1.616994,-0.674442
1.497687,-0.683144
1.438972,-0.691847
1.359901,-0.700549
1.301023,-0.709252
1.221696,-0.717954
1.182990,-0.726657
1.185104,-0.735359
1.187317,-0.744061
1.189628,-0.752764
1.171487,-0.761466
1.132765,-0.770169
1.093962,-0.778871
1.055070,-0.787574
1.036815,-0.796276
1.039338,-0.804979
1.041953,-0.813681
1.002875,-0.822384
0.984616,-0.831086
0.987339,-0.839789
0.990153,-0.848491
0.993059,-0.857194
0.996059,-0.865896
0.977894,-0.874599
0.981016,-0.883301
0.984233,-0.892003
0.987547,-0.900706
0.990958,-0.909408
0.972851,-0.918111
0.954688,-0.926813
0.958242,-0.935516
0.961896,-0.944218
0.943705,-0.952921
0.925442,-0.961623
0.929227,-0.970326
0.933114,-0.979028
0.937106,-0.987731
0.941203,-0.996433
0.945409,-1.005136
0.927113,-1.013838
0.931437,-1.022541
0.935872,-1.031243
0.917485,-1.039946
0.898987,-1.048648
0.903540,-1.057350
0.908209,-1.066053
0.912996,-1.074755
0.917903,-1.083458
0.922935,-1.092160
0.904296,-1.100863
0.909448,-1.109565
0.914729,-1.118268
0.920142,-1.126970
0.925691,-1.135673
0.931378,-1.144375
0.937208,-1.153078
0.943183,-1.161780
0.924326,-1.170483
0.905292,-1.179185
0.911388,-1.187888
0.917638,-1.196590
0.924044,-1.205293
0.930613,-1.213995
0.937347,-1.222697
0.944252,-1.231400
0.951332,-1.240102
0.958592,-1.248805
0.966039,-1.257507
0.973677,-1.266210
0.981512,-1.274912
0.989550,-1.283615
0.997797,-1.292317
1.006261,-1.301020
1.014947,-1.309722
1.012697,-1.318425
1.031959,-1.327127
1.023318,-1.335830
1.042327,-1.344532
1.061106,-1.353235
1.052674,-1.361937
1.071234,-1.370639
1.089589,-1.379342
1.081373,-1.388044
1.099541,-1.396747
1.117526,-1.405449
1.109534,-1.414152
1.101738,-1.422854
1.094134,-1.431557
1.086717,-1.440259
1.104585,-1.448962
1.097362,-1.457664
1.090315,-1.466367
1.108064,-1.475069
1.125675,-1.483772
1.118834,-1.492474
1.112160,-1.501177
1.105648,-1.509879
1.123194,-1.518582
1.116862,-1.527284
1.110685,-1.535986
1.128163,-1.544689
1.145540,-1.553391
1.162820,-1.562094
1.180011,-1.570796
