scan.pos:2.071882,6.593434,2.8684352.284708,1.562094
2.207108,1.553391
2.129283,1.544689
2.093075,1.535986
2.014854,1.527284
2.020542,1.518581
2.026416,1.509879
1.990137,1.501177
1.932552,1.492474
1.917363,1.483772
1.923596,1.475069
1.908572,1.466367
1.872075,1.457664
1.835467,1.448962
1.798738,1.440259
1.783629,1.431557
1.768544,1.422854
1.731560,1.414152
1.716423,1.405449
1.679201,1.396747
1.641801,1.388044
1.604211,1.379342
1.588798,1.370639
1.550895,1.361937
1.535348,1.353234
1.497092,1.344532
1.481383,1.335830
1.465636,1.327127
1.449847,1.318425
1.410883,1.309722
1.394877,1.301020
1.378812,1.292317
1.362682,1.283615
1.346482,1.274912
1.306453,1.266210
1.289961,1.257507
1.273379,1.248805
1.160032,1.240102
1.142672,1.231400
1.125190,1.222697
1.107577,1.213995
1.114596,1.205292
1.096862,1.196590
1.078980,1.187888
1.060943,1.179185
1.042742,1.170483
1.049980,1.161780
1.031609,1.153078
1.013055,1.144375
1.020474,1.135673
1.001721,1.126970
0.982761,1.118268
0.990351,1.109565
0.971160,1.100863
0.951737,1.092160
0.959487,1.083458
0.939797,1.074755
0.947723,1.066053
0.955857,1.057350
0.959145,1.048648
0.950926,1.039945
0.970651,1.031243
0.962619,1.022541
0.954790,1.013838
0.947159,1.005136
0.939720,0.996433
0.932467,0.987731
0.925396,0.979028
0.944743,0.970326
0.937826,0.961623
0.931080,0.952921
0.924500,0.944218
0.918082,0.935516
0.937150,0.926813
0.930873,0.918111
0.949743,0.909408
0.943608,0.900706
0.937622,0.892003
0.931783,0.883301
0.926086,0.874598
0.944752,0.865896
0.939186,0.857194
0.933757,0.848491
0.952267,0.839789
0.946967,0.831086
0.965342,0.822384
0.983593,0.813681
1.001724,0.804979
0.996568,0.796276
0.991540,0.787574
0.986636,0.778871
0.981856,0.770169
0.999921,0.761466
1.017892,0.752764
1.035776,0.744061
1.031161,0.735359
1.071303,0.726656
1.066733,0.717954
1.106544,0.709251
1.124070,0.700549
1.119588,0.691847
1.115226,0.683144
1.110983,0.674442
1.106855,0.665739
1.124466,0.657037
1.120489,0.648334
1.138098,0.639632
1.155673,0.630929
1.173220,0.622227
1.169480,0.613524
1.165851,0.604822
1.162334,0.596119
1.179997,0.587417
1.218658,0.578714
1.236243,0.570012
1.274723,0.561309
1.292254,0.552607
1.289003,0.543905
1.327346,0.535202
1.365606,0.526500
1.403794,0.517797
1.400720,0.509095
1.398685,0.500392
1.463217,0.491690
1.528066,0.482987
1.527222,0.474285
1.536259,0.465582
1.526085,0.456880
1.587949,0.448177
1.667546,0.439475
1.750763,0.430772
1.862301,0.422070
1.957380,0.413367
2.082336,0.404665
2.217710,0.395962
2.401519,0.387260
2.574972,0.378558
5.596585,0.308938
5.514754,0.300235
5.473399,0.291533
5.432478,0.282830
5.371981,0.274128
5.351900,0.265425
5.312224,0.256723
5.312953,0.248020
5.314087,0.239318
5.315626,0.230615
5.317572,0.221913
5.319923,0.213211
5.322683,0.204508
5.265693,0.195806
5.229099,0.187103
5.212932,0.178401
5.197137,0.169698
5.181711,0.160996
5.186786,0.152293
5.192267,0.143591
5.198156,0.134888
5.204455,0.126186
5.211166,0.117483
5.218293,0.108781
5.225838,0.100078
5.233804,0.091376
5.242194,0.082673
5.251012,0.073971
5.260260,0.065269
5.269943,0.056566
5.280065,0.047864
5.290629,0.039161
5.320771,0.030459
5.317743,0.021756
5.386396,0.013054
5.284026,0.004351
5.123052,-0.004351
4.947603,-0.013054
4.812375,-0.021756
4.691791,-0.030459
4.551976,-0.039161
4.421320,-0.047864
4.315541,-0.056566
4.194708,-0.065269
4.097400,-0.073971
4.003038,-0.082674
3.897429,-0.091376
3.809714,-0.100078
3.734601,-0.108781
3.652619,-0.117483
3.572519,-0.126186
3.508543,-0.134888
3.433055,-0.143591
3.375891,-0.152293
3.304390,-0.160996
3.231230,-0.169698
3.185282,-0.178401
3.118244,-0.187103
3.074675,-0.195806
3.010469,-0.204508
2.971663,-0.213211
2.909928,-0.221913
2.871599,-0.230616
2.838791,-0.239318
2.779816,-0.248021
2.750852,-0.256723
2.716903,-0.265425
2.660165,-0.274128
2.627216,-0.282830
2.594776,-0.291533
2.562814,-0.300235
2.507412,-0.308938
2.476180,-0.317640
2.445337,-0.326343
2.414856,-0.335045
2.384713,-0.343748
2.354884,-0.352450
2.325344,-0.361153
2.296071,-0.369855
2.267044,-0.378558
2.263500,-0.387260
2.235071,-0.395963
2.206829,-0.404665
2.178753,-0.413367
2.150825,-0.422070
2.149191,-0.430772
2.121695,-0.439475
2.094294,-0.448177
2.066971,-0.456880
2.039706,-0.465582
2.039675,-0.474285
2.012696,-0.482987
1.985726,-0.491690
1.986623,-0.500392
1.959860,-0.509095
1.955761,-0.517797
1.939003,-0.526500
1.922675,-0.535202
1.906764,-0.543905
1.891256,-0.552607
1.876141,-0.561310
1.861405,-0.570012
1.847039,-0.578714
1.833032,-0.587417
1.819373,-0.596119
1.806052,-0.604822
1.793061,-0.613524
1.780390,-0.622227
1.768030,-0.630929
1.755974,-0.639632
1.744213,-0.648334
1.732739,-0.657037
1.721546,-0.665739
1.710626,-0.674442
1.699972,-0.683144
1.689578,-0.691847
1.679437,-0.700549
1.669544,-0.709252
1.659892,-0.717954
1.650476,-0.726657
1.641291,-0.735359
1.632331,-0.744061
1.623591,-0.752764
1.615067,-0.761466
1.606753,-0.770169
1.598646,-0.778871
1.590740,-0.787574
1.583033,-0.796276
1.575519,-0.804979
1.568195,-0.813681
1.561057,-0.822384
1.554102,-0.831086
1.547325,-0.839789
1.540724,-0.848491
1.534296,-0.857194
1.528037,-0.865896
1.521944,-0.874599
1.516015,-0.883301
1.510246,-0.892003
1.504635,-0.900706
1.499180,-0.909408
1.493877,-0.918111
1.488724,-0.926813
1.483720,-0.935516
1.478861,-0.944218
1.474146,-0.952921
1.469573,-0.961623
1.465139,-0.970326
1.460842,-0.979028
1.456682,-0.987731
1.452655,-0.996433
1.448761,-1.005136
1.444997,-1.013838
1.441362,-1.022541
1.437854,-1.031243
1.434473,-1.039946
1.431216,-1.048648
1.428082,-1.057350
1.425071,-1.066053
1.422180,-1.074755
1.419408,-1.083458
1.416756,-1.092160
1.414220,-1.100863
1.411801,-1.109565
1.409497,-1.118268
1.407308,-1.126970
1.405233,-1.135673
1.403270,-1.144375
1.401420,-1.153078
1.399680,-1.161780
1.398052,-1.170483
1.396533,-1.179185
1.395124,-1.187888
1.393823,-1.196590
1.392631,-1.205293
1.391547,-1.213995
1.390571,-1.222697
1.389701,-1.231400
1.388939,-1.240102
1.388283,-1.248805
1.387733,-1.257507
1.387289,-1.266210
1.386951,-1.274912
1.386719,-1.283615
1.386592,-1.292317
1.386571,-1.301020
1.386656,-1.309722
1.386846,-1.318425
1.387142,-1.327127
1.387544,-1.335830
1.388052,-1.344532
1.388665,-1.353235
1.389386,-1.361937
1.390213,-1.370639
1.391147,-1.379342
1.392188,-1.388044
1.393337,-1.396747
1.394594,-1.405449
1.395960,-1.414152
1.397436,-1.422854
1.399020,-1.431557
1.400716,-1.440259
1.402522,-1.448962
1.404440,-1.457664
1.406471,-1.466367
1.408615,-1.475069
1.410873,-1.483772
1.413246,-1.492474
1.415735,-1.501177
1.418341,-1.509879
1.421065,-1.518582
1.423909,-1.527284
1.426872,-1.535986
1.429957,-1.544689
1.433165,-1.553391
1.436497,-1.562094
1.439954,-1.570796
