scan.pos:4.521629,5.539349,-0.3647502.612521,1.562094
2.621355,1.553391
2.630450,1.544689
2.639811,1.535986
2.649441,1.527284
2.659344,1.518581
2.669526,1.509879
2.679991,1.501177
2.690745,1.492474
2.701791,1.483772
2.713136,1.475069
2.724785,1.466367
2.736744,1.457664
2.749018,1.448962
2.761615,1.440259
2.774539,1.431557
2.787798,1.422854
2.801400,1.414152
2.815350,1.405449
2.829656,1.396747
2.844326,1.388044
2.859367,1.379342
2.874789,1.370639
2.890599,1.361937
2.906807,1.353234
2.923422,1.344532
2.940453,1.335830
2.957909,1.327127
2.975803,1.318425
2.994143,1.309722
3.012942,1.301020
3.032211,1.292317
3.051962,1.283615
3.072207,1.274912
3.092960,1.266210
3.114234,1.257507
3.136043,1.248805
3.158402,1.240102
3.181326,1.231400
3.204831,1.222697
3.228933,1.213995
3.253651,1.205292
3.279001,1.196590
3.305004,1.187888
3.331678,1.179185
3.359043,1.170483
3.387122,1.161780
3.415937,1.153078
3.445511,1.144375
3.465241,1.135673
3.483069,1.126970
3.529332,1.118268
3.548582,1.109565
3.595859,1.100863
3.616626,1.092160
3.665040,1.083458
3.687427,1.074755
3.737107,1.066053
3.761228,1.057350
3.812314,1.048648
3.864066,1.039945
3.890935,1.031243
3.944327,1.022541
3.973271,1.013838
4.028471,1.005136
4.084564,0.996433
4.116846,0.987731
4.175036,0.979028
4.234278,0.970326
4.221739,0.961623
4.187088,0.952921
4.152164,0.944218
4.128385,0.935516
4.105186,0.926813
4.082557,0.918111
4.060483,0.909408
4.038951,0.900706
4.017952,0.892003
3.997473,0.883301
3.977503,0.874598
3.958031,0.865896
3.939047,0.857194
3.920542,0.848491
3.902506,0.839789
3.884929,0.831086
3.867803,0.822384
3.851120,0.813681
3.834870,0.804979
3.819047,0.796276
3.803643,0.787574
3.788649,0.778871
3.774060,0.770169
3.759867,0.761466
3.746065,0.752764
3.732648,0.744061
3.719608,0.735359
3.706940,0.726656
3.694639,0.717954
3.682699,0.709251
3.671114,0.700549
3.659880,0.691847
3.648992,0.683144
3.638444,0.674442
3.628233,0.665739
3.618353,0.657037
3.608802,0.648334
3.599574,0.639632
3.590665,0.630929
3.582073,0.622227
3.573794,0.613524
3.565823,0.604822
3.558159,0.596119
3.550797,0.587417
3.543735,0.578714
3.536969,0.570012
3.530498,0.561309
3.524318,0.552607
3.518428,0.543905
3.512824,0.535202
3.507504,0.526500
3.502467,0.517797
3.497711,0.509095
3.493233,0.500392
3.489032,0.491690
3.485106,0.482987
3.481453,0.474285
3.478073,0.465582
3.474964,0.456880
3.472125,0.448177
3.469554,0.439475
3.467251,0.430772
3.465214,0.422070
3.463444,0.413367
3.461939,0.404665
3.460699,0.395962
3.459723,0.387260
3.459011,0.378558
3.458562,0.369855
3.458377,0.361153
3.458455,0.352450
3.458797,0.343748
3.459402,0.335045
3.460271,0.326343
3.461404,0.317640
3.462802,0.308938
3.464465,0.300235
3.466393,0.291533
3.468588,0.282830
3.471050,0.274128
3.473780,0.265425
3.476780,0.256723
3.480050,0.248020
3.483592,0.239318
3.487407,0.230615
3.491496,0.221913
3.495862,0.213211
3.500505,0.204508
3.505428,0.195806
3.510633,0.187103
3.516121,0.178401
3.521895,0.169698
3.527957,0.160996
3.534310,0.152293
3.540956,0.143591
3.547897,0.134888
3.555137,0.126186
3.562679,0.117483
3.570525,0.108781
3.578679,0.100078
3.587144,0.091376
3.595923,0.082673
3.605021,0.073971
3.614441,0.065269
3.624187,0.056566
3.634264,0.047864
3.644674,0.039161
3.655424,0.030459
3.666517,0.021756
3.677959,0.013054
3.689755,0.004351
3.701909,-0.004351
3.714427,-0.013054
3.727315,-0.021756
3.740579,-0.030459
3.754224,-0.039161
3.768258,-0.047864
3.782685,-0.056566
3.797514,-0.065269
3.812751,-0.073971
3.828404,-0.082674
3.844480,-0.091376
3.860986,-0.100078
3.877931,-0.108781
3.895324,-0.117483
3.913173,-0.126186
3.931487,-0.134888
3.950275,-0.143591
3.969548,-0.152293
3.989315,-0.160996
4.009586,-0.169698
4.030374,-0.178401
4.051688,-0.187103
4.073540,-0.195806
4.095943,-0.204508
4.118909,-0.213211
4.142452,-0.221913
4.166584,-0.230616
4.191320,-0.239318
4.216675,-0.248021
4.242663,-0.256723
4.269301,-0.265425
4.296605,-0.274128
4.324592,-0.282830
4.353279,-0.291533
4.382686,-0.300235
4.412830,-0.308938
4.443733,-0.317640
4.475416,-0.326343
4.507898,-0.335045
4.541205,-0.343748
4.575358,-0.352450
4.610383,-0.361153
4.646304,-0.369855
4.683149,-0.378558
4.720945,-0.387260
4.759722,-0.395963
4.799510,-0.404665
4.840340,-0.413367
4.882246,-0.422070
4.911486,-0.430772
4.966209,-0.439475
4.994007,-0.448177
5.052265,-0.456880
5.082745,-0.465582
5.141434,-0.474285
5.204363,-0.482987
5.238791,-0.491690
5.293801,-0.500392
5.385432,-0.509095
5.398261,-0.517797
5.359769,-0.526500
5.322226,-0.535202
5.285604,-0.543905
5.249880,-0.552607
5.215030,-0.561310
5.181032,-0.570012
5.098357,-0.578714
5.041711,-0.587417
5.010596,-0.596119
4.980240,-0.604822
4.950624,-0.613524
4.921731,-0.622227
4.893543,-0.630929
4.866045,-0.639632
4.839221,-0.648334
4.813056,-0.657037
4.787534,-0.665739
4.762643,-0.674442
4.738368,-0.683144
4.714696,-0.691847
4.691616,-0.700549
4.623554,-0.709252
4.601833,-0.717954
4.580663,-0.726657
4.515098,-0.735359
4.495194,-0.744061
4.475805,-0.752764
4.456920,-0.761466
4.438530,-0.770169
4.420626,-0.778871
4.403201,-0.787574
4.386245,-0.796276
4.369750,-0.804979
4.353710,-0.813681
4.338115,-0.822384
4.322961,-0.831086
4.308239,-0.839789
4.293942,-0.848491
4.280065,-0.857194
4.266601,-0.865896
4.253545,-0.874599
4.240890,-0.883301
4.228631,-0.892003
3.209612,-0.900706
3.179947,-0.909408
3.129813,-0.918111
3.080177,-0.926813
3.072554,-0.935516
3.044486,-0.944218
3.037449,-0.952921
3.030675,-0.961623
3.024161,-0.970326
2.976835,-0.979028
2.970914,-0.987731
2.944788,-0.996433
2.939400,-1.005136
2.934255,-1.013838
2.888656,-1.022541
2.843425,-1.031243
2.839119,-1.039946
2.814787,-1.048648
2.810965,-1.057350
2.807366,-1.066053
2.803990,-1.074755
2.760525,-1.083458
2.757632,-1.092160
2.734841,-1.100863
2.732396,-1.109565
2.730164,-1.118268
2.688013,-1.126970
2.686229,-1.135673
2.684651,-1.144375
2.643220,-1.153078
2.642072,-1.161780
2.581085,-1.170483
2.580357,-1.179185
2.559822,-1.187888
2.559490,-1.196590
2.559353,-1.205293
2.519410,-1.213995
2.519659,-1.222697
2.480088,-1.231400
2.480711,-1.240102
2.481524,-1.248805
2.462500,-1.257507
2.463682,-1.266210
2.424961,-1.274912
2.426496,-1.283615
2.408145,-1.292317
2.369861,-1.301020
2.371908,-1.309722
2.333888,-1.318425
2.336263,-1.327127
2.338822,-1.335830
2.341564,-1.344532
2.324275,-1.353235
2.327362,-1.361937
2.330636,-1.370639
2.334096,-1.379342
2.337745,-1.388044
2.341584,-1.396747
2.345614,-1.405449
2.349838,-1.414152
2.354257,-1.422854
2.358872,-1.431557
2.363685,-1.440259
2.368700,-1.448962
2.373916,-1.457664
2.379337,-1.466367
2.405710,-1.475069
2.411598,-1.483772
2.417700,-1.492474
2.424017,-1.501177
2.430553,-1.509879
2.437311,-1.518582
2.486448,-1.527284
2.493781,-1.535986
2.501349,-1.544689
2.572965,-1.553391
2.623893,-1.562094
2.932254,-1.570796
