scan.pos:-2.463407,-0.465045,1.7352501.998630,1.562094
2.102872,1.553391
2.230271,1.544689
2.364906,1.535986
2.530071,1.527284
2.701785,1.518581
2.939674,1.509879
5.566304,1.501177
5.561481,1.492474
5.557089,1.483772
5.553127,1.475069
5.549593,1.466367
5.546485,1.457664
5.543803,1.448962
5.541545,1.440259
5.539711,1.431557
5.538300,1.422854
5.537311,1.414152
5.536744,1.405449
5.536598,1.396747
5.536874,1.388044
5.537572,1.379342
5.538692,1.370639
5.540235,1.361937
5.542200,1.353234
5.544589,1.344532
5.547403,1.335830
5.550643,1.327127
5.554309,1.318425
5.558405,1.309722
5.562930,1.301020
5.567887,1.292317
5.573277,1.283615
5.579103,1.274912
5.585368,1.266210
5.592072,1.257507
5.599220,1.248805
5.606813,1.240102
5.614856,1.231400
5.623350,1.222697
5.632300,1.213995
5.641708,1.205292
5.651579,1.196590
5.661917,1.187888
5.672725,1.179185
5.684008,1.170483
5.695771,1.161780
5.708018,1.153078
5.720755,1.144375
5.733986,1.135673
5.747717,1.126970
5.761955,1.118268
5.776703,1.109565
5.791970,1.100863
5.807761,1.092160
5.824083,1.083458
5.840943,1.074755
5.858349,1.066053
5.876307,1.057350
5.894826,1.048648
5.913915,1.039945
5.933580,1.031243
5.953832,1.022541
5.974679,1.013838
5.996130,1.005136
6.018196,0.996433
6.040887,0.987731
6.064213,0.979028
6.088185,0.970326
6.112815,0.961623
6.138115,0.952921
6.164096,0.944218
6.190772,0.935516
6.218155,0.926813
6.246259,0.918111
6.275098,0.909408
6.304688,0.900706
6.335042,0.892003
6.366177,0.883301
6.398109,0.874598
6.430856,0.865896
6.464434,0.857194
6.498862,0.848491
6.534160,0.839789
6.570345,0.831086
6.607440,0.822384
6.645465,0.813681
6.684443,0.804979
6.724395,0.796276
6.765346,0.787574
6.807320,0.778871
6.850344,0.770169
6.894443,0.761466
6.939645,0.752764
6.985980,0.744061
7.033476,0.735359
7.082167,0.726656
7.132082,0.717954
7.183258,0.709251
7.235728,0.700549
7.289529,0.691847
7.344700,0.683144
7.401281,0.674442
7.459312,0.665739
7.518838,0.657037
7.579903,0.648334
7.642555,0.639632
7.706844,0.630929
7.772820,0.622227
3.553264,0.526500
3.424077,0.517797
3.374109,0.509095
3.350625,0.500392
3.327717,0.491690
3.305369,0.482987
3.283569,0.474285
3.262301,0.465582
3.241552,0.456880
3.221309,0.448177
3.201559,0.439475
3.182291,0.430772
3.163493,0.422070
3.145154,0.413367
3.127263,0.404665
3.109810,0.395962
3.092785,0.387260
3.076179,0.378558
3.059981,0.369855
3.044184,0.361153
3.028779,0.352450
3.013757,0.343748
2.999110,0.335045
2.984832,0.326343
2.970914,0.317640
2.957349,0.308938
2.944131,0.300235
2.931252,0.291533
2.918707,0.282830
2.906490,0.274128
2.894594,0.265425
2.904979,0.256723
2.893622,0.248020
2.882573,0.239318
2.871826,0.230615
2.861376,0.221913
2.851218,0.213211
2.862831,0.204508
2.874583,0.195806
2.865133,0.187103
2.855962,0.178401
2.847065,0.169698
2.880725,0.160996
2.872242,0.152293
2.864026,0.143591
2.856074,0.134888
2.848382,0.126186
2.840947,0.117483
2.833766,0.108781
2.826837,0.100078
2.820155,0.091376
2.813718,0.082673
2.807524,0.073971
2.822132,0.065269
2.816374,0.056566
2.851812,0.047864
2.846449,0.039161
2.861726,0.030459
2.897536,0.021756
2.892775,0.013054
2.949159,0.004351
3.005597,-0.004351
3.102589,-0.013054
3.118680,-0.021756
3.316702,-0.030459
3.595171,-0.039161
3.853134,-0.047864
4.030339,-0.056566
4.368362,-0.065269
7.498602,-0.073971
7.593051,-0.082674
6.486928,-0.378558
6.389166,-0.387260
5.979028,-0.395963
5.766191,-0.404665
5.567865,-0.413367
5.382333,-0.422070
5.206561,-0.430772
5.039593,-0.439475
4.901402,-0.448177
4.742177,-0.456880
4.620100,-0.465582
4.566957,-0.474285
4.549625,-0.482987
4.562796,-0.491690
4.576393,-0.500392
4.590422,-0.509095
4.562300,-0.517797
4.577073,-0.526500
4.592293,-0.535202
4.607967,-0.543905
4.624101,-0.552607
4.640704,-0.561310
4.657782,-0.570012
4.675344,-0.578714
4.693397,-0.587417
4.711950,-0.596119
4.731012,-0.604822
4.750593,-0.613524
4.770701,-0.622227
4.791347,-0.630929
4.812540,-0.639632
4.834291,-0.648334
4.856611,-0.657037
4.879512,-0.665739
4.903004,-0.674442
4.927102,-0.683144
4.951816,-0.691847
4.977160,-0.700549
5.003148,-0.709252
5.029793,-0.717954
5.057112,-0.726657
5.085118,-0.735359
5.113827,-0.744061
5.143257,-0.752764
5.173423,-0.761466
5.204344,-0.770169
5.236038,-0.778871
5.268524,-0.787574
5.301822,-0.796276
5.335953,-0.804979
2.501934,-0.813681
2.493380,-0.822384
2.427636,-0.831086
2.394958,-0.839789
2.362527,-0.848491
2.350824,-0.857194
2.319520,-0.865896
2.288394,-0.874599
2.280047,-0.883301
2.249918,-0.892003
2.219903,-0.900706
2.214742,-0.909408
2.212992,-0.918111
2.184144,-0.926813
2.182267,-0.935516
2.154217,-0.944218
2.151515,-0.952921
2.133032,-0.961623
2.115024,-0.970326
2.097476,-0.979028
2.066988,-0.987731
2.036611,-0.996433
2.020575,-1.005136
2.004940,-1.013838
1.989696,-1.022541
1.974831,-1.031243
1.960335,-1.039946
1.946198,-1.048648
1.932409,-1.057350
1.918959,-1.066053
1.905839,-1.074755
1.893040,-1.083458
1.880555,-1.092160
1.868374,-1.100863
1.856491,-1.109565
1.844897,-1.118268
1.833586,-1.126970
1.822551,-1.135673
1.811785,-1.144375
1.801282,-1.153078
1.791036,-1.161780
1.781040,-1.170483
1.771290,-1.179185
1.761779,-1.187888
1.752502,-1.196590
1.743455,-1.205293
1.734632,-1.213995
1.726029,-1.222697
1.717640,-1.231400
1.709463,-1.240102
1.656221,-1.248805
1.648659,-1.257507
1.641290,-1.266210
1.634111,-1.274912
1.627118,-1.283615
1.620306,-1.292317
1.613675,-1.301020
1.607219,-1.309722
1.600936,-1.318425
1.594823,-1.327127
1.588877,-1.335830
1.583095,-1.344532
1.577475,-1.353235
1.572014,-1.361937
1.566709,-1.370639
1.561559,-1.379342
1.556560,-1.388044
1.551712,-1.396747
1.547010,-1.405449
1.542455,-1.414152
1.538043,-1.422854
1.533772,-1.431557
1.529642,-1.440259
1.546499,-1.448962
1.563389,-1.457664
1.559565,-1.466367
1.555879,-1.475069
1.552328,-1.483772
1.569516,-1.492474
1.566188,-1.501177
1.562992,-1.509879
1.559928,-1.518582
1.577436,-1.527284
1.594998,-1.535986
1.592252,-1.544689
1.589635,-1.553391
1.587148,-1.562094
1.584789,-1.570796
