scan.pos:5.903270,3.744237,1.9184351.705280,1.562094
1.721176,1.553391
1.715963,1.544689
1.731990,1.535986
1.748057,1.527284
1.743204,1.518581
1.738511,1.509879
1.775675,1.501177
1.812783,1.492474
1.829098,1.483772
1.886868,1.475069
1.923864,1.466367
2.043260,1.457664
2.182858,1.448962
4.884140,1.196590
4.825109,1.187888
4.506244,1.179185
4.467805,1.170483
4.469734,1.161780
4.472005,1.153078
4.474620,1.144375
4.477579,1.135673
4.480883,1.126970
4.484534,1.118268
4.488533,1.109565
4.492881,1.100863
4.497581,1.092160
4.502634,1.083458
4.508042,1.074755
4.513807,1.066053
4.519931,1.057350
4.526418,1.048648
4.533268,1.039945
4.526018,1.031243
4.548074,1.022541
4.556034,1.013838
4.605277,1.005136
4.614071,0.996433
4.623252,0.987731
4.673974,0.979028
4.684027,0.970326
4.694482,0.961623
4.726057,0.952921
4.737377,0.944218
4.749115,0.935516
4.761275,0.926813
4.773861,0.918111
4.786880,0.909408
4.800336,0.900706
4.814236,0.892003
4.828586,0.883301
4.843391,0.874598
4.858659,0.865896
4.874395,0.857194
4.890607,0.848491
4.907303,0.839789
4.902906,0.831086
4.898852,0.822384
4.895144,0.813681
4.913604,0.804979
4.932581,0.796276
4.952084,0.787574
4.972122,0.778871
4.992704,0.770169
5.058376,0.761466
5.147363,0.752764
7.747192,0.639632
7.651647,0.630929
7.532807,0.622227
7.440382,0.613524
7.364336,0.604822
7.277131,0.596119
7.182803,0.587417
7.100242,0.578714
7.011479,0.570012
6.933177,0.561309
6.849585,0.552607
6.768708,0.543905
6.696417,0.535202
6.646137,0.526500
6.577486,0.517797
6.505797,0.509095
6.440339,0.500392
6.372735,0.491690
6.307333,0.482987
6.246466,0.474285
6.184792,0.465582
6.126553,0.456880
6.069307,0.448177
6.013010,0.439475
5.981744,0.430772
5.930366,0.422070
5.880307,0.413367
5.831526,0.404665
5.783985,0.395962
5.737646,0.387260
5.692473,0.378558
5.648434,0.369855
5.605494,0.361153
5.563622,0.352450
5.522789,0.343748
5.482965,0.335045
5.444124,0.326343
5.406237,0.317640
5.369280,0.308938
5.333229,0.300235
5.298059,0.291533
5.263748,0.282830
5.230274,0.274128
5.197617,0.265425
5.165756,0.256723
5.134672,0.248020
5.104346,0.239318
5.074760,0.230615
5.045898,0.221913
5.017742,0.213211
4.990276,0.204508
4.963485,0.195806
4.937355,0.187103
4.911870,0.178401
4.887017,0.169698
4.862782,0.160996
4.839154,0.152293
4.816120,0.143591
4.793666,0.134888
4.771783,0.126186
4.750459,0.117483
4.729683,0.108781
4.709445,0.100078
4.689736,0.091376
4.670545,0.082673
4.651863,0.073971
4.633681,0.065269
4.615991,0.056566
4.598784,0.047864
4.582053,0.039161
4.565790,0.030459
4.549987,0.021756
4.534637,0.013054
4.519733,0.004351
4.505270,-0.004351
4.491239,-0.013054
4.477635,-0.021756
4.464453,-0.030459
4.451685,-0.039161
4.439328,-0.047864
4.427375,-0.056566
4.415823,-0.065269
4.404664,-0.073971
4.393896,-0.082674
4.383513,-0.091376
4.373511,-0.100078
4.363887,-0.108781
4.354636,-0.117483
4.345754,-0.126186
4.337238,-0.134888
4.329084,-0.143591
4.321289,-0.152293
4.313850,-0.160996
4.306765,-0.169698
4.300029,-0.178401
4.293641,-0.187103
4.287598,-0.195806
4.281897,-0.204508
4.276537,-0.213211
4.271515,-0.221913
4.266829,-0.230616
4.262479,-0.239318
4.258461,-0.248021
4.254774,-0.256723
4.251417,-0.265425
4.248388,-0.274128
4.245687,-0.282830
4.243312,-0.291533
4.241263,-0.300235
4.239539,-0.308938
4.238138,-0.317640
4.237061,-0.326343
4.236307,-0.335045
4.235876,-0.343748
4.235767,-0.352450
4.235981,-0.361153
4.236518,-0.369855
4.237378,-0.378558
4.238560,-0.387260
4.240067,-0.395963
4.241898,-0.404665
4.244053,-0.413367
4.246534,-0.422070
4.249342,-0.430772
4.252478,-0.439475
4.255943,-0.448177
4.259738,-0.456880
4.263865,-0.465582
4.268325,-0.474285
4.273120,-0.482987
4.278253,-0.491690
4.283724,-0.500392
4.289536,-0.509095
4.295692,-0.517797
4.302193,-0.526500
4.309043,-0.535202
4.316244,-0.543905
4.323799,-0.552607
4.331711,-0.561310
4.339983,-0.570012
4.348618,-0.578714
4.357620,-0.587417
4.366993,-0.596119
4.376740,-0.604822
4.386866,-0.613524
4.397375,-0.622227
4.408270,-0.630929
4.419557,-0.639632
4.431240,-0.648334
4.443325,-0.657037
4.455815,-0.665739
4.468718,-0.674442
4.482037,-0.683144
4.495780,-0.691847
4.509952,-0.700549
4.524559,-0.709252
4.539608,-0.717954
4.555105,-0.726657
4.571057,-0.735359
4.587473,-0.744061
4.604359,-0.752764
4.621722,-0.761466
4.639572,-0.770169
4.663382,-0.778871
4.692080,-0.787574
4.702084,-0.796276
4.714308,-0.804979
4.619715,-0.813681
4.550524,-0.822384
4.460729,-0.831086
4.395275,-0.839789
4.312565,-0.848491
4.251328,-0.857194
4.197136,-0.865896
4.116671,-0.874599
4.067736,-0.883301
4.013770,-0.892003
3.937551,-0.900706
3.895395,-0.909408
3.845557,-0.918111
3.783976,-0.926813
3.736759,-0.935516
3.678910,-0.944218
3.634064,-0.952921
3.590023,-0.961623
3.546745,-0.970326
3.504188,-0.979028
3.462313,-0.987731
3.421083,-0.996433
3.380460,-1.005136
3.340411,-1.013838
3.300901,-1.022541
3.287662,-1.031243
3.249319,-1.039946
3.211425,-1.048648
3.173950,-1.057350
3.136867,-1.066053
3.126883,-1.074755
3.090708,-1.083458
3.054846,-1.092160
3.019271,-1.100863
3.011568,-1.109565
2.976723,-1.118268
2.942096,-1.126970
2.932758,-1.135673
2.907568,-1.144375
2.883025,-1.153078
2.859108,-1.161780
2.835800,-1.170483
2.813080,-1.179185
2.790933,-1.187888
2.769341,-1.196590
2.748288,-1.205293
2.727759,-1.213995
2.707739,-1.222697
2.688215,-1.231400
2.669171,-1.240102
2.650596,-1.248805
2.632476,-1.257507
2.614801,-1.266210
2.597558,-1.274912
2.580735,-1.283615
2.564324,-1.292317
2.548312,-1.301020
2.532691,-1.309722
2.517451,-1.318425
2.502583,-1.327127
2.488078,-1.335830
2.473927,-1.344532
2.460122,-1.353235
2.446656,-1.361937
2.433521,-1.370639
2.420710,-1.379342
2.408215,-1.388044
2.396030,-1.396747
2.384148,-1.405449
2.372564,-1.414152
2.361270,-1.422854
2.350262,-1.431557
2.339533,-1.440259
2.329078,-1.448962
2.318892,-1.457664
2.308969,-1.466367
2.299306,-1.475069
2.289897,-1.483772
2.280737,-1.492474
2.271823,-1.501177
2.263150,-1.509879
2.254714,-1.518582
2.246511,-1.527284
2.238537,-1.535986
2.230789,-1.544689
2.223264,-1.553391
2.215956,-1.562094
2.208865,-1.570796
