scan.pos:-7.180312,7.090118,1.0184350.963246,1.562094
0.968492,1.553391
0.973870,1.544689
0.979384,1.535986
0.985035,1.527284
0.990828,1.518581
0.996766,1.509879
1.002852,1.501177
1.009090,1.492474
1.015484,1.483772
1.022038,1.475069
1.028756,1.466367
1.035643,1.457664
1.042702,1.448962
1.049939,1.440259
1.057357,1.431557
1.064963,1.422854
1.072762,1.414152
1.080759,1.405449
1.088959,1.396747
1.097368,1.388044
1.105994,1.379342
1.114842,1.370639
1.123919,1.361937
1.133232,1.353234
1.142788,1.344532
1.152595,1.335830
1.156672,1.327127
1.174730,1.318425
1.164837,1.309722
1.182700,1.301020
1.200362,1.292317
1.190767,1.283615
1.181414,1.274912
1.198938,1.266210
1.189845,1.257507
1.180978,1.248805
1.172330,1.240102
1.163897,1.231400
1.155671,1.222697
1.147647,1.213995
1.139821,1.205292
1.132186,1.196590
1.124737,1.187888
1.117471,1.179185
1.110382,1.170483
1.103465,1.161780
1.096718,1.153078
1.090135,1.144375
1.083712,1.135673
1.077446,1.126970
1.071334,1.118268
1.065371,1.109565
1.059554,1.100863
1.053881,1.092160
1.048347,1.083458
1.042950,1.074755
1.037687,1.066053
1.032555,1.057350
1.027551,1.048648
1.022673,1.039945
1.017919,1.031243
1.013285,1.022541
1.008770,1.013838
1.004371,1.005136
1.000085,0.996433
0.995912,0.987731
0.991849,0.979028
0.987894,0.970326
0.984045,0.961623
0.980300,0.952921
0.976657,0.944218
0.973115,0.935516
0.969673,0.926813
0.966328,0.918111
0.963079,0.909408
0.959925,0.900706
0.956864,0.892003
0.953895,0.883301
0.951016,0.874598
0.948227,0.865896
0.945526,0.857194
0.942912,0.848491
0.940383,0.839789
0.937940,0.831086
0.935580,0.822384
0.933303,0.813681
0.931107,0.804979
0.928993,0.796276
0.926959,0.787574
0.925003,0.778871
0.923126,0.770169
0.921327,0.761466
0.919605,0.752764
0.917959,0.744061
0.916388,0.735359
0.914892,0.726656
0.913471,0.717954
0.912124,0.709251
0.910849,0.700549
0.909647,0.691847
0.908518,0.683144
0.907461,0.674442
0.906474,0.665739
0.905559,0.657037
0.904715,0.648334
0.903941,0.639632
0.903237,0.630929
0.902603,0.622227
0.902038,0.613524
0.901542,0.604822
0.901116,0.596119
0.900759,0.587417
0.900470,0.578714
0.900251,0.570012
0.900100,0.561309
0.900017,0.552607
0.900003,0.543905
0.900058,0.535202
0.900181,0.526500
0.900372,0.517797
0.900633,0.509095
0.900962,0.500392
0.901360,0.491690
0.901827,0.482987
0.902364,0.474285
0.902969,0.465582
0.903645,0.456880
0.904390,0.448177
0.905206,0.439475
0.906092,0.430772
0.907049,0.422070
0.908078,0.413367
0.909178,0.404665
0.910350,0.395962
0.911595,0.387260
0.912912,0.378558
0.914303,0.369855
0.915769,0.361153
0.917309,0.352450
0.918924,0.343748
0.920615,0.335045
0.922383,0.326343
0.924228,0.317640
0.926151,0.308938
0.928153,0.300235
0.930235,0.291533
0.932397,0.282830
0.934640,0.274128
0.936966,0.265425
0.939376,0.256723
0.941869,0.248020
0.944448,0.239318
0.947114,0.230615
0.949867,0.221913
0.952709,0.213211
0.955641,0.204508
0.958664,0.195806
0.961780,0.187103
0.964990,0.178401
0.968296,0.169698
0.971698,0.160996
0.975199,0.152293
0.978800,0.143591
0.982503,0.134888
0.986310,0.126186
0.990222,0.117483
0.994241,0.108781
0.998369,0.100078
1.002608,0.091376
1.006960,0.082673
1.011428,0.073971
1.016013,0.065269
1.020718,0.056566
1.025545,0.047864
1.030497,0.039161
1.035576,0.030459
1.040786,0.021756
1.046128,0.013054
1.051605,0.004351
1.057221,-0.004351
1.062979,-0.013054
1.068882,-0.021756
1.074933,-0.030459
1.081136,-0.039161
1.087494,-0.047864
1.094011,-0.056566
1.100691,-0.065269
1.107538,-0.073971
1.114556,-0.082674
1.121750,-0.091376
1.129123,-0.100078
1.136681,-0.108781
1.144429,-0.117483
1.152372,-0.126186
1.160514,-0.134888
1.168862,-0.143591
1.177422,-0.152293
1.186198,-0.160996
1.195199,-0.169698
1.204429,-0.178401
1.213896,-0.187103
1.223607,-0.195806
1.233569,-0.204508
1.243791,-0.213211
1.254279,-0.221913
1.265043,-0.230616
1.269518,-0.239318
1.286609,-0.248021
1.275773,-0.256723
1.292719,-0.265425
1.309485,-0.274128
1.326082,-0.282830
1.342516,-0.291533
1.358796,-0.300235
1.348491,-0.308938
1.364685,-0.317640
1.380745,-0.326343
1.396676,-0.335045
1.412487,-0.343748
1.428183,-0.352450
1.443773,-0.361153
1.459261,-0.369855
1.499650,-0.378558
1.489961,-0.387260
1.529859,-0.395963
1.446766,-0.404665
1.437919,-0.413367
1.405062,-0.422070
1.348620,-0.430772
1.340822,-0.439475
1.333216,-0.448177
1.325795,-0.456880
1.295011,-0.465582
1.288077,-0.474285
1.281313,-0.482987
1.274717,-0.491690
1.268284,-0.500392
1.262012,-0.509095
1.255896,-0.517797
1.204482,-0.526500
1.198882,-0.535202
1.193425,-0.543905
1.188107,-0.552607
1.182925,-0.561310
1.177878,-0.570012
1.172963,-0.578714
1.168178,-0.587417
1.163519,-0.596119
1.158986,-0.604822
1.154575,-0.613524
1.150285,-0.622227
1.146114,-0.630929
1.098963,-0.639632
1.095172,-0.648334
1.091490,-0.657037
1.087915,-0.665739
1.084446,-0.674442
1.081081,-0.683144
1.077818,-0.691847
1.074657,-0.700549
1.071596,-0.709252
1.068633,-0.717954
1.065768,-0.726657
1.062998,-0.735359
1.060324,-0.744061
1.057743,-0.752764
1.055255,-0.761466
1.052859,-0.770169
1.050553,-0.778871
1.048337,-0.787574
1.046210,-0.796276
1.044171,-0.804979
1.042219,-0.813681
1.040353,-0.822384
1.038573,-0.831086
1.036878,-0.839789
1.035267,-0.848491
1.033740,-0.857194
1.032296,-0.865896
1.030934,-0.874599
1.029654,-0.883301
1.028455,-0.892003
1.027338,-0.900706
1.026301,-0.909408
1.025344,-0.918111
1.024466,-0.926813
1.023668,-0.935516
1.022950,-0.944218
1.022310,-0.952921
1.021748,-0.961623
1.021265,-0.970326
1.020860,-0.979028
1.020533,-0.987731
1.020284,-0.996433
1.020113,-1.005136
1.020019,-1.013838
1.020003,-1.022541
1.020065,-1.031243
1.020205,-1.039946
1.020422,-1.048648
1.020717,-1.057350
1.021090,-1.066053
1.021541,-1.074755
1.022071,-1.083458
1.062784,-1.092160
1.063497,-1.100863
1.064293,-1.109565
1.065171,-1.118268
1.066132,-1.126970
1.067176,-1.135673
1.068303,-1.144375
1.109873,-1.153078
1.131421,-1.161780
1.132880,-1.170483
1.134429,-1.179185
1.136068,-1.187888
1.137800,-1.196590
1.139623,-1.205293
1.141539,-1.213995
1.143550,-1.222697
1.145654,-1.231400
1.147854,-1.240102
1.150150,-1.248805
1.152543,-1.257507
1.155035,-1.266210
1.157625,-1.274912
1.160316,-1.283615
1.163108,-1.292317
1.207646,-1.301020
1.210751,-1.309722
1.213965,-1.318425
1.217289,-1.327127
1.220724,-1.335830
1.224273,-1.344532
1.249107,-1.353235
1.295424,-1.361937
1.299523,-1.370639
1.303746,-1.379342
1.308098,-1.388044
1.355614,-1.396747
1.360378,-1.405449
1.386950,-1.414152
1.392072,-1.422854
1.397338,-1.431557
1.402752,-1.440259
1.452325,-1.448962
1.480314,-1.457664
1.530832,-1.466367
1.604520,-1.475069
1.723370,-1.483772
6.833107,-1.492474
6.864084,-1.501177
4.730257,-1.570796
