scan.pos:-2.019229,7.134519,0.2852500.896215,1.562094
0.893961,1.553391
0.891787,1.544689
0.889690,1.535986
0.887671,1.527284
0.885728,1.518581
0.883861,1.509879
0.882069,1.501177
0.880351,1.492474
0.878706,1.483772
0.877135,1.475069
0.875635,1.466367
0.874207,1.457664
0.872850,1.448962
0.871564,1.440259
0.870347,1.431557
0.869200,1.422854
0.868122,1.414152
0.867113,1.405449
0.866171,1.396747
0.865298,1.388044
0.864492,1.379342
0.863754,1.370639
0.863082,1.361937
0.862477,1.353234
0.861939,1.344532
0.861466,1.335830
0.861060,1.327127
0.860720,1.318425
0.860445,1.309722
0.860237,1.301020
0.860093,1.292317
0.860015,1.283615
0.860003,1.274912
0.860056,1.266210
0.860175,1.257507
0.860359,1.248805
0.860609,1.240102
0.860925,1.231400
0.861307,1.222697
0.861754,1.213995
0.862268,1.205292
0.862848,1.196590
0.863494,1.187888
0.864208,1.179185
0.864988,1.170483
0.865836,1.161780
0.866752,1.153078
0.867736,1.144375
0.868788,1.135673
0.869909,1.126970
0.871100,1.118268
0.872360,1.109565
0.873691,1.100863
0.875092,1.092160
0.876565,1.083458
0.878109,1.074755
0.879727,1.066053
0.881417,1.057350
0.883181,1.048648
0.885020,1.039945
0.886935,1.031243
0.888925,1.022541
0.890992,1.013838
0.893138,1.005136
0.895362,0.996433
0.897665,0.987731
0.900049,0.979028
0.902515,0.970326
0.905064,0.961623
0.907696,0.952921
0.910413,0.944218
0.913216,0.935516
0.916106,0.926813
0.919085,0.918111
0.922154,0.909408
0.925314,0.900706
0.928567,0.892003
0.931914,0.883301
0.935357,0.874598
0.938897,0.865896
0.942536,0.857194
0.946276,0.848491
0.950118,0.839789
0.954064,0.831086
0.958117,0.822384
0.962277,0.813681
0.966548,0.804979
0.970932,0.796276
0.975429,0.787574
0.980044,0.778871
0.984778,0.770169
0.989634,0.761466
0.994613,0.752764
0.999720,0.744061
1.004956,0.735359
1.010325,0.726656
1.015830,0.717954
1.021472,0.709251
1.027257,0.700549
1.033187,0.691847
1.039265,0.683144
1.045495,0.674442
1.051880,0.665739
1.058426,0.657037
1.065135,0.648334
1.072011,0.639632
1.079060,0.630929
1.086285,0.622227
1.093692,0.613524
1.101285,0.604822
1.109069,0.596119
1.117049,0.587417
1.125231,0.578714
1.133622,0.570012
1.142225,0.561309
1.151049,0.552607
1.160099,0.543905
1.169383,0.535202
1.178906,0.526500
1.188678,0.517797
1.198705,0.509095
1.208995,0.500392
1.212918,0.491690
1.230492,0.482987
1.220133,0.474285
1.237538,0.465582
1.254752,0.456880
1.271785,0.448177
1.261799,0.439475
1.278702,0.430772
1.295444,0.422070
1.312033,0.413367
1.328478,0.404665
1.344785,0.395962
1.360962,0.387260
1.377017,0.378558
1.392955,0.369855
1.392663,0.361153
1.408660,0.352450
1.408647,0.343748
1.425177,0.335045
1.451681,0.326343
1.468639,0.317640
1.472546,0.308938
1.514223,0.300235
1.520151,0.291533
1.538313,0.282830
1.570180,0.274128
1.588992,0.265425
1.607831,0.256723
1.619126,0.248020
1.662042,0.239318
1.675812,0.230615
1.696443,0.221913
1.735813,0.213211
1.757464,0.204508
1.801899,0.195806
1.822303,0.187103
1.845348,0.178401
1.890952,0.169698
1.915843,0.160996
1.940615,0.152293
1.991291,0.143591
2.039727,0.134888
2.066559,0.126186
2.122550,0.117483
2.151480,0.108781
2.202621,0.100078
2.243355,0.091376
2.296932,0.082673
2.351156,0.073971
2.399633,0.065269
2.478215,0.056566
2.533195,0.047864
2.594148,0.039161
2.656314,0.030459
2.722051,0.021756
2.809963,0.013054
2.899478,0.004351
2.978480,-0.004351
3.053363,-0.013054
3.172168,-0.021756
3.268101,-0.030459
3.374485,-0.039161
3.504908,-0.047864
3.622982,-0.056566
3.764941,-0.065269
3.911966,-0.073971
4.080441,-0.082674
4.264534,-0.091376
4.436060,-0.100078
4.667028,-0.108781
4.904344,-0.117483
5.174568,-0.126186
5.447982,-0.134888
5.758422,-0.143591
6.151332,-0.152293
6.530209,-0.160996
7.048748,-0.169698
7.573421,-0.178401
2.853712,-0.596119
2.640409,-0.604822
2.579438,-0.613524
2.520706,-0.622227
2.447055,-0.630929
2.342706,-0.639632
2.328950,-0.648334
2.279812,-0.657037
2.232655,-0.665739
2.186784,-0.674442
2.133531,-0.683144
2.091181,-0.691847
2.065478,-0.700549
2.026255,-0.709252
1.987849,-0.717954
1.947344,-0.726657
1.911442,-0.735359
1.876165,-0.744061
1.841645,-0.752764
1.808445,-0.761466
1.777792,-0.770169
1.746419,-0.778871
1.685709,-0.787574
1.689549,-0.796276
1.660097,-0.804979
1.637375,-0.813681
1.632534,-0.822384
1.628154,-0.831086
1.633106,-0.839789
1.630396,-0.848491
1.614792,-0.857194
1.589645,-0.865896
1.552547,-0.874599
1.552376,-0.883301
1.528247,-0.892003
1.493899,-0.900706
1.495051,-0.909408
1.462630,-0.918111
1.439900,-0.926813
1.434228,-0.935516
1.412161,-0.944218
1.408544,-0.952921
1.412690,-0.961623
1.437035,-0.970326
1.416489,-0.979028
1.417178,-0.987731
1.397151,-0.996433
1.399752,-1.005136
1.403651,-1.013838
1.384686,-1.022541
1.363263,-1.031243
1.371926,-1.039946
1.407199,-1.048648
1.388474,-1.057350
1.370911,-1.066053
1.374431,-1.074755
1.390622,-1.083458
1.359956,-1.092160
1.378832,-1.100863
1.396408,-1.109565
1.416469,-1.118268
1.434258,-1.126970
1.428918,-1.135673
1.394296,-1.144375
1.417486,-1.153078
1.415544,-1.161780
1.435093,-1.170483
1.460765,-1.179185
1.455179,-1.187888
1.482481,-1.196590
1.502997,-1.205293
1.531839,-1.213995
1.528019,-1.222697
1.558663,-1.231400
1.580401,-1.240102
1.588429,-1.248805
1.610964,-1.257507
1.741708,-1.266210
1.764428,-1.274912
1.800331,-1.283615
1.776581,-1.292317
1.800590,-1.301020
1.816379,-1.309722
1.841543,-1.318425
1.883337,-1.327127
1.886612,-1.335830
1.890389,-1.344532
1.890477,-1.353235
1.918916,-1.361937
1.916387,-1.370639
1.975412,-1.379342
2.005428,-1.388044
2.059750,-1.396747
2.092197,-1.405449
2.127689,-1.414152
2.162399,-1.422854
2.202426,-1.431557
2.261584,-1.440259
2.299639,-1.448962
2.346720,-1.457664
2.387916,-1.466367
2.451760,-1.475069
2.507173,-1.483772
2.553259,-1.492474
2.622114,-1.501177
2.651987,-1.509879
2.739794,-1.518582
2.813623,-1.527284
2.892670,-1.535986
2.973914,-1.544689
3.040847,-1.553391
3.150195,-1.562094
3.241608,-1.570796
