scan.pos:-1.533147,7.257391,-0.3647500.792111,1.562094
0.794789,1.553391
0.797547,1.544689
0.800385,1.535986
0.803305,1.527284
0.806307,1.518581
0.809395,1.509879
0.812568,1.501177
0.815828,1.492474
0.819177,1.483772
0.822617,1.475069
0.826149,1.466367
0.829775,1.457664
0.833496,1.448962
0.837315,1.440259
0.821464,1.431557
0.825389,1.422854
0.829416,1.414152
0.833546,1.405449
0.837782,1.396747
0.842125,1.388044
0.846579,1.379342
0.851145,1.370639
0.855826,1.361937
0.860625,1.353234
0.865544,1.344532
0.870586,1.335830
0.875754,1.327127
0.881052,1.318425
0.886482,1.309722
0.892048,1.301020
0.897753,1.292317
0.903601,1.283615
0.909595,1.274912
0.915739,1.266210
0.922038,1.257507
0.928495,1.248805
0.935115,1.240102
0.941902,1.231400
0.948861,1.222697
0.955997,1.213995
0.963315,1.205292
0.970821,1.196590
0.978519,1.187888
0.986417,1.179185
0.994519,1.170483
1.002832,1.161780
1.011364,1.153078
1.020120,1.144375
1.018874,1.135673
1.015257,1.126970
1.039487,1.118268
1.036097,1.109565
1.060107,1.100863
1.059834,1.092160
1.084163,1.083458
1.081775,1.074755
1.105964,1.066053
1.103853,1.057350
1.107400,1.048648
1.132062,1.039945
1.131016,1.031243
1.155638,1.022541
1.154925,1.013838
1.179546,1.005136
1.204101,0.996433
1.213042,0.987731
1.238231,0.979028
1.238957,0.970326
1.264275,0.961623
1.265449,0.952921
1.290944,0.944218
1.305349,0.935516
1.331703,0.926813
1.334530,0.918111
1.361195,0.909408
1.387975,0.900706
1.391655,0.892003
1.418845,0.883301
1.446208,0.874598
1.469109,0.865896
1.497761,0.857194
1.504001,0.848491
1.533305,0.839789
1.562920,0.831086
1.592876,0.822384
1.623203,0.813681
1.655864,0.804979
1.688077,0.796276
1.720797,0.787574
1.754066,0.778871
1.787928,0.770169
1.822432,0.761466
1.857629,0.752764
1.893575,0.744061
1.930331,0.735359
1.980640,0.726656
2.020648,0.717954
2.083039,0.709251
2.125243,0.700549
2.189891,0.691847
2.234699,0.683144
2.302061,0.674442
2.370950,0.665739
2.420597,0.657037
2.500471,0.648334
2.577275,0.639632
2.656473,0.630929
2.738324,0.622227
2.843785,0.613524
2.931806,0.604822
3.023480,0.596119
3.160311,0.587417
3.260578,0.578714
3.420512,0.570012
3.556353,0.561309
3.699145,0.552607
3.890590,0.543905
4.070757,0.535202
4.281769,0.526500
4.505060,0.517797
4.783272,0.509095
5.078572,0.500392
5.434756,0.491690
5.776015,0.482987
6.260425,0.474285
6.744660,0.465582
7.299970,0.456880
2.692662,-0.039161
2.633098,-0.047864
2.443930,-0.056566
2.299191,-0.065269
2.243362,-0.073971
2.210985,-0.082674
2.178690,-0.091376
2.127720,-0.100078
2.100214,-0.108781
2.051348,-0.117483
2.026016,-0.126186
2.001735,-0.134888
1.955610,-0.143591
1.933171,-0.152293
1.894587,-0.160996
1.874636,-0.169698
1.855495,-0.178401
1.813698,-0.187103
1.795948,-0.195806
1.778908,-0.204508
1.738728,-0.213211
1.710509,-0.221913
1.695907,-0.230616
1.681895,-0.239318
1.668454,-0.248021
1.631028,-0.256723
1.618515,-0.265425
1.606512,-0.274128
1.586702,-0.282830
1.551045,-0.291533
1.540850,-0.300235
1.531095,-0.308938
1.496070,-0.317640
1.486977,-0.326343
1.473174,-0.335045
1.465387,-0.343748
1.457977,-0.352450
1.424275,-0.361153
1.417389,-0.369855
1.410852,-0.378558
1.402578,-0.387260
1.369691,-0.395963
1.350529,-0.404665
1.359486,-0.413367
1.354856,-0.422070
1.344633,-0.430772
1.333210,-0.439475
1.322080,-0.448177
1.311233,-0.456880
1.327831,-0.465582
1.317310,-0.474285
1.333799,-0.482987
1.323594,-0.491690
1.313643,-0.500392
1.303940,-0.509095
1.294476,-0.517797
1.285246,-0.526500
1.276243,-0.535202
1.267462,-0.543905
1.258895,-0.552607
1.250538,-0.561310
1.242386,-0.570012
1.234432,-0.578714
1.226673,-0.587417
1.219102,-0.596119
1.211716,-0.604822
1.204511,-0.613524
1.197481,-0.622227
1.190623,-0.630929
1.183932,-0.639632
1.177406,-0.648334
1.171040,-0.657037
1.164830,-0.665739
1.205246,-0.674442
1.199103,-0.683144
1.193113,-0.691847
1.187272,-0.700549
1.181577,-0.709252
1.198699,-0.717954
1.193185,-0.726657
1.187811,-0.735359
1.182575,-0.744061
1.177474,-0.752764
1.172505,-0.761466
1.211839,-0.770169
1.206951,-0.778871
1.202193,-0.787574
1.197564,-0.796276
1.193060,-0.804979
1.210345,-0.813681
1.206009,-0.822384
1.223307,-0.831086
1.240578,-0.839789
1.279194,-0.848491
1.275060,-0.857194
1.271049,-0.865896
1.288325,-0.874599
1.284492,-0.883301
1.301821,-0.892003
1.382096,-0.900706
1.399258,-0.909408
1.489950,-0.918111
1.516895,-0.926813
1.533906,-0.935516
1.716674,-0.944218
1.820218,-0.952921
1.823833,-0.961623
1.809025,-0.970326
1.864375,-0.979028
1.940195,-0.987731
2.018993,-0.996433
2.101173,-1.005136
2.187210,-1.013838
2.318364,-1.022541
2.413854,-1.031243
2.555821,-1.039946
2.650764,-1.048648
2.728075,-1.057350
3.007916,-1.066053
3.215294,-1.074755
5.701125,-1.083458
5.715283,-1.092160
5.770076,-1.100863
5.825206,-1.109565
6.402753,-1.118268
6.819370,-1.126970
7.215871,-1.135673
4.732751,-1.501177
4.599765,-1.509879
4.493060,-1.518582
4.370215,-1.527284
4.253456,-1.535986
4.162011,-1.544689
4.053084,-1.553391
3.947527,-1.562094
3.866482,-1.570796
