scan.pos:6.837826,3.336708,-1.9147501.213235,1.562094
1.217086,1.553391
1.221054,1.544689
1.225142,1.535986
1.229352,1.527284
1.233684,1.518581
1.238142,1.509879
1.242728,1.501177
1.247443,1.492474
1.252289,1.483772
1.257269,1.475069
1.262386,1.466367
1.267641,1.457664
1.273038,1.448962
1.278579,1.440259
1.284266,1.431557
1.290103,1.422854
1.296092,1.414152
1.302237,1.405449
1.308540,1.396747
1.315005,1.388044
1.321636,1.379342
1.328436,1.370639
1.335408,1.361937
1.342556,1.353234
1.349885,1.344532
1.357398,1.335830
1.365100,1.327127
1.372995,1.318425
1.381087,1.309722
1.389382,1.301020
1.397884,1.292317
1.406599,1.283615
1.415532,1.274912
1.424688,1.266210
1.434073,1.257507
1.443693,1.248805
1.453554,1.240102
1.463664,1.231400
1.474028,1.222697
1.484654,1.213995
1.495548,1.205292
1.506720,1.196590
1.518176,1.187888
1.529925,1.179185
1.541976,1.170483
1.554337,1.161780
1.567018,1.153078
1.580030,1.144375
1.593381,1.135673
1.607084,1.126970
1.615833,1.118268
1.617431,1.109565
1.647108,1.100863
1.649223,1.092160
1.678973,1.083458
1.681637,1.074755
1.711519,1.066053
1.714767,1.057350
1.744840,1.048648
1.748712,1.039945
1.779036,1.031243
1.783573,1.022541
1.814212,1.013838
1.819462,1.005136
1.850481,0.996433
1.881633,0.987731
1.887964,0.979028
1.919609,0.970326
1.926793,0.961623
1.959007,0.952921
1.991462,0.944218
1.999976,0.935516
2.033133,0.926813
2.066607,0.918111
2.100425,0.909408
2.110959,0.900706
2.145685,0.892003
2.180845,0.883301
2.216472,0.874598
2.252601,0.865896
2.254721,0.857194
2.243597,0.848491
2.232751,0.839789
2.222178,0.831086
2.211872,0.822384
2.201829,0.813681
2.192042,0.804979
2.182507,0.796276
2.173220,0.787574
2.164176,0.778871
2.155370,0.770169
2.146798,0.761466
2.138456,0.752764
2.130341,0.744061
2.122447,0.735359
2.114773,0.726656
2.107314,0.717954
2.100066,0.709251
2.050241,0.700549
2.043547,0.691847
2.037051,0.683144
2.030751,0.674442
2.024643,0.665739
2.018725,0.657037
1.991990,0.648334
1.986503,0.639632
1.981195,0.630929
1.976067,0.622227
1.971114,0.613524
1.966336,0.604822
1.961729,0.596119
1.957293,0.587417
1.953026,0.578714
1.948925,0.570012
1.944989,0.561309
1.941216,0.552607
1.937606,0.543905
1.934155,0.535202
1.930864,0.526500
1.927731,0.517797
1.924754,0.509095
1.921932,0.500392
1.919264,0.491690
1.916750,0.482987
1.914388,0.474285
1.912177,0.465582
1.910117,0.456880
1.908206,0.448177
1.906444,0.439475
1.904830,0.430772
1.903363,0.422070
1.902044,0.413367
1.900871,0.404665
1.899845,0.395962
1.898963,0.387260
1.898228,0.378558
1.897637,0.369855
1.897191,0.361153
1.896889,0.352450
1.896733,0.343748
1.896720,0.335045
1.896852,0.326343
1.897129,0.317640
1.897550,0.308938
1.898116,0.300235
1.898827,0.291533
1.899683,0.282830
1.860601,0.274128
1.861724,0.265425
1.862991,0.256723
1.864402,0.248020
1.865957,0.239318
1.867657,0.230615
1.869502,0.221913
1.871494,0.213211
1.873633,0.204508
1.855713,0.195806
1.837889,0.187103
1.840419,0.178401
1.843096,0.169698
1.845922,0.160996
1.848898,0.152293
1.852024,0.143591
1.855302,0.134888
1.858734,0.126186
1.862321,0.117483
1.866064,0.108781
1.869965,0.100078
1.874025,0.091376
1.878246,0.082673
1.882630,0.073971
1.887178,0.065269
1.891893,0.056566
1.896777,0.047864
1.901830,0.039161
1.907057,0.030459
1.912458,0.021756
1.918037,0.013054
1.923795,0.004351
1.929735,-0.004351
1.935860,-0.013054
1.942172,-0.021756
1.948674,-0.030459
1.955369,-0.039161
1.962261,-0.047864
1.969352,-0.056566
1.976645,-0.065269
1.984144,-0.073971
1.991853,-0.082674
1.999774,-0.091376
2.007913,-0.100078
2.016272,-0.108781
2.024856,-0.117483
2.033668,-0.126186
2.042714,-0.134888
2.051998,-0.143591
2.061524,-0.152293
2.071298,-0.160996
2.081324,-0.169698
2.091608,-0.178401
2.102154,-0.187103
2.112969,-0.195806
2.124059,-0.204508
2.135429,-0.213211
2.147086,-0.221913
2.159036,-0.230616
2.171287,-0.239318
2.183844,-0.248021
2.196716,-0.256723
2.209909,-0.265425
2.223433,-0.274128
2.237294,-0.282830
2.251502,-0.291533
2.266065,-0.300235
2.268088,-0.308938
2.263685,-0.317640
2.285288,-0.326343
2.282162,-0.335045
2.305392,-0.343748
2.329530,-0.352450
2.328399,-0.361153
2.354189,-0.369855
2.354329,-0.378558
2.328216,-0.387260
2.356216,-0.395963
2.385178,-0.404665
2.387677,-0.413367
2.418383,-0.422070
2.450097,-0.430772
2.454700,-0.439475
2.420639,-0.448177
2.399938,-0.456880
1.991873,-0.465582
1.920466,-0.474285
1.877622,-0.482987
1.862645,-0.491690
1.794394,-0.500392
1.780572,-0.509095
1.767096,-0.517797
1.753954,-0.526500
1.741138,-0.535202
1.728639,-0.543905
1.716447,-0.552607
1.704555,-0.561310
1.692955,-0.570012
1.681639,-0.578714
1.670600,-0.587417
1.649038,-0.596119
1.649323,-0.604822
1.639072,-0.613524
1.629071,-0.622227
1.619314,-0.630929
1.609795,-0.639632
1.648363,-0.648334
1.639032,-0.657037
1.629930,-0.665739
1.621051,-0.674442
1.612391,-0.683144
1.627227,-0.691847
1.618869,-0.700549
1.656811,-0.709252
1.648637,-0.717954
1.640667,-0.726657
1.655612,-0.735359
1.670541,-0.744061
1.662956,-0.752764
1.655564,-0.761466
1.648363,-0.770169
1.663562,-0.778871
1.700880,-0.787574
1.715989,-0.796276
1.709165,-0.804979
1.789954,-0.813681
1.804936,-0.822384
1.798249,-0.831086
1.791747,-0.839789
1.806966,-0.848491
1.843682,-0.857194
1.858896,-0.865896
1.895474,-0.874599
1.910705,-0.883301
1.904795,-0.892003
1.920193,-0.900706
1.914580,-0.909408
1.909145,-0.918111
1.945779,-0.926813
1.961472,-0.935516
1.998068,-0.944218
2.055414,-0.952921
2.050431,-0.961623
2.045628,-0.970326
2.102919,-0.979028
2.098334,-0.987731
2.176130,-0.996433
2.171735,-1.005136
2.167523,-1.013838
2.204354,-1.022541
2.220823,-1.031243
2.237404,-1.039946
2.254100,-1.048648
2.270915,-1.057350
2.267586,-1.066053
2.304914,-1.074755
2.362529,-1.083458
2.359617,-1.092160
2.356892,-1.100863
2.414777,-1.109565
2.453109,-1.118268
2.462962,-1.126970
2.490387,-1.135673
2.506591,-1.144375
2.524909,-1.153078
2.563440,-1.161780
2.562056,-1.170483
2.600915,-1.179185
2.599907,-1.187888
2.659127,-1.196590
7.553631,-1.292317
6.475274,-1.301020
5.998055,-1.309722
5.770793,-1.318425
5.462114,-1.327127
5.429657,-1.335830
5.435022,-1.344532
5.440813,-1.353235
5.447031,-1.361937
5.453679,-1.370639
5.460760,-1.379342
5.468277,-1.388044
5.476231,-1.396747
5.484627,-1.405449
5.493468,-1.414152
5.502757,-1.422854
5.512498,-1.431557
5.522695,-1.440259
5.533352,-1.448962
5.544474,-1.457664
5.556064,-1.466367
5.609389,-1.475069
5.622024,-1.483772
5.676597,-1.492474
5.690312,-1.501177
5.704528,-1.509879
5.740134,-1.518582
5.755428,-1.527284
5.771245,-1.535986
5.787591,-1.544689
5.804472,-1.553391
5.821898,-1.562094
5.839874,-1.570796
