scan.pos:-1.140956,6.893266,-2.6147500.717261,1.562094
0.713666,1.553391
0.710160,1.544689
0.706742,1.535986
0.703410,1.527284
0.700163,1.518581
0.696998,1.509879
0.693914,1.501177
0.690910,1.492474
0.687984,1.483772
0.685134,1.475069
0.682360,1.466367
0.679660,1.457664
0.677032,1.448962
0.674476,1.440259
0.671990,1.431557
0.669573,1.422854
0.667224,1.414152
0.664941,1.405449
0.662725,1.396747
0.660574,1.388044
0.679728,1.379342
0.698814,1.370639
0.696725,1.361937
0.694701,1.353234
0.692741,1.344532
0.690845,1.335830
0.689012,1.327127
0.687240,1.318425
0.685530,1.309722
0.683880,1.301020
0.682290,1.292317
0.701388,1.283615
0.699871,1.274912
0.698413,1.266210
0.697015,1.257507
0.695675,1.248805
0.694393,1.240102
0.693168,1.231400
0.712353,1.222697
0.731529,1.213995
0.730412,1.205292
0.729353,1.196590
0.728353,1.187888
0.727411,1.179185
0.726527,1.170483
0.725700,1.161780
0.745067,1.153078
0.744334,1.144375
0.743659,1.135673
0.783206,1.126970
0.822750,1.118268
0.822193,1.109565
0.821700,1.100863
0.821269,1.092160
0.820902,1.083458
0.820597,1.074755
1.080468,1.066053
1.500321,1.057350
3.000215,1.048648
4.776674,0.648334
4.562467,0.639632
4.473971,0.630929
4.374544,0.622227
4.299462,0.613524
4.226786,0.604822
4.131717,0.596119
4.064356,0.587417
3.998958,0.578714
3.912995,0.570012
3.852512,0.561309
3.793157,0.552607
3.735320,0.543905
3.678914,0.535202
3.605944,0.526500
3.552898,0.517797
3.501035,0.509095
3.457820,0.500392
3.408934,0.491690
3.361030,0.482987
3.314052,0.474285
3.278638,0.465582
3.234123,0.456880
3.190377,0.448177
3.160306,0.439475
3.167427,0.430772
3.126763,0.422070
3.101853,0.413367
3.087907,0.404665
3.049832,0.395962
3.054708,0.387260
3.043802,0.378558
3.033687,0.369855
3.043772,0.361153
3.041638,0.352450
3.037610,0.343748
3.059986,0.335045
3.056505,0.326343
3.053205,0.317640
3.076923,0.308938
3.101250,0.300235
3.126205,0.291533
3.151808,0.282830
3.178076,0.274128
3.205033,0.265425
3.232699,0.256723
3.245588,0.248020
3.277937,0.239318
3.310565,0.230615
3.343498,0.221913
3.376757,0.213211
3.410368,0.204508
3.417573,0.195806
3.531891,0.187103
3.559357,0.178401
3.653538,0.169698
3.740500,0.160996
3.775640,0.152293
3.811344,0.143591
3.847642,0.134888
3.960381,0.126186
4.022559,0.117483
4.060169,0.108781
4.098519,0.100078
4.171929,0.091376
4.232763,0.082673
4.272479,0.073971
4.351388,0.065269
4.398864,0.056566
7.781810,-0.039161
7.745883,-0.047864
7.710870,-0.056566
7.676754,-0.065269
7.643518,-0.073971
7.611146,-0.082674
7.579622,-0.091376
7.548931,-0.100078
7.519057,-0.108781
7.489987,-0.117483
7.461707,-0.126186
7.434204,-0.134888
7.407464,-0.143591
7.381476,-0.152293
7.356229,-0.160996
7.331710,-0.169698
7.307909,-0.178401
7.284814,-0.187103
7.262416,-0.195806
7.240706,-0.204508
7.219673,-0.213211
7.199308,-0.221913
7.179604,-0.230616
7.160550,-0.239318
7.142140,-0.248021
7.124366,-0.256723
7.107219,-0.265425
7.090694,-0.274128
7.074783,-0.282830
7.059480,-0.291533
7.044777,-0.300235
2.438572,-0.308938
2.372501,-0.317640
2.347705,-0.326343
2.343564,-0.335045
2.298910,-0.343748
2.254577,-0.352450
2.230844,-0.361153
2.187092,-0.369855
2.184093,-0.378558
2.161062,-0.387260
2.158434,-0.395963
2.155977,-0.404665
2.113416,-0.413367
2.111337,-0.422070
2.109422,-0.430772
2.107671,-0.439475
2.106083,-0.448177
2.104658,-0.456880
2.103395,-0.465582
2.102293,-0.474285
2.101352,-0.482987
2.100572,-0.491690
2.099953,-0.500392
2.099493,-0.509095
2.099194,-0.517797
2.099055,-0.526500
2.099075,-0.535202
2.099256,-0.543905
2.059585,-0.552607
2.060076,-0.561310
2.040708,-0.570012
2.041506,-0.578714
2.002393,-0.587417
2.003481,-0.596119
1.984667,-0.604822
1.986050,-0.613524
1.987586,-0.622227
1.989277,-0.630929
1.950878,-0.639632
1.952838,-0.648334
1.954951,-0.657037
1.957218,-0.665739
1.959639,-0.674442
1.962216,-0.683144
1.964950,-0.691847
1.967841,-0.700549
1.970891,-0.709252
1.974102,-0.717954
1.977473,-0.726657
1.981008,-0.735359
1.984706,-0.744061
1.988570,-0.752764
1.992601,-0.761466
1.996800,-0.770169
2.001170,-0.778871
2.005713,-0.787574
2.010429,-0.796276
2.015322,-0.804979
2.020393,-0.813681
2.025644,-0.822384
2.031077,-0.831086
2.036695,-0.839789
2.042500,-0.848491
2.048495,-0.857194
2.097068,-0.865896
2.061064,-0.874599
2.067644,-0.883301
2.074425,-0.892003
2.081409,-0.900706
2.088600,-0.909408
2.096000,-0.918111
2.103615,-0.926813
2.111446,-0.935516
2.119498,-0.944218
2.127774,-0.952921
2.136278,-0.961623
2.145014,-0.970326
2.153987,-0.979028
2.163201,-0.987731
2.172660,-0.996433
2.182369,-1.005136
2.192333,-1.013838
2.247993,-1.022541
2.236231,-1.031243
2.197585,-1.039946
2.159544,-1.048648
2.145235,-1.057350
2.108402,-1.066053
2.072059,-1.074755
2.036170,-1.083458
2.024367,-1.092160
1.989420,-1.100863
1.954832,-1.109565
1.944647,-1.118268
1.910834,-1.126970
1.877298,-1.135673
1.868523,-1.144375
1.835615,-1.153078
1.827732,-1.161780
1.795367,-1.170483
1.788309,-1.179185
1.756408,-1.187888
1.750114,-1.196590
1.718602,-1.205293
1.687167,-1.213995
1.681824,-1.222697
1.676898,-1.231400
1.645957,-1.240102
1.641645,-1.248805
1.610891,-1.257507
1.607149,-1.266210
1.576521,-1.274912
1.573309,-1.283615
1.542746,-1.292317
1.540028,-1.301020
1.537663,-1.309722
1.528516,-1.318425
1.515493,-1.327127
1.502804,-1.335830
1.490437,-1.344532
1.478385,-1.353235
1.466636,-1.361937
1.455183,-1.370639
1.444016,-1.379342
1.433128,-1.388044
1.422510,-1.396747
1.412155,-1.405449
1.402056,-1.414152
1.392205,-1.422854
1.382596,-1.431557
1.373223,-1.440259
1.364080,-1.448962
1.355160,-1.457664
1.346457,-1.466367
1.337967,-1.475069
1.329684,-1.483772
1.321603,-1.492474
1.313719,-1.501177
1.306028,-1.509879
1.298524,-1.518582
1.291204,-1.527284
1.284063,-1.535986
1.277097,-1.544689
1.270303,-1.553391
1.263676,-1.562094
1.257213,-1.570796
