scan.pos:-2.285584,2.424315,1.1352500.705903,1.562094
0.708809,1.553391
0.711793,1.544689
0.714856,1.535986
0.718001,1.527284
0.721230,1.518581
0.724542,1.509879
0.727941,1.501177
0.731428,1.492474
0.735005,1.483772
0.738673,1.475069
0.742435,1.466367
0.746293,1.457664
0.750249,1.448962
0.754304,1.440259
0.758461,1.431557
0.762723,1.422854
0.767092,1.414152
0.771571,1.405449
0.776161,1.396747
0.780866,1.388044
0.785689,1.379342
0.790632,1.370639
0.795699,1.361937
0.800893,1.353234
0.806216,1.344532
0.811673,1.335830
0.817268,1.327127
0.823003,1.318425
0.828882,1.309722
0.834910,1.301020
0.841091,1.292317
0.847430,1.283615
0.853930,1.274912
0.860596,1.266210
0.867434,1.257507
0.874449,1.248805
0.881646,1.240102
0.889030,1.231400
0.896608,1.222697
0.904386,1.213995
0.897994,1.205292
0.918205,1.196590
0.910554,1.187888
0.930465,1.179185
0.922977,1.170483
0.942610,1.161780
0.962008,1.153078
0.954662,1.144375
0.973818,1.135673
0.992765,1.126970
0.985574,1.118268
1.004312,1.109565
0.997291,1.100863
1.015839,1.092160
1.034211,1.083458
1.052418,1.074755
1.045571,1.066053
1.063626,1.057350
1.081534,1.048648
1.099303,1.039945
1.116938,1.031243
1.134447,1.022541
1.127840,1.013838
1.145254,1.005136
1.162558,0.996433
1.179758,0.987731
1.196861,0.979028
1.213872,0.970326
1.230798,0.961623
1.247643,0.952921
1.264414,0.944218
1.303992,0.935516
1.320520,0.926813
1.336992,0.918111
1.375969,0.909408
1.392243,0.900706
1.408477,0.892003
1.446938,0.883301
1.463015,0.874598
1.479069,0.865896
1.517092,0.857194
1.554928,0.848491
1.592589,0.839789
1.608350,0.831086
1.645772,0.822384
1.683049,0.813681
1.720191,0.804979
1.757208,0.796276
1.771114,0.787574
1.809100,0.778871
1.868259,0.770169
1.925070,0.761466
1.964604,0.752764
4.139282,0.744061
4.127704,0.735359
4.137423,0.726656
4.126539,0.717954
4.157647,0.709251
4.208550,0.700549
4.214191,0.691847
4.244959,0.683144
4.243601,0.674442
4.276126,0.665739
4.327361,0.657037
4.380261,0.648334
4.596890,0.639632
4.608934,0.630929
4.662040,0.622227
4.674633,0.613524
4.748474,0.604822
4.822449,0.596119
5.038336,0.587417
5.375354,0.578714
5.610905,0.570012
5.604206,0.561309
5.597949,0.552607
5.592131,0.543905
5.586750,0.535202
5.581804,0.526500
5.577292,0.517797
5.573210,0.509095
5.588782,0.500392
5.577362,0.491690
5.563540,0.482987
5.561170,0.474285
5.559226,0.465582
5.557705,0.456880
5.556609,0.448177
5.555936,0.439475
5.555686,0.430772
5.555860,0.422070
5.556457,0.413367
5.557477,0.404665
5.558920,0.395962
5.560789,0.387260
5.563082,0.378558
5.565801,0.369855
5.568947,0.361153
5.572521,0.352450
5.576525,0.343748
5.580960,0.335045
5.585827,0.326343
5.591129,0.317640
5.596869,0.308938
5.603046,0.300235
5.609666,0.291533
5.616729,0.282830
5.624238,0.274128
5.632198,0.265425
5.640610,0.256723
5.649478,0.248020
5.658806,0.239318
5.668597,0.230615
5.678855,0.221913
5.689584,0.213211
5.700789,0.204508
5.712474,0.195806
5.724644,0.187103
5.737304,0.178401
5.750459,0.169698
5.764114,0.160996
5.778275,0.152293
5.792948,0.143591
5.808140,0.134888
5.823856,0.126186
3.807995,0.117483
3.725755,0.108781
3.627584,0.100078
3.578431,0.091376
3.572926,0.082673
3.517471,0.073971
3.279325,0.065269
3.218383,0.056566
3.149107,0.047864
3.071732,0.039161
3.017632,0.030459
2.958485,0.021756
2.886744,0.013054
2.838158,0.004351
2.787552,-0.004351
2.697554,-0.013054
2.676216,-0.021756
2.633122,-0.030459
2.590971,-0.039161
2.549703,-0.047864
2.509263,-0.056566
2.469597,-0.065269
2.430657,-0.073971
2.392397,-0.082674
2.354772,-0.091376
2.317740,-0.100078
2.281264,-0.108781
2.245305,-0.117483
2.233399,-0.126186
2.198500,-0.134888
2.164019,-0.143591
2.129926,-0.152293
2.096192,-0.160996
2.056444,-0.169698
2.044509,-0.178401
2.021408,-0.187103
2.013692,-0.195806
1.981654,-0.204508
1.949825,-0.213211
1.943375,-0.221913
1.912062,-0.230616
1.880892,-0.239318
1.875562,-0.248021
1.896601,-0.256723
1.918476,-0.265425
1.914910,-0.274128
1.911801,-0.282830
1.935827,-0.291533
1.933824,-0.300235
1.959377,-0.308938
1.985813,-0.317640
1.985598,-0.326343
1.985835,-0.335045
1.958507,-0.343748
1.987671,-0.352450
2.000260,-0.361153
2.011126,-0.369855
2.049553,-0.378558
2.032770,-0.387260
2.070705,-0.395963
2.081262,-0.404665
2.118534,-0.413367
2.128875,-0.422070
2.165541,-0.430772
2.175701,-0.439475
2.211814,-0.448177
2.221827,-0.456880
2.257438,-0.465582
2.251887,-0.474285
2.284044,-0.482987
2.309328,-0.491690
2.334813,-0.500392
2.360517,-0.509095
2.396281,-0.517797
2.423056,-0.526500
2.450118,-0.535202
2.477487,-0.543905
2.505185,-0.552607
2.546052,-0.561310
2.575112,-0.570012
2.604585,-0.578714
2.657967,-0.587417
2.688226,-0.596119
2.735117,-0.604822
2.767120,-0.613524
2.799706,-0.622227
2.855789,-0.630929
2.889542,-0.639632
2.943873,-0.648334
3.002441,-0.657037
3.061619,-0.665739
3.099108,-0.674442
3.159780,-0.683144
3.223291,-0.691847
3.264587,-0.700549
3.329014,-0.709252
3.416386,-0.717954
3.482904,-0.726657
3.536537,-0.735359
3.780159,-0.744061
3.851401,-0.752764
3.957217,-0.761466
6.098384,-1.005136
6.010967,-1.013838
5.924195,-1.022541
5.918494,-1.031243
5.893161,-1.039946
5.848241,-1.048648
5.843961,-1.057350
5.820082,-1.066053
5.776638,-1.074755
5.673594,-1.083458
5.651158,-1.092160
5.649182,-1.100863
5.607623,-1.109565
5.566510,-1.118268
5.545835,-1.126970
5.505586,-1.135673
5.485757,-1.144375
5.486346,-1.153078
5.487353,-1.161780
5.448756,-1.170483
5.410550,-1.179185
5.412781,-1.187888
5.355318,-1.196590
5.358345,-1.205293
5.301602,-1.213995
5.305411,-1.222697
5.249357,-1.231400
5.213718,-1.240102
5.213744,-1.248805
5.123283,-1.257507
5.124535,-1.266210
5.054485,-1.274912
4.613742,-1.283615
4.339452,-1.292317
4.124125,-1.301020
3.701311,-1.309722
3.616295,-1.318425
3.237762,-1.327127
3.094335,-1.335830
2.983150,-1.344532
2.770792,-1.353235
2.735204,-1.361937
2.649866,-1.370639
2.584312,-1.379342
2.606127,-1.388044
2.534402,-1.396747
2.526056,-1.405449
2.542091,-1.414152
2.519815,-1.422854
2.500469,-1.431557
2.462861,-1.440259
2.383783,-1.448962
2.331434,-1.457664
2.259759,-1.466367
2.210841,-1.475069
2.142184,-1.483772
2.102964,-1.492474
2.059761,-1.501177
2.017711,-1.509879
1.955163,-1.518582
1.915088,-1.527284
1.875924,-1.535986
1.852760,-1.544689
1.860231,-1.553391
1.868735,-1.562094
1.834116,-1.570796
