scan.pos:6.810849,3.261394,-1.9147501.241890,1.562094
1.245832,1.553391
1.249894,1.544689
1.254079,1.535986
1.258388,1.527284
1.262823,1.518581
1.267386,1.509879
1.272080,1.501177
1.276906,1.492474
1.281867,1.483772
1.286965,1.475069
1.292202,1.466367
1.297582,1.457664
1.303106,1.448962
1.308777,1.440259
1.314599,1.431557
1.320574,1.422854
1.326704,1.414152
1.332994,1.405449
1.339446,1.396747
1.346064,1.388044
1.352852,1.379342
1.359812,1.370639
1.366949,1.361937
1.374266,1.353234
1.381768,1.344532
1.389459,1.335830
1.397342,1.327127
1.405424,1.318425
1.413707,1.309722
1.422198,1.301020
1.430901,1.292317
1.439822,1.283615
1.448965,1.274912
1.458337,1.266210
1.467944,1.257507
1.477791,1.248805
1.487886,1.240102
1.498234,1.231400
1.508843,1.222697
1.519720,1.213995
1.530872,1.205292
1.542307,1.196590
1.554034,1.187888
1.566060,1.179185
1.578395,1.170483
1.591049,1.161780
1.604030,1.153078
1.617348,1.144375
1.631015,1.135673
1.645042,1.126970
1.653918,1.118268
1.655364,1.109565
1.684896,1.100863
1.686875,1.092160
1.716498,1.083458
1.719042,1.074755
1.748814,1.066053
1.751959,1.057350
1.781937,1.048648
1.785721,1.039945
1.815966,1.031243
1.820433,1.022541
1.851009,1.013838
1.881685,1.005136
1.887176,0.996433
1.918288,0.987731
1.924589,0.979028
1.956210,0.970326
1.988035,0.961623
1.995586,0.952921
2.028043,0.944218
2.060775,0.935516
2.093809,0.926813
2.103244,0.918111
2.137099,0.909408
2.171337,0.900706
2.213514,0.892003
2.201688,0.883301
2.190154,0.874598
2.178906,0.865896
2.167936,0.857194
2.157240,0.848491
2.146812,0.839789
2.136646,0.831086
2.126737,0.822384
2.117079,0.813681
2.107670,0.804979
2.098502,0.796276
2.089572,0.787574
2.080876,0.778871
2.072409,0.770169
2.064167,0.761466
2.056146,0.752764
2.048343,0.744061
2.040754,0.735359
1.990143,0.726656
1.983124,0.717954
1.976304,0.709251
1.969679,0.700549
1.963249,0.691847
1.957008,0.683144
1.929766,0.674442
1.923962,0.665739
1.918338,0.657037
1.912892,0.648334
1.907623,0.639632
1.902526,0.630929
1.897601,0.622227
1.892845,0.613524
1.888257,0.604822
1.883833,0.596119
1.879573,0.587417
1.875475,0.578714
1.871537,0.570012
1.867757,0.561309
1.864135,0.552607
1.860667,0.543905
1.857354,0.535202
1.854193,0.526500
1.851184,0.517797
1.839185,0.509095
1.845616,0.500392
1.843054,0.491690
1.840640,0.482987
1.838372,0.474285
1.836249,0.465582
1.834270,0.456880
1.832435,0.448177
1.830743,0.439475
1.829193,0.430772
1.827785,0.422070
1.826518,0.413367
1.825392,0.404665
1.824406,0.395962
1.823560,0.387260
1.822853,0.378558
1.822286,0.369855
1.821857,0.361153
1.821568,0.352450
1.821417,0.343748
1.821405,0.335045
1.821532,0.326343
1.821798,0.317640
1.822202,0.308938
1.822746,0.300235
1.783384,0.291533
1.784188,0.282830
1.785129,0.274128
1.786207,0.265425
1.787422,0.256723
1.788776,0.248020
1.790267,0.239318
1.791898,0.230615
1.793669,0.221913
1.795580,0.213211
1.777450,0.204508
1.759413,0.195806
1.761697,0.187103
1.764122,0.178401
1.766688,0.169698
1.769397,0.160996
1.772249,0.152293
1.775246,0.143591
1.778388,0.134888
1.781678,0.126186
1.785116,0.117483
1.788704,0.108781
1.792443,0.100078
1.796335,0.091376
1.800381,0.082673
1.804583,0.073971
1.808943,0.065269
1.813462,0.056566
1.818143,0.047864
1.822987,0.039161
1.827997,0.030459
1.833174,0.021756
1.838522,0.013054
1.844041,0.004351
1.849735,-0.004351
1.855606,-0.013054
1.861656,-0.021756
1.867889,-0.030459
1.874307,-0.039161
1.880913,-0.047864
1.887709,-0.056566
1.894700,-0.065269
1.901889,-0.073971
1.909278,-0.082674
1.916871,-0.091376
1.924672,-0.100078
1.932684,-0.108781
1.940912,-0.117483
1.949360,-0.126186
1.958030,-0.134888
1.966929,-0.143591
1.976061,-0.152293
1.985429,-0.160996
1.995040,-0.169698
2.004897,-0.178401
2.015006,-0.187103
2.025373,-0.195806
2.036003,-0.204508
2.046902,-0.213211
2.058075,-0.221913
2.069530,-0.230616
2.081273,-0.239318
2.093309,-0.248021
2.105648,-0.256723
2.118294,-0.265425
2.131257,-0.274128
2.144544,-0.282830
2.158162,-0.291533
2.172122,-0.300235
2.186430,-0.308938
2.201098,-0.317640
2.197650,-0.326343
2.194117,-0.335045
2.216921,-0.343748
2.214621,-0.352450
2.239028,-0.361153
2.264341,-0.369855
2.263987,-0.378558
2.290940,-0.387260
2.264829,-0.395963
2.266022,-0.404665
2.295169,-0.413367
2.325284,-0.422070
2.328488,-0.430772
2.360360,-0.439475
2.354442,-0.448177
2.390190,-0.456880
2.342396,-0.465582
2.323048,-0.474285
2.004389,-0.482987
1.853213,-0.491690
1.838687,-0.500392
1.744667,-0.509095
1.731462,-0.517797
1.718586,-0.526500
1.706028,-0.535202
1.693781,-0.543905
1.681835,-0.552607
1.670183,-0.561310
1.658817,-0.570012
1.647729,-0.578714
1.636913,-0.587417
1.626360,-0.596119
1.616065,-0.604822
1.606021,-0.613524
1.577227,-0.622227
1.582282,-0.630929
1.577334,-0.639632
1.568235,-0.648334
1.559358,-0.657037
1.550698,-0.665739
1.542251,-0.674442
1.580822,-0.683144
1.572540,-0.691847
1.564464,-0.700549
1.556587,-0.709252
1.548908,-0.717954
1.564242,-0.726657
1.556834,-0.735359
1.572222,-0.744061
1.587588,-0.752764
1.580532,-0.761466
1.573657,-0.770169
1.611387,-0.778871
1.604681,-0.787574
1.598151,-0.796276
1.613738,-0.804979
1.629326,-0.813681
1.644917,-0.822384
1.660517,-0.831086
1.676128,-0.839789
1.756374,-0.848491
1.750333,-0.857194
1.744466,-0.865896
1.760094,-0.874599
1.797011,-0.883301
1.791453,-0.892003
1.786065,-0.900706
1.865103,-0.909408
1.859808,-0.918111
1.854685,-0.926813
1.870621,-0.935516
1.865778,-0.944218
1.861102,-0.952921
1.918793,-0.961623
1.914298,-0.970326
1.930608,-0.979028
2.008774,-0.987731
2.004556,-0.996433
2.000508,-1.005136
2.037566,-1.013838
2.095070,-1.022541
2.132129,-1.031243
2.128501,-1.039946
2.186028,-1.048648
2.182652,-1.057350
2.179452,-1.066053
2.216903,-1.074755
2.234210,-1.083458
2.231457,-1.092160
2.228880,-1.100863
2.266761,-1.109565
2.324857,-1.118268
2.322710,-1.126970
2.381001,-1.135673
2.379168,-1.144375
2.437688,-1.153078
2.436185,-1.161780
2.471137,-1.170483
2.481423,-1.179185
2.532876,-1.187888
2.532088,-1.196590
2.531493,-1.205293
2.571095,-1.213995
2.630883,-1.222697
7.571250,-1.301020
6.974371,-1.309722
6.196420,-1.318425
5.819695,-1.327127
5.638061,-1.335830
5.436691,-1.344532
5.413620,-1.353235
5.419808,-1.361937
5.426423,-1.370639
5.433468,-1.379342
5.440947,-1.388044
5.448862,-1.396747
5.457216,-1.405449
5.466013,-1.414152
5.475255,-1.422854
5.484948,-1.431557
5.495094,-1.440259
5.505698,-1.448962
5.516764,-1.457664
5.528296,-1.466367
5.540299,-1.475069
5.552778,-1.483772
5.607190,-1.492474
5.620737,-1.501177
5.676435,-1.509879
5.691087,-1.518582
5.706251,-1.527284
5.742927,-1.535986
5.759192,-1.544689
5.775991,-1.553391
5.793331,-1.562094
5.811219,-1.570796
