scan.pos:6.398327,2.451756,2.6184351.062054,1.562094
1.067467,1.553391
1.073018,1.544689
1.078710,1.535986
1.084545,1.527284
1.090527,1.518581
1.096660,1.509879
1.102946,1.501177
1.109390,1.492474
1.115995,1.483772
1.122766,1.475069
1.129705,1.466367
1.136818,1.457664
1.144109,1.448962
1.151582,1.440259
1.159242,1.431557
1.167094,1.422854
1.175144,1.414152
1.183396,1.405449
1.191856,1.396747
1.200530,1.388044
1.209424,1.379342
1.218544,1.370639
1.227898,1.361937
1.237490,1.353234
1.247330,1.344532
1.257424,1.335830
1.267780,1.327127
1.278406,1.318425
1.289310,1.309722
1.300503,1.301020
1.290429,1.292317
1.307311,1.283615
1.296426,1.274912
1.313175,1.266210
1.302615,1.257507
1.319245,1.248805
1.335714,1.240102
1.352032,1.231400
1.368207,1.222697
1.384245,1.213995
1.400154,1.205292
1.415942,1.196590
1.406050,1.187888
1.396402,1.179185
1.386990,1.170483
1.402859,1.161780
1.418626,1.153078
1.434299,1.144375
1.474457,1.135673
1.489806,1.126970
1.505081,1.118268
1.520287,1.109565
1.535431,1.100863
1.550517,1.092160
1.494389,1.083458
1.486175,1.074755
1.478163,1.066053
1.447009,1.057350
1.393073,1.048648
1.362894,1.039945
1.356106,1.031243
1.349488,1.022541
1.229219,1.013838
1.178149,1.005136
1.150194,0.996433
1.145030,0.987731
1.095294,0.979028
1.090585,0.970326
1.085999,0.961623
1.081533,0.952921
1.033219,0.944218
1.029160,0.935516
1.025212,0.926813
0.999639,0.918111
0.995983,0.909408
0.992429,0.900706
0.988975,0.892003
0.985620,0.883301
0.939651,0.874598
0.936627,0.865896
0.933693,0.857194
0.930848,0.848491
0.928090,0.839789
0.925420,0.831086
0.922834,0.822384
0.920333,0.813681
0.917915,0.804979
0.915579,0.796276
0.913325,0.787574
0.911151,0.778871
0.909056,0.770169
0.907040,0.761466
0.905101,0.752764
0.903240,0.744061
0.901454,0.735359
0.899744,0.726656
0.898109,0.717954
0.896548,0.709251
0.895060,0.700549
0.893645,0.691847
0.892303,0.683144
0.891032,0.674442
0.889832,0.665739
0.888703,0.657037
0.887645,0.648334
0.886657,0.639632
0.885738,0.630929
0.884888,0.622227
0.884108,0.613524
0.883396,0.604822
0.882752,0.596119
0.882176,0.587417
0.881668,0.578714
0.881228,0.570012
0.880855,0.561309
0.880550,0.552607
0.880312,0.543905
0.880141,0.535202
0.920039,0.526500
0.920000,0.517797
0.920032,0.509095
0.920133,0.500392
0.920305,0.491690
0.920547,0.482987
0.920859,0.474285
0.921241,0.465582
0.941731,0.456880
0.942266,0.448177
0.982996,0.439475
0.983706,0.430772
0.984491,0.422070
0.985353,0.413367
0.986291,0.404665
1.027604,0.395962
1.028742,0.387260
1.029960,0.378558
1.031260,0.369855
1.093386,0.361153
1.216596,0.352450
1.218417,0.343748
1.281353,0.335045
1.364963,0.326343
1.367329,0.317640
1.390253,0.308938
1.392884,0.300235
1.395631,0.291533
1.563026,0.282830
1.628191,0.274128
1.714419,0.265425
1.780465,0.256723
1.826203,0.248020
1.851499,0.239318
1.856207,0.230615
1.902902,0.221913
1.970961,0.213211
2.039544,0.204508
2.150847,0.195806
2.178368,0.187103
2.227434,0.178401
2.276975,0.169698
5.292684,0.160996
5.310188,0.152293
5.328216,0.143591
5.346775,0.134888
5.365874,0.126186
5.385521,0.117483
5.405726,0.108781
5.426499,0.100078
5.491796,0.091376
5.513909,0.082673
5.580932,0.073971
5.604446,0.065269
5.628591,0.056566
5.675817,0.047864
5.701357,0.039161
5.727566,0.030459
5.754457,0.021756
5.782045,0.013054
5.810342,0.004351
5.839365,-0.004351
5.869129,-0.013054
5.899649,-0.021756
5.930943,-0.030459
5.939449,-0.039161
5.924796,-0.047864
5.958114,-0.056566
5.992269,-0.065269
6.027278,-0.073971
6.063163,-0.082674
6.148762,-0.091376
7.754140,-0.274128
7.688442,-0.282830
7.624424,-0.291533
7.562034,-0.300235
7.501224,-0.308938
7.441946,-0.317640
7.384155,-0.326343
7.327808,-0.335045
7.272865,-0.343748
7.219285,-0.352450
7.167031,-0.361153
7.116066,-0.369855
7.066355,-0.378558
7.017864,-0.387260
6.970562,-0.395963
6.924416,-0.404665
6.879398,-0.413367
6.835479,-0.422070
6.792631,-0.430772
6.750828,-0.439475
6.710044,-0.448177
6.670254,-0.456880
6.631436,-0.465582
6.593566,-0.474285
6.556623,-0.482987
6.520586,-0.491690
6.485433,-0.500392
6.451147,-0.509095
6.417706,-0.517797
6.385095,-0.526500
6.353294,-0.535202
6.322289,-0.543905
6.292060,-0.552607
6.262595,-0.561310
6.233876,-0.570012
6.205890,-0.578714
6.178623,-0.587417
6.152061,-0.596119
6.126190,-0.604822
6.100999,-0.613524
6.076476,-0.622227
6.052607,-0.630929
6.029383,-0.639632
6.006792,-0.648334
5.984824,-0.657037
5.963468,-0.665739
5.942715,-0.674442
5.922555,-0.683144
5.902980,-0.691847
5.883981,-0.700549
5.865549,-0.709252
5.847675,-0.717954
5.830353,-0.726657
5.813575,-0.735359
5.797333,-0.744061
5.781621,-0.752764
5.766431,-0.761466
5.751758,-0.770169
5.737596,-0.778871
5.723938,-0.787574
5.710778,-0.796276
5.698112,-0.804979
5.685934,-0.813681
5.674239,-0.822384
5.663023,-0.831086
5.652280,-0.839789
5.642006,-0.848491
5.632199,-0.857194
5.622852,-0.865896
5.613964,-0.874599
5.605530,-0.883301
5.597547,-0.892003
5.590011,-0.900706
5.582921,-0.909408
5.576272,-0.918111
5.570063,-0.926813
5.564291,-0.935516
5.558954,-0.944218
5.554050,-0.952921
5.549576,-0.961623
5.545532,-0.970326
5.541915,-0.979028
5.538725,-0.987731
5.535960,-0.996433
5.533618,-1.005136
5.531700,-1.013838
5.530204,-1.022541
5.529130,-1.031243
5.528477,-1.039946
5.528245,-1.048648
5.528434,-1.057350
5.529045,-1.066053
5.530076,-1.074755
5.531529,-1.083458
5.533405,-1.092160
5.535704,-1.100863
5.538426,-1.109565
5.541574,-1.118268
5.545147,-1.126970
5.549148,-1.135673
5.553577,-1.144375
5.558438,-1.153078
5.563732,-1.161780
5.569459,-1.170483
5.575624,-1.179185
5.582228,-1.187888
5.589274,-1.196590
5.596764,-1.205293
5.604702,-1.213995
5.613090,-1.222697
5.621933,-1.231400
5.631232,-1.240102
5.640993,-1.248805
5.651219,-1.257507
5.661914,-1.266210
5.673082,-1.274912
5.684729,-1.283615
5.716074,-1.292317
5.711441,-1.301020
5.738891,-1.309722
5.755738,-1.318425
5.709139,-1.327127
5.537300,-1.335830
5.393020,-1.344532
5.230234,-1.353235
5.099661,-1.361937
4.974155,-1.370639
4.834087,-1.379342
4.719157,-1.388044
4.613383,-1.396747
4.507456,-1.405449
4.383340,-1.414152
4.293403,-1.422854
4.197790,-1.431557
4.126332,-1.440259
4.027843,-1.448962
3.940500,-1.457664
3.871567,-1.466367
3.789215,-1.475069
3.730585,-1.483772
3.649330,-1.492474
3.594965,-1.501177
3.519570,-1.509879
3.468965,-1.518582
3.397110,-1.527284
3.351568,-1.535986
3.305414,-1.544689
3.241895,-1.553391
3.198550,-1.562094
3.139186,-1.570796
