scan.pos:4.420907,7.124294,-2.9147504.827981,1.562094
4.736517,1.553391
4.686660,1.544689
4.637344,1.535986
4.608929,1.527284
4.601301,1.518581
4.594048,1.509879
4.546610,1.501177
4.519906,1.492474
4.513841,1.483772
4.427350,1.475069
4.422097,1.466367
4.397042,1.457664
4.392505,1.448962
4.348091,1.440259
4.344273,1.431557
4.320717,1.422854
4.317587,1.414152
4.274692,1.405449
4.232175,1.396747
4.210052,1.388044
4.168252,1.379342
4.146813,1.370639
4.145709,1.361937
4.104916,1.353234
4.104448,1.344532
4.064294,1.335830
4.044450,1.327127
4.004908,1.318425
3.985665,1.309722
3.946705,1.301020
3.908022,1.292317
3.909662,1.283615
3.891564,1.274912
3.893793,1.266210
3.896320,1.257507
3.899148,1.248805
3.902278,1.240102
3.905710,1.231400
3.909447,1.222697
3.913488,1.213995
3.917837,1.205292
3.942692,1.196590
3.947685,1.187888
3.952993,1.179185
3.958617,1.170483
4.005177,1.161780
4.052185,1.153078
4.079281,1.144375
4.188420,1.135673
4.420949,1.126970
4.470307,1.118268
4.540724,1.109565
4.652909,1.100863
4.724695,1.092160
5.107029,1.083458
5.201602,1.074755
5.317770,1.066053
5.476521,1.057350
5.553049,1.048648
5.609484,1.039945
5.645679,1.031243
5.703533,1.022541
5.719972,1.013838
5.736945,1.005136
5.754457,0.996433
5.772519,0.987731
5.791136,0.979028
5.810317,0.970326
5.787079,0.961623
5.807266,0.952921
5.828039,0.944218
5.849408,0.935516
5.871384,0.926813
5.893975,0.918111
5.917194,0.909408
5.941050,0.900706
5.965556,0.892003
5.990723,0.883301
6.016562,0.874598
6.043089,0.865896
6.070314,0.857194
6.075601,0.848491
6.104160,0.839789
6.133458,0.831086
6.163510,0.822384
6.194333,0.813681
6.225941,0.804979
6.258353,0.796276
6.291586,0.787574
6.325658,0.778871
6.360588,0.770169
6.348700,0.761466
6.385132,0.752764
6.422476,0.744061
6.460755,0.735359
6.499991,0.726656
6.540207,0.717954
6.581429,0.709251
6.623681,0.700549
6.666990,0.691847
6.711384,0.683144
6.756891,0.674442
6.956880,0.665739
7.005782,0.657037
7.055917,0.648334
7.107320,0.639632
7.151923,0.630929
7.214075,0.622227
7.269503,0.613524
7.326351,0.604822
7.384662,0.596119
4.347913,0.587417
4.306962,0.578714
4.266561,0.570012
4.226681,0.561309
4.215579,0.552607
4.179122,0.543905
4.143748,0.535202
4.109279,0.526500
4.075686,0.517797
4.042943,0.509095
4.011025,0.500392
3.979908,0.491690
3.949569,0.482987
3.919985,0.474285
3.891135,0.465582
3.862998,0.456880
3.869437,0.448177
3.859897,0.439475
3.833436,0.430772
3.807624,0.422070
3.832526,0.413367
3.807635,0.404665
3.783352,0.395962
3.759660,0.387260
3.760961,0.378558
3.738264,0.369855
3.716120,0.361153
3.694517,0.352450
3.673441,0.343748
3.652881,0.335045
3.632826,0.326343
3.613262,0.317640
3.594181,0.308938
3.575571,0.300235
3.557422,0.291533
3.539725,0.282830
3.521735,0.274128
3.505648,0.265425
3.489250,0.256723
3.473269,0.248020
3.435249,0.239318
3.375479,0.230615
3.360985,0.221913
3.346869,0.213211
3.333125,0.204508
3.319744,0.195806
3.306721,0.187103
3.294050,0.178401
3.281724,0.169698
3.269739,0.160996
3.258088,0.152293
3.289756,0.143591
3.278613,0.134888
3.267792,0.126186
3.278573,0.117483
3.310752,0.108781
3.300679,0.100078
3.333097,0.091376
3.386607,0.082673
3.377162,0.073971
3.430765,0.065269
3.509863,0.056566
3.534950,0.047864
3.577366,0.039161
3.562392,0.030459
3.656177,0.021756
3.714500,0.013054
3.823213,0.004351
3.818738,-0.004351
3.939787,-0.013054
3.943940,-0.021756
4.091386,-0.030459
4.259119,-0.039161
4.472118,-0.047864
4.686198,-0.056566
4.948735,-0.065269
7.784875,-0.152293
7.719685,-0.160996
7.675200,-0.169698
7.671401,-0.178401
7.668189,-0.187103
7.665564,-0.195806
7.663524,-0.204508
7.602058,-0.213211
7.541191,-0.221913
7.500907,-0.230616
7.501196,-0.239318
7.502057,-0.248021
7.503489,-0.256723
7.505493,-0.265425
7.508070,-0.274128
7.511221,-0.282830
7.555022,-0.291533
7.519250,-0.300235
7.524131,-0.308938
7.531367,-0.317640
7.540148,-0.326343
7.555483,-0.335045
7.476922,-0.343748
6.984815,-0.352450
6.487490,-0.361153
6.103030,-0.369855
5.724856,-0.378558
5.423090,-0.387260
5.112510,-0.395963
4.877827,-0.404665
4.656091,-0.413367
4.442578,-0.422070
4.246302,-0.430772
4.078497,-0.439475
3.907346,-0.448177
3.777057,-0.456880
3.631540,-0.465582
3.511292,-0.474285
3.377385,-0.482987
3.267892,-0.491690
3.182376,-0.500392
3.079049,-0.509095
2.991356,-0.517797
2.895208,-0.526500
2.822034,-0.535202
2.749160,-0.543905
2.681530,-0.552607
2.594258,-0.561310
2.529450,-0.570012
2.471279,-0.578714
2.410439,-0.587417
2.372003,-0.596119
2.323034,-0.604822
2.266357,-0.613524
2.210371,-0.622227
2.169011,-0.630929
2.115484,-0.639632
2.084318,-0.648334
2.031761,-0.657037
1.998458,-0.665739
1.969894,-0.674442
1.919518,-0.683144
1.891585,-0.691847
1.865117,-0.700549
1.838973,-0.709252
1.815836,-0.717954
1.768408,-0.726657
1.743863,-0.735359
1.724878,-0.744061
1.678487,-0.752764
1.655232,-0.761466
1.639954,-0.770169
1.617763,-0.778871
1.595667,-0.787574
1.583862,-0.796276
1.562683,-0.804979
1.541550,-0.813681
1.508811,-0.822384
1.488330,-0.831086
1.481813,-0.839789
1.462047,-0.848491
1.442252,-0.857194
1.413676,-0.865896
1.419388,-0.874599
1.392514,-0.883301
1.373748,-0.892003
1.354891,-0.900706
1.355630,-0.909408
1.337272,-0.918111
1.313792,-0.926813
1.295701,-0.935516
1.299988,-0.944218
1.282315,-0.952921
1.261509,-0.961623
1.244010,-0.970326
1.253680,-0.979028
1.240798,-0.987731
1.223403,-0.996433
1.205807,-1.005136
1.216163,-1.013838
1.205688,-1.022541
1.195483,-1.031243
1.185538,-1.039946
1.175847,-1.048648
1.166400,-1.057350
1.157192,-1.066053
1.148215,-1.074755
1.139462,-1.083458
1.130926,-1.092160
1.122603,-1.100863
1.114486,-1.109565
1.106568,-1.118268
1.098846,-1.126970
1.091313,-1.135673
1.083965,-1.144375
1.076796,-1.153078
1.069803,-1.161780
1.062980,-1.170483
1.056323,-1.179185
1.049829,-1.187888
1.043494,-1.196590
1.037312,-1.205293
1.031282,-1.213995
1.025399,-1.222697
1.019660,-1.231400
1.014062,-1.240102
1.008601,-1.248805
1.003274,-1.257507
0.998080,-1.266210
0.993014,-1.274912
0.988074,-1.283615
0.983257,-1.292317
0.978562,-1.301020
0.973984,-1.309722
0.969523,-1.318425
0.965176,-1.327127
0.960940,-1.335830
0.956814,-1.344532
0.952796,-1.353235
0.948883,-1.361937
0.945074,-1.370639
0.941366,-1.379342
0.937759,-1.388044
0.934250,-1.396747
0.930838,-1.405449
0.927521,-1.414152
0.924298,-1.422854
0.921167,-1.431557
0.918127,-1.440259
0.915176,-1.448962
0.912314,-1.457664
0.909538,-1.466367
0.906848,-1.475069
0.904243,-1.483772
0.901721,-1.492474
0.899281,-1.501177
0.896923,-1.509879
0.894645,-1.518582
0.892446,-1.527284
0.890326,-1.535986
0.888283,-1.544689
0.886317,-1.553391
0.884426,-1.562094
0.882611,-1.570796
