scan.pos:6.743406,3.073108,-1.9147501.313529,1.562094
1.317698,1.553391
1.321994,1.544689
1.326420,1.535986
1.330978,1.527284
1.335669,1.518581
1.340495,1.509879
1.345459,1.501177
1.350564,1.492474
1.355811,1.483772
1.361203,1.475069
1.366743,1.466367
1.372433,1.457664
1.378275,1.448962
1.384274,1.440259
1.390431,1.431557
1.396751,1.422854
1.403235,1.414152
1.409888,1.405449
1.416712,1.396747
1.423712,1.388044
1.430891,1.379342
1.438252,1.370639
1.445801,1.361937
1.453540,1.353234
1.461475,1.344532
1.469609,1.335830
1.477948,1.327127
1.486495,1.318425
1.495257,1.309722
1.504237,1.301020
1.513442,1.292317
1.522878,1.283615
1.532549,1.274912
1.542461,1.266210
1.552622,1.257507
1.563038,1.248805
1.573714,1.240102
1.584659,1.231400
1.595880,1.222697
1.607384,1.213995
1.619180,1.205292
1.631275,1.196590
1.643678,1.187888
1.656398,1.179185
1.669445,1.170483
1.682828,1.161780
1.696558,1.153078
1.710645,1.144375
1.725100,1.135673
1.739936,1.126970
1.749029,1.118268
1.749846,1.109565
1.778771,1.100863
1.780162,1.092160
1.809218,1.083458
1.811214,1.074755
1.840458,1.066053
1.869712,1.057350
1.872580,1.048648
1.902113,1.039945
1.905683,1.031243
1.935555,1.022541
1.965529,1.013838
1.970143,1.005136
2.041312,0.996433
2.027668,0.987731
2.089281,0.979028
2.100626,0.970326
2.087328,0.961623
2.074355,0.952921
2.061698,0.944218
2.049350,0.935516
2.037303,0.926813
2.025551,0.918111
2.014085,0.909408
2.002900,0.900706
1.991990,0.892003
1.981348,0.883301
1.970968,0.874598
1.960846,0.865896
1.950974,0.857194
1.941348,0.848491
1.931964,0.839789
1.922815,0.831086
1.913898,0.822384
1.905207,0.813681
1.896739,0.804979
1.843872,0.796276
1.836026,0.787574
1.828385,0.778871
1.820945,0.770169
1.813704,0.761466
1.784799,0.752764
1.778025,0.744061
1.771437,0.735359
1.765032,0.726656
1.758807,0.717954
1.752758,0.709251
1.746883,0.700549
1.741180,0.691847
1.735645,0.683144
1.730277,0.674442
1.725073,0.665739
1.720031,0.657037
1.715148,0.648334
1.710423,0.639632
1.705853,0.630929
1.701437,0.622227
1.697173,0.613524
1.693059,0.604822
1.689093,0.596119
1.685273,0.587417
1.681599,0.578714
1.678068,0.570012
1.674679,0.561309
1.671430,0.552607
1.668322,0.543905
1.665351,0.535202
1.662517,0.526500
1.659819,0.517797
1.657256,0.509095
1.654826,0.500392
1.652529,0.491690
1.650365,0.482987
1.648331,0.474285
1.646427,0.465582
1.644653,0.456880
1.643008,0.448177
1.641491,0.439475
1.640101,0.430772
1.638839,0.422070
1.637702,0.413367
1.636693,0.404665
1.635809,0.395962
1.635050,0.387260
1.634416,0.378558
1.633908,0.369855
1.633524,0.361153
1.633264,0.352450
1.633129,0.343748
1.633119,0.335045
1.593229,0.326343
1.593461,0.317640
1.593815,0.308938
1.594290,0.300235
1.594888,0.291533
1.595607,0.282830
1.596448,0.274128
1.597412,0.265425
1.598499,0.256723
1.599710,0.248020
1.580944,0.239318
1.562266,0.230615
1.563810,0.221913
1.565476,0.213211
1.567266,0.204508
1.569178,0.195806
1.571216,0.187103
1.573378,0.178401
1.575667,0.169698
1.578083,0.160996
1.580627,0.152293
1.583300,0.143591
1.586102,0.134888
1.589036,0.126186
1.592103,0.117483
1.595303,0.108781
1.598637,0.100078
1.602108,0.091376
1.605717,0.082673
1.609465,0.073971
1.613353,0.065269
1.617384,0.056566
1.621559,0.047864
1.625879,0.039161
1.613526,0.030459
1.634965,0.021756
1.639734,0.013054
1.644657,0.004351
1.649735,-0.004351
1.654971,-0.013054
1.660367,-0.021756
1.665926,-0.030459
1.671650,-0.039161
1.677541,-0.047864
1.683603,-0.056566
1.689838,-0.065269
1.696249,-0.073971
1.702840,-0.082674
1.709612,-0.091376
1.716569,-0.100078
1.723715,-0.108781
1.731054,-0.117483
1.738588,-0.126186
1.746321,-0.134888
1.754258,-0.143591
1.762402,-0.152293
1.770757,-0.160996
1.779329,-0.169698
1.788120,-0.178401
1.797136,-0.187103
1.806382,-0.195806
1.815863,-0.204508
1.825583,-0.213211
1.835549,-0.221913
1.845765,-0.230616
1.856238,-0.239318
1.866973,-0.248021
1.877977,-0.256723
1.889256,-0.265425
1.900818,-0.274128
1.912668,-0.282830
1.924814,-0.291533
1.937264,-0.300235
1.950026,-0.308938
1.963107,-0.317640
1.976516,-0.326343
1.990263,-0.335045
2.004356,-0.343748
1.992808,-0.352450
2.007432,-0.361153
2.015480,-0.369855
2.013434,-0.378558
2.038646,-0.387260
2.064746,-0.395963
2.064529,-0.404665
2.092224,-0.413367
2.093177,-0.422070
2.094607,-0.430772
2.096514,-0.439475
2.090312,-0.448177
2.128319,-0.456880
2.110431,-0.465582
2.147956,-0.474285
2.157776,-0.482987
2.194639,-0.491690
2.204262,-0.500392
2.160665,-0.509095
2.144311,-0.517797
1.892375,-0.526500
1.800460,-0.535202
1.735849,-0.543905
1.672287,-0.552607
1.635218,-0.561310
1.624090,-0.570012
1.562955,-0.578714
1.552694,-0.587417
1.542685,-0.596119
1.532919,-0.604822
1.523392,-0.613524
1.514097,-0.622227
1.505028,-0.630929
1.496181,-0.639632
1.487550,-0.648334
1.479130,-0.657037
1.470916,-0.665739
1.462903,-0.674442
1.455088,-0.683144
1.447465,-0.691847
1.440031,-0.700549
1.432781,-0.709252
1.425712,-0.717954
1.418820,-0.726657
1.412102,-0.735359
1.405553,-0.744061
1.399170,-0.752764
1.415357,-0.761466
1.409200,-0.770169
1.425417,-0.778871
1.419484,-0.787574
1.413709,-0.796276
1.408086,-0.804979
1.424473,-0.813681
1.419067,-0.822384
1.457197,-0.831086
1.451928,-0.839789
1.446807,-0.848491
1.441831,-0.857194
1.458392,-0.865896
1.474954,-0.874599
1.470266,-0.883301
1.465718,-0.892003
1.461310,-0.900706
1.520232,-0.909408
1.515917,-0.918111
1.511741,-0.926813
1.549484,-0.935516
1.628820,-0.944218
1.624737,-0.952921
1.620799,-0.961623
1.637687,-0.970326
1.675262,-0.979028
1.671609,-0.987731
1.750301,-0.996433
1.746767,-1.005136
1.743379,-1.013838
1.740136,-1.022541
1.757432,-1.031243
1.754441,-1.039946
1.751594,-1.048648
1.809777,-1.057350
1.827389,-1.066053
1.905805,-1.074755
1.903308,-1.083458
1.900962,-1.092160
1.959256,-1.100863
1.957145,-1.109565
2.035672,-1.118268
2.033792,-1.126970
2.092328,-1.135673
2.090717,-1.144375
2.129380,-1.153078
2.128067,-1.161780
2.146951,-1.170483
2.145955,-1.179185
2.185156,-1.187888
2.244505,-1.196590
2.243978,-1.205293
2.303627,-1.213995
2.303436,-1.222697
2.303421,-1.231400
2.403589,-1.240102
2.403940,-1.248805
2.404473,-1.257507
2.425205,-1.266210
2.466158,-1.274912
2.507333,-1.283615
2.508655,-1.292317
2.570332,-1.301020
7.500585,-1.327127
6.823408,-1.335830
6.487808,-1.344532
5.990738,-1.353235
5.775579,-1.361937
5.590428,-1.370639
5.402672,-1.379342
5.372625,-1.388044
5.380440,-1.396747
5.388690,-1.405449
5.397376,-1.414152
5.406502,-1.422854
5.416073,-1.431557
5.426092,-1.440259
5.436562,-1.448962
5.447489,-1.457664
5.458876,-1.466367
5.470729,-1.475069
5.483051,-1.483772
5.495849,-1.492474
5.509127,-1.501177
5.522891,-1.509879
5.537146,-1.518582
5.593774,-1.527284
5.609146,-1.535986
5.667141,-1.544689
5.683671,-1.553391
5.700734,-1.562094
5.739580,-1.570796
