scan.pos:7.179844,4.302607,-1.6647500.823633,1.562094
0.824342,1.553391
0.825115,1.544689
0.825953,1.535986
0.826855,1.527284
0.827823,1.518581
0.828856,1.509879
0.829955,1.501177
0.831120,1.492474
0.832352,1.483772
0.833651,1.475069
0.835018,1.466367
0.836454,1.457664
0.837958,1.448962
0.839531,1.440259
0.841175,1.431557
0.842889,1.422854
0.844675,1.414152
0.846534,1.405449
0.848465,1.396747
0.850469,1.388044
0.852549,1.379342
0.854704,1.370639
0.856935,1.361937
0.859243,1.353234
0.861630,1.344532
0.864096,1.335830
0.866642,1.327127
0.869270,1.318425
0.871980,1.309722
0.874774,1.301020
0.877654,1.292317
0.880619,1.283615
0.883672,1.274912
0.886814,1.266210
0.890047,1.257507
0.893371,1.248805
0.896789,1.240102
0.900302,1.231400
0.903912,1.222697
0.907620,1.213995
0.911429,1.205292
0.915339,1.196590
0.919354,1.187888
0.923475,1.179185
0.927703,1.170483
0.932042,1.161780
0.936494,1.153078
0.941060,1.144375
0.945743,1.135673
0.950546,1.126970
0.955471,1.118268
0.960520,1.109565
0.965698,1.100863
0.971005,1.092160
0.976447,1.083458
0.982024,1.074755
0.987742,1.066053
0.993603,1.057350
0.999610,1.048648
1.005767,1.039945
1.012078,1.031243
1.018547,1.022541
1.025178,1.013838
1.031975,1.005136
1.038942,0.996433
1.046084,0.987731
1.053405,0.979028
1.060912,0.970326
1.068607,0.961623
1.076499,0.952921
1.084590,0.944218
1.092888,0.935516
1.101399,0.926813
1.110128,0.918111
1.092001,0.909408
1.100966,0.900706
1.110164,0.892003
1.119603,0.883301
1.129291,0.874598
1.124859,0.865896
1.144155,0.857194
1.136973,0.848491
1.156563,0.839789
1.175952,0.831086
1.171048,0.822384
1.190778,0.813681
1.210335,0.804979
1.207758,0.796276
1.227709,0.787574
1.226957,0.778871
1.247341,0.770169
1.267605,0.761466
1.269317,0.752764
1.290080,0.744061
1.310757,0.735359
1.315054,0.726656
1.336310,0.717954
1.357516,0.709251
1.378684,0.700549
1.386427,0.691847
1.408295,0.683144
1.430167,0.674442
1.440905,0.665739
1.463590,0.657037
1.486327,0.648334
1.500310,0.639632
1.523994,0.630929
1.547788,0.622227
1.571706,0.613524
1.590225,0.604822
1.615304,0.596119
1.663362,0.587417
1.666070,0.578714
1.712372,0.570012
1.739196,0.561309
1.766330,0.552607
1.793800,0.543905
1.823533,0.535202
1.874894,0.526500
1.904535,0.517797
1.939795,0.509095
1.971612,0.500392
2.004046,0.491690
2.058810,0.482987
2.092546,0.474285
2.138320,0.465582
2.196477,0.456880
2.255450,0.448177
2.294022,0.439475
2.350826,0.430772
2.414534,0.422070
2.479513,0.413367
2.545888,0.404665
2.616928,0.395962
2.688568,0.387260
2.762176,0.378558
2.837953,0.369855
2.936891,0.361153
3.011485,0.352450
3.015274,0.343748
3.002250,0.335045
2.993500,0.326343
2.995434,0.317640
2.979677,0.308938
2.970055,0.300235
2.983725,0.291533
2.978495,0.282830
2.973510,0.274128
2.968766,0.265425
2.964264,0.256723
2.960000,0.248020
2.955973,0.239318
2.952181,0.230615
2.908267,0.221913
2.904988,0.213211
2.901937,0.204508
2.899112,0.195806
2.896514,0.187103
2.874060,0.178401
2.871925,0.169698
2.870012,0.160996
2.868320,0.152293
2.866848,0.143591
2.865595,0.134888
2.864562,0.126186
2.863747,0.117483
2.863151,0.108781
2.862772,0.100078
2.862612,0.091376
2.862671,0.082673
2.862947,0.073971
2.863441,0.065269
2.864153,0.056566
2.865085,0.047864
2.866235,0.039161
2.867604,0.030459
2.869194,0.021756
2.871004,0.013054
2.873035,0.004351
2.875288,-0.004351
2.877764,-0.013054
2.880464,-0.021756
2.883388,-0.030459
2.886539,-0.039161
2.889917,-0.047864
2.893523,-0.056566
2.856874,-0.065269
2.860885,-0.073971
2.865125,-0.082674
2.869598,-0.091376
2.874303,-0.100078
2.879243,-0.108781
2.884421,-0.117483
2.848885,-0.126186
2.854463,-0.134888
2.860281,-0.143591
2.866341,-0.152293
2.872646,-0.160996
2.879199,-0.169698
2.886002,-0.178401
2.893058,-0.187103
2.900370,-0.195806
2.907942,-0.204508
2.915775,-0.213211
2.923874,-0.221913
2.932242,-0.230616
2.940883,-0.239318
2.949800,-0.248021
2.958998,-0.256723
2.968480,-0.265425
2.978250,-0.274128
2.988313,-0.282830
2.998673,-0.291533
3.009336,-0.300235
3.020305,-0.308938
3.031587,-0.317640
3.043185,-0.326343
3.055106,-0.335045
3.067356,-0.343748
3.079940,-0.352450
3.092864,-0.361153
3.106134,-0.369855
3.119757,-0.378558
3.133740,-0.387260
3.148090,-0.395963
3.162813,-0.404665
3.177919,-0.413367
3.193413,-0.422070
3.209305,-0.430772
3.225603,-0.439475
3.242315,-0.448177
3.258022,-0.456880
3.265043,-0.465582
3.265035,-0.474285
3.266413,-0.482987
3.293100,-0.491690
3.309613,-0.500392
3.340108,-0.509095
3.299035,-0.517797
3.322214,-0.526500
3.357527,-0.535202
3.369541,-0.543905
3.399463,-0.552607
2.810543,-0.561310
2.721473,-0.570012
2.676441,-0.578714
2.664691,-0.587417
2.616838,-0.596119
2.612071,-0.604822
2.576429,-0.613524
2.541039,-0.622227
2.528932,-0.630929
2.521541,-0.639632
2.541829,-0.648334
2.506465,-0.657037
2.501357,-0.665739
2.495727,-0.674442
2.520256,-0.683144
2.517614,-0.691847
2.500415,-0.700549
2.507020,-0.709252
2.513704,-0.717954
2.493069,-0.726657
2.500134,-0.735359
2.534238,-0.744061
2.541248,-0.752764
2.548341,-0.761466
2.581868,-0.770169
2.615091,-0.778871
2.596102,-0.787574
2.603358,-0.796276
2.636307,-0.804979
2.643577,-0.813681
2.668738,-0.822384
2.670105,-0.831086
2.672099,-0.839789
2.649970,-0.848491
2.678001,-0.857194
2.706379,-0.865896
2.686522,-0.874599
2.740111,-0.883301
2.769811,-0.892003
2.752195,-0.900706
2.759328,-0.909408
2.790826,-0.918111
2.822840,-0.926813
2.847380,-0.935516
2.858095,-0.944218
2.863294,-0.952921
2.876613,-0.961623
2.863299,-0.970326
2.902310,-0.979028
2.902356,-0.987731
2.890559,-0.996433
2.933531,-1.005136
2.932658,-1.013838
2.978869,-1.022541
2.961591,-1.031243
3.011501,-1.039946
2.996747,-1.048648
3.010975,-1.057350
3.044907,-1.066053
3.066363,-1.074755
3.062019,-1.083458
3.086991,-1.092160
3.097712,-1.100863
3.108593,-1.109565
3.119638,-1.118268
3.130847,-1.126970
3.163455,-1.135673
3.196100,-1.144375
3.271000,-1.153078
3.366753,-1.161780
3.525168,-1.170483
5.794796,-1.405449
5.751299,-1.414152
5.748347,-1.422854
5.745836,-1.431557
5.743763,-1.440259
5.742130,-1.448962
5.740934,-1.457664
5.740177,-1.466367
5.739856,-1.475069
5.739972,-1.483772
5.740526,-1.492474
5.741517,-1.501177
5.742946,-1.509879
5.744812,-1.518582
5.747118,-1.527284
5.749865,-1.535986
5.793144,-1.544689
5.796798,-1.553391
5.800899,-1.562094
5.845625,-1.570796
