scan.pos:-2.607475,0.403082,1.7352505.466277,1.562094
5.458579,1.553391
5.451318,1.544689
5.444490,1.535986
5.438094,1.527284
5.432125,1.518581
5.426582,1.509879
5.421463,1.501177
5.416766,1.492474
5.412488,1.483772
5.408629,1.475069
5.405187,1.466367
5.402160,1.457664
5.399548,1.448962
5.397349,1.440259
5.395562,1.431557
5.394187,1.422854
5.393224,1.414152
5.392672,1.405449
5.392530,1.396747
5.392799,1.388044
5.393479,1.379342
5.394570,1.370639
5.396072,1.361937
5.397986,1.353234
5.400313,1.344532
5.403054,1.335830
5.406209,1.327127
5.409781,1.318425
5.413769,1.309722
5.418177,1.301020
5.423005,1.292317
5.428255,1.283615
5.433929,1.274912
5.440031,1.266210
5.446561,1.257507
5.453523,1.248805
5.460918,1.240102
5.468751,1.231400
5.477025,1.222697
5.485742,1.213995
5.494905,1.205292
5.504519,1.196590
5.514588,1.187888
5.525115,1.179185
5.536105,1.170483
5.547561,1.161780
5.559490,1.153078
5.571895,1.144375
5.584782,1.135673
5.598156,1.126970
5.612023,1.118268
5.626388,1.109565
5.641257,1.100863
5.656637,1.092160
5.672535,1.083458
5.688956,1.074755
5.705909,1.066053
5.723400,1.057350
5.741437,1.048648
5.760028,1.039945
5.779182,1.031243
5.798907,1.022541
5.819211,1.013838
5.840105,1.005136
5.861597,0.996433
5.883697,0.987731
5.906416,0.979028
5.929765,0.970326
5.953754,0.961623
5.978395,0.952921
6.003700,0.944218
6.029682,0.935516
6.056352,0.926813
6.083725,0.918111
6.111814,0.909408
6.140633,0.900706
6.170197,0.892003
6.200522,0.883301
6.231624,0.874598
6.263518,0.865896
6.296223,0.857194
6.329755,0.848491
6.364134,0.839789
6.399378,0.831086
6.435508,0.822384
6.472543,0.813681
6.510507,0.804979
6.549419,0.796276
6.589304,0.787574
6.630187,0.778871
6.672091,0.770169
6.715042,0.761466
6.759068,0.752764
6.804197,0.744061
6.850458,0.735359
6.897882,0.726656
6.946498,0.717954
6.996342,0.709251
7.047447,0.700549
7.099848,0.691847
2.686206,0.683144
2.672739,0.674442
2.606046,0.665739
2.593467,0.657037
2.554136,0.648334
2.542577,0.639632
2.503778,0.630929
2.493172,0.622227
2.481303,0.613524
2.459988,0.604822
2.439220,0.596119
2.418982,0.587417
2.399258,0.578714
2.380034,0.570012
2.361293,0.561309
2.343022,0.552607
2.325207,0.543905
2.307836,0.535202
2.290896,0.526500
2.274374,0.517797
2.258260,0.509095
2.242542,0.500392
2.227210,0.491690
2.212253,0.482987
2.197662,0.474285
2.183427,0.465582
2.169540,0.456880
2.155992,0.448177
2.142774,0.439475
2.129878,0.430772
2.117296,0.422070
2.105022,0.413367
2.093048,0.404665
2.081367,0.395962
2.069972,0.387260
2.058858,0.378558
2.048017,0.369855
2.060637,0.361153
2.050209,0.352450
2.040041,0.343748
2.030126,0.335045
2.020461,0.326343
2.011040,0.317640
2.001858,0.308938
1.992910,0.300235
1.984193,0.291533
2.020176,0.282830
2.011719,0.274128
2.003485,0.265425
1.995470,0.256723
1.987669,0.248020
1.980080,0.239318
2.016127,0.230615
2.008790,0.221913
2.001659,0.213211
1.994729,0.204508
1.987998,0.195806
1.981463,0.187103
1.975120,0.178401
1.968968,0.169698
1.963003,0.160996
1.957222,0.152293
1.951623,0.143591
1.946205,0.134888
1.940963,0.126186
1.935897,0.117483
1.951802,0.108781
1.947029,0.100078
1.942426,0.091376
1.937993,0.082673
1.933727,0.073971
1.970750,0.065269
1.966729,0.056566
1.983353,0.047864
2.020505,0.039161
2.016865,0.030459
2.013392,0.021756
2.010083,0.013054
2.067850,0.004351
2.206691,-0.004351
2.223829,-0.013054
2.220870,-0.021756
2.238282,-0.030459
2.457511,-0.039161
2.535401,-0.047864
2.834709,-0.056566
3.133644,-0.065269
3.331828,-0.073971
3.750752,-0.082674
6.696858,-0.091376
6.852971,-0.100078
7.590456,-0.108781
7.586785,-0.117483
7.583695,-0.126186
7.581185,-0.134888
7.579254,-0.143591
7.577900,-0.152293
7.577124,-0.160996
7.576925,-0.169698
7.577303,-0.178401
7.578258,-0.187103
7.579791,-0.195806
7.581902,-0.204508
7.584591,-0.213211
7.587861,-0.221913
7.591712,-0.230616
7.596146,-0.239318
7.601163,-0.248021
7.606768,-0.256723
7.612961,-0.265425
7.619744,-0.274128
7.627121,-0.282830
7.635095,-0.291533
7.643667,-0.300235
7.652843,-0.308938
7.662624,-0.317640
7.673016,-0.326343
7.684022,-0.335045
7.695647,-0.343748
7.707894,-0.352450
7.720770,-0.361153
7.734279,-0.369855
7.748426,-0.378558
7.763217,-0.387260
7.778658,-0.395963
7.794756,-0.404665
5.763216,-0.430772
5.581954,-0.439475
5.555019,-0.448177
5.256244,-0.456880
5.105776,-0.465582
4.969954,-0.474285
4.819645,-0.482987
4.696326,-0.491690
4.578538,-0.500392
4.465849,-0.509095
4.357869,-0.517797
4.254246,-0.526500
4.133469,-0.535202
4.068957,-0.543905
3.977996,-0.552607
3.911889,-0.561310
3.827177,-0.570012
3.810708,-0.578714
3.819243,-0.587417
3.808911,-0.596119
3.823478,-0.604822
3.832494,-0.613524
3.826450,-0.622227
3.820646,-0.630929
3.837545,-0.639632
3.854890,-0.648334
3.872688,-0.657037
3.890949,-0.665739
3.909682,-0.674442
3.928897,-0.683144
3.948604,-0.691847
3.968814,-0.700549
3.989537,-0.709252
4.010784,-0.717954
4.032568,-0.726657
4.054900,-0.735359
4.077794,-0.744061
4.101261,-0.752764
4.125316,-0.761466
4.149972,-0.770169
4.175245,-0.778871
4.201149,-0.787574
4.227702,-0.796276
4.254918,-0.804979
4.282815,-0.813681
4.311410,-0.822384
4.340723,-0.831086
4.370772,-0.839789
4.401577,-0.848491
4.433160,-0.857194
4.465542,-0.865896
4.498746,-0.874599
4.532795,-0.883301
4.567714,-0.892003
4.603528,-0.900706
4.640264,-0.909408
4.677951,-0.918111
4.716617,-0.926813
4.756292,-0.935516
4.797009,-0.944218
4.834746,-0.952921
4.878911,-0.961623
4.922737,-0.970326
4.966252,-0.979028
5.091426,-0.987731
5.131205,-0.996433
5.175890,-1.005136
5.248077,-1.013838
5.298320,-1.022541
2.021447,-1.135673
2.009506,-1.144375
1.997857,-1.153078
1.986493,-1.161780
1.951713,-1.170483
1.941028,-1.179185
1.930606,-1.187888
1.920440,-1.196590
1.910526,-1.205293
1.900857,-1.213995
1.891430,-1.222697
1.882238,-1.231400
1.873276,-1.240102
1.864541,-1.248805
1.856028,-1.257507
1.847732,-1.266210
1.839650,-1.274912
1.831777,-1.283615
1.824109,-1.292317
1.816643,-1.301020
1.831341,-1.309722
1.824182,-1.318425
1.817216,-1.327127
1.810441,-1.335830
1.803853,-1.344532
1.797449,-1.353235
1.791226,-1.361937
1.785182,-1.370639
1.779314,-1.379342
1.773618,-1.388044
1.768093,-1.396747
1.762736,-1.405449
1.757546,-1.414152
1.752518,-1.422854
1.747652,-1.431557
1.742946,-1.440259
1.717546,-1.448962
1.713204,-1.457664
1.709015,-1.466367
1.704975,-1.475069
1.701084,-1.483772
1.697339,-1.492474
1.693740,-1.501177
1.690284,-1.509879
1.686970,-1.518582
1.683798,-1.527284
1.680765,-1.535986
1.677871,-1.544689
1.663071,-1.553391
1.672492,-1.562094
1.670007,-1.570796
