scan.pos:-2.627120,0.521463,1.7352505.446362,1.562094
5.438693,1.553391
5.431458,1.544689
5.424656,1.535986
5.418282,1.527284
5.412335,1.518581
5.406812,1.509879
5.401712,1.501177
5.397032,1.492474
5.392770,1.483772
5.388925,1.475069
5.385495,1.466367
5.382480,1.457664
5.379877,1.448962
5.377686,1.440259
5.375906,1.431557
5.374536,1.422854
5.373576,1.414152
5.373025,1.405449
5.372884,1.396747
5.373153,1.388044
5.373830,1.379342
5.374917,1.370639
5.376413,1.361937
5.378321,1.353234
5.380640,1.344532
5.383370,1.335830
5.386514,1.327127
5.390072,1.318425
5.394046,1.309722
5.398438,1.301020
5.403248,1.292317
5.408479,1.283615
5.414133,1.274912
5.420212,1.266210
5.426719,1.257507
5.433655,1.248805
5.441024,1.240102
5.448828,1.231400
5.457071,1.222697
5.465756,1.213995
5.474886,1.205292
5.484466,1.196590
5.494498,1.187888
5.504986,1.179185
5.515936,1.170483
5.527351,1.161780
5.539236,1.153078
5.551596,1.144375
5.564436,1.135673
5.577761,1.126970
5.591578,1.118268
5.605890,1.109565
5.620705,1.100863
5.636030,1.092160
5.651869,1.083458
5.668231,1.074755
5.685122,1.066053
5.702549,1.057350
5.720520,1.048648
5.739044,1.039945
5.758128,1.031243
5.777781,1.022541
5.798011,1.013838
5.818829,1.005136
5.840242,0.996433
5.862262,0.987731
5.884898,0.979028
5.908162,0.970326
5.932064,0.961623
5.956615,0.952921
5.981828,0.944218
6.007715,0.935516
6.034288,0.926813
6.061561,0.918111
6.089548,0.909408
6.118262,0.900706
6.147718,0.892003
6.177933,0.883301
6.208921,0.874598
6.240700,0.865896
6.273285,0.857194
6.306695,0.848491
6.340949,0.839789
6.376065,0.831086
6.412063,0.822384
6.448963,0.813681
6.486788,0.804979
6.525559,0.796276
6.565299,0.787574
6.606032,0.778871
6.647783,0.770169
6.690578,0.761466
6.734445,0.752764
6.779409,0.744061
6.825501,0.735359
6.872752,0.726656
6.921191,0.717954
2.583424,0.709251
2.519554,0.700549
2.513637,0.691847
2.477887,0.683144
2.446737,0.674442
2.439797,0.665739
2.409666,0.657037
2.377757,0.648334
2.375956,0.639632
2.345949,0.630929
2.317415,0.622227
2.314114,0.613524
2.294234,0.604822
2.274865,0.596119
2.255991,0.587417
2.237597,0.578714
2.219667,0.570012
2.202189,0.561309
2.185149,0.552607
2.168535,0.543905
2.152334,0.535202
2.136535,0.526500
2.121127,0.517797
2.106098,0.509095
2.091439,0.500392
2.077140,0.491690
2.063191,0.482987
2.049584,0.474285
2.036308,0.465582
2.023357,0.456880
2.010721,0.448177
1.998394,0.439475
1.986367,0.430772
1.974633,0.422070
1.963186,0.413367
1.952019,0.404665
1.941125,0.395962
1.954062,0.387260
1.943569,0.378558
1.933335,0.369855
1.923355,0.361153
1.913621,0.352450
1.904130,0.343748
1.894876,0.335045
1.885855,0.326343
1.877061,0.317640
1.913555,0.308938
1.905002,0.300235
1.896669,0.291533
1.888552,0.282830
1.880646,0.274128
1.872949,0.265425
1.887421,0.256723
1.901922,0.248020
1.894660,0.239318
1.887596,0.230615
1.880727,0.221913
1.874050,0.213211
1.867563,0.204508
1.861261,0.195806
1.855142,0.187103
1.849204,0.178401
1.843444,0.169698
1.837859,0.160996
1.832446,0.152293
1.827205,0.143591
1.822132,0.134888
1.817224,0.126186
1.833332,0.117483
1.828698,0.108781
1.824226,0.100078
1.819914,0.091376
1.836411,0.082673
1.852974,0.073971
1.849044,0.065269
1.865791,0.056566
1.862134,0.047864
1.879073,0.039161
1.896092,0.030459
1.892827,0.021756
1.930388,0.013054
2.008582,0.004351
2.066417,-0.004351
2.103998,-0.013054
2.101199,-0.021756
2.179338,-0.030459
2.297791,-0.039161
2.396004,-0.047864
2.735706,-0.056566
2.873877,-0.065269
3.132556,-0.073971
3.350896,-0.082674
6.578123,-0.091376
6.814500,-0.100078
7.471864,-0.108781
7.468250,-0.117483
7.465209,-0.126186
7.462738,-0.134888
7.460836,-0.143591
7.459504,-0.152293
7.458740,-0.160996
7.458544,-0.169698
7.458916,-0.178401
7.459857,-0.187103
7.461365,-0.195806
7.463443,-0.204508
7.466091,-0.213211
7.469309,-0.221913
7.473100,-0.230616
7.477464,-0.239318
7.482404,-0.248021
7.487921,-0.256723
7.494017,-0.265425
7.500694,-0.274128
7.507956,-0.282830
7.515805,-0.291533
7.524243,-0.300235
7.533276,-0.308938
7.542904,-0.317640
7.553134,-0.326343
7.563968,-0.335045
7.575411,-0.343748
7.587467,-0.352450
7.600142,-0.361153
7.613439,-0.369855
7.627365,-0.378558
7.641925,-0.387260
7.657125,-0.395963
7.672972,-0.404665
7.689470,-0.413367
7.706628,-0.422070
7.724452,-0.430772
5.662766,-0.439475
5.485305,-0.448177
5.452934,-0.456880
5.177157,-0.465582
5.029686,-0.474285
4.893294,-0.482987
4.724726,-0.491690
4.659310,-0.500392
4.517975,-0.509095
4.428734,-0.517797
4.317910,-0.526500
4.231879,-0.535202
4.116223,-0.543905
4.012768,-0.552607
3.953202,-0.561310
3.881270,-0.570012
3.789885,-0.578714
3.717241,-0.587417
3.696974,-0.596119
3.720107,-0.604822
3.705487,-0.613524
3.737438,-0.622227
3.733004,-0.630929
3.749516,-0.639632
3.721335,-0.648334
3.738517,-0.657037
3.756145,-0.665739
3.774229,-0.674442
3.792778,-0.683144
3.811803,-0.691847
3.831312,-0.700549
3.851317,-0.709252
3.871829,-0.717954
3.892858,-0.726657
3.914416,-0.735359
3.936516,-0.744061
3.959170,-0.752764
3.982392,-0.761466
4.006194,-0.770169
4.030591,-0.778871
4.055599,-0.787574
4.081231,-0.796276
4.107503,-0.804979
4.134434,-0.813681
4.162039,-0.822384
4.190336,-0.831086
4.219344,-0.839789
4.249082,-0.848491
4.279571,-0.857194
4.310831,-0.865896
4.342885,-0.874599
4.375754,-0.883301
4.409462,-0.892003
4.444036,-0.900706
4.479500,-0.909408
4.515881,-0.918111
4.553207,-0.926813
4.591508,-0.935516
4.630815,-0.944218
4.665879,-0.952921
4.700658,-0.961623
4.736114,-0.970326
4.798172,-0.979028
4.834185,-0.987731
4.868328,-0.996433
4.985877,-1.005136
5.072687,-1.013838
5.109583,-1.022541
5.168999,-1.031243
5.222121,-1.039946
1.977065,-1.187888
1.966655,-1.196590
1.956502,-1.205293
1.946601,-1.213995
1.913984,-1.222697
1.904683,-1.231400
1.895615,-1.240102
1.886775,-1.248805
1.878161,-1.257507
1.869766,-1.266210
1.861587,-1.274912
1.853620,-1.283615
1.845861,-1.292317
1.838306,-1.301020
1.830951,-1.309722
1.823794,-1.318425
1.816830,-1.327127
1.810056,-1.335830
1.803469,-1.344532
1.797067,-1.353235
1.790846,-1.361937
1.784803,-1.370639
1.800277,-1.379342
1.794514,-1.388044
1.788924,-1.396747
1.783504,-1.405449
1.778252,-1.414152
1.773166,-1.422854
1.768242,-1.431557
1.763480,-1.440259
1.758877,-1.448962
1.754432,-1.457664
1.750141,-1.466367
1.746004,-1.475069
1.742019,-1.483772
1.738185,-1.492474
1.734499,-1.501177
1.730960,-1.509879
1.707087,-1.518582
1.703877,-1.527284
1.700808,-1.535986
1.697879,-1.544689
1.695089,-1.553391
1.692436,-1.562094
1.689921,-1.570796
