scan.pos:5.003877,6.226311,1.9184353.867732,1.562094
3.863654,1.553391
3.873094,1.544689
3.861691,1.535986
3.850647,1.527284
3.839959,1.518581
3.829620,1.509879
3.819627,1.501177
3.809975,1.492474
3.800660,1.483772
3.791679,1.475069
3.783028,1.466367
3.774703,1.457664
3.766701,1.448962
3.759018,1.440259
3.751652,1.431557
3.744599,1.422854
3.737856,1.414152
3.731422,1.405449
3.725293,1.396747
3.699163,1.388044
3.653121,1.379342
3.647979,1.370639
3.643129,1.361937
3.638569,1.353234
3.634296,1.344532
3.630310,1.335830
3.626608,1.327127
3.623189,1.318425
3.620052,1.309722
3.637270,1.301020
3.654738,1.292317
3.652415,1.283615
3.670408,1.274912
3.708687,1.266210
3.727197,1.257507
3.806010,1.248805
3.965092,1.240102
3.984389,1.231400
4.043985,1.222697
4.183882,1.213995
4.304099,1.205292
4.444670,1.196590
7.719808,0.987731
7.448799,0.979028
7.172612,0.970326
6.933245,0.961623
6.705900,0.952921
6.489393,0.944218
6.314558,0.935516
6.119118,0.926813
5.931635,0.918111
5.772379,0.909408
5.618535,0.900706
5.474042,0.892003
5.335134,0.883301
5.201366,0.874598
5.077971,0.865896
4.954875,0.857194
4.857194,0.848491
4.730480,0.839789
4.641444,0.831086
4.534020,0.822384
4.451234,0.813681
4.364953,0.804979
4.266931,0.796276
4.193192,0.787574
4.121764,0.778871
4.050531,0.770169
3.962052,0.761466
3.897630,0.752764
3.835976,0.744061
3.775932,0.735359
3.694769,0.726656
3.637627,0.717954
3.586482,0.709251
3.532867,0.700549
3.480458,0.691847
3.436337,0.683144
3.386950,0.674442
3.338562,0.665739
3.277065,0.657037
3.231155,0.648334
3.186070,0.639632
3.153619,0.630929
3.110793,0.622227
3.068650,0.613524
3.041231,0.604822
3.001062,0.596119
2.961453,0.587417
2.938625,0.578714
2.900750,0.570012
2.863332,0.561309
2.819322,0.552607
2.783257,0.543905
2.767360,0.535202
2.732697,0.526500
2.698341,0.517797
2.686190,0.509095
2.653080,0.500392
2.620203,0.491690
2.611588,0.482987
2.579822,0.474285
2.546325,0.465582
2.542977,0.456880
2.511466,0.448177
2.481462,0.439475
2.476559,0.430772
2.455287,0.422070
2.434562,0.413367
2.414366,0.404665
2.394683,0.395962
2.375498,0.387260
2.356795,0.378558
2.338562,0.369855
2.320784,0.361153
2.303448,0.352450
2.286543,0.343748
2.270055,0.335045
2.253973,0.326343
2.238288,0.317640
2.222987,0.308938
2.208061,0.300235
2.193500,0.291533
2.179294,0.282830
2.165436,0.274128
2.151915,0.265425
2.138724,0.256723
2.125854,0.248020
2.113299,0.239318
2.101050,0.230615
2.089100,0.221913
2.077443,0.213211
2.066072,0.204508
2.054980,0.195806
2.044161,0.187103
2.033610,0.178401
2.023320,0.169698
2.013287,0.160996
2.003505,0.152293
1.993968,0.143591
1.984671,0.134888
1.975611,0.126186
1.966783,0.117483
1.958181,0.108781
1.949802,0.100078
1.941642,0.091376
1.933697,0.082673
1.925962,0.073971
1.918434,0.065269
1.911110,0.056566
1.903987,0.047864
1.897060,0.039161
1.890326,0.030459
1.883783,0.021756
1.877428,0.013054
1.871258,0.004351
1.865270,-0.004351
1.859461,-0.013054
1.853828,-0.021756
1.848371,-0.030459
1.843085,-0.039161
1.837969,-0.047864
1.833020,-0.056566
1.828237,-0.065269
1.823617,-0.073971
1.819159,-0.082674
1.814860,-0.091376
1.810719,-0.100078
1.806734,-0.108781
1.802904,-0.117483
1.799227,-0.126186
1.795701,-0.134888
1.792325,-0.143591
1.789098,-0.152293
1.786018,-0.160996
1.783085,-0.169698
1.780296,-0.178401
1.777651,-0.187103
1.775149,-0.195806
1.772789,-0.204508
1.770570,-0.213211
1.768491,-0.221913
1.766551,-0.230616
1.764749,-0.239318
1.763086,-0.248021
1.761559,-0.256723
1.760170,-0.265425
1.758916,-0.274128
1.757797,-0.282830
1.756814,-0.291533
1.755966,-0.300235
1.755252,-0.308938
1.754672,-0.317640
1.754226,-0.326343
1.753914,-0.335045
1.753735,-0.343748
1.753690,-0.352450
1.753779,-0.361153
1.754001,-0.369855
1.754357,-0.378558
1.754847,-0.387260
1.755471,-0.395963
1.756228,-0.404665
1.757121,-0.413367
1.758148,-0.422070
1.759311,-0.430772
1.760609,-0.439475
1.762043,-0.448177
1.763615,-0.456880
1.765323,-0.465582
1.767170,-0.474285
1.769155,-0.482987
1.771280,-0.491690
1.773545,-0.500392
1.775952,-0.509095
1.778500,-0.517797
1.781192,-0.526500
1.784028,-0.535202
1.787009,-0.543905
1.790137,-0.552607
1.793413,-0.561310
1.796838,-0.570012
1.800413,-0.578714
1.804140,-0.587417
1.808020,-0.596119
1.812056,-0.604822
1.816248,-0.613524
1.820599,-0.622227
1.825110,-0.630929
1.829783,-0.639632
1.834620,-0.648334
1.839623,-0.657037
1.844795,-0.665739
1.850136,-0.674442
1.855651,-0.683144
1.861341,-0.691847
1.867208,-0.700549
1.873256,-0.709252
1.879486,-0.717954
1.885902,-0.726657
1.892507,-0.735359
1.899303,-0.744061
1.906294,-0.752764
1.913483,-0.761466
1.920873,-0.770169
1.928468,-0.778871
1.936272,-0.787574
1.944287,-0.796276
1.952518,-0.804979
1.960969,-0.813681
1.969645,-0.822384
1.978549,-0.831086
1.987685,-0.839789
1.997059,-0.848491
2.006676,-0.857194
2.016540,-0.865896
2.026657,-0.874599
2.037031,-0.883301
2.047669,-0.892003
2.058577,-0.900706
2.069759,-0.909408
2.081223,-0.918111
2.092975,-0.926813
2.105022,-0.935516
2.117371,-0.944218
2.130028,-0.952921
2.143002,-0.961623
2.156300,-0.970326
2.169930,-0.979028
2.183901,-0.987731
2.198222,-0.996433
2.212901,-1.005136
2.227949,-1.013838
2.243374,-1.022541
2.259188,-1.031243
2.275401,-1.039946
2.292024,-1.048648
2.309069,-1.057350
2.326548,-1.066053
2.344474,-1.074755
2.362859,-1.083458
2.381717,-1.092160
2.401064,-1.100863
2.420913,-1.109565
2.441280,-1.118268
2.462183,-1.126970
2.481699,-1.135673
2.491873,-1.144375
2.502623,-1.153078
2.541494,-1.161780
2.553203,-1.170483
2.592617,-1.179185
2.605353,-1.187888
2.645403,-1.196590
2.659239,-1.205293
2.700023,-1.213995
2.715039,-1.222697
2.756661,-1.231400
2.772946,-1.240102
2.815516,-1.248805
2.833164,-1.257507
2.876801,-1.266210
2.895921,-1.274912
2.940753,-1.283615
2.961460,-1.292317
3.007627,-1.301020
3.054444,-1.309722
3.077709,-1.318425
3.126099,-1.327127
3.175272,-1.335830
3.201452,-1.344532
3.252475,-1.353235
3.304434,-1.361937
3.357387,-1.370639
3.388083,-1.379342
3.443333,-1.388044
3.453617,-1.396747
3.419695,-1.405449
3.410843,-1.414152
3.404043,-1.422854
3.368115,-1.431557
3.352740,-1.440259
3.337757,-1.448962
3.323160,-1.457664
3.308940,-1.466367
3.295092,-1.475069
3.281608,-1.483772
3.268481,-1.492474
3.255707,-1.501177
3.243278,-1.509879
3.231188,-1.518582
3.219432,-1.527284
3.208005,-1.535986
3.196902,-1.544689
3.186117,-1.553391
3.175645,-1.562094
3.165483,-1.570796
