scan.pos:4.035838,5.724841,-0.3647502.413966,1.562094
2.422129,1.553391
2.430533,1.544689
2.439183,1.535986
2.448080,1.527284
2.457231,1.518581
2.466639,1.509879
2.476309,1.501177
2.486245,1.492474
2.496452,1.483772
2.506935,1.475069
2.517698,1.466367
2.528748,1.457664
2.540090,1.448962
2.551729,1.440259
2.563671,1.431557
2.575923,1.422854
2.588490,1.414152
2.601380,1.405449
2.614599,1.396747
2.628154,1.388044
2.642052,1.379342
2.656302,1.370639
2.670911,1.361937
2.685887,1.353234
2.701238,1.344532
2.716975,1.335830
2.733105,1.327127
2.749638,1.318425
2.766585,1.309722
2.783955,1.301020
2.801760,1.292317
2.820009,1.283615
2.838716,1.274912
2.857892,1.266210
2.877549,1.257507
2.897700,1.248805
2.918360,1.240102
2.939541,1.231400
2.961260,1.222697
2.983531,1.213995
3.006370,1.205292
3.029794,1.196590
3.053820,1.187888
3.078466,1.179185
3.103752,1.170483
3.129697,1.161780
3.156322,1.153078
3.183649,1.144375
3.197135,1.135673
3.235505,1.126970
3.247919,1.118268
3.287600,1.109565
3.327613,1.100863
3.343908,1.092160
3.385388,1.083458
3.427289,1.074755
3.447692,1.066053
3.491240,1.057350
3.535307,1.048648
3.560097,1.039945
3.606018,1.031243
3.627154,1.022541
3.682083,1.013838
3.730730,1.005136
3.755222,0.996433
3.814780,0.987731
3.866561,0.979028
3.894802,0.970326
3.948592,0.961623
4.014909,0.952921
4.047368,0.944218
4.105112,0.935516
4.177433,0.926813
4.214675,0.918111
4.277004,0.909408
4.340755,0.900706
4.422062,0.892003
4.489613,0.883301
4.535859,0.874598
4.515457,0.865896
4.494047,0.857194
4.471253,0.848491
4.450683,0.839789
4.430637,0.831086
4.411106,0.822384
4.392079,0.813681
4.373547,0.804979
4.355502,0.796276
4.337933,0.787574
4.320833,0.778871
4.304194,0.770169
4.288008,0.761466
4.272268,0.752764
4.256966,0.744061
4.242094,0.735359
4.227647,0.726656
4.213618,0.717954
4.200001,0.709251
4.186789,0.700549
4.173977,0.691847
4.161559,0.683144
4.149529,0.674442
4.137884,0.665739
4.126616,0.657037
4.115723,0.648334
4.105199,0.639632
4.095039,0.630929
4.085240,0.622227
4.075798,0.613524
4.066708,0.604822
4.057966,0.596119
4.049570,0.587417
4.041516,0.578714
4.033800,0.570012
4.026420,0.561309
4.019372,0.552607
4.012654,0.543905
4.006263,0.535202
4.000196,0.526500
3.994452,0.517797
3.989028,0.509095
3.983921,0.500392
3.979129,0.491690
3.974652,0.482987
3.970486,0.474285
3.966631,0.465582
3.963086,0.456880
3.959847,0.448177
3.956915,0.439475
3.954289,0.430772
3.951967,0.422070
3.949947,0.413367
3.948231,0.404665
3.946816,0.395962
3.945703,0.387260
3.944891,0.378558
3.944380,0.369855
3.944168,0.361153
3.944258,0.352450
3.944647,0.343748
3.945338,0.335045
3.946329,0.326343
3.947621,0.317640
3.949215,0.308938
3.951111,0.300235
3.953310,0.291533
3.955814,0.282830
3.958622,0.274128
3.961736,0.265425
3.965157,0.256723
3.968886,0.248020
3.972925,0.239318
3.977276,0.230615
3.981940,0.221913
3.986919,0.213211
3.992214,0.204508
3.997829,0.195806
4.003765,0.187103
4.010024,0.178401
4.016609,0.169698
4.023523,0.160996
4.030768,0.152293
4.038347,0.143591
4.046264,0.134888
4.054521,0.126186
4.063121,0.117483
4.072070,0.108781
4.081369,0.100078
4.091023,0.091376
4.101036,0.082673
4.111412,0.073971
4.122155,0.065269
4.133270,0.056566
4.144762,0.047864
4.156635,0.039161
4.168894,0.030459
4.181546,0.021756
4.194595,0.013054
4.208048,0.004351
4.221909,-0.004351
4.236186,-0.013054
4.250884,-0.021756
4.266011,-0.030459
4.281573,-0.039161
4.297577,-0.047864
4.314032,-0.056566
4.330944,-0.065269
4.348321,-0.073971
4.366172,-0.082674
4.384506,-0.091376
4.403331,-0.100078
4.422657,-0.108781
4.442493,-0.117483
4.462849,-0.126186
4.483736,-0.134888
4.505163,-0.143591
4.527143,-0.152293
4.549686,-0.160996
4.572805,-0.169698
4.596512,-0.178401
4.620821,-0.187103
4.645742,-0.195806
4.671292,-0.204508
4.697484,-0.213211
4.724334,-0.221913
4.751856,-0.230616
4.780067,-0.239318
4.808983,-0.248021
4.838622,-0.256723
4.869002,-0.265425
4.900141,-0.274128
4.932059,-0.282830
4.964776,-0.291533
4.998313,-0.300235
5.032692,-0.308938
5.067936,-0.317640
5.104068,-0.326343
5.141114,-0.335045
5.179099,-0.343748
5.218050,-0.352450
5.257994,-0.361153
5.298961,-0.369855
5.340981,-0.378558
5.384087,-0.387260
5.428311,-0.395963
5.473688,-0.404665
5.520253,-0.413367
5.568046,-0.422070
5.602147,-0.430772
5.661592,-0.439475
5.694275,-0.448177
5.758905,-0.456880
5.821155,-0.465582
5.855898,-0.474285
5.810303,-0.482987
5.765848,-0.491690
5.722500,-0.500392
5.680229,-0.509095
5.639004,-0.517797
5.547252,-0.526500
5.482803,-0.535202
5.444682,-0.543905
5.408275,-0.552607
5.372373,-0.561310
5.337349,-0.570012
5.303180,-0.578714
5.269845,-0.587417
5.237321,-0.596119
5.205592,-0.604822
5.174635,-0.613524
5.144435,-0.622227
5.114972,-0.630929
5.038749,-0.639632
5.010972,-0.648334
4.983879,-0.657037
4.910736,-0.665739
4.885204,-0.674442
4.860305,-0.683144
4.836024,-0.691847
4.812349,-0.700549
4.789268,-0.709252
4.766769,-0.717954
4.744840,-0.726657
4.723469,-0.735359
4.702647,-0.744061
4.682362,-0.752764
4.662606,-0.761466
4.643367,-0.770169
4.624637,-0.778871
3.554727,-0.787574
3.475561,-0.796276
3.419004,-0.804979
3.406453,-0.813681
3.372666,-0.822384
3.360884,-0.831086
3.349438,-0.839789
3.295591,-0.848491
3.284940,-0.857194
3.253376,-0.865896
3.243421,-0.874599
3.191566,-0.883301
3.140258,-0.892003
3.110462,-0.900706
3.101993,-0.909408
3.093804,-0.918111
3.044260,-0.926813
3.036726,-0.935516
3.008744,-0.944218
3.001790,-0.952921
2.995095,-0.961623
2.947503,-0.970326
2.941405,-0.979028
2.894567,-0.987731
2.868587,-0.996433
2.822504,-1.005136
2.797182,-1.013838
2.792507,-1.022541
2.747429,-1.031243
2.743269,-1.039946
2.739330,-1.048648
2.695154,-1.057350
2.691704,-1.066053
2.668289,-1.074755
2.624978,-1.083458
2.602093,-1.092160
2.599567,-1.100863
2.557051,-1.109565
2.514803,-1.118268
2.512941,-1.126970
2.511273,-1.135673
2.489758,-1.144375
2.488486,-1.153078
2.487405,-1.161780
2.486514,-1.170483
2.485812,-1.179185
2.485301,-1.187888
2.484978,-1.196590
2.484845,-1.205293
2.484902,-1.213995
2.485147,-1.222697
2.485582,-1.231400
2.486206,-1.240102
2.487020,-1.248805
2.488025,-1.257507
2.509255,-1.266210
2.510651,-1.274912
2.512241,-1.283615
2.514024,-1.292317
2.516002,-1.301020
2.518174,-1.309722
2.560794,-1.318425
2.563400,-1.327127
2.566207,-1.335830
2.629791,-1.344532
2.633079,-1.353235
2.677064,-1.361937
2.680829,-1.370639
2.847227,-1.379342
2.912680,-1.388044
3.019300,-1.396747
3.044899,-1.405449
3.091261,-1.414152
3.138028,-1.422854
3.205733,-1.431557
3.273954,-1.440259
3.445725,-1.448962
3.659799,-1.457664
3.750940,-1.466367
3.863536,-1.475069
3.956174,-1.483772
4.028727,-1.492474
4.101962,-1.501177
4.113023,-1.509879
4.187510,-1.518582
4.241660,-1.527284
4.254171,-1.535986
4.267081,-1.544689
4.280397,-1.553391
4.294125,-1.562094
4.308270,-1.570796
