scan.pos:-1.891794,3.272311,1.2852501.083889,1.562094
1.086714,1.553391
1.089638,1.544689
1.092660,1.535986
1.095783,1.527284
1.099008,1.518581
1.102336,1.509879
1.105769,1.501177
1.109308,1.492474
1.112955,1.483772
1.116711,1.475069
1.120578,1.466367
1.124558,1.457664
1.128653,1.448962
1.132864,1.440259
1.137193,1.431557
1.141643,1.422854
1.146216,1.414152
1.150913,1.405449
1.155738,1.396747
1.160692,1.388044
1.165778,1.379342
1.170998,1.370639
1.176355,1.361937
1.181851,1.353234
1.187490,1.344532
1.193275,1.335830
1.199208,1.327127
1.205292,1.318425
1.211531,1.309722
1.217929,1.301020
1.224488,1.292317
1.231212,1.283615
1.238105,1.274912
1.245172,1.266210
1.252415,1.257507
1.259840,1.248805
1.267450,1.240102
1.275251,1.231400
1.283246,1.222697
1.291441,1.213995
1.299842,1.205292
1.308452,1.196590
1.317279,1.187888
1.326327,1.179185
1.335603,1.170483
1.345112,1.161780
1.339496,1.153078
1.349380,1.144375
1.359514,1.135673
1.369907,1.126970
1.380567,1.118268
1.391500,1.109565
1.402715,1.100863
1.414222,1.092160
1.426028,1.083458
1.438143,1.074755
1.450577,1.066053
1.503535,1.057350
1.521800,1.048648
1.541275,1.039945
1.559778,1.031243
1.553318,1.022541
1.599294,1.013838
4.078041,1.005136
4.046798,0.996433
4.016334,0.987731
3.986626,0.979028
3.957654,0.970326
3.929396,0.961623
3.901834,0.952921
3.874950,0.944218
3.848724,0.935516
3.823141,0.926813
3.798182,0.918111
3.773833,0.909408
3.750077,0.900706
3.726901,0.892003
3.704290,0.883301
3.682231,0.874598
3.660709,0.865896
3.639714,0.857194
3.619232,0.848491
3.599252,0.839789
3.579762,0.831086
3.560752,0.822384
3.542211,0.813681
3.547255,0.804979
3.552518,0.796276
3.535100,0.787574
3.518118,0.778871
3.517287,0.770169
3.486674,0.761466
3.504512,0.752764
3.480667,0.744061
3.528519,0.735359
3.557511,0.726656
3.526795,0.717954
3.542654,0.709251
3.562759,0.700549
3.571699,0.691847
3.558700,0.683144
3.605509,0.674442
3.635754,0.665739
3.644545,0.657037
3.760767,0.648334
3.855121,0.639632
3.906544,0.630929
3.894230,0.622227
3.945798,0.613524
3.934033,0.604822
3.943682,0.596119
4.016536,0.587417
4.068362,0.578714
4.161968,0.570012
4.276222,0.561309
4.410995,0.552607
4.524727,0.543905
4.741623,0.535202
4.854768,0.526500
4.844303,0.517797
4.834250,0.509095
4.824606,0.500392
4.829573,0.491690
4.817513,0.482987
4.816403,0.474285
4.793546,0.465582
4.783776,0.456880
4.790836,0.448177
4.776831,0.439475
4.761719,0.430772
4.755594,0.422070
4.749847,0.413367
4.744474,0.404665
4.739474,0.395962
4.734845,0.387260
4.730585,0.378558
4.726692,0.369855
4.723165,0.361153
4.720002,0.352450
4.717202,0.343748
4.714765,0.335045
4.712688,0.326343
4.710973,0.317640
4.709617,0.308938
4.708620,0.300235
4.707982,0.291533
4.707703,0.282830
4.707782,0.274128
4.708220,0.265425
4.709016,0.256723
4.710172,0.248020
4.711687,0.239318
4.713562,0.230615
4.715798,0.221913
4.718396,0.213211
4.721356,0.204508
4.724680,0.195806
4.728369,0.187103
4.732424,0.178401
4.736847,0.169698
4.741641,0.160996
4.746805,0.152293
4.752343,0.143591
4.758257,0.134888
4.764549,0.126186
4.771221,0.117483
4.778277,0.108781
4.785718,0.100078
4.793549,0.091376
4.801771,0.082673
4.810388,0.073971
4.819404,0.065269
4.828822,0.056566
4.838647,0.047864
4.848881,0.039161
4.859530,0.030459
4.870597,0.021756
4.882088,0.013054
2.859031,0.004351
2.771183,-0.004351
2.700824,-0.013054
2.641518,-0.021756
2.647612,-0.030459
2.578977,-0.039161
2.605344,-0.047864
2.492897,-0.056566
2.317882,-0.065269
2.256722,-0.073971
2.191803,-0.082674
2.149420,-0.091376
2.108151,-0.100078
2.058595,-0.108781
2.020562,-0.117483
1.983372,-0.126186
1.941261,-0.134888
1.906705,-0.143591
1.850745,-0.152293
1.817330,-0.160996
1.783061,-0.169698
1.774019,-0.178401
1.712448,-0.187103
1.714303,-0.195806
1.685193,-0.204508
1.633683,-0.213211
1.609329,-0.221913
1.604823,-0.230616
1.577713,-0.239318
1.557600,-0.248021
1.531707,-0.256723
1.505969,-0.265425
1.489572,-0.274128
1.464868,-0.282830
1.440253,-0.291533
1.427232,-0.300235
1.403499,-0.308938
1.379800,-0.317640
1.369877,-0.326343
1.346932,-0.335045
1.339188,-0.343748
1.316921,-0.352450
1.294608,-0.361153
1.289604,-0.369855
1.267872,-0.378558
1.264841,-0.387260
1.243633,-0.395963
1.222315,-0.404665
1.221779,-0.413367
1.200910,-0.422070
1.202214,-0.430772
1.181751,-0.439475
1.184859,-0.448177
1.164765,-0.456880
1.144484,-0.465582
1.149892,-0.474285
1.129926,-0.482987
1.109112,-0.491690
1.117409,-0.500392
1.112785,-0.509095
1.103319,-0.517797
1.077798,-0.526500
1.068944,-0.535202
1.060314,-0.543905
1.051901,-0.552607
1.043700,-0.561310
1.035704,-0.570012
1.027907,-0.578714
1.020304,-0.587417
1.012889,-0.596119
1.005657,-0.604822
0.998603,-0.613524
0.991722,-0.622227
0.985010,-0.630929
1.003551,-0.639632
1.021925,-0.648334
1.040139,-0.657037
1.033591,-0.665739
1.027204,-0.674442
1.045280,-0.683144
1.063220,-0.691847
1.057006,-0.700549
1.074828,-0.709252
1.092531,-0.717954
1.110119,-0.726657
1.127599,-0.735359
1.144978,-0.744061
1.139016,-0.752764
1.133202,-0.761466
1.127532,-0.770169
1.122003,-0.778871
1.162190,-0.787574
1.156721,-0.796276
1.196544,-0.804979
1.213620,-0.813681
1.230637,-0.822384
1.247598,-0.831086
1.264510,-0.839789
1.303469,-0.848491
1.320205,-0.857194
1.358825,-0.865896
1.375415,-0.874599
1.391983,-0.883301
1.430203,-0.892003
1.468255,-0.900706
1.484632,-0.909408
1.522452,-0.918111
1.560133,-0.926813
1.597686,-0.935516
1.635121,-0.944218
1.672447,-0.952921
1.730781,-0.961623
1.767859,-0.970326
1.825847,-0.979028
1.883652,-0.987731
1.920416,-0.996433
1.977955,-1.005136
2.056123,-1.013838
2.113347,-1.022541
2.170463,-1.031243
2.268733,-1.039946
2.346164,-1.048648
2.443984,-1.057350
2.521095,-1.066053
2.618554,-1.074755
2.736267,-1.083458
2.853765,-1.092160
3.337374,-1.100863
5.791909,-1.292317
5.592425,-1.301020
5.573366,-1.309722
5.534712,-1.318425
5.496459,-1.327127
5.478621,-1.335830
5.481220,-1.344532
5.444148,-1.353235
5.427505,-1.361937
5.391182,-1.370639
5.355216,-1.379342
5.339704,-1.388044
5.304447,-1.396747
5.289670,-1.405449
5.255099,-1.414152
5.220851,-1.422854
5.234187,-1.431557
5.218377,-1.440259
5.180780,-1.448962
5.168142,-1.457664
5.176190,-1.466367
5.184659,-1.475069
5.152753,-1.483772
5.162000,-1.492474
5.130726,-1.501177
5.120238,-1.509879
5.089543,-1.518582
5.100308,-1.527284
5.070219,-1.535986
5.061074,-1.544689
5.031532,-1.553391
5.023024,-1.562094
4.994012,-1.570796
