scan.pos:-0.357147,7.203398,2.8184350.991313,1.562094
0.994256,1.553391
0.997294,1.544689
1.000426,1.535986
1.003655,1.527284
1.010622,1.518581
1.014060,1.509879
1.017600,1.501177
1.021242,1.492474
1.024989,1.483772
1.028842,1.475069
1.032803,1.466367
1.036874,1.457664
1.041057,1.448962
1.045353,1.440259
1.049766,1.431557
1.054296,1.422854
1.058947,1.414152
1.063721,1.405449
1.068619,1.396747
1.073645,1.388044
1.078801,1.379342
1.084089,1.370639
1.089513,1.361937
1.095076,1.353234
1.100780,1.344532
1.153549,1.335830
1.159799,1.327127
1.166206,1.318425
1.196626,1.309722
1.203497,1.301020
1.282925,1.292317
4.508011,1.283615
4.447089,1.274912
4.400423,1.266210
4.339275,1.257507
4.293761,1.248805
4.232246,1.240102
4.195354,1.231400
4.151091,1.222697
4.088585,1.213995
4.045103,1.205292
4.007817,1.196590
3.970150,1.187888
3.927603,1.179185
3.889619,1.170483
3.877893,1.161780
3.890068,1.153078
3.824668,1.144375
3.811061,1.135673
3.799825,1.126970
3.788489,1.118268
3.776565,1.109565
3.793788,1.100863
3.788476,1.092160
3.784219,1.083458
3.807884,1.074755
3.818665,1.066053
3.833830,1.057350
3.879817,1.048648
3.923838,1.039945
3.949926,1.031243
3.996319,1.022541
4.043346,1.013838
4.065133,1.005136
4.113730,0.996433
4.169665,0.987731
4.220337,0.979028
4.322260,0.970326
4.374331,0.961623
4.530808,0.952921
4.589550,0.944218
4.644564,0.935516
4.773941,0.926813
4.830830,0.918111
4.900639,0.909408
4.960721,0.900706
5.060888,0.892003
5.105394,0.883301
5.192366,0.874598
3.204713,0.570012
3.177015,0.561309
3.087978,0.552607
3.061122,0.543905
3.014122,0.535202
3.008424,0.526500
2.982567,0.517797
2.936656,0.509095
2.931801,0.500392
2.927186,0.491690
2.922807,0.482987
2.918663,0.474285
2.914752,0.465582
2.911073,0.456880
2.907625,0.448177
2.904406,0.439475
2.901414,0.430772
2.898650,0.422070
2.855927,0.413367
2.853644,0.404665
2.831521,0.395962
2.789595,0.387260
2.767970,0.378558
2.766605,0.369855
2.765452,0.361153
2.724487,0.352450
2.723767,0.343748
2.723255,0.335045
2.722950,0.326343
2.722853,0.317640
2.722963,0.308938
2.723280,0.300235
2.723806,0.291533
2.724538,0.282830
2.725479,0.274128
2.726628,0.265425
2.727986,0.256723
2.729554,0.248020
2.731331,0.239318
2.733319,0.230615
2.735518,0.221913
2.737929,0.213211
2.740554,0.204508
2.743392,0.195806
2.746446,0.187103
2.790112,0.178401
2.753205,0.169698
2.756912,0.160996
2.760840,0.152293
2.764990,0.143591
2.769363,0.134888
2.773962,0.126186
2.778788,0.117483
2.783844,0.108781
2.803374,0.100078
2.807883,0.091376
2.807748,0.082673
2.812575,0.073971
2.821906,0.065269
2.876757,0.056566
2.873303,0.047864
2.789987,0.039161
2.701580,0.030459
2.625546,0.021756
2.551603,0.013054
2.479557,0.004351
2.409237,-0.004351
2.361641,-0.013054
2.294384,-0.021756
2.255139,-0.030459
2.192009,-0.039161
2.129900,-0.047864
2.090216,-0.056566
2.051523,-0.065269
1.992098,-0.073971
1.969131,-0.082674
1.912376,-0.091376
1.878040,-0.100078
1.844344,-0.108781
1.811240,-0.117483
1.778685,-0.126186
1.745550,-0.134888
1.714965,-0.143591
1.684788,-0.152293
1.654986,-0.160996
1.625531,-0.169698
1.619154,-0.178401
1.572052,-0.187103
1.567312,-0.195806
1.539927,-0.204508
1.512746,-0.213211
1.485745,-0.221913
1.467566,-0.230616
1.441658,-0.239318
1.415860,-0.248021
1.414006,-0.256723
1.388513,-0.265425
1.363081,-0.274128
1.350944,-0.282830
1.326323,-0.291533
1.326280,-0.300235
1.301812,-0.308938
1.277325,-0.317640
1.269680,-0.326343
1.271038,-0.335045
1.247287,-0.343748
1.223460,-0.352450
1.219257,-0.361153
1.195944,-0.369855
1.198628,-0.378558
1.175261,-0.387260
1.178261,-0.395963
1.151341,-0.404665
1.155143,-0.413367
1.132062,-0.422070
1.136147,-0.430772
1.111434,-0.439475
1.116284,-0.448177
1.093335,-0.456880
1.097983,-0.465582
1.088530,-0.474285
1.079320,-0.482987
1.070346,-0.491690
1.061600,-0.500392
1.053075,-0.509095
1.044765,-0.517797
1.036664,-0.526500
1.028764,-0.535202
1.021062,-0.543905
1.013551,-0.552607
1.006225,-0.561310
0.999080,-0.570012
0.992111,-0.578714
0.985313,-0.587417
0.978681,-0.596119
0.972212,-0.604822
0.965900,-0.613524
0.959743,-0.622227
0.953736,-0.630929
0.947875,-0.639632
0.942158,-0.648334
0.936579,-0.657037
0.931137,-0.665739
0.929879,-0.674442
0.924678,-0.683144
0.919603,-0.691847
0.914653,-0.700549
0.909826,-0.709252
0.905117,-0.717954
0.900525,-0.726657
0.896048,-0.735359
0.891682,-0.744061
0.887426,-0.752764
0.883277,-0.761466
0.879234,-0.770169
0.875293,-0.778871
0.871454,-0.787574
0.867715,-0.796276
0.864072,-0.804979
0.860526,-0.813681
0.857073,-0.822384
0.853713,-0.831086
0.850444,-0.839789
0.847264,-0.848491
0.844171,-0.857194
0.841165,-0.865896
0.838244,-0.874599
0.835406,-0.883301
0.832651,-0.892003
0.829977,-0.900706
0.827383,-0.909408
0.824867,-0.918111
0.822429,-0.926813
0.820068,-0.935516
0.817783,-0.944218
0.815572,-0.952921
0.813435,-0.961623
0.811370,-0.970326
0.809378,-0.979028
0.807457,-0.987731
0.805606,-0.996433
0.803824,-1.005136
0.802112,-1.013838
0.800467,-1.022541
0.798890,-1.031243
0.797380,-1.039946
0.795936,-1.048648
0.794557,-1.057350
0.793244,-1.066053
0.791995,-1.074755
0.790810,-1.083458
0.789689,-1.092160
0.788631,-1.100863
0.787636,-1.109565
0.786703,-1.118268
0.785832,-1.126970
0.785022,-1.135673
0.784274,-1.144375
0.783587,-1.153078
0.782961,-1.161780
0.782395,-1.170483
0.781890,-1.179185
0.781445,-1.187888
0.781059,-1.196590
0.780734,-1.205293
0.780468,-1.213995
0.780262,-1.222697
0.780115,-1.231400
0.780028,-1.240102
0.780000,-1.248805
0.780032,-1.257507
0.780123,-1.266210
0.780273,-1.274912
0.780483,-1.283615
0.780752,-1.292317
0.781082,-1.301020
0.781471,-1.309722
0.781920,-1.318425
0.782429,-1.327127
0.782998,-1.335830
0.783628,-1.344532
0.784319,-1.353235
0.785071,-1.361937
0.785884,-1.370639
0.786759,-1.379342
0.787696,-1.388044
0.788695,-1.396747
0.789757,-1.405449
0.790882,-1.414152
0.792071,-1.422854
0.793324,-1.431557
0.794641,-1.440259
0.796023,-1.448962
0.797472,-1.457664
0.798986,-1.466367
0.800567,-1.475069
0.802216,-1.483772
0.803933,-1.492474
0.805719,-1.501177
0.807574,-1.509879
0.809500,-1.518582
0.811497,-1.527284
0.813566,-1.535986
0.815707,-1.544689
0.817923,-1.553391
0.820213,-1.562094
0.822579,-1.570796
