scan.pos:5.698863,4.308345,1.9184354.703934,1.318425
4.318156,1.309722
4.274601,1.301020
4.271556,1.292317
4.268841,1.283615
4.266453,1.274912
4.264393,1.266210
4.262659,1.257507
4.261250,1.248805
4.260168,1.240102
4.259409,1.231400
4.258976,1.222697
4.258867,1.213995
4.259082,1.205292
4.259622,1.196590
4.260486,1.187888
4.261675,1.179185
4.263190,1.170483
4.265030,1.161780
4.267198,1.153078
4.269692,1.144375
4.272516,1.135673
4.315827,1.126970
4.319343,1.118268
4.323195,1.109565
4.327383,1.100863
4.372217,1.092160
4.377129,1.083458
4.382386,1.074755
4.387990,1.066053
4.414198,1.057350
4.420533,1.048648
4.427223,1.039945
4.434272,1.031243
4.441682,1.022541
4.449457,1.013838
4.457599,1.005136
4.466111,0.996433
4.474997,0.987731
4.484261,0.979028
4.493906,0.970326
4.503937,0.961623
4.514357,0.952921
4.525171,0.944218
4.536383,0.935516
4.527130,0.926813
4.497252,0.918111
4.509516,0.909408
4.522193,0.900706
4.535287,0.892003
4.548805,0.883301
4.562753,0.874598
4.577136,0.865896
4.591960,0.857194
4.650103,0.848491
4.730501,0.839789
7.783463,0.726656
7.657891,0.717954
7.537075,0.709251
7.423508,0.700549
7.313263,0.691847
7.190089,0.683144
7.086676,0.674442
6.994852,0.665739
6.897733,0.657037
6.803153,0.648334
6.698216,0.639632
6.608970,0.630929
6.546045,0.622227
6.450243,0.613524
6.367949,0.604822
6.287527,0.596119
6.224423,0.587417
6.148203,0.578714
6.065500,0.570012
5.992980,0.561309
5.947331,0.552607
5.871355,0.543905
5.803722,0.535202
5.757863,0.526500
5.693400,0.517797
5.630083,0.509095
5.563955,0.500392
5.530008,0.491690
5.467622,0.482987
5.409570,0.474285
5.350511,0.465582
5.322299,0.456880
5.266602,0.448177
5.213069,0.439475
5.185112,0.430772
5.140575,0.422070
5.097183,0.413367
5.054899,0.404665
5.013689,0.395962
4.973521,0.387260
4.934365,0.378558
4.896190,0.369855
4.858969,0.361153
4.822674,0.352450
4.787279,0.343748
4.752759,0.335045
4.719090,0.326343
4.686249,0.317640
4.654213,0.308938
4.622963,0.300235
4.592477,0.291533
4.562736,0.282830
4.533720,0.274128
4.505412,0.265425
4.477794,0.256723
4.450850,0.248020
4.424562,0.239318
4.398917,0.230615
4.373899,0.221913
4.349492,0.213211
4.325684,0.204508
4.302461,0.195806
4.279810,0.187103
4.257720,0.178401
4.236176,0.169698
4.215170,0.160996
4.194688,0.152293
4.174721,0.143591
4.155258,0.134888
4.136290,0.126186
4.117805,0.117483
4.099796,0.108781
4.082254,0.100078
4.065169,0.091376
4.048533,0.082673
4.032340,0.073971
4.016579,0.065269
4.001245,0.056566
3.986330,0.047864
3.971828,0.039161
3.957730,0.030459
3.944032,0.021756
3.930726,0.013054
3.917807,0.004351
3.905270,-0.004351
3.893107,-0.013054
3.881315,-0.021756
3.869889,-0.030459
3.858822,-0.039161
3.848110,-0.047864
3.837749,-0.056566
3.827735,-0.065269
3.818063,-0.073971
3.808728,-0.082674
3.799728,-0.091376
3.791059,-0.100078
3.782716,-0.108781
3.774697,-0.117483
3.766998,-0.126186
3.759616,-0.134888
3.752548,-0.143591
3.745791,-0.152293
3.739343,-0.160996
3.733201,-0.169698
3.727362,-0.178401
3.721825,-0.187103
3.716587,-0.195806
3.711645,-0.204508
3.706999,-0.213211
3.702646,-0.221913
3.698584,-0.230616
3.694813,-0.239318
3.691330,-0.248021
3.688134,-0.256723
3.685224,-0.265425
3.682599,-0.274128
3.680258,-0.282830
3.678199,-0.291533
3.676423,-0.300235
3.674928,-0.308938
3.673714,-0.317640
3.672780,-0.326343
3.672127,-0.335045
3.671753,-0.343748
3.671659,-0.352450
3.671844,-0.361153
3.672310,-0.369855
3.673055,-0.378558
3.674080,-0.387260
3.675386,-0.395963
3.676973,-0.404665
3.678841,-0.413367
3.680992,-0.422070
3.683426,-0.430772
3.686144,-0.439475
3.689147,-0.448177
3.692437,-0.456880
3.696014,-0.465582
3.699881,-0.474285
3.704037,-0.482987
3.708486,-0.491690
3.713229,-0.500392
3.718267,-0.509095
3.723603,-0.517797
3.729239,-0.526500
3.735176,-0.535202
3.741418,-0.543905
3.747967,-0.552607
3.754825,-0.561310
3.761995,-0.570012
3.769480,-0.578714
3.777284,-0.587417
3.785408,-0.596119
3.793858,-0.604822
3.802635,-0.613524
3.811744,-0.622227
3.821188,-0.630929
3.830972,-0.639632
3.841099,-0.648334
3.851574,-0.657037
3.862401,-0.665739
3.873585,-0.674442
3.885131,-0.683144
3.897044,-0.691847
3.909328,-0.700549
3.921990,-0.709252
3.935034,-0.717954
3.948468,-0.726657
3.962296,-0.735359
3.976525,-0.744061
3.991162,-0.752764
4.006213,-0.761466
4.021686,-0.770169
4.037587,-0.778871
4.053925,-0.787574
4.070706,-0.796276
4.087940,-0.804979
4.105634,-0.813681
4.123797,-0.822384
4.142439,-0.831086
4.161568,-0.839789
4.181195,-0.848491
4.201329,-0.857194
4.221981,-0.865896
4.243162,-0.874599
4.274728,-0.883301
4.308875,-0.892003
4.330673,-0.900706
4.275752,-0.909408
4.208664,-0.918111
4.156787,-0.926813
4.117868,-0.935516
4.044742,-0.944218
4.009950,-0.952921
3.963477,-0.961623
3.908103,-0.970326
3.863910,-0.979028
3.811847,-0.987731
3.761630,-0.996433
3.720754,-1.005136
3.673514,-1.013838
3.634440,-1.022541
3.589987,-1.031243
3.578511,-1.039946
3.536865,-1.048648
3.496732,-1.057350
3.461972,-1.066053
3.424241,-1.074755
3.390809,-1.083458
3.357750,-1.092160
3.325039,-1.100863
3.292653,-1.109565
3.260568,-1.118268
3.228763,-1.126970
3.221422,-1.135673
3.193753,-1.144375
3.166794,-1.153078
3.140523,-1.161780
3.114920,-1.170483
3.089965,-1.179185
3.065638,-1.187888
3.041920,-1.196590
3.018795,-1.205293
2.996246,-1.213995
2.974256,-1.222697
2.952809,-1.231400
2.931891,-1.240102
2.911487,-1.248805
2.891584,-1.257507
2.872169,-1.266210
2.853229,-1.274912
2.834751,-1.283615
2.816724,-1.292317
2.799136,-1.301020
2.781978,-1.309722
2.765238,-1.318425
2.748906,-1.327127
2.732973,-1.335830
2.717429,-1.344532
2.702266,-1.353235
2.687474,-1.361937
2.673047,-1.370639
2.658974,-1.379342
2.645250,-1.388044
2.631865,-1.396747
2.618814,-1.405449
2.606089,-1.414152
2.593684,-1.422854
2.581592,-1.431557
2.569807,-1.440259
2.558323,-1.448962
2.547134,-1.457664
2.536236,-1.466367
2.525621,-1.475069
2.515286,-1.483772
2.505225,-1.492474
2.495433,-1.501177
2.485906,-1.509879
2.476640,-1.518582
2.467629,-1.527284
2.458871,-1.535986
2.450360,-1.544689
2.442094,-1.553391
2.434068,-1.562094
2.426278,-1.570796
