scan.pos:-3.885130,5.309798,-3.1147500.780281,1.562094
0.780128,1.553391
0.780034,1.544689
0.780000,1.535986
0.780025,1.527284
0.780110,1.518581
0.780254,1.509879
0.780458,1.501177
0.780721,1.492474
0.781043,1.483772
0.781426,1.475069
0.801917,1.466367
0.802432,1.457664
0.803010,1.448962
0.803649,1.440259
0.804351,1.431557
0.805115,1.422854
0.805942,1.414152
0.806833,1.405449
0.807787,1.396747
0.808805,1.388044
0.809887,1.379342
0.811034,1.370639
0.812247,1.361937
0.813524,1.353234
0.814869,1.344532
0.816279,1.335830
0.817757,1.327127
0.819303,1.318425
0.820918,1.309722
0.822601,1.301020
0.824355,1.292317
0.826179,1.283615
0.828074,1.274912
0.830041,1.266210
0.832082,1.257507
0.834196,1.248805
0.836384,1.240102
0.838648,1.231400
0.840989,1.222697
0.843407,1.213995
0.845904,1.205292
0.848480,1.196590
0.851137,1.187888
0.896570,1.179185
0.899533,1.170483
0.902585,1.161780
0.905727,1.153078
0.908960,1.144375
0.912286,1.135673
0.915707,1.126970
0.919223,1.118268
0.922838,1.109565
0.926551,1.100863
0.930366,1.092160
0.934284,1.083458
0.938307,1.074755
0.942436,1.066053
0.946674,1.057350
0.951024,1.048648
0.955487,1.039945
0.960065,1.031243
0.964761,1.022541
0.969578,1.013838
0.974517,1.005136
0.979582,0.996433
0.984776,0.987731
0.990100,0.979028
0.995559,0.970326
1.001155,0.961623
1.006891,0.952921
1.012771,0.944218
1.018798,0.935516
1.024975,0.926813
1.031307,0.918111
1.037798,0.909408
1.056633,0.900706
1.063532,0.892003
1.070603,0.883301
1.077852,0.874598
1.085282,0.865896
1.092900,0.857194
1.100709,0.848491
1.108716,0.839789
1.116927,0.831086
1.125346,0.822384
1.133979,0.813681
1.142835,0.804979
1.151917,0.796276
1.161235,0.787574
1.170794,0.778871
1.180603,0.770169
1.190669,0.761466
1.201000,0.752764
1.225978,0.744061
1.221806,0.735359
1.246942,0.726656
1.272891,0.717954
5.584563,0.709251
5.540411,0.700549
5.497368,0.691847
5.455400,0.683144
5.414478,0.674442
5.374572,0.665739
5.335652,0.657037
5.297693,0.648334
5.260668,0.639632
5.224552,0.630929
5.189321,0.622227
5.154951,0.613524
5.121422,0.604822
5.088711,0.596119
5.056798,0.587417
5.025662,0.578714
4.995286,0.570012
4.965651,0.561309
4.936739,0.552607
4.908534,0.543905
4.881019,0.535202
4.854177,0.526500
4.827996,0.517797
4.802459,0.509095
4.777552,0.500392
4.753263,0.491690
4.729578,0.482987
4.706484,0.474285
4.683969,0.465582
4.662023,0.456880
4.640633,0.448177
4.619788,0.439475
4.599478,0.430772
4.579694,0.422070
4.560425,0.413367
4.541662,0.404665
4.523395,0.395962
4.505617,0.387260
4.488318,0.378558
4.471491,0.369855
4.455128,0.361153
4.439220,0.352450
4.423762,0.343748
4.408745,0.335045
4.394164,0.326343
4.380011,0.317640
4.366281,0.308938
4.352966,0.300235
4.340063,0.291533
4.327563,0.282830
4.315464,0.274128
4.303759,0.265425
4.292443,0.256723
4.281512,0.248020
4.270960,0.239318
4.260785,0.230615
4.250980,0.221913
4.241543,0.213211
4.232470,0.204508
4.223755,0.195806
4.215398,0.187103
4.207393,0.178401
4.199737,0.169698
4.192428,0.160996
4.185462,0.152293
4.178838,0.143591
4.172552,0.134888
4.166601,0.126186
4.160984,0.117483
4.155697,0.108781
4.150741,0.100078
4.146111,0.091376
4.141806,0.082673
4.137825,0.073971
4.134167,0.065269
4.130829,0.056566
4.127810,0.047864
4.125111,0.039161
4.122728,0.030459
4.120661,0.021756
4.118911,0.013054
4.117475,0.004351
4.116353,-0.004351
4.115546,-0.013054
4.115052,-0.021756
4.114871,-0.030459
4.115004,-0.039161
4.115450,-0.047864
4.116210,-0.056566
4.117284,-0.065269
4.118672,-0.073971
4.120375,-0.082674
4.122394,-0.091376
4.124728,-0.100078
4.127380,-0.108781
4.130350,-0.117483
4.133639,-0.126186
4.137249,-0.134888
4.141181,-0.143591
4.145436,-0.152293
4.150016,-0.160996
4.154923,-0.169698
4.160160,-0.178401
4.165726,-0.187103
4.171626,-0.195806
4.177862,-0.204508
4.184434,-0.213211
4.191348,-0.221913
4.198605,-0.230616
4.206207,-0.239318
4.214159,-0.248021
4.222463,-0.256723
4.231123,-0.265425
4.240142,-0.274128
4.249524,-0.282830
4.259272,-0.291533
4.269391,-0.300235
4.279885,-0.308938
4.290758,-0.317640
4.302015,-0.326343
4.313661,-0.335045
4.325700,-0.343748
4.338138,-0.352450
4.350980,-0.361153
4.364232,-0.369855
4.377899,-0.378558
4.391987,-0.387260
4.406503,-0.395963
4.421453,-0.404665
4.436843,-0.413367
4.452682,-0.422070
4.468976,-0.430772
4.485732,-0.439475
4.502959,-0.448177
4.520664,-0.456880
4.538856,-0.465582
4.557543,-0.474285
4.576735,-0.482987
4.596440,-0.491690
4.616669,-0.500392
4.637432,-0.509095
4.658738,-0.517797
4.680600,-0.526500
4.703027,-0.535202
4.726032,-0.543905
2.004340,-0.552607
1.964539,-0.561310
1.947907,-0.570012
1.916478,-0.578714
1.900653,-0.587417
1.861169,-0.596119
1.832371,-0.604822
1.817145,-0.613524
1.790241,-0.622227
1.775626,-0.630929
1.736593,-0.639632
1.711875,-0.648334
1.697616,-0.657037
1.691015,-0.665739
1.677025,-0.674442
1.662978,-0.683144
1.648870,-0.691847
1.634695,-0.700549
1.620448,-0.709252
1.580217,-0.717954
1.565619,-0.726657
1.550925,-0.735359
1.536130,-0.744061
1.521228,-0.752764
1.506210,-0.761466
1.491071,-0.770169
1.475802,-0.778871
1.460396,-0.787574
1.444846,-0.796276
1.429142,-0.804979
1.441543,-0.813681
1.431005,-0.822384
1.418875,-0.831086
1.407056,-0.839789
1.395537,-0.848491
1.384310,-0.857194
1.373365,-0.865896
1.362696,-0.874599
1.352293,-0.883301
1.342149,-0.892003
1.332257,-0.900706
1.322609,-0.909408
1.313200,-0.918111
1.304022,-0.926813
1.295069,-0.935516
1.286336,-0.944218
1.277817,-0.952921
1.269506,-0.961623
1.261397,-0.970326
1.253486,-0.979028
1.245768,-0.987731
1.238239,-0.996433
1.230893,-1.005136
1.223726,-1.013838
1.216735,-1.022541
1.209914,-1.031243
1.203261,-1.039946
1.196771,-1.048648
1.190440,-1.057350
1.184266,-1.066053
1.178246,-1.074755
1.172374,-1.083458
1.166650,-1.092160
1.161069,-1.100863
1.155629,-1.109565
1.150327,-1.118268
1.145160,-1.126970
1.140125,-1.135673
1.135221,-1.144375
1.130445,-1.153078
1.125794,-1.161780
1.121266,-1.170483
1.116859,-1.179185
1.112571,-1.187888
1.108400,-1.196590
1.104343,-1.205293
1.100400,-1.213995
1.096568,-1.222697
1.092846,-1.231400
1.089232,-1.240102
1.085723,-1.248805
1.082320,-1.257507
1.079020,-1.266210
1.075821,-1.274912
1.072723,-1.283615
1.069723,-1.292317
1.066822,-1.301020
1.064017,-1.309722
1.061307,-1.318425
1.058692,-1.327127
1.056170,-1.335830
1.053739,-1.344532
1.051400,-1.353235
1.049151,-1.361937
1.046991,-1.370639
1.044919,-1.379342
1.042935,-1.388044
1.041037,-1.396747
1.039225,-1.405449
1.037498,-1.414152
1.035856,-1.422854
1.034298,-1.431557
1.032823,-1.440259
1.031431,-1.448962
1.030120,-1.457664
1.028892,-1.466367
1.027744,-1.475069
1.026677,-1.483772
1.025690,-1.492474
1.024783,-1.501177
1.023956,-1.509879
1.023208,-1.518582
1.022538,-1.527284
1.021948,-1.535986
1.021435,-1.544689
1.021001,-1.553391
1.020646,-1.562094
1.020368,-1.570796
