scan.pos:-5.678158,5.620887,2.9684357.727941,1.431557
7.522061,1.422854
7.325360,1.414152
7.138842,1.405449
6.960058,1.396747
6.788362,1.388044
6.623215,1.379342
6.472352,1.370639
6.320343,1.361937
6.195051,1.353234
6.065537,1.344532
5.951048,1.335830
5.819036,1.327127
5.690854,1.318425
5.583767,1.309722
5.485723,1.301020
5.390943,1.292317
5.299232,1.283615
5.210128,1.274912
5.102565,1.266210
5.019872,1.257507
4.942129,1.248805
4.864989,1.240102
4.789963,1.231400
4.716934,1.222697
4.628774,1.213995
4.560134,1.205292
4.493168,1.196590
4.436296,1.187888
4.373205,1.179185
4.311522,1.170483
4.262027,1.161780
4.203703,1.153078
4.146569,1.144375
4.079424,1.135673
4.049465,1.126970
3.996264,1.118268
3.944013,1.109565
3.883830,1.100863
3.858899,1.092160
3.802185,1.083458
3.754496,1.074755
3.733041,1.066053
3.680776,1.057350
3.635792,1.048648
3.591398,1.039945
3.569252,1.031243
3.526635,1.022541
3.480943,1.013838
3.466645,1.005136
3.426098,0.996433
3.383887,0.987731
3.372128,0.979028
3.332329,0.970326
3.294399,0.961623
3.284995,0.952921
3.259707,0.944218
3.232037,0.935516
3.205075,0.926813
3.178800,0.918111
3.153189,0.909408
3.128225,0.900706
3.103887,0.892003
3.080158,0.883301
3.057019,0.874598
3.034456,0.865896
3.012450,0.857194
2.990988,0.848491
2.970053,0.839789
2.949633,0.831086
2.929713,0.822384
2.910281,0.813681
2.891324,0.804979
2.872829,0.796276
2.854785,0.787574
2.837182,0.778871
2.820007,0.770169
2.803252,0.761466
2.786905,0.752764
2.770958,0.744061
2.755400,0.735359
2.740224,0.726656
2.725421,0.717954
2.710982,0.709251
2.696900,0.700549
2.683166,0.691847
2.669774,0.683144
2.656716,0.674442
2.643986,0.665739
2.631577,0.657037
2.619482,0.648334
2.607695,0.639632
2.596211,0.630929
2.585023,0.622227
2.574127,0.613524
2.563516,0.604822
2.553187,0.596119
2.543133,0.587417
2.533350,0.578714
2.523834,0.570012
2.514579,0.561309
2.505583,0.552607
2.496840,0.543905
2.488346,0.535202
2.480099,0.526500
2.472093,0.517797
2.464326,0.509095
2.456795,0.500392
2.449495,0.491690
2.442424,0.482987
2.435578,0.474285
2.428955,0.465582
2.422553,0.456880
2.416367,0.448177
2.410396,0.439475
2.404637,0.430772
2.399088,0.422070
2.393746,0.413367
2.388609,0.404665
2.383676,0.395962
2.378943,0.387260
2.374410,0.378558
2.370075,0.369855
2.365935,0.361153
2.361989,0.352450
2.358235,0.343748
2.354672,0.335045
2.351299,0.326343
2.348114,0.317640
2.345116,0.308938
2.342304,0.300235
2.339676,0.291533
2.337233,0.282830
2.334972,0.274128
2.332892,0.265425
2.330994,0.256723
2.329277,0.248020
2.327738,0.239318
2.326379,0.230615
2.325199,0.221913
2.324196,0.213211
2.323372,0.204508
2.322724,0.195806
2.322254,0.187103
2.321961,0.178401
2.321845,0.169698
2.321905,0.160996
2.322143,0.152293
2.322557,0.143591
2.323148,0.134888
2.323917,0.126186
2.324863,0.117483
2.325988,0.108781
2.327291,0.100078
2.328772,0.091376
2.330433,0.082673
2.332274,0.073971
2.334296,0.065269
2.336500,0.056566
2.338886,0.047864
2.341456,0.039161
2.344210,0.030459
2.347149,0.021756
2.350275,0.013054
2.353588,0.004351
2.357091,-0.004351
2.360785,-0.013054
2.364670,-0.021756
2.368748,-0.030459
2.373022,-0.039161
2.377493,-0.047864
2.382162,-0.056566
2.387032,-0.065269
2.392104,-0.073971
2.397381,-0.082674
2.402865,-0.091376
2.408557,-0.100078
2.414461,-0.108781
2.420579,-0.117483
2.426913,-0.126186
2.433466,-0.134888
2.440241,-0.143591
2.447241,-0.152293
2.454468,-0.160996
2.461927,-0.169698
2.469619,-0.178401
2.477549,-0.187103
2.485720,-0.195806
2.494135,-0.204508
2.502799,-0.213211
2.511715,-0.221913
2.520888,-0.230616
2.530321,-0.239318
2.540020,-0.248021
2.549988,-0.256723
2.560230,-0.265425
2.570751,-0.274128
2.581557,-0.282830
2.592652,-0.291533
2.604042,-0.300235
2.615733,-0.308938
2.627730,-0.317640
2.640039,-0.326343
2.652668,-0.335045
2.665622,-0.343748
2.678908,-0.352450
2.692533,-0.361153
2.706505,-0.369855
2.720830,-0.378558
2.735518,-0.387260
2.750575,-0.395963
2.766011,-0.404665
2.781835,-0.413367
2.798054,-0.422070
2.814680,-0.430772
2.831722,-0.439475
2.849189,-0.448177
2.867092,-0.456880
2.885444,-0.465582
2.904254,-0.474285
2.923535,-0.482987
2.943300,-0.491690
2.963561,-0.500392
2.984332,-0.509095
3.005626,-0.517797
3.027458,-0.526500
3.049845,-0.535202
3.072800,-0.543905
3.096341,-0.552607
3.120485,-0.561310
3.145250,-0.570012
3.170655,-0.578714
3.196719,-0.587417
3.223462,-0.596119
3.250906,-0.604822
3.279073,-0.613524
3.285946,-0.622227
3.283918,-0.630929
3.256523,-0.639632
3.229825,-0.648334
3.203804,-0.657037
3.178439,-0.665739
3.153710,-0.674442
3.129600,-0.683144
3.106090,-0.691847
3.083164,-0.700549
3.060806,-0.709252
3.038999,-0.717954
3.017729,-0.726657
2.996980,-0.735359
2.976741,-0.744061
2.956997,-0.752764
2.937735,-0.761466
2.918943,-0.770169
2.900610,-0.778871
2.882724,-0.787574
2.865274,-0.796276
2.848249,-0.804979
2.831640,-0.813681
2.815437,-0.822384
2.799630,-0.831086
2.784210,-0.839789
2.769169,-0.848491
2.754499,-0.857194
2.740190,-0.865896
2.726236,-0.874599
2.712629,-0.883301
2.699362,-0.892003
2.686427,-0.900706
2.673818,-0.909408
2.661529,-0.918111
2.649554,-0.926813
2.637885,-0.935516
2.626518,-0.944218
2.615447,-0.952921
2.604666,-0.961623
2.594170,-0.970326
2.583955,-0.979028
2.574015,-0.987731
2.564346,-0.996433
2.554943,-1.005136
2.545802,-1.013838
2.536919,-1.022541
2.528289,-1.031243
2.519909,-1.039946
1.490597,-1.048648
1.231185,-1.057350
1.142773,-1.066053
1.139377,-1.074755
1.115049,-1.083458
1.111924,-1.092160
1.046133,-1.100863
1.043375,-1.109565
1.040711,-1.118268
0.934325,-1.126970
0.932093,-1.135673
0.929942,-1.144375
0.927871,-1.153078
0.884730,-1.161780
0.882903,-1.170483
0.860658,-1.179185
0.859018,-1.187888
0.857449,-1.196590
0.855952,-1.205293
0.813832,-1.213995
0.812539,-1.222697
0.811312,-1.231400
0.810149,-1.240102
0.809052,-1.248805
0.808019,-1.257507
0.807050,-1.266210
0.806145,-1.274912
0.765038,-1.283615
0.764298,-1.292317
0.763617,-1.301020
0.762996,-1.309722
0.762433,-1.318425
0.761930,-1.327127
0.741446,-1.335830
0.741070,-1.344532
0.740750,-1.353235
0.740487,-1.361937
0.740281,-1.370639
0.740131,-1.379342
0.740038,-1.388044
0.740001,-1.396747
0.740020,-1.405449
0.700090,-1.414152
0.700215,-1.422854
0.700394,-1.431557
0.700625,-1.440259
0.700911,-1.448962
0.701250,-1.457664
0.701643,-1.466367
0.702089,-1.475069
0.702590,-1.483772
0.703145,-1.492474
0.703755,-1.501177
0.704419,-1.509879
0.705138,-1.518582
0.705913,-1.527284
0.706743,-1.535986
0.707630,-1.544689
0.708572,-1.553391
0.709571,-1.562094
0.710627,-1.570796
