scan.pos:-2.574732,0.205780,1.7352505.499467,1.562094
5.491723,1.553391
5.484418,1.544689
5.477549,1.535986
5.471113,1.527284
5.465108,1.518581
5.459531,1.509879
5.454381,1.501177
5.449656,1.492474
5.445352,1.483772
5.441470,1.475069
5.438006,1.466367
5.434961,1.457664
5.432333,1.448962
5.430121,1.440259
5.428323,1.431557
5.426940,1.422854
5.425971,1.414152
5.425416,1.405449
5.425273,1.396747
5.425543,1.388044
5.426228,1.379342
5.427325,1.370639
5.428836,1.361937
5.430762,1.353234
5.433103,1.344532
5.435861,1.335830
5.439035,1.327127
5.442628,1.318425
5.446641,1.309722
5.451075,1.301020
5.455932,1.292317
5.461215,1.283615
5.466924,1.274912
5.473062,1.266210
5.479632,1.257507
5.486636,1.248805
5.494077,1.240102
5.501957,1.231400
5.510281,1.222697
5.519050,1.213995
5.528269,1.205292
5.537942,1.196590
5.548072,1.187888
5.558663,1.179185
5.569719,1.170483
5.581245,1.161780
5.593246,1.153078
5.605727,1.144375
5.618692,1.135673
5.632147,1.126970
5.646098,1.118268
5.660550,1.109565
5.675510,1.100863
5.690984,1.092160
5.706977,1.083458
5.723499,1.074755
5.740554,1.066053
5.758152,1.057350
5.776299,1.048648
5.795003,1.039945
5.814273,1.031243
5.834117,1.022541
5.854545,1.013838
5.875565,1.005136
5.897187,0.996433
5.919422,0.987731
5.942279,0.979028
5.965769,0.970326
5.989904,0.961623
6.014695,0.952921
6.040154,0.944218
6.066293,0.935516
6.093125,0.926813
6.120664,0.918111
6.148924,0.909408
6.177918,0.900706
6.207662,0.892003
6.238171,0.883301
6.269462,0.874598
6.301549,0.865896
6.334453,0.857194
6.368189,0.848491
6.402776,0.839789
6.438234,0.831086
6.474584,0.822384
6.511844,0.813681
6.550037,0.804979
6.589186,0.796276
6.629314,0.787574
6.670444,0.778871
6.712603,0.770169
6.755815,0.761466
6.800108,0.752764
6.845511,0.744061
6.892053,0.735359
6.939764,0.726656
6.988677,0.717954
7.038823,0.709251
7.090238,0.700549
7.142958,0.691847
7.197019,0.683144
7.252462,0.674442
7.309327,0.665739
7.367656,0.657037
7.427493,0.648334
2.842344,0.639632
2.833975,0.630929
2.770107,0.622227
2.759953,0.613524
2.736244,0.604822
2.713144,0.596119
2.690633,0.587417
2.668695,0.578714
2.647311,0.570012
2.626466,0.561309
2.606143,0.552607
2.586328,0.543905
2.567006,0.535202
2.548163,0.526500
2.529786,0.517797
2.511862,0.509095
2.494379,0.500392
2.477325,0.491690
2.460688,0.482987
2.444459,0.474285
2.428626,0.465582
2.413179,0.456880
2.398109,0.448177
2.383407,0.439475
2.369063,0.430772
2.355068,0.422070
2.341416,0.413367
2.328097,0.404665
2.315104,0.395962
2.302430,0.387260
2.290067,0.378558
2.278009,0.369855
2.266248,0.361153
2.254780,0.352450
2.243597,0.343748
2.255543,0.335045
2.244805,0.326343
2.234337,0.317640
2.224136,0.308938
2.214195,0.300235
2.204509,0.291533
2.195075,0.282830
2.185886,0.274128
2.198993,0.265425
2.212161,0.256723
2.203513,0.248020
2.195099,0.239318
2.186915,0.230615
2.178957,0.221913
2.214339,0.213211
2.206673,0.204508
2.199227,0.195806
2.191998,0.187103
2.184981,0.178401
2.178175,0.169698
2.171576,0.160996
2.165181,0.152293
2.158988,0.143591
2.152993,0.134888
2.147195,0.126186
2.141590,0.117483
2.136177,0.108781
2.130953,0.100078
2.146614,0.091376
2.141715,0.082673
2.137000,0.073971
2.173592,0.065269
2.169157,0.056566
2.185384,0.047864
2.181274,0.039161
2.218154,0.030459
2.214334,0.021756
2.231031,0.013054
2.288451,0.004351
2.345870,-0.004351
2.423547,-0.013054
2.420323,-0.021756
2.518255,-0.030459
2.616142,-0.039161
2.875180,-0.047864
3.194267,-0.056566
3.332005,-0.065269
3.771096,-0.073971
3.988932,-0.082674
6.914808,-0.091376
7.451675,-0.100078
7.788110,-0.108781
7.784344,-0.117483
7.781174,-0.126186
7.778598,-0.134888
7.776617,-0.143591
7.775228,-0.152293
7.774431,-0.160996
7.774615,-0.178401
7.775595,-0.187103
7.777167,-0.195806
7.779333,-0.204508
7.782093,-0.213211
7.785448,-0.221913
7.793948,-0.239318
7.799097,-0.248021
6.025301,-0.413367
5.780299,-0.422070
5.779520,-0.430772
5.454147,-0.439475
5.303389,-0.448177
5.139861,-0.456880
4.999189,-0.465582
4.851671,-0.474285
4.731152,-0.482987
4.595115,-0.491690
4.485250,-0.500392
4.362885,-0.509095
4.263687,-0.517797
4.168468,-0.526500
4.076937,-0.535202
3.977462,-0.543905
3.980192,-0.552607
3.964797,-0.561310
3.974344,-0.570012
3.987060,-0.578714
4.002456,-0.587417
3.996285,-0.596119
3.990371,-0.604822
4.006886,-0.613524
4.023846,-0.622227
4.041260,-0.630929
4.059135,-0.639632
4.077481,-0.648334
4.096307,-0.657037
4.115623,-0.665739
4.135437,-0.674442
4.155762,-0.683144
4.176607,-0.691847
4.197983,-0.700549
4.219903,-0.709252
4.242377,-0.717954
4.265419,-0.726657
4.289041,-0.735359
4.313256,-0.744061
4.338078,-0.752764
4.363522,-0.761466
4.389602,-0.770169
4.416334,-0.778871
4.443735,-0.787574
4.471820,-0.796276
4.500607,-0.804979
4.530115,-0.813681
4.560361,-0.822384
4.591367,-0.831086
4.623151,-0.839789
4.655735,-0.848491
4.689142,-0.857194
4.723394,-0.865896
4.758515,-0.874599
4.794530,-0.883301
4.831465,-0.892003
4.869347,-0.900706
4.908205,-0.909408
4.948068,-0.918111
4.988966,-0.926813
5.030933,-0.935516
5.074001,-0.944218
5.168960,-0.952921
5.232828,-0.961623
5.295876,-0.970326
5.329124,-0.979028
5.369392,-0.987731
2.101208,-1.057350
2.086583,-1.066053
2.046963,-1.074755
2.033217,-1.083458
2.019807,-1.092160
2.006724,-1.100863
1.993961,-1.109565
1.981509,-1.118268
1.969361,-1.126970
1.957508,-1.135673
1.945945,-1.144375
1.934664,-1.153078
1.923659,-1.161780
1.912924,-1.170483
1.902451,-1.179185
1.892236,-1.187888
1.882272,-1.196590
1.895748,-1.205293
1.886155,-1.213995
1.876800,-1.222697
1.867679,-1.231400
1.858787,-1.240102
1.850120,-1.248805
1.841672,-1.257507
1.833441,-1.266210
1.825421,-1.274912
1.817609,-1.283615
1.810000,-1.292317
1.802592,-1.301020
1.795380,-1.309722
1.788362,-1.318425
1.781533,-1.327127
1.753176,-1.335830
1.746796,-1.344532
1.740595,-1.353235
1.734569,-1.361937
1.728716,-1.370639
1.723033,-1.379342
1.717518,-1.388044
1.712168,-1.396747
1.706981,-1.405449
1.701954,-1.414152
1.697085,-1.422854
1.692374,-1.431557
1.687816,-1.440259
1.683410,-1.448962
1.679155,-1.457664
1.675049,-1.466367
1.671090,-1.475069
1.667276,-1.483772
1.663605,-1.492474
1.660077,-1.501177
1.656690,-1.509879
1.653443,-1.518582
1.650333,-1.527284
1.647361,-1.535986
1.644524,-1.544689
1.641821,-1.553391
1.639253,-1.562094
1.636816,-1.570796
