scan.pos:-2.800602,5.927877,-2.6147504.914256,1.562094
4.889622,1.553391
4.865602,1.544689
4.842185,1.535986
4.814993,1.527284
4.797106,1.518581
4.797906,1.509879
4.799063,1.501177
4.778286,1.492474
4.758049,1.483772
4.738341,1.475069
4.763178,1.466367
4.744328,1.457664
4.747826,1.448962
4.795171,1.440259
4.777496,1.431557
4.846709,1.422854
4.937322,1.414152
5.027683,1.405449
5.250008,1.396747
5.351954,1.388044
5.437148,1.379342
5.569666,1.370639
5.707288,1.361937
5.871503,1.353234
5.894682,1.344532
6.071667,1.335830
2.742236,0.996433
2.322801,0.987731
1.903183,0.979028
1.683729,0.970326
1.644660,0.961623
1.645806,0.952921
1.626993,0.944218
1.527860,0.935516
1.529277,0.926813
1.470386,0.918111
1.471977,0.909408
1.473684,0.900706
1.475507,0.892003
1.436970,0.883301
1.438972,0.874598
1.420792,0.865896
1.422994,0.857194
1.425312,0.848491
1.386954,0.839789
1.389433,0.831086
1.392026,0.822384
1.394736,0.813681
1.397564,0.804979
1.379913,0.796276
1.362293,0.787574
1.365385,0.778871
1.368596,0.770169
1.371926,0.761466
1.375378,0.752764
1.378953,0.744061
1.382652,0.735359
1.386476,0.726656
1.390428,0.717954
1.394509,0.709251
1.398721,0.700549
1.403065,0.691847
1.407545,0.683144
1.412160,0.674442
1.416915,0.665739
1.421810,0.657037
1.426848,0.648334
1.432031,0.639632
1.437362,0.630929
1.442844,0.622227
1.448478,0.613524
1.454267,0.604822
1.460214,0.596119
1.466322,0.587417
1.472595,0.578714
1.479034,0.570012
1.494509,0.561309
1.501333,0.552607
1.508334,0.543905
1.515517,0.535202
1.522885,0.526500
1.530442,0.517797
1.538193,0.509095
1.546141,0.500392
1.554290,0.491690
1.562645,0.482987
1.571211,0.474285
1.579992,0.465582
1.588994,0.456880
1.598221,0.448177
1.607679,0.439475
1.617374,0.430772
1.627311,0.422070
1.686823,0.413367
1.697577,0.404665
1.708600,0.395962
1.719900,0.387260
1.731482,0.378558
1.794335,0.369855
1.806863,0.361153
1.845556,0.352450
1.858912,0.343748
1.872605,0.335045
1.886646,0.326343
1.901045,0.317640
1.915813,0.308938
1.930960,0.300235
1.946498,0.291533
1.962439,0.282830
1.978795,0.274128
1.995579,0.265425
2.069191,0.256723
2.071239,0.248020
2.092107,0.239318
2.112972,0.230615
2.135642,0.221913
2.157039,0.213211
2.178474,0.204508
2.176473,0.195806
2.225310,0.187103
2.278127,0.178401
2.279312,0.169698
2.313347,0.160996
2.343745,0.152293
2.356104,0.143591
2.396566,0.134888
2.399222,0.126186
2.443530,0.117483
2.465355,0.108781
6.442026,0.100078
6.401406,0.091376
6.361776,0.082673
6.323113,0.073971
6.285392,0.065269
6.248592,0.056566
6.212691,0.047864
6.177668,0.039161
6.143503,0.030459
6.110176,0.021756
6.077669,0.013054
6.045964,0.004351
6.015044,-0.004351
5.984892,-0.013054
5.955492,-0.021756
5.926829,-0.030459
5.898888,-0.039161
5.871653,-0.047864
5.845112,-0.056566
5.819252,-0.065269
5.794057,-0.073971
5.769518,-0.082674
5.745622,-0.091376
5.722357,-0.100078
5.699711,-0.108781
5.677675,-0.117483
5.656238,-0.126186
5.635389,-0.134888
5.615120,-0.143591
5.595420,-0.152293
5.576282,-0.160996
5.557695,-0.169698
5.539653,-0.178401
5.522147,-0.187103
5.505168,-0.195806
5.488711,-0.204508
5.472767,-0.213211
5.457330,-0.221913
5.442393,-0.230616
5.427950,-0.239318
5.413995,-0.248021
5.400521,-0.256723
5.387524,-0.265425
5.374997,-0.274128
5.362936,-0.282830
5.351336,-0.291533
5.340190,-0.300235
5.329497,-0.308938
5.319251,-0.317640
5.309448,-0.326343
5.300083,-0.335045
5.291154,-0.343748
5.282656,-0.352450
5.274587,-0.361153
5.266943,-0.369855
5.259720,-0.378558
5.252918,-0.387260
5.246531,-0.395963
5.240559,-0.404665
5.234999,-0.413367
5.229848,-0.422070
5.225105,-0.430772
5.220767,-0.439475
5.216835,-0.448177
5.213304,-0.456880
5.210175,-0.465582
5.207446,-0.474285
5.205116,-0.482987
5.203184,-0.491690
5.201649,-0.500392
5.200511,-0.509095
5.199770,-0.517797
5.199425,-0.526500
5.199476,-0.535202
5.199923,-0.543905
5.200766,-0.552607
5.202005,-0.561310
5.203641,-0.570012
5.205676,-0.578714
5.208108,-0.587417
5.210939,-0.596119
5.214171,-0.604822
5.217805,-0.613524
5.221842,-0.622227
5.226283,-0.630929
5.231131,-0.639632
5.236386,-0.648334
5.242052,-0.657037
5.248130,-0.665739
2.728678,-0.674442
2.550115,-0.683144
2.432065,-0.691847
2.293564,-0.700549
2.195477,-0.709252
2.076883,-0.717954
1.998845,-0.726657
1.920686,-0.735359
1.821917,-0.744061
1.763931,-0.752764
1.685297,-0.761466
1.647658,-0.770169
1.589342,-0.778871
1.530886,-0.787574
1.472277,-0.796276
1.434287,-0.804979
1.396217,-0.813681
1.358060,-0.822384
1.298854,-0.831086
1.281440,-0.839789
1.242958,-0.848491
1.225478,-0.857194
1.186793,-0.865896
1.147963,-0.874599
1.130301,-0.883301
1.091215,-0.892003
1.073420,-0.900706
1.055586,-0.909408
1.037708,-0.918111
0.998083,-0.926813
0.980020,-0.935516
0.961896,-0.944218
0.965652,-0.952921
0.969511,-0.961623
0.973476,-0.970326
0.977548,-0.979028
0.959418,-0.987731
0.963613,-0.996433
0.945409,-1.005136
0.927113,-1.013838
0.908719,-1.022541
0.890220,-1.031243
0.871611,-1.039946
0.875937,-1.048648
0.857205,-1.057350
0.838346,-1.066053
0.842765,-1.074755
0.847295,-1.083458
0.851940,-1.092160
0.832904,-1.100863
0.813717,-1.109565
0.818442,-1.118268
0.799071,-1.126970
0.803890,-1.135673
0.808829,-1.144375
0.813891,-1.153078
0.819080,-1.161780
0.824399,-1.170483
0.804704,-1.179185
0.810123,-1.187888
0.815678,-1.196590
0.821373,-1.205293
0.827211,-1.213995
0.833197,-1.222697
0.813105,-1.231400
0.819202,-1.240102
0.798827,-1.248805
0.805033,-1.257507
0.811397,-1.266210
0.817927,-1.274912
0.797137,-1.283615
0.803781,-1.292317
0.782647,-1.301020
0.789403,-1.309722
0.787653,-1.318425
0.780942,-1.327127
0.802060,-1.335830
0.795460,-1.344532
0.816236,-1.353235
0.809749,-1.361937
0.803425,-1.370639
0.797260,-1.379342
0.817623,-1.388044
0.811566,-1.396747
0.805658,-1.405449
0.799896,-1.414152
0.794276,-1.422854
0.788795,-1.431557
0.808720,-1.440259
0.803335,-1.448962
0.823022,-1.457664
0.817736,-1.466367
0.812580,-1.475069
0.807550,-1.483772
0.826964,-1.492474
0.846209,-1.501177
0.841254,-1.509879
0.860318,-1.518582
0.855469,-1.527284
0.850737,-1.535986
0.846122,-1.544689
0.841621,-1.553391
0.837231,-1.562094
0.856086,-1.570796
