scan.pos:4.147943,5.682036,-0.3647502.459786,1.562094
2.468104,1.553391
2.476668,1.544689
2.485481,1.535986
2.494548,1.527284
2.503873,1.518581
2.513459,1.509879
2.523313,1.501177
2.533437,1.492474
2.543838,1.483772
2.554519,1.475069
2.565487,1.466367
2.576747,1.457664
2.588304,1.448962
2.600164,1.440259
2.612333,1.431557
2.624817,1.422854
2.637623,1.414152
2.650758,1.405449
2.664227,1.396747
2.678040,1.388044
2.692202,1.379342
2.706722,1.370639
2.721608,1.361937
2.736868,1.353234
2.752512,1.344532
2.768547,1.335830
2.784983,1.327127
2.801830,1.318425
2.819098,1.309722
2.836798,1.301020
2.854941,1.292317
2.873537,1.283615
2.892599,1.274912
2.912138,1.266210
2.932168,1.257507
2.952702,1.248805
2.973754,1.240102
2.995338,1.231400
3.017468,1.222697
3.040162,1.213995
3.063435,1.205292
3.087303,1.196590
3.111785,1.187888
3.136900,1.179185
3.162666,1.170483
3.189103,1.161780
3.216233,1.153078
3.244078,1.144375
3.260459,1.135673
3.274489,1.126970
3.316901,1.118268
3.361516,1.109565
3.377936,1.100863
3.422132,1.092160
3.440001,1.083458
3.489155,1.074755
3.509077,1.066053
3.556057,1.057350
3.603593,1.048648
3.631890,1.039945
3.655769,1.031243
3.706093,1.022541
3.757131,1.013838
3.791933,1.005136
3.845255,0.996433
3.874683,0.987731
3.929931,0.979028
3.986139,0.970326
4.029988,0.961623
4.089029,0.952921
4.125201,0.944218
4.186733,0.935516
4.249539,0.926813
4.304108,0.918111
4.370471,0.909408
4.438351,0.900706
4.461361,0.892003
4.440303,0.883301
4.407281,0.874598
4.385705,0.865896
4.364670,0.857194
4.344166,0.848491
4.324181,0.839789
4.304705,0.831086
4.285728,0.822384
4.267242,0.813681
4.249237,0.804979
4.231704,0.796276
4.214635,0.787574
4.198021,0.778871
4.181856,0.770169
4.166130,0.761466
4.150836,0.752764
4.135969,0.744061
4.121521,0.735359
4.107484,0.726656
4.093854,0.717954
4.080624,0.709251
4.067787,0.700549
4.055339,0.691847
4.043274,0.683144
4.031587,0.674442
4.020272,0.665739
4.009325,0.657037
3.998741,0.648334
3.988516,0.639632
3.978645,0.630929
3.969125,0.622227
3.959950,0.613524
3.951119,0.604822
3.942626,0.596119
3.934469,0.587417
3.926643,0.578714
3.919147,0.570012
3.911977,0.561309
3.905129,0.552607
3.898602,0.543905
3.892393,0.535202
3.886498,0.526500
3.880917,0.517797
3.875647,0.509095
3.870685,0.500392
3.866030,0.491690
3.861680,0.482987
3.857633,0.474285
3.853887,0.465582
3.850442,0.456880
3.847296,0.448177
3.844447,0.439475
3.841895,0.430772
3.839639,0.422070
3.837677,0.413367
3.836010,0.404665
3.834635,0.395962
3.833554,0.387260
3.832765,0.378558
3.832268,0.369855
3.832063,0.361153
3.832150,0.352450
3.832528,0.343748
3.833199,0.335045
3.834162,0.326343
3.835417,0.317640
3.836966,0.308938
3.838808,0.300235
3.840945,0.291533
3.843377,0.282830
3.846105,0.274128
3.849131,0.265425
3.852454,0.256723
3.856078,0.248020
3.860002,0.239318
3.864229,0.230615
3.868761,0.221913
3.873598,0.213211
3.878743,0.204508
3.884198,0.195806
3.889965,0.187103
3.896046,0.178401
3.902444,0.169698
3.909161,0.160996
3.916201,0.152293
3.923564,0.143591
3.931256,0.134888
3.939278,0.126186
3.947635,0.117483
3.956329,0.108781
3.965364,0.100078
3.974743,0.091376
3.984471,0.082673
3.994552,0.073971
4.004990,0.065269
4.015789,0.056566
4.026954,0.047864
4.038490,0.039161
4.050401,0.030459
4.062694,0.021756
4.075372,0.013054
4.088442,0.004351
4.101909,-0.004351
4.115780,-0.013054
4.130061,-0.021756
4.144757,-0.030459
4.159877,-0.039161
4.175426,-0.047864
4.191413,-0.056566
4.207845,-0.065269
4.224728,-0.073971
4.242072,-0.082674
4.259885,-0.091376
4.278175,-0.100078
4.296951,-0.108781
4.316223,-0.117483
4.336000,-0.126186
4.356293,-0.134888
4.377112,-0.143591
4.398467,-0.152293
4.420370,-0.160996
4.442832,-0.169698
4.465865,-0.178401
4.489482,-0.187103
4.513696,-0.195806
4.538519,-0.204508
4.563967,-0.213211
4.590054,-0.221913
4.616794,-0.230616
4.644203,-0.239318
4.672297,-0.248021
4.701093,-0.256723
4.730609,-0.265425
4.760863,-0.274128
4.791874,-0.282830
4.823661,-0.291533
4.856245,-0.300235
4.889647,-0.308938
4.923889,-0.317640
4.958995,-0.326343
4.994987,-0.335045
5.031893,-0.343748
5.069736,-0.352450
5.108545,-0.361153
5.148348,-0.369855
5.189174,-0.378558
5.231054,-0.387260
5.274021,-0.395963
5.318108,-0.404665
5.363350,-0.413367
5.409784,-0.422070
5.444853,-0.430772
5.505830,-0.439475
5.540012,-0.448177
5.602911,-0.456880
5.681489,-0.465582
5.690382,-0.474285
5.753059,-0.482987
5.709042,-0.491690
5.666121,-0.500392
5.624267,-0.509095
5.583447,-0.517797
5.543636,-0.526500
5.453621,-0.535202
5.416095,-0.543905
5.354246,-0.552607
5.318703,-0.561310
5.284029,-0.570012
5.250201,-0.578714
5.217198,-0.587417
5.185000,-0.596119
5.153587,-0.604822
5.122941,-0.613524
5.093042,-0.622227
5.063873,-0.630929
5.035418,-0.639632
5.007660,-0.648334
4.933620,-0.657037
4.907459,-0.665739
4.881944,-0.674442
4.810826,-0.683144
4.786793,-0.691847
4.763359,-0.700549
4.740513,-0.709252
4.718243,-0.717954
4.696537,-0.726657
4.675384,-0.735359
4.654773,-0.744061
4.634695,-0.752764
4.615139,-0.761466
4.596097,-0.770169
4.577558,-0.778871
4.559514,-0.787574
4.541955,-0.796276
4.524876,-0.804979
3.468405,-0.813681
3.434396,-0.822384
3.336355,-0.831086
3.324993,-0.839789
3.292593,-0.848491
3.281952,-0.857194
3.271628,-0.865896
3.219286,-0.874599
3.209708,-0.883301
3.179389,-0.892003
3.170466,-0.900706
3.078132,-0.909408
3.070006,-0.918111
3.062156,-0.926813
3.033813,-0.935516
3.026553,-0.944218
3.019558,-0.952921
2.971581,-0.961623
2.965193,-0.970326
2.938524,-0.979028
2.932679,-0.987731
2.927080,-0.996433
2.880891,-1.005136
2.875848,-1.013838
2.830347,-1.022541
2.825839,-1.031243
2.760707,-1.039946
2.736488,-1.048648
2.732771,-1.057350
2.729273,-1.066053
2.685636,-1.074755
2.682614,-1.083458
2.639536,-1.092160
2.636973,-1.100863
2.614520,-1.109565
2.612383,-1.118268
2.570320,-1.126970
2.548562,-1.135673
2.547065,-1.144375
2.505705,-1.153078
2.504616,-1.161780
2.463692,-1.170483
2.462997,-1.179185
2.442487,-1.187888
2.442170,-1.196590
2.442039,-1.205293
2.442095,-1.213995
2.442336,-1.222697
2.442763,-1.231400
2.443377,-1.240102
2.444177,-1.248805
2.445164,-1.257507
2.446338,-1.266210
2.447700,-1.274912
2.449250,-1.283615
2.450988,-1.292317
2.452916,-1.301020
2.475141,-1.309722
2.477469,-1.318425
2.479990,-1.327127
2.482706,-1.335830
2.485617,-1.344532
2.488725,-1.353235
2.492031,-1.361937
2.536080,-1.370639
2.539845,-1.379342
2.584484,-1.388044
2.609095,-1.396747
2.654391,-1.405449
2.720488,-1.414152
2.827992,-1.422854
2.956642,-1.431557
3.003795,-1.440259
3.030770,-1.448962
3.120039,-1.457664
3.189251,-1.466367
3.259029,-1.475069
3.370983,-1.483772
3.650537,-1.492474
3.743686,-1.501177
3.942411,-1.509879
4.016424,-1.518582
4.091161,-1.527284
4.103228,-1.535986
4.179292,-1.544689
4.192334,-1.553391
4.248455,-1.562094
4.262449,-1.570796
