scan.pos:-4.652058,-4.652753,0.7852504.734938,1.562094
4.776707,1.553391
4.819104,1.544689
4.860661,1.535986
4.903896,1.527284
4.945361,1.518581
4.986576,1.509879
5.027568,1.501177
5.098855,1.492474
5.139793,1.483772
5.185613,1.475069
5.252744,1.466367
5.299752,1.457664
5.366742,1.448962
5.415104,1.440259
5.482116,1.431557
5.548846,1.422854
5.624086,1.414152
5.666214,1.405449
1.636884,1.396747
1.626823,1.388044
1.568475,1.379342
1.559186,1.370639
1.550124,1.361937
1.541283,1.353234
1.532659,1.344532
1.524246,1.335830
1.501083,1.327127
1.446497,1.318425
1.439009,1.309722
1.431706,1.301020
1.401608,1.292317
1.394777,1.283615
1.388118,1.274912
1.381627,1.266210
1.375300,1.257507
1.369135,1.248805
1.363128,1.240102
1.357276,1.231400
1.351577,1.222697
1.346028,1.213995
1.340626,1.205292
1.335368,1.196590
1.330252,1.187888
1.325276,1.179185
1.320437,1.170483
1.315734,1.161780
1.311163,1.153078
1.306723,1.144375
1.302411,1.135673
1.298227,1.126970
1.294168,1.118268
1.290231,1.109565
1.286417,1.100863
1.282722,1.092160
1.279146,1.083458
1.275686,1.074755
1.272342,1.066053
1.269111,1.057350
1.265993,1.048648
1.262987,1.039945
1.260090,1.031243
1.257302,1.022541
1.254622,1.013838
1.252048,1.005136
1.249580,0.996433
1.206324,0.987731
1.204138,0.979028
1.202051,0.970326
1.200063,0.961623
1.198172,0.952921
1.196378,0.944218
1.194681,0.935516
1.193079,0.926813
1.191572,0.918111
1.190159,0.909408
1.188840,0.900706
1.187614,0.892003
1.186481,0.883301
1.185441,0.874598
1.184492,0.865896
1.183635,0.857194
1.182869,0.848491
1.182194,0.839789
1.181610,0.831086
1.181117,0.822384
1.180713,0.813681
1.180400,0.804979
1.180177,0.796276
1.180043,0.787574
1.180000,0.778871
1.180046,0.770169
1.180183,0.761466
1.180409,0.752764
1.180725,0.744061
1.181132,0.735359
1.181629,0.726656
1.182216,0.717954
1.182894,0.709251
1.183663,0.700549
1.184523,0.691847
1.185475,0.683144
1.186518,0.674442
1.187654,0.665739
1.188883,0.657037
1.190205,0.648334
1.191621,0.639632
1.193132,0.630929
1.194737,0.622227
1.196438,0.613524
1.198235,0.604822
1.200129,0.596119
1.215113,0.587417
1.217225,0.578714
1.219439,0.570012
1.221753,0.561309
1.224169,0.552607
1.226689,0.543905
1.229313,0.535202
1.232043,0.526500
1.234878,0.517797
1.237821,0.509095
1.240873,0.500392
1.244035,0.491690
1.247309,0.482987
1.250695,0.474285
1.254195,0.465582
1.257812,0.456880
1.261545,0.448177
1.265397,0.439475
1.269370,0.430772
1.273465,0.422070
1.277684,0.413367
1.282030,0.404665
1.286503,0.395962
1.291106,0.387260
1.295841,0.378558
1.300711,0.369855
1.305717,0.361153
1.310862,0.352450
1.316149,0.343748
1.321579,0.335045
1.327156,0.326343
1.332882,0.317640
1.338759,0.308938
1.389891,0.300235
1.396289,0.291533
1.425614,0.282830
1.546803,0.274128
1.554384,0.265425
1.562159,0.256723
1.570132,0.248020
1.578308,0.239318
7.045146,0.230615
6.942289,0.221913
6.897370,0.213211
6.796054,0.204508
6.718870,0.195806
6.582160,0.187103
6.494920,0.178401
6.419532,0.169698
6.334451,0.160996
6.259925,0.152293
6.135694,0.143591
6.052735,0.134888
5.996036,0.126186
5.922369,0.117483
5.925229,0.108781
5.877493,0.100078
5.850303,0.091376
5.824628,0.082673
5.830194,0.073971
5.821205,0.065269
5.839232,0.056566
5.831073,0.047864
5.877492,0.039161
5.925111,0.030459
5.973967,0.021756
6.024098,0.013054
6.075544,0.004351
6.126017,-0.004351
6.154934,-0.013054
6.214195,-0.021756
6.272937,-0.030459
6.336690,-0.039161
6.373909,-0.047864
6.440602,-0.056566
6.482785,-0.065269
6.554126,-0.073971
6.627783,-0.082674
6.682739,-0.091376
6.761955,-0.100078
6.837661,-0.108781
6.908361,-0.117483
6.979646,-0.126186
7.069125,-0.134888
7.141039,-0.143591
7.238589,-0.152293
7.311924,-0.160996
7.410711,-0.169698
7.499688,-0.178401
7.599273,-0.187103
7.637078,-0.195806
7.620804,-0.204508
7.651856,-0.213211
7.708449,-0.221913
7.752506,-0.230616
7.779703,-0.239318
4.260233,-0.248021
4.122130,-0.256723
4.055028,-0.265425
4.011883,-0.274128
3.992331,-0.282830
3.973269,-0.291533
3.954689,-0.300235
3.936579,-0.308938
3.918932,-0.317640
3.901738,-0.326343
3.884990,-0.335045
3.868677,-0.343748
3.852793,-0.352450
3.837330,-0.361153
3.822281,-0.369855
3.807638,-0.378558
3.793395,-0.387260
3.779544,-0.395963
3.766080,-0.404665
3.752996,-0.413367
3.740287,-0.422070
3.727947,-0.430772
3.715970,-0.439475
3.704350,-0.448177
3.693084,-0.456880
3.682165,-0.465582
3.671590,-0.474285
3.661353,-0.482987
3.651451,-0.491690
3.641878,-0.500392
3.632631,-0.509095
3.623707,-0.517797
3.615101,-0.526500
3.606809,-0.535202
3.598829,-0.543905
3.591157,-0.552607
3.583791,-0.561310
3.576726,-0.570012
3.569960,-0.578714
3.563491,-0.587417
3.557315,-0.596119
3.551431,-0.604822
3.545836,-0.613524
3.540527,-0.622227
3.535504,-0.630929
3.550984,-0.639632
3.546499,-0.648334
3.582639,-0.657037
3.578668,-0.665739
3.675623,-0.674442
3.672117,-0.683144
3.709081,-0.691847
3.726189,-0.700549
3.924109,-0.709252
3.921570,-0.717954
4.079630,-0.726657
7.744821,-1.231400
7.618103,-1.240102
7.473263,-1.248805
7.355846,-1.257507
7.221516,-1.266210
7.112383,-1.274912
7.006660,-1.283615
6.885792,-1.292317
6.764124,-1.301020
6.674405,-1.309722
6.582043,-1.318425
6.476771,-1.327127
6.390114,-1.335830
6.291621,-1.344532
6.210122,-1.353235
6.130701,-1.361937
6.053258,-1.370639
5.977699,-1.379342
5.903934,-1.388044
5.807459,-1.396747
5.736880,-1.405449
5.667849,-1.414152
5.600292,-1.422854
5.559187,-1.431557
5.494543,-1.440259
5.431179,-1.448962
5.369034,-1.457664
5.308050,-1.466367
5.248173,-1.475069
5.189348,-1.483772
5.131525,-1.492474
5.074652,-1.501177
5.045391,-1.509879
4.990489,-1.518582
4.936405,-1.527284
4.883095,-1.535986
4.858094,-1.544689
4.806440,-1.553391
4.755445,-1.562094
4.733020,-1.570796
