scan.pos:-4.418506,-4.419624,0.6852501.265723,1.562094
1.256806,1.553391
1.248109,1.544689
1.239624,1.535986
1.231348,1.527284
1.223273,1.518581
1.215396,1.509879
1.207711,1.501177
1.200214,1.492474
1.192899,1.483772
1.185762,1.475069
1.178800,1.466367
1.172008,1.457664
1.165382,1.448962
1.158918,1.440259
1.152612,1.431557
1.146462,1.422854
1.140463,1.414152
1.134613,1.405449
1.128908,1.396747
1.123345,1.388044
1.117922,1.379342
1.112635,1.370639
1.107481,1.361937
1.057461,1.353234
1.052767,1.344532
1.048194,1.335830
1.043740,1.327127
1.039402,1.318425
1.035179,1.309722
1.031067,1.301020
1.027067,1.292317
1.023175,1.283615
1.019390,1.274912
1.015709,1.266210
1.012132,1.257507
1.008657,1.248805
1.005282,1.240102
1.002005,1.231400
0.998825,1.222697
0.995741,1.213995
0.992752,1.205292
0.989855,1.196590
0.987050,1.187888
0.984336,1.179185
0.981712,1.170483
0.979175,1.161780
0.976726,1.153078
0.974363,1.144375
0.972086,1.135673
0.969892,1.126970
0.967783,1.118268
0.965755,1.109565
0.963810,1.100863
0.961945,1.092160
0.960160,1.083458
0.958455,1.074755
0.956829,1.066053
0.955281,1.057350
0.953810,1.048648
0.952417,1.039945
0.951100,1.031243
0.949858,1.022541
0.948692,1.013838
0.947601,1.005136
0.946584,0.996433
0.945642,0.987731
0.944773,0.979028
0.943978,0.970326
0.943256,0.961623
0.942607,0.952921
0.942030,0.944218
0.941525,0.935516
0.941093,0.926813
0.940733,0.918111
0.940445,0.909408
0.940228,0.900706
0.940083,0.892003
0.940010,0.883301
0.940008,0.874598
0.940078,0.865896
0.940220,0.857194
0.940433,0.848491
0.940718,0.839789
0.941074,0.831086
0.941503,0.822384
0.942004,0.813681
0.942577,0.804979
0.943223,0.796276
0.943942,0.787574
0.944734,0.778871
0.945599,0.770169
0.946538,0.761466
0.947551,0.752764
0.948638,0.744061
0.949801,0.735359
0.951039,0.726656
0.952352,0.717954
0.953742,0.709251
0.955209,0.700549
0.956753,0.691847
0.958376,0.683144
0.960077,0.674442
0.961858,0.665739
0.963719,0.657037
0.965661,0.648334
0.967684,0.639632
0.969790,0.630929
0.971979,0.622227
0.974253,0.613524
0.976611,0.604822
0.979056,0.596119
0.981589,0.587417
0.984209,0.578714
0.986919,0.570012
0.989719,0.561309
0.992611,0.552607
0.995596,0.543905
0.998676,0.535202
1.001851,0.526500
1.005123,0.517797
1.008494,0.509095
1.055026,0.500392
1.058751,0.491690
1.062582,0.482987
1.088289,0.474285
1.136121,0.465582
1.140542,0.456880
1.211146,0.448177
1.216082,0.439475
1.221152,0.430772
1.226358,0.422070
1.231703,0.413367
1.237189,0.404665
6.881958,0.352450
6.747869,0.343748
6.661902,0.335045
6.577660,0.326343
6.495047,0.317640
6.413973,0.308938
6.286530,0.300235
6.208007,0.291533
6.130772,0.282830
6.054752,0.274128
5.974354,0.265425
5.906077,0.256723
5.758900,0.248020
5.686579,0.239318
5.640257,0.230615
5.569799,0.221913
5.576497,0.213211
5.533688,0.204508
5.543558,0.195806
5.503153,0.187103
5.501448,0.178401
5.489797,0.169698
5.504986,0.160996
5.494030,0.152293
5.537352,0.143591
5.581791,0.134888
5.627381,0.126186
5.674157,0.117483
5.722157,0.108781
5.771420,0.100078
5.804826,0.091376
5.849339,0.082673
5.924634,0.073971
5.973181,0.065269
6.025893,0.056566
6.051857,0.047864
6.103883,0.039161
6.164426,0.030459
6.223894,0.021756
6.295035,0.013054
6.354738,0.004351
6.421508,-0.004351
6.496974,-0.013054
6.580969,-0.021756
6.647099,-0.030459
6.732006,-0.039161
6.808651,-0.047864
6.877650,-0.056566
6.963470,-0.065269
7.059812,-0.073971
7.122678,-0.082674
7.223420,-0.091376
7.323048,-0.100078
7.316325,-0.108781
7.335188,-0.117483
7.369440,-0.126186
7.377680,-0.134888
7.448205,-0.143591
7.469459,-0.152293
7.477454,-0.160996
3.937937,-0.169698
3.803906,-0.178401
3.739911,-0.187103
3.699517,-0.195806
3.682382,-0.204508
3.665683,-0.213211
3.649412,-0.221913
3.633559,-0.230616
3.618119,-0.239318
3.603082,-0.248021
3.588441,-0.256723
3.574191,-0.265425
3.560323,-0.274128
3.546831,-0.282830
3.533710,-0.291533
3.520952,-0.300235
3.508552,-0.308938
3.486245,-0.317640
3.484804,-0.326343
3.473445,-0.335045
3.462423,-0.343748
3.451732,-0.352450
3.441369,-0.361153
3.431328,-0.369855
3.421606,-0.378558
3.412197,-0.387260
3.403099,-0.395963
3.394307,-0.404665
3.385817,-0.413367
3.377626,-0.422070
3.369731,-0.430772
3.362128,-0.439475
3.354814,-0.448177
3.347786,-0.456880
3.341042,-0.465582
3.334578,-0.474285
3.328392,-0.482987
3.322481,-0.491690
3.316844,-0.500392
3.311477,-0.509095
3.306380,-0.517797
3.301548,-0.526500
3.296982,-0.535202
3.292679,-0.543905
3.288637,-0.552607
3.284855,-0.561310
3.281331,-0.570012
3.278064,-0.578714
3.275052,-0.587417
3.292380,-0.596119
3.289861,-0.604822
3.287597,-0.613524
3.325671,-0.622227
3.383988,-0.630929
3.422481,-0.639632
3.421171,-0.648334
3.480151,-0.657037
3.679398,-0.665739
3.678831,-0.674442
7.792684,-1.161780
7.666680,-1.170483
7.547789,-1.179185
7.430420,-1.187888
7.316596,-1.196590
7.188844,-1.205293
7.082284,-1.213995
6.978725,-1.222697
6.886233,-1.231400
6.789026,-1.240102
6.694378,-1.248805
6.612734,-1.257507
6.523596,-1.266210
6.436649,-1.274912
6.340434,-1.283615
6.258152,-1.292317
6.177752,-1.301020
6.114180,-1.309722
6.037997,-1.318425
5.979913,-1.327127
5.907608,-1.335830
5.836770,-1.344532
5.760478,-1.353235
5.718540,-1.361937
5.646608,-1.370639
5.582198,-1.379342
5.518931,-1.388044
5.478898,-1.396747
5.418461,-1.405449
5.355770,-1.414152
5.324770,-1.422854
5.267858,-1.431557
5.210048,-1.440259
5.155278,-1.448962
5.128427,-1.457664
5.075862,-1.466367
5.042508,-1.475069
4.999432,-1.483772
4.957460,-1.492474
4.916558,-1.501177
4.876693,-1.509879
4.837836,-1.518582
4.799955,-1.527284
4.763023,-1.535986
4.727012,-1.544689
4.691896,-1.553391
4.657650,-1.562094
4.624250,-1.570796
