scan.pos:-5.755308,-5.755676,0.7852503.174568,1.562094
3.180431,1.553391
3.215822,1.544689
3.250985,1.535986
3.288436,1.527284
3.297600,1.518581
3.337442,1.509879
3.375178,1.501177
3.413320,1.492474
3.456402,1.483772
3.469854,1.475069
3.515634,1.466367
3.556932,1.457664
3.605378,1.448962
3.623000,1.440259
3.674467,1.431557
3.719505,1.422854
3.765268,1.414152
3.796393,1.405449
3.844456,1.396747
3.903843,1.388044
3.954265,1.379342
4.005657,1.370639
4.046353,1.361937
4.100607,1.353234
4.169530,1.344532
4.226795,1.335830
4.285352,1.327127
4.337456,1.318425
4.399636,1.309722
4.486444,1.301020
4.546340,1.292317
4.614145,1.283615
4.683784,1.274912
4.775326,1.266210
4.849774,1.257507
4.926423,1.248805
5.005547,1.240102
5.110242,1.231400
5.195247,1.222697
5.286278,1.213995
5.400160,1.205292
5.495206,1.196590
5.600251,1.187888
5.725326,1.179185
5.832559,1.170483
5.975870,1.161780
6.114634,1.153078
6.236754,1.144375
6.378595,1.135673
6.534485,1.126970
6.696442,1.118268
6.862967,1.109565
7.061484,1.100863
7.246665,1.092160
7.440348,1.083458
7.649003,1.074755
4.097096,0.752764
3.237666,0.744061
2.938492,0.735359
2.699397,0.726656
2.460288,0.717954
2.441649,0.709251
2.443237,0.700549
2.445012,0.691847
2.406791,0.683144
2.408910,0.674442
2.411216,0.665739
2.413712,0.657037
2.416396,0.648334
2.419271,0.639632
2.422337,0.630929
2.385096,0.622227
2.388492,0.613524
2.392079,0.604822
2.375519,0.596119
2.379461,0.587417
2.383598,0.578714
2.387932,0.570012
2.392464,0.561309
2.397196,0.552607
2.402131,0.543905
2.407269,0.535202
2.412613,0.526500
2.418166,0.517797
2.423930,0.509095
2.429906,0.500392
2.436098,0.491690
2.442508,0.482987
2.449139,0.474285
2.455994,0.465582
2.463075,0.456880
2.470386,0.448177
2.477929,0.439475
2.485709,0.430772
2.451021,0.422070
2.459142,0.413367
2.467505,0.404665
2.476115,0.395962
2.484975,0.387260
2.494089,0.378558
2.503461,0.369855
2.513097,0.361153
2.522999,0.352450
2.533174,0.343748
2.543625,0.335045
2.554359,0.326343
2.565379,0.317640
2.576693,0.308938
2.588304,0.300235
2.600219,0.291533
2.612445,0.282830
2.624987,0.274128
2.637851,0.265425
2.651046,0.256723
2.664577,0.248020
2.678451,0.239318
2.692677,0.230615
2.707263,0.221913
2.722215,0.213211
2.737544,0.204508
2.753257,0.195806
2.769363,0.187103
2.785872,0.178401
2.802794,0.169698
2.820139,0.160996
2.837918,0.152293
2.856141,0.143591
2.949956,0.134888
3.095665,0.126186
3.116659,0.117483
7.634607,0.108781
7.532418,0.100078
7.455964,0.091376
7.431854,0.082673
7.408589,0.073971
7.388795,0.065269
7.392162,0.056566
7.369233,0.047864
7.400766,0.039161
7.433377,0.030459
7.494669,0.021756
7.557561,0.013054
7.622103,0.004351
7.686201,-0.004351
7.747229,-0.013054
5.648205,-0.187103
5.566511,-0.195806
5.510175,-0.204508
5.478749,-0.213211
5.448092,-0.221913
5.418186,-0.230616
5.389015,-0.239318
5.360562,-0.248021
5.332812,-0.256723
5.305750,-0.265425
5.279362,-0.274128
5.253633,-0.282830
5.228549,-0.291533
5.204098,-0.300235
5.180267,-0.308938
5.157045,-0.317640
5.134419,-0.326343
5.112379,-0.335045
5.090913,-0.343748
5.070011,-0.352450
5.049663,-0.361153
5.029859,-0.369855
5.010590,-0.378558
4.991846,-0.387260
4.973620,-0.395963
4.955903,-0.404665
4.938685,-0.413367
4.921961,-0.422070
4.905722,-0.430772
4.889961,-0.439475
4.895886,-0.448177
4.880996,-0.456880
4.908743,-0.465582
4.957729,-0.474285
4.985846,-0.482987
5.014187,-0.491690
5.021900,-0.500392
5.133980,-0.509095
5.194014,-0.517797
5.286149,-0.526500
5.450034,-0.535202
5.912989,-0.543905
6.101908,-0.552607
6.344890,-0.561310
6.684536,-0.570012
7.157175,-0.578714
7.780611,-0.587417
7.642037,-1.083458
7.433822,-1.092160
7.240476,-1.100863
7.055607,-1.109565
6.857377,-1.118268
6.691175,-1.126970
6.529462,-1.135673
6.373800,-1.144375
6.232222,-1.153078
6.110300,-1.161780
5.971719,-1.170483
5.828621,-1.179185
5.721550,-1.187888
5.596624,-1.196590
5.491760,-1.205293
5.396848,-1.213995
5.283088,-1.222697
5.192211,-1.231400
5.107318,-1.240102
5.002725,-1.248805
4.923733,-1.257507
4.847178,-1.266210
4.772819,-1.274912
4.681388,-1.283615
4.611829,-1.292317
4.544101,-1.301020
4.461209,-1.309722
4.397562,-1.318425
4.335447,-1.327127
4.283433,-1.335830
4.224935,-1.344532
4.167727,-1.353235
4.098879,-1.361937
4.044676,-1.370639
4.004055,-1.379342
3.952711,-1.388044
3.902334,-1.396747
3.843009,-1.405449
3.794987,-1.414152
3.763927,-1.422854
3.718202,-1.431557
3.673201,-1.440259
3.621787,-1.448962
3.578646,-1.457664
3.555809,-1.466367
3.514542,-1.475069
3.468810,-1.483772
3.455392,-1.492474
3.412356,-1.501177
3.374240,-1.509879
3.336531,-1.518582
3.296731,-1.527284
3.287597,-1.535986
3.250186,-1.544689
3.215046,-1.553391
3.179694,-1.562094
3.173483,-1.570796
