scan.pos:6.535326,2.494411,-2.0647501.662631,1.562094
1.656837,1.553391
1.674479,1.544689
1.675639,1.535986
1.695418,1.527284
1.692597,1.518581
1.713618,1.509879
1.720897,1.501177
1.720265,1.492474
1.720033,1.483772
1.731627,1.475069
1.756999,1.466367
1.758819,1.457664
1.774685,1.448962
1.777983,1.440259
1.781645,1.431557
1.801521,1.422854
1.806625,1.414152
1.812088,1.405449
1.810592,1.396747
1.791826,1.388044
1.773062,1.379342
1.748560,1.370639
1.730288,1.361937
1.707287,1.353234
1.689451,1.344532
1.671558,1.335830
1.650423,1.327127
1.632890,1.318425
1.640351,1.309722
1.623353,1.301020
1.606252,1.292317
1.588349,1.283615
1.571508,1.274912
1.567788,1.266210
1.554425,1.257507
1.486077,1.248805
1.473843,1.240102
1.461919,1.231400
1.450296,1.222697
1.392879,1.213995
1.382185,1.205292
1.371758,1.196590
1.361591,1.187888
1.351675,1.179185
1.342004,1.170483
1.332571,1.161780
1.323370,1.153078
1.314394,1.144375
1.305638,1.135673
1.297096,1.126970
1.288763,1.118268
1.280633,1.109565
1.272701,1.100863
1.264963,1.092160
1.257413,1.083458
1.250048,1.074755
1.242862,1.066053
1.235852,1.057350
1.229014,1.048648
1.222344,1.039945
1.215837,1.031243
1.209492,1.022541
1.203303,1.013838
1.197268,1.005136
1.191384,0.996433
1.185647,0.987731
1.180054,0.979028
1.174603,0.970326
1.169291,0.961623
1.164115,0.952921
1.159072,0.944218
1.154160,0.935516
1.149377,0.926813
1.144720,0.918111
1.140188,0.909408
1.135777,0.900706
1.131486,0.892003
1.127313,0.883301
1.123255,0.874598
1.119312,0.865896
1.115481,0.857194
1.111761,0.848491
1.108149,0.839789
1.104645,0.831086
1.101246,0.822384
1.097952,0.813681
1.094760,0.804979
1.091670,0.796276
1.088679,0.787574
1.085788,0.778871
1.082994,0.770169
1.080297,0.761466
1.077694,0.752764
1.075186,0.744061
1.072771,0.735359
1.070449,0.726656
1.068217,0.717954
1.066076,0.709251
1.064024,0.700549
1.021213,0.691847
1.019409,0.683144
1.017690,0.674442
1.016054,0.665739
1.014499,0.657037
1.013027,0.648334
1.011636,0.639632
1.010326,0.630929
1.009095,0.622227
1.007945,0.613524
1.006873,0.604822
1.005881,0.596119
1.004966,0.587417
1.004130,0.578714
1.003372,0.570012
1.002691,0.561309
1.002087,0.552607
1.001560,0.543905
0.961066,0.535202
0.960707,0.526500
0.960422,0.517797
0.960210,0.509095
0.960071,0.500392
0.960006,0.491690
0.960013,0.482987
0.960094,0.474285
0.960248,0.465582
0.960475,0.456880
0.960775,0.448177
0.961149,0.439475
0.961596,0.430772
0.962117,0.422070
0.962712,0.413367
0.963381,0.404665
0.964124,0.395962
0.964942,0.387260
0.965835,0.378558
0.966804,0.369855
0.967848,0.361153
0.968968,0.352450
0.970165,0.343748
0.971439,0.335045
0.972791,0.326343
0.974220,0.317640
0.975728,0.308938
0.977316,0.300235
0.978983,0.291533
0.980731,0.282830
0.982559,0.274128
0.984470,0.265425
0.986464,0.256723
0.988541,0.248020
0.990702,0.239318
0.992949,0.230615
0.995282,0.221913
0.997702,0.213211
1.000210,0.204508
1.002808,0.195806
1.005495,0.187103
1.008275,0.178401
1.011146,0.169698
1.014112,0.160996
1.017173,0.152293
1.020330,0.143591
1.023585,0.134888
1.026939,0.126186
1.030395,0.117483
1.033952,0.108781
1.037613,0.100078
1.041381,0.091376
1.045255,0.082673
1.049238,0.073971
1.053333,0.065269
1.057540,0.056566
1.061863,0.047864
1.066302,0.039161
1.070861,0.030459
1.075541,0.021756
1.080344,0.013054
1.085274,0.004351
1.090333,-0.004351
1.095522,-0.013054
1.100846,-0.021756
1.106306,-0.030459
1.111906,-0.039161
1.117648,-0.047864
1.123536,-0.056566
1.129572,-0.065269
1.135761,-0.073971
1.142106,-0.082674
1.148609,-0.091376
1.155276,-0.100078
1.162109,-0.108781
1.169114,-0.117483
1.176293,-0.126186
1.183652,-0.134888
1.191195,-0.143591
1.198927,-0.152293
1.206852,-0.160996
1.214975,-0.169698
1.223303,-0.178401
1.231840,-0.187103
1.240592,-0.195806
1.249565,-0.204508
1.258766,-0.213211
1.268200,-0.221913
1.277875,-0.230616
1.287797,-0.239318
1.297974,-0.248021
1.308414,-0.256723
1.319125,-0.265425
1.330114,-0.274128
1.341391,-0.282830
1.352965,-0.291533
1.350558,-0.300235
1.366943,-0.308938
1.383155,-0.317640
1.399204,-0.326343
1.387884,-0.335045
1.403847,-0.343748
1.419665,-0.352450
1.435346,-0.361153
1.424518,-0.369855
1.440144,-0.378558
1.455650,-0.387260
1.471043,-0.395963
1.486329,-0.404665
1.501516,-0.413367
1.516608,-0.422070
1.531614,-0.430772
1.546538,-0.439475
1.536602,-0.448177
1.526909,-0.456880
1.541927,-0.465582
1.556877,-0.474285
1.595948,-0.482987
1.610638,-0.491690
1.625281,-0.500392
1.639881,-0.509095
1.678077,-0.517797
1.692476,-0.526500
1.636704,-0.535202
1.628162,-0.543905
1.619831,-0.552607
1.588683,-0.561310
1.535052,-0.570012
1.504859,-0.578714
1.497761,-0.587417
1.490842,-0.596119
1.371668,-0.604822
1.320822,-0.613524
1.292811,-0.622227
1.287333,-0.630929
1.237791,-0.639632
1.232776,-0.648334
1.227894,-0.657037
1.179461,-0.665739
1.175005,-0.674442
1.170671,-0.683144
1.144857,-0.691847
1.140837,-0.700549
1.136933,-0.709252
1.133141,-0.717954
1.129460,-0.726657
1.083402,-0.735359
1.080068,-0.744061
1.076837,-0.752764
1.073707,-0.761466
1.070676,-0.770169
1.067743,-0.778871
1.064907,-0.787574
1.062167,-0.796276
1.059522,-0.804979
1.056969,-0.813681
1.054510,-0.822384
1.052141,-0.831086
1.049863,-0.839789
1.047675,-0.848491
1.045575,-0.857194
1.043562,-0.865896
1.041637,-0.874599
1.039798,-0.883301
1.038044,-0.892003
1.036375,-0.900706
1.034789,-0.909408
1.033288,-0.918111
1.031869,-0.926813
1.030532,-0.935516
1.029277,-0.944218
1.028104,-0.952921
1.027011,-0.961623
1.025998,-0.970326
1.025066,-0.979028
1.024213,-0.987731
1.023439,-0.996433
1.022745,-1.005136
1.022129,-1.013838
1.021591,-1.022541
1.061177,-1.031243
1.060781,-1.039946
1.060466,-1.048648
1.060232,-1.057350
1.060079,-1.066053
1.060006,-1.074755
1.060015,-1.083458
1.080106,-1.092160
1.080279,-1.100863
1.120554,-1.109565
1.120904,-1.118268
1.121340,-1.126970
1.121862,-1.135673
1.162558,-1.144375
1.163277,-1.153078
1.164085,-1.161780
1.164983,-1.170483
1.226281,-1.179185
1.348145,-1.187888
1.349497,-1.196590
1.350955,-1.205293
1.413079,-1.213995
1.495672,-1.222697
1.497635,-1.231400
1.519985,-1.240102
1.522219,-1.248805
1.524575,-1.257507
1.689942,-1.266210
1.692824,-1.274912
1.838870,-1.283615
1.903709,-1.292317
1.907411,-1.301020
1.952376,-1.309722
1.977082,-1.318425
1.981405,-1.327127
2.089330,-1.335830
2.094239,-1.344532
2.161688,-1.353235
2.271311,-1.361937
2.298101,-1.370639
2.346156,-1.379342
2.394652,-1.388044
2.401473,-1.396747
5.382533,-1.405449
5.398778,-1.414152
5.415535,-1.422854
5.432812,-1.431557
5.450616,-1.440259
5.468955,-1.448962
5.487836,-1.457664
5.507270,-1.466367
5.527264,-1.475069
5.547828,-1.483772
5.612689,-1.492474
5.634592,-1.501177
5.701163,-1.509879
5.724465,-1.518582
5.770612,-1.527284
5.795282,-1.535986
5.820609,-1.544689
5.846606,-1.553391
5.873285,-1.562094
5.900660,-1.570796
