scan.pos:-2.075924,7.115298,0.4852500.994847,1.562094
0.990327,1.553391
0.985924,1.544689
0.981633,1.535986
0.977454,1.527284
0.973385,1.518581
0.969422,1.509879
0.965565,1.501177
0.961812,1.492474
0.958160,1.483772
0.954608,1.475069
0.951155,1.466367
0.947798,1.457664
0.944537,1.448962
0.941369,1.440259
0.938294,1.431557
0.935310,1.422854
0.932416,1.414152
0.929610,1.405449
0.926891,1.396747
0.924259,1.388044
0.921711,1.379342
0.919247,1.370639
0.916866,1.361937
0.914566,1.353234
0.912348,1.344532
0.910209,1.335830
0.908149,1.327127
0.906168,1.318425
0.904263,1.309722
0.902436,1.301020
0.900684,1.292317
0.899007,1.283615
0.897405,1.274912
0.895877,1.266210
0.894421,1.257507
0.893039,1.248805
0.891728,1.240102
0.890489,1.231400
0.889321,1.222697
0.888224,1.213995
0.887197,1.205292
0.886239,1.196590
0.885351,1.187888
0.884533,1.179185
0.883782,1.170483
0.883101,1.161780
0.882487,1.153078
0.881942,1.144375
0.881464,1.135673
0.881054,1.126970
0.880711,1.118268
0.880436,1.109565
0.880228,1.100863
0.880086,1.092160
0.880012,1.083458
0.880005,1.074755
0.880065,1.066053
0.880192,1.057350
0.880386,1.048648
0.880647,1.039945
0.880976,1.031243
0.881372,1.022541
0.881835,1.013838
0.882366,1.005136
0.882966,0.996433
0.883633,0.987731
0.884368,0.979028
0.885173,0.970326
0.886046,0.961623
0.886989,0.952921
0.888001,0.944218
0.889084,0.935516
0.890237,0.926813
0.891461,0.918111
0.892756,0.909408
0.894123,0.900706
0.895563,0.892003
0.897076,0.883301
0.898663,0.874598
0.900324,0.865896
0.902060,0.857194
0.903871,0.848491
0.905759,0.839789
0.907724,0.831086
0.909768,0.822384
0.911889,0.813681
0.914091,0.804979
0.916373,0.796276
0.918737,0.787574
0.921184,0.778871
0.923714,0.770169
0.926328,0.761466
0.929029,0.752764
0.931816,0.744061
0.934692,0.735359
0.937657,0.726656
0.940713,0.717954
0.943860,0.709251
0.947102,0.700549
0.950438,0.691847
0.953871,0.683144
0.957402,0.674442
0.961032,0.665739
0.964764,0.657037
0.968599,0.648334
0.972539,0.639632
0.976586,0.630929
0.980742,0.622227
0.985009,0.613524
0.989388,0.604822
0.993883,0.596119
0.998495,0.587417
1.003227,0.578714
1.008081,0.570012
1.013060,0.561309
1.018166,0.552607
1.023402,0.543905
1.028771,0.535202
1.034276,0.526500
1.039920,0.517797
1.045706,0.509095
1.051637,0.500392
1.057716,0.491690
1.063948,0.482987
1.070336,0.474285
1.076884,0.465582
1.083595,0.456880
1.090473,0.448177
1.097524,0.439475
1.104751,0.430772
1.112160,0.422070
1.119754,0.413367
1.127539,0.404665
1.135520,0.395962
1.143703,0.387260
1.152093,0.378558
1.160696,0.369855
1.169518,0.361153
1.178566,0.352450
1.187845,0.343748
1.197364,0.335045
1.207130,0.326343
1.217150,0.317640
1.227431,0.308938
1.237983,0.300235
1.240246,0.291533
1.257582,0.282830
1.247010,0.274128
1.264189,0.265425
1.281183,0.256723
1.298002,0.248020
1.314653,0.239318
1.304523,0.230615
1.321068,0.221913
1.337465,0.213211
1.353722,0.204508
1.369846,0.195806
1.385846,0.187103
1.401727,0.178401
1.417497,0.169698
1.433162,0.160996
1.448728,0.152293
1.447327,0.143591
1.462967,0.134888
1.488628,0.126186
1.504695,0.117483
1.507768,0.108781
1.548536,0.100078
1.553623,0.091376
1.570878,0.082673
1.601884,0.073971
1.619777,0.065269
1.652773,0.056566
1.671394,0.047864
1.706540,0.039161
1.725994,0.030459
1.745540,0.021756
1.783876,0.013054
1.804419,0.004351
1.822771,-0.004351
1.867066,-0.013054
1.888495,-0.021756
1.933896,-0.030459
1.957160,-0.039161
2.005388,-0.047864
2.052265,-0.056566
2.082104,-0.065269
2.108772,-0.073971
2.157691,-0.082674
2.193476,-0.091376
2.266085,-0.100078
2.306712,-0.108781
2.360083,-0.117483
2.392715,-0.126186
2.462525,-0.134888
2.519671,-0.143591
2.595884,-0.152293
2.656691,-0.160996
2.718722,-0.169698
2.805501,-0.178401
2.893249,-0.187103
2.961725,-0.195806
3.040843,-0.204508
3.157254,-0.213211
3.234456,-0.221913
3.351295,-0.230616
3.478306,-0.239318
3.589553,-0.248021
3.706504,-0.256723
3.869081,-0.265425
4.007734,-0.274128
4.205647,-0.282830
4.369570,-0.291533
4.587069,-0.300235
4.793629,-0.308938
5.031512,-0.317640
5.304572,-0.326343
5.597611,-0.335045
5.949644,-0.343748
6.309601,-0.352450
6.761013,-0.361153
7.246516,-0.369855
3.171608,-0.778871
2.722019,-0.787574
2.658022,-0.796276
2.574629,-0.804979
2.517280,-0.813681
2.440812,-0.822384
2.391742,-0.831086
2.341638,-0.839789
2.279253,-0.848491
2.233546,-0.857194
2.189108,-0.865896
2.136108,-0.874599
2.095197,-0.883301
2.055251,-0.892003
2.010123,-0.900706
1.973045,-0.909408
1.932863,-0.918111
1.898275,-0.926813
1.862558,-0.935516
1.830143,-0.944218
1.798220,-0.952921
1.767967,-0.961623
1.737855,-0.970326
1.711168,-0.979028
1.682652,-0.987731
1.659249,-0.996433
1.655169,-1.005136
1.674686,-1.013838
1.655710,-1.022541
1.630394,-1.031243
1.614186,-1.039946
1.589955,-1.048648
1.552581,-1.057350
1.553090,-1.066053
1.517895,-1.074755
1.495373,-1.083458
1.486400,-1.092160
1.464661,-1.100863
1.457901,-1.109565
1.436871,-1.118268
1.457175,-1.126970
1.462062,-1.135673
1.459802,-1.144375
1.440348,-1.153078
1.414460,-1.161780
1.421186,-1.170483
1.422869,-1.179185
1.399678,-1.187888
1.408070,-1.196590
1.412954,-1.205293
1.422410,-1.213995
1.402376,-1.222697
1.409522,-1.231400
1.421017,-1.240102
1.405150,-1.248805
1.417020,-1.257507
1.429201,-1.266210
1.432748,-1.274912
1.450814,-1.283615
1.442198,-1.292317
1.434889,-1.301020
1.426707,-1.309722
1.421504,-1.318425
1.441255,-1.327127
1.464568,-1.335830
1.484603,-1.344532
1.509241,-1.353235
1.503584,-1.361937
1.529810,-1.370639
1.550773,-1.379342
1.552989,-1.388044
1.574587,-1.396747
1.604028,-1.405449
1.626155,-1.414152
1.632446,-1.422854
1.753979,-1.431557
1.786409,-1.440259
1.809397,-1.448962
1.795341,-1.457664
1.819434,-1.466367
1.832229,-1.475069
1.857373,-1.483772
1.896460,-1.492474
1.899103,-1.501177
1.902229,-1.509879
1.898338,-1.518582
1.926455,-1.527284
1.949020,-1.535986
1.978622,-1.544689
2.004462,-1.553391
2.035728,-1.562094
2.067447,-1.570796
