scan.pos:-5.330981,-5.331475,0.7852503.774921,1.562094
3.796462,1.553391
3.818884,1.544689
3.869774,1.535986
3.893793,1.527284
3.945884,1.518581
3.971612,1.509879
4.001832,1.501177
4.056596,1.492474
4.085728,1.483772
4.142063,1.475069
4.173234,1.466367
4.231308,1.457664
4.264675,1.448962
4.331782,1.440259
4.368056,1.431557
4.430714,1.422854
4.469560,1.414152
4.534568,1.405449
4.576200,1.396747
4.643801,1.388044
4.688456,1.379342
4.746445,1.370639
4.819122,1.361937
4.893357,1.353234
4.945526,1.344532
5.023272,1.335830
5.102846,1.327127
5.161022,1.318425
5.244689,1.309722
5.324333,1.301020
5.413270,1.292317
5.481761,1.283615
5.575786,1.274912
5.672518,1.266210
5.772114,1.257507
5.852302,1.248805
5.958251,1.240102
6.067614,1.231400
6.180599,1.222697
6.300644,1.213995
6.422661,1.205292
6.549075,1.196590
6.680176,1.187888
6.816280,1.179185
6.957729,1.170483
7.104896,1.161780
7.258188,1.153078
7.418051,1.144375
7.584973,1.135673
7.775425,1.126970
2.026544,0.900706
2.024455,0.892003
1.982304,0.883301
1.980565,0.874598
1.978980,0.865896
1.977548,0.857194
1.976269,0.848491
1.975141,0.839789
1.974166,0.831086
1.973341,0.822384
1.932643,0.813681
1.932130,0.804979
1.931764,0.796276
1.931546,0.787574
1.911475,0.778871
1.911551,0.770169
1.911771,0.761466
1.912138,0.752764
1.912650,0.744061
1.913309,0.735359
1.914113,0.726656
1.915065,0.717954
1.916163,0.709251
1.917408,0.700549
1.918802,0.691847
1.920343,0.683144
1.922034,0.674442
1.923874,0.665739
1.925865,0.657037
1.928007,0.648334
1.930301,0.639632
1.917694,0.630929
1.935347,0.622227
1.938103,0.613524
1.941014,0.604822
1.944082,0.596119
1.947308,0.587417
1.950694,0.578714
1.954240,0.570012
1.957949,0.561309
1.920768,0.552607
1.924722,0.543905
1.928839,0.535202
1.933121,0.526500
1.937571,0.517797
1.942189,0.509095
1.946977,0.500392
1.951939,0.491690
1.957075,0.482987
1.962388,0.474285
1.967880,0.465582
1.973554,0.456880
1.979412,0.448177
1.985456,0.439475
1.991690,0.430772
1.998115,0.422070
2.004735,0.413367
2.011553,0.404665
2.018572,0.395962
2.025795,0.387260
2.033225,0.378558
2.040865,0.369855
2.048720,0.361153
2.056793,0.352450
2.065087,0.343748
2.073607,0.335045
2.082357,0.326343
2.091342,0.317640
2.100564,0.308938
2.110030,0.300235
2.119744,0.291533
2.129710,0.282830
2.139935,0.274128
2.150422,0.265425
2.161178,0.256723
2.172209,0.248020
2.183520,0.239318
2.195117,0.230615
2.207008,0.221913
2.219197,0.213211
2.231693,0.204508
2.244503,0.195806
2.257633,0.187103
2.271091,0.178401
2.333723,0.169698
2.495579,0.160996
2.511312,0.152293
7.347544,0.143591
7.240421,0.134888
7.158478,0.126186
7.018913,0.117483
6.937575,0.108781
6.856349,0.100078
6.852945,0.091376
6.824562,0.082673
6.823216,0.073971
6.773643,0.065269
6.772283,0.056566
6.798337,0.047864
6.798196,0.039161
6.853275,0.030459
6.909784,0.021756
6.967767,0.013054
7.027272,0.004351
7.086025,-0.004351
7.123928,-0.013054
7.191403,-0.021756
7.260589,-0.030459
7.306689,-0.039161
7.383678,-0.047864
7.437150,-0.056566
7.521208,-0.065269
7.582316,-0.073971
7.673755,-0.082674
7.758890,-0.091376
5.145261,-0.204508
4.996691,-0.213211
4.945020,-0.221913
4.917875,-0.230616
4.891397,-0.239318
4.865572,-0.248021
4.840385,-0.256723
4.815822,-0.265425
4.791870,-0.274128
4.768516,-0.282830
4.745749,-0.291533
4.723556,-0.300235
4.701926,-0.308938
4.680848,-0.317640
4.660311,-0.326343
4.640306,-0.335045
4.620822,-0.343748
4.601850,-0.352450
4.583381,-0.361153
4.565406,-0.369855
4.547916,-0.378558
4.530903,-0.387260
4.514360,-0.395963
4.498279,-0.404665
4.482651,-0.413367
4.467471,-0.422070
4.452732,-0.430772
4.438426,-0.439475
4.424547,-0.448177
4.411090,-0.456880
4.398049,-0.465582
4.385417,-0.474285
4.373190,-0.482987
4.361362,-0.491690
4.349929,-0.500392
4.359690,-0.509095
4.348979,-0.517797
4.380060,-0.526500
4.411328,-0.535202
4.463403,-0.543905
4.495023,-0.552607
4.506328,-0.561310
4.538414,-0.570012
4.693398,-0.578714
4.726298,-0.587417
4.948766,-0.596119
5.514138,-0.604822
5.773662,-0.613524
6.462068,-0.622227
6.672982,-0.630929
7.768594,-1.135673
7.578497,-1.144375
7.411858,-1.153078
7.252259,-1.161780
7.099214,-1.170483
6.952278,-1.179185
6.811046,-1.187888
6.675145,-1.196590
6.544235,-1.205293
6.418001,-1.213995
6.296154,-1.222697
6.176305,-1.231400
6.063469,-1.240102
5.954250,-1.248805
5.848435,-1.257507
5.768378,-1.266210
5.668903,-1.274912
5.572287,-1.283615
5.478371,-1.292317
5.387006,-1.301020
5.321149,-1.309722
5.241627,-1.318425
5.158050,-1.327127
5.076505,-1.335830
5.020470,-1.344532
4.942801,-1.353235
4.890712,-1.361937
4.816548,-1.370639
4.743938,-1.379342
4.686039,-1.388044
4.641451,-1.396747
4.573910,-1.405449
4.532341,-1.414152
4.467386,-1.422854
4.428598,-1.431557
4.365990,-1.440259
4.329771,-1.448962
4.262727,-1.457664
4.229411,-1.466367
4.171380,-1.475069
4.140255,-1.483772
4.083960,-1.492474
4.054873,-1.501177
4.000144,-1.509879
3.969983,-1.518582
3.944296,-1.527284
3.892237,-1.535986
3.868257,-1.544689
3.817396,-1.553391
3.795011,-1.562094
3.773305,-1.570796
