scan.pos:-3.215514,5.686530,-2.6147504.727598,1.562094
4.726921,1.553391
4.749517,1.544689
4.749456,1.535986
4.772447,1.527284
4.795585,1.518581
4.886327,1.509879
5.011209,1.501177
5.142234,1.492474
5.230430,1.483772
5.298598,1.475069
5.369162,1.466367
5.486117,1.457664
5.605434,1.448962
5.705544,1.440259
5.830240,1.431557
5.828306,1.422854
5.981145,1.414152
6.115831,1.405449
1.429632,1.240102
1.304787,1.231400
1.241530,1.222697
1.239536,1.213995
1.237643,1.205292
1.195329,1.196590
1.193690,1.187888
1.171940,1.179185
1.170516,1.170483
1.169183,1.161780
1.127669,1.153078
1.126559,1.144375
1.125538,1.135673
1.124603,1.126970
1.123756,1.118268
1.122996,1.109565
1.082239,1.100863
1.081672,1.092160
1.081188,1.083458
1.080786,1.074755
1.080468,1.066053
1.080231,1.057350
1.080077,1.048648
1.080006,1.039945
1.080016,1.031243
1.080109,1.022541
1.080284,1.013838
1.080542,1.005136
1.080881,0.996433
1.081304,0.987731
1.081809,0.979028
1.082397,0.970326
1.083069,0.961623
1.083824,0.952921
1.084662,0.944218
1.085585,0.935516
1.086591,0.926813
1.087683,0.918111
1.088860,0.909408
1.090123,0.900706
1.091471,0.892003
1.092907,0.883301
1.094429,0.874598
1.096040,0.865896
1.097739,0.857194
1.099527,0.848491
1.101404,0.839789
1.103373,0.831086
1.105433,0.822384
1.107585,0.813681
1.109830,0.804979
1.112169,0.796276
1.114603,0.787574
1.117133,0.778871
1.119760,0.770169
1.122485,0.761466
1.125309,0.752764
1.128234,0.744061
1.131260,0.735359
1.134390,0.726656
1.137623,0.717954
1.140962,0.709251
1.144408,0.700549
1.147963,0.691847
1.151627,0.683144
1.155404,0.674442
1.159294,0.665739
1.163299,0.657037
1.167421,0.648334
1.171662,0.639632
1.176024,0.630929
1.180508,0.622227
1.185118,0.613524
1.189855,0.604822
1.194721,0.596119
1.199718,0.587417
1.204850,0.578714
1.254938,0.570012
1.260546,0.561309
1.266301,0.552607
1.272206,0.543905
1.278265,0.535202
1.284480,0.526500
1.290854,0.517797
1.297391,0.509095
1.350669,0.500392
1.357788,0.491690
1.365087,0.482987
1.372570,0.474285
1.404038,0.465582
1.412037,0.456880
1.420237,0.448177
1.428642,0.439475
1.437257,0.430772
1.446087,0.422070
1.455138,0.413367
1.464416,0.404665
1.473925,0.395962
1.483672,0.387260
1.493664,0.378558
1.503906,0.369855
1.514406,0.361153
1.525171,0.352450
1.588282,0.343748
1.599982,0.335045
1.611979,0.326343
1.624282,0.317640
1.636899,0.308938
1.649841,0.300235
1.663117,0.291533
1.676737,0.282830
1.690712,0.274128
1.705053,0.265425
1.719771,0.256723
1.715958,0.248020
1.729229,0.239318
1.742407,0.230615
1.755499,0.221913
1.837141,0.213211
1.853528,0.204508
1.840794,0.195806
1.866394,0.187103
1.886392,0.178401
1.912205,0.169698
1.934738,0.160996
1.964169,0.152293
1.989345,0.143591
1.990179,0.134888
2.025206,0.126186
6.005538,0.117483
5.966266,0.108781
5.927952,0.100078
5.890574,0.091376
5.854107,0.082673
5.818529,0.073971
5.783819,0.065269
5.749955,0.056566
5.716919,0.047864
5.684690,0.039161
5.653252,0.030459
5.622584,0.021756
5.592671,0.013054
5.563497,0.004351
5.535044,-0.004351
5.507298,-0.013054
5.480245,-0.021756
5.453869,-0.030459
5.428157,-0.039161
5.403096,-0.047864
5.378673,-0.056566
5.354876,-0.065269
5.331692,-0.073971
5.309111,-0.082674
5.287122,-0.091376
5.265713,-0.100078
5.244875,-0.108781
5.224597,-0.117483
5.204871,-0.126186
5.185686,-0.134888
5.167034,-0.143591
5.148906,-0.152293
5.131295,-0.160996
5.114192,-0.169698
5.097589,-0.178401
5.081480,-0.187103
5.065856,-0.195806
5.050713,-0.204508
5.036041,-0.213211
5.021836,-0.221913
5.008091,-0.230616
4.994801,-0.239318
4.981958,-0.248021
4.969560,-0.256723
4.957600,-0.265425
4.946073,-0.274128
4.934974,-0.282830
4.924299,-0.291533
4.914044,-0.300235
4.904204,-0.308938
4.894775,-0.317640
4.885754,-0.326343
4.877137,-0.335045
4.868920,-0.343748
4.861101,-0.352450
4.853675,-0.361153
4.846641,-0.369855
4.839995,-0.378558
4.833735,-0.387260
4.827858,-0.395963
4.822363,-0.404665
4.817246,-0.413367
4.812507,-0.422070
4.808142,-0.430772
4.804151,-0.439475
4.800532,-0.448177
4.797283,-0.456880
4.794404,-0.465582
4.791892,-0.474285
4.789748,-0.482987
4.787970,-0.491690
4.786558,-0.500392
4.785511,-0.509095
4.784829,-0.517797
4.784512,-0.526500
4.784558,-0.535202
4.784969,-0.543905
4.785745,-0.552607
4.786886,-0.561310
4.788392,-0.570012
4.790263,-0.578714
4.792501,-0.587417
4.795107,-0.596119
4.798081,-0.604822
4.801425,-0.613524
4.805140,-0.622227
4.809226,-0.630929
4.813687,-0.639632
4.818523,-0.648334
4.823737,-0.657037
4.829330,-0.665739
4.835305,-0.674442
4.841663,-0.683144
4.848409,-0.691847
4.855543,-0.700549
4.863069,-0.709252
4.870990,-0.717954
4.879309,-0.726657
4.888030,-0.735359
4.897155,-0.744061
4.906689,-0.752764
4.916635,-0.761466
4.926998,-0.770169
4.937781,-0.778871
2.461830,-0.787574
2.384674,-0.796276
2.307331,-0.804979
2.250619,-0.813681
2.193789,-0.822384
2.115876,-0.831086
2.058707,-0.839789
2.022441,-0.848491
1.964990,-0.857194
1.907347,-0.865896
1.870754,-0.874599
1.834073,-0.883301
1.775899,-0.892003
1.738941,-0.900706
1.701863,-0.909408
1.664656,-0.918111
1.627308,-0.926813
1.589810,-0.935516
1.552150,-0.944218
1.536264,-0.952921
1.498335,-0.961623
1.460214,-0.970326
1.444105,-0.979028
1.427971,-0.987731
1.389395,-0.996433
1.373095,-1.005136
1.356751,-1.013838
1.340360,-1.022541
1.301091,-1.031243
1.284480,-1.039946
1.267803,-1.048648
1.251056,-1.057350
1.234232,-1.066053
1.217327,-1.074755
1.200335,-1.083458
1.183250,-1.092160
1.166066,-1.100863
1.148776,-1.109565
1.131375,-1.118268
1.113856,-1.126970
1.096213,-1.135673
1.078438,-1.144375
1.085188,-1.153078
1.067286,-1.161780
1.049235,-1.170483
1.031026,-1.179185
1.037970,-1.187888
1.019597,-1.196590
1.001048,-1.205293
0.982313,-1.213995
0.989422,-1.222697
0.970481,-1.231400
0.951332,-1.240102
0.958592,-1.248805
0.939205,-1.257507
0.946630,-1.266210
0.926983,-1.274912
0.907087,-1.283615
0.914648,-1.292317
0.894454,-1.301020
0.902175,-1.309722
0.900175,-1.318425
0.892505,-1.327127
0.885032,-1.335830
0.877749,-1.344532
0.870651,-1.353235
0.863732,-1.361937
0.856987,-1.370639
0.850411,-1.379342
0.843998,-1.388044
0.837745,-1.396747
0.831647,-1.405449
0.825699,-1.414152
0.819898,-1.422854
0.814240,-1.431557
0.808720,-1.440259
0.803335,-1.448962
0.798082,-1.457664
0.792957,-1.466367
0.812580,-1.475069
0.807550,-1.483772
0.826964,-1.492474
0.822031,-1.501177
0.817218,-1.509879
0.812523,-1.518582
0.807942,-1.527284
0.803474,-1.535986
0.799116,-1.544689
0.794864,-1.553391
0.790718,-1.562094
0.786674,-1.570796
