scan.pos:-6.781409,5.813856,2.9684357.051199,1.562094
6.692534,1.553391
6.390879,1.544689
6.115119,1.535986
5.874622,1.527284
5.615645,1.518581
5.403386,1.509879
5.221621,1.501177
5.027452,1.492474
4.865521,1.483772
4.710540,1.475069
4.541063,1.466367
4.408197,1.457664
4.272513,1.448962
4.162221,1.440259
4.052198,1.431557
3.930872,1.422854
3.833905,1.414152
3.741800,1.405449
3.631315,1.396747
3.544521,1.388044
3.466773,1.379342
3.385999,1.370639
3.316846,1.361937
3.241194,1.353234
3.167133,1.344532
3.116254,1.335830
3.045094,1.327127
2.975182,1.318425
2.928384,1.309722
2.860767,1.301020
2.816268,1.292317
2.772849,1.283615
2.730443,1.274912
2.666553,1.266210
2.625884,1.257507
2.586046,1.248805
2.546989,1.240102
2.508662,1.231400
2.471020,1.222697
2.434019,1.213995
2.397620,1.205292
2.361782,1.196590
2.326469,1.187888
2.291646,1.179185
2.257280,1.170483
2.223338,1.161780
2.189790,1.153078
2.156607,1.144375
2.123760,1.135673
2.115615,1.126970
2.083512,1.118268
2.051670,1.109565
2.044919,1.100863
2.013689,1.092160
1.982653,1.083458
1.977141,1.074755
1.946599,1.066053
1.916190,1.057350
1.911780,1.048648
1.881758,1.039945
1.851810,1.031243
1.848383,1.022541
1.818724,1.013838
1.815961,1.005136
1.786531,0.996433
1.784395,0.987731
1.755136,0.979028
1.753593,0.970326
1.724449,0.961623
1.723467,0.952921
1.710818,0.944218
1.696296,0.935516
1.682145,0.926813
1.668355,0.918111
1.654914,0.909408
1.641811,0.900706
1.629038,0.892003
1.616584,0.883301
1.604440,0.874598
1.592598,0.865896
1.581048,0.857194
1.569784,0.848491
1.558797,0.839789
1.548080,0.831086
1.537625,0.822384
1.527426,0.813681
1.517477,0.804979
1.507770,0.796276
1.498300,0.787574
1.489061,0.778871
1.480047,0.770169
1.471253,0.761466
1.462674,0.752764
1.454304,0.744061
1.446139,0.735359
1.438174,0.726656
1.430405,0.717954
1.422827,0.709251
1.415436,0.700549
1.408228,0.691847
1.401199,0.683144
1.394346,0.674442
1.387664,0.665739
1.381152,0.657037
1.374804,0.648334
1.368618,0.639632
1.362590,0.630929
1.356719,0.622227
1.351000,0.613524
1.345431,0.604822
1.340010,0.596119
1.334733,0.587417
1.329599,0.578714
1.324604,0.570012
1.319747,0.561309
1.315025,0.552607
1.310436,0.543905
1.305979,0.535202
1.301650,0.526500
1.297449,0.517797
1.293372,0.509095
1.289419,0.500392
1.285588,0.491690
1.281877,0.482987
1.278284,0.474285
1.274808,0.465582
1.271448,0.456880
1.268201,0.448177
1.265067,0.439475
1.262045,0.430772
1.259133,0.422070
1.256329,0.413367
1.253633,0.404665
1.251044,0.395962
1.248560,0.387260
1.246181,0.378558
1.243905,0.369855
1.241732,0.361153
1.239661,0.352450
1.237691,0.343748
1.235822,0.335045
1.234051,0.326343
1.232380,0.317640
1.230806,0.308938
1.229330,0.300235
1.227951,0.291533
1.226669,0.282830
1.225482,0.274128
1.224391,0.265425
1.223395,0.256723
1.222493,0.248020
1.221686,0.239318
1.220972,0.230615
1.220353,0.221913
1.219827,0.213211
1.219394,0.204508
1.219054,0.195806
1.218807,0.187103
1.218653,0.178401
1.218592,0.169698
1.218624,0.160996
1.218749,0.152293
1.218966,0.143591
1.219277,0.134888
1.219680,0.126186
1.220177,0.117483
1.220767,0.108781
1.221451,0.100078
1.222228,0.091376
1.223100,0.082673
1.224066,0.073971
1.225128,0.065269
1.226284,0.056566
1.227537,0.047864
1.228885,0.039161
1.230330,0.030459
1.231873,0.021756
1.233514,0.013054
1.235253,0.004351
1.237091,-0.004351
1.239030,-0.013054
1.241069,-0.021756
1.243209,-0.030459
1.245452,-0.039161
1.247799,-0.047864
1.250249,-0.056566
1.252805,-0.065269
1.255467,-0.073971
1.258237,-0.082674
1.261115,-0.091376
1.264103,-0.100078
1.267201,-0.108781
1.270412,-0.117483
1.273736,-0.126186
1.277176,-0.134888
1.280732,-0.143591
1.284405,-0.152293
1.288198,-0.160996
1.292113,-0.169698
1.296150,-0.178401
1.300312,-0.187103
1.304600,-0.195806
1.309017,-0.204508
1.313564,-0.213211
1.318244,-0.221913
1.323058,-0.230616
1.328009,-0.239318
1.333099,-0.248021
1.338331,-0.256723
1.343706,-0.265425
1.349228,-0.274128
1.354899,-0.282830
1.360722,-0.291533
1.366700,-0.300235
1.372836,-0.308938
1.379133,-0.317640
1.385593,-0.326343
1.392221,-0.335045
1.399020,-0.343748
1.405993,-0.352450
1.413144,-0.361153
1.420477,-0.369855
1.427995,-0.378558
1.435704,-0.387260
1.443607,-0.395963
1.451708,-0.404665
1.460013,-0.413367
1.468526,-0.422070
1.477251,-0.430772
1.486195,-0.439475
1.495363,-0.448177
1.504759,-0.456880
1.514391,-0.465582
1.524263,-0.474285
1.534383,-0.482987
1.544756,-0.491690
1.555390,-0.500392
1.566291,-0.509095
1.577467,-0.517797
1.588925,-0.526500
1.600675,-0.535202
1.612722,-0.543905
1.625078,-0.552607
1.637749,-0.561310
1.650747,-0.570012
1.664080,-0.578714
1.677760,-0.587417
1.691795,-0.596119
1.706199,-0.604822
1.720983,-0.613524
1.724097,-0.622227
1.725350,-0.630929
1.754606,-0.639632
1.756426,-0.648334
1.785813,-0.657037
1.788233,-0.665739
1.817807,-0.674442
1.847394,-0.683144
1.850682,-0.691847
1.880550,-0.700549
1.910487,-0.709252
1.914749,-0.717954
1.945065,-0.726657
1.950099,-0.735359
1.980861,-0.744061
2.011788,-0.752764
2.017998,-0.761466
2.049483,-0.770169
2.081199,-0.778871
2.113169,-0.787574
2.121129,-0.796276
2.153829,-0.804979
2.186859,-0.813681
2.220245,-0.822384
2.254017,-0.831086
2.264601,-0.839789
2.299364,-0.848491
2.334604,-0.857194
2.370356,-0.865896
2.406655,-0.874599
2.443541,-0.883301
2.458168,-0.892003
2.473684,-0.900706
2.467458,-0.909408
2.462404,-0.918111
2.436098,-0.926813
2.433599,-0.935516
2.432389,-0.944218
2.401511,-0.952921
2.391612,-0.961623
2.381975,-0.970326
2.372595,-0.979028
2.363468,-0.987731
2.354590,-0.996433
2.345956,-1.005136
2.337563,-1.013838
2.329406,-1.022541
2.321482,-1.031243
2.313788,-1.039946
2.306319,-1.048648
2.299073,-1.057350
2.292047,-1.066053
2.285236,-1.074755
2.278639,-1.083458
2.272253,-1.092160
2.266074,-1.100863
2.260101,-1.109565
2.254330,-1.118268
2.248759,-1.126970
2.243386,-1.135673
2.238209,-1.144375
2.233226,-1.153078
2.228433,-1.161780
2.223831,-1.170483
2.219416,-1.179185
2.215187,-1.187888
2.211142,-1.196590
2.207279,-1.205293
2.203598,-1.213995
2.200096,-1.222697
2.196772,-1.231400
2.193625,-1.240102
2.190654,-1.248805
2.187857,-1.257507
2.185233,-1.266210
2.182782,-1.274912
2.180502,-1.283615
2.178393,-1.292317
2.176453,-1.301020
2.174682,-1.309722
2.173079,-1.318425
2.171644,-1.327127
2.170377,-1.335830
2.169275,-1.344532
2.168340,-1.353235
2.167571,-1.361937
2.166967,-1.370639
2.166528,-1.379342
2.166255,-1.388044
2.166146,-1.396747
2.166203,-1.405449
2.166424,-1.414152
2.166811,-1.422854
2.167362,-1.431557
2.168079,-1.440259
2.168962,-1.448962
2.170011,-1.457664
2.171227,-1.466367
2.172609,-1.475069
2.174159,-1.483772
2.175876,-1.492474
2.177763,-1.501177
2.179819,-1.509879
2.182045,-1.518582
2.184442,-1.527284
2.187011,-1.535986
2.189753,-1.544689
2.192670,-1.553391
2.195761,-1.562094
2.199029,-1.570796
