scan.pos:7.029990,4.581567,-0.4147502.328656,1.562094
2.292088,1.553391
2.256311,1.544689
2.199155,1.535986
2.163111,1.527284
2.130308,1.518581
2.098073,1.509879
2.045207,1.501177
2.014822,1.492474
1.984871,1.483772
1.959390,1.475069
1.931086,1.466367
1.903110,1.457664
1.875438,1.448962
1.832218,1.440259
1.805767,1.431557
1.779533,1.422854
1.763335,1.414152
1.738250,1.405449
1.713315,1.396747
1.700641,1.388044
1.676700,1.379342
1.652850,1.370639
1.618928,1.361937
1.620436,1.353234
1.597490,1.344532
1.566120,1.335830
1.543763,1.327127
1.546697,1.318425
1.517662,1.309722
1.495950,1.301020
1.494252,1.292317
1.473137,1.283615
1.451950,1.274912
1.426453,1.266210
1.432198,1.257507
1.408216,1.248805
1.387830,1.240102
1.392337,1.231400
1.372392,1.222697
1.352293,1.213995
1.359229,1.205292
1.339522,1.196590
1.337382,1.187888
1.325967,1.179185
1.314845,1.170483
1.304006,1.161780
1.293442,1.153078
1.283145,1.144375
1.273107,1.135673
1.263320,1.126970
1.253778,1.118268
1.244472,1.109565
1.235397,1.100863
1.226546,1.092160
1.230720,1.083458
1.222211,1.074755
1.213910,1.066053
1.205812,1.057350
1.197913,1.048648
1.190206,1.039945
1.182687,1.031243
1.175352,1.022541
1.168195,1.013838
1.161213,1.005136
1.154402,0.996433
1.147756,0.987731
1.141273,0.979028
1.134949,0.970326
1.128780,0.961623
1.122763,0.952921
1.116894,0.944218
1.111171,0.935516
1.105590,0.926813
1.100147,0.918111
1.094841,0.909408
1.089669,0.900706
1.084627,0.892003
1.079714,0.883301
1.074926,0.874598
1.070262,0.865896
1.065719,0.857194
1.061295,0.848491
1.056988,0.839789
1.052795,0.831086
1.048715,0.822384
1.044746,0.813681
1.040886,0.804979
1.037132,0.796276
1.033485,0.787574
1.029940,0.778871
1.026498,0.770169
1.023157,0.761466
1.019915,0.752764
1.016770,0.744061
1.013722,0.735359
1.010768,0.726656
1.007909,0.717954
1.005141,0.709251
1.002466,0.700549
0.999880,0.691847
0.997383,0.683144
0.994974,0.674442
0.992653,0.665739
0.990417,0.657037
0.988267,0.648334
0.986200,0.639632
0.984218,0.630929
0.982317,0.622227
0.980499,0.613524
0.978762,0.604822
0.977105,0.596119
0.975528,0.587417
0.974030,0.578714
0.972611,0.570012
0.971269,0.561309
0.970006,0.552607
0.968819,0.543905
0.967708,0.535202
0.966674,0.526500
0.965715,0.517797
0.964832,0.509095
0.964024,0.500392
0.963290,0.491690
0.962630,0.482987
0.962045,0.474285
0.961534,0.465582
0.961096,0.456880
0.960732,0.448177
0.960441,0.439475
0.960224,0.430772
0.960079,0.422070
0.960008,0.413367
0.960010,0.404665
0.960085,0.395962
0.960233,0.387260
0.960455,0.378558
0.960750,0.369855
0.961118,0.361153
0.961559,0.352450
0.962075,0.343748
0.962664,0.335045
0.963327,0.326343
0.964065,0.317640
0.964877,0.308938
0.965765,0.300235
0.966728,0.291533
0.967766,0.282830
0.968880,0.274128
0.970072,0.265425
0.971340,0.256723
0.972685,0.248020
0.974109,0.239318
0.975611,0.230615
0.977192,0.221913
0.978853,0.213211
0.980595,0.204508
0.982417,0.195806
0.984322,0.187103
0.986309,0.178401
0.988380,0.169698
0.990535,0.160996
0.992775,0.152293
0.995102,0.143591
0.997515,0.134888
1.000016,0.126186
1.002607,0.117483
1.005288,0.108781
1.008060,0.100078
1.010925,0.091376
1.013883,0.082673
1.016937,0.073971
1.020086,0.065269
1.023334,0.056566
1.026681,0.047864
1.030128,0.039161
1.033678,0.030459
1.037331,0.021756
1.041090,0.013054
1.044956,0.004351
1.048931,-0.004351
1.053017,-0.013054
1.057216,-0.021756
1.061530,-0.030459
1.065960,-0.039161
1.070510,-0.047864
1.075180,-0.056566
1.079975,-0.065269
1.084895,-0.073971
1.089943,-0.082674
1.095123,-0.091376
1.100436,-0.100078
1.105886,-0.108781
1.111475,-0.117483
1.117206,-0.126186
1.123083,-0.134888
1.129108,-0.143591
1.135285,-0.152293
1.141617,-0.160996
1.148109,-0.169698
1.154763,-0.178401
1.161584,-0.187103
1.168575,-0.195806
1.175741,-0.204508
1.183086,-0.213211
1.190615,-0.221913
1.198332,-0.230616
1.206242,-0.239318
1.214350,-0.248021
1.222662,-0.256723
1.231183,-0.265425
1.239919,-0.274128
1.248875,-0.282830
1.258058,-0.291533
1.267474,-0.300235
1.277130,-0.308938
1.287033,-0.317640
1.297191,-0.326343
1.307611,-0.335045
1.318300,-0.343748
1.329268,-0.352450
1.340523,-0.361153
1.352074,-0.369855
1.351446,-0.378558
1.367826,-0.387260
1.384033,-0.395963
1.372624,-0.404665
1.388735,-0.413367
1.404692,-0.422070
1.420505,-0.430772
1.436181,-0.439475
1.440671,-0.448177
1.456449,-0.456880
1.477389,-0.465582
1.493462,-0.474285
1.515761,-0.482987
1.513567,-0.491690
1.530617,-0.500392
1.547600,-0.509095
1.573005,-0.517797
1.599473,-0.526500
1.617434,-0.535202
1.621068,-0.543905
1.664072,-0.552607
1.658407,-0.561310
1.689057,-0.570012
1.708387,-0.578714
1.740972,-0.587417
1.761050,-0.596119
1.795717,-0.604822
1.816644,-0.613524
1.830291,-0.622227
1.875452,-0.630929
1.891770,-0.639632
1.937792,-0.648334
1.961004,-0.657037
1.981327,-0.665739
2.028547,-0.674442
2.052084,-0.683144
2.100587,-0.691847
2.127625,-0.700549
2.177634,-0.709252
2.205816,-0.717954
2.238257,-0.726657
2.290517,-0.735359
2.327362,-0.744061
2.381819,-0.752764
2.436866,-0.761466
2.480593,-0.770169
2.538393,-0.778871
2.597030,-0.787574
2.670302,-0.796276
2.711024,-0.804979
2.791026,-0.813681
2.857185,-0.822384
2.924816,-0.831086
2.994795,-0.839789
3.088720,-0.848491
3.184561,-0.857194
3.268434,-0.865896
3.329375,-0.874599
3.310136,-0.883301
3.308437,-0.892003
3.299417,-0.900706
3.293639,-0.909408
3.295836,-0.918111
3.288945,-0.926813
3.282332,-0.935516
3.275995,-0.944218
3.269931,-0.952921
3.264138,-0.961623
3.258612,-0.970326
3.253353,-0.979028
3.207773,-0.987731
3.203099,-0.996433
3.198681,-1.005136
3.194519,-1.013838
3.170426,-1.022541
3.166793,-1.031243
3.163408,-1.039946
3.160270,-1.048648
3.157380,-1.057350
3.154734,-1.066053
3.152333,-1.074755
3.150175,-1.083458
3.148260,-1.092160
3.146586,-1.100863
3.145154,-1.109565
3.143962,-1.118268
3.143011,-1.126970
3.142299,-1.135673
3.141827,-1.144375
3.141594,-1.153078
3.141601,-1.161780
3.141846,-1.170483
3.142331,-1.179185
3.143056,-1.187888
3.144020,-1.196590
3.145225,-1.205293
3.146670,-1.213995
3.148357,-1.222697
3.150285,-1.231400
3.152456,-1.240102
3.154870,-1.248805
3.117326,-1.257507
3.120193,-1.266210
3.123303,-1.274912
3.126658,-1.283615
3.130259,-1.292317
3.134107,-1.301020
3.097731,-1.309722
3.102022,-1.318425
3.106562,-1.327127
3.111352,-1.335830
3.116395,-1.344532
3.121693,-1.353235
3.127247,-1.361937
3.133060,-1.370639
3.139134,-1.379342
3.145471,-1.388044
3.149169,-1.396747
3.158948,-1.405449
3.166092,-1.414152
3.173511,-1.422854
3.181207,-1.431557
3.189185,-1.440259
3.197447,-1.448962
3.205996,-1.457664
3.214837,-1.466367
3.223973,-1.475069
3.233407,-1.483772
3.243145,-1.492474
3.253191,-1.501177
3.263548,-1.509879
3.274221,-1.518582
3.285215,-1.527284
3.296535,-1.535986
3.308187,-1.544689
3.320175,-1.553391
3.332505,-1.562094
3.345182,-1.570796
