scan.pos:-2.096055,-3.699602,1.0852501.971851,1.562094
1.981049,1.553391
1.990485,1.544689
2.000165,1.535986
2.010093,1.527284
2.020275,1.518581
2.030715,1.509879
2.041421,1.501177
2.052397,1.492474
2.063650,1.483772
2.075186,1.475069
2.087012,1.466367
2.099133,1.457664
2.111558,1.448962
2.124294,1.440259
2.137348,1.431557
2.150729,1.422854
2.164444,1.414152
2.178502,1.405449
2.192911,1.396747
2.207682,1.388044
2.222824,1.379342
2.238346,1.370639
2.254260,1.361937
2.270576,1.353234
2.287304,1.344532
2.304459,1.335830
2.322050,1.327127
2.340092,1.318425
2.358597,1.309722
2.377580,1.301020
2.397055,1.292317
2.417037,1.283615
2.437543,1.274912
2.458588,1.266210
2.463141,1.257507
2.486534,1.248805
2.511322,1.240102
2.535407,1.231400
2.559615,1.222697
2.586757,1.213995
2.611760,1.205292
2.636936,1.196590
2.666613,1.187888
2.692699,1.179185
2.719015,1.170483
2.751435,1.161780
2.778790,1.153078
2.813349,1.144375
2.841845,1.135673
2.870680,1.126970
2.908420,1.118268
2.938560,1.109565
2.969117,1.100863
3.000117,1.092160
3.042413,1.083458
3.099149,1.074755
3.132103,1.066053
6.598549,0.900706
6.507528,0.892003
6.395939,0.883301
6.350694,0.874598
6.327858,0.865896
6.305665,0.857194
6.284103,0.848491
6.263164,0.839789
6.242837,0.831086
6.223114,0.822384
6.203987,0.813681
6.185447,0.804979
6.167485,0.796276
6.150094,0.787574
6.133267,0.778871
6.116996,0.770169
6.101274,0.761466
6.086096,0.752764
6.071454,0.744061
6.078018,0.735359
6.064384,0.726656
6.051272,0.717954
6.079758,0.709251
6.067589,0.700549
6.096850,0.691847
6.085619,0.683144
6.074891,0.674442
6.064662,0.665739
6.054927,0.657037
6.065972,0.648334
6.097705,0.639632
6.109581,0.630929
6.202713,0.622227
6.356625,0.613524
6.571134,0.604822
7.168269,0.596119
7.684262,0.587417
7.662043,0.352450
7.630558,0.343748
7.640006,0.335045
7.650060,0.326343
7.620189,0.317640
7.631409,0.308938
7.643244,0.300235
7.655701,0.291533
7.668783,0.282830
7.682495,0.274128
5.219803,0.265425
5.093678,0.256723
4.973791,0.248020
4.726439,0.239318
4.568755,0.230615
4.344108,0.221913
4.084748,0.213211
3.969968,0.204508
3.854923,0.195806
3.844051,0.187103
3.812466,0.178401
3.759992,0.169698
3.770712,0.160996
3.676135,0.152293
3.687242,0.143591
3.656180,0.134888
3.667855,0.126186
3.658490,0.117483
3.670810,0.108781
3.640409,0.100078
3.653312,0.091376
3.666588,0.082673
3.680241,0.073971
3.694279,0.065269
3.708708,0.056566
3.723534,0.047864
3.738766,0.039161
3.754410,0.030459
3.770473,0.021756
3.786965,0.013054
3.803892,0.004351
3.821263,-0.004351
3.839088,-0.013054
3.857374,-0.021756
3.876133,-0.030459
3.895372,-0.039161
3.915104,-0.047864
3.935337,-0.056566
3.956084,-0.065269
3.977355,-0.073971
3.975496,-0.082674
3.997719,-0.091376
4.020500,-0.100078
4.043851,-0.108781
4.067788,-0.117483
4.092322,-0.126186
4.117471,-0.134888
4.143247,-0.143591
4.169668,-0.152293
4.196750,-0.160996
4.224509,-0.169698
4.252964,-0.178401
4.282134,-0.187103
4.312037,-0.195806
4.342693,-0.204508
4.374124,-0.213211
4.406352,-0.221913
4.439398,-0.230616
1.425373,-0.239318
1.425914,-0.248021
1.372680,-0.256723
1.371272,-0.265425
1.345342,-0.274128
1.345816,-0.282830
1.320301,-0.291533
1.322806,-0.300235
1.316456,-0.308938
1.305242,-0.317640
1.294315,-0.326343
1.283666,-0.335045
1.273288,-0.343748
1.263171,-0.352450
1.253309,-0.361153
1.243693,-0.369855
1.234317,-0.378558
1.225174,-0.387260
1.216257,-0.395963
1.207561,-0.404665
1.199078,-0.413367
1.190804,-0.422070
1.182733,-0.430772
1.174859,-0.439475
1.167178,-0.448177
1.159685,-0.456880
1.152374,-0.465582
1.145241,-0.474285
1.138282,-0.482987
1.131493,-0.491690
1.124870,-0.500392
1.118409,-0.509095
1.112105,-0.517797
1.105956,-0.526500
1.099958,-0.535202
1.094107,-0.543905
1.069732,-0.552607
1.064263,-0.561310
1.058929,-0.570012
1.053728,-0.578714
1.048658,-0.587417
1.043715,-0.596119
1.038898,-0.604822
1.034203,-0.613524
1.029628,-0.622227
1.025172,-0.630929
1.020831,-0.639632
1.016604,-0.648334
1.012489,-0.657037
1.008483,-0.665739
1.004585,-0.674442
1.000793,-0.683144
0.997105,-0.691847
0.993520,-0.700549
0.990035,-0.709252
0.986650,-0.717954
0.983362,-0.726657
0.980171,-0.735359
0.977074,-0.744061
0.974071,-0.752764
0.971160,-0.761466
0.968340,-0.770169
0.965609,-0.778871
0.962967,-0.787574
0.960413,-0.796276
0.957944,-0.804979
0.955561,-0.813681
0.953262,-0.822384
0.951047,-0.831086
0.948914,-0.839789
0.946862,-0.848491
0.944891,-0.857194
0.942999,-0.865896
0.941187,-0.874599
0.939454,-0.883301
0.937797,-0.892003
0.936218,-0.900706
0.934716,-0.909408
0.933289,-0.918111
0.931937,-0.926813
0.930660,-0.935516
0.929457,-0.944218
0.928328,-0.952921
0.927272,-0.961623
0.926289,-0.970326
0.925378,-0.979028
0.924540,-0.987731
0.923773,-0.996433
0.923078,-1.005136
0.922454,-1.013838
0.921901,-1.022541
0.921419,-1.031243
0.921008,-1.039946
0.920666,-1.048648
0.920396,-1.057350
0.920195,-1.066053
0.920065,-1.074755
0.920005,-1.083458
0.920014,-1.092160
0.920094,-1.100863
0.920244,-1.109565
0.920464,-1.118268
0.920755,-1.126970
0.921115,-1.135673
0.921546,-1.144375
0.922048,-1.153078
0.922621,-1.161780
0.923265,-1.170483
0.923980,-1.179185
0.924766,-1.187888
0.925625,-1.196590
0.926556,-1.205293
0.927559,-1.213995
0.928635,-1.222697
0.929785,-1.231400
0.931009,-1.240102
0.932307,-1.248805
0.933679,-1.257507
0.935127,-1.266210
0.936651,-1.274912
0.938252,-1.283615
0.939929,-1.292317
0.958119,-1.301020
0.959985,-1.309722
0.961932,-1.318425
0.963960,-1.327127
0.966071,-1.335830
0.968265,-1.344532
0.970542,-1.353235
0.972905,-1.361937
0.975354,-1.370639
0.977890,-1.379342
0.980514,-1.388044
0.983227,-1.396747
0.986030,-1.405449
0.988925,-1.414152
0.991913,-1.422854
0.994995,-1.431557
0.998173,-1.440259
1.001447,-1.448962
1.004819,-1.457664
1.008292,-1.466367
1.011866,-1.475069
1.015543,-1.483772
1.019324,-1.492474
1.023212,-1.501177
1.027209,-1.509879
1.053351,-1.518582
1.057659,-1.527284
1.062085,-1.535986
1.066629,-1.544689
1.116116,-1.553391
1.121105,-1.562094
1.284520,-1.570796
