scan.pos:-1.981812,3.077096,1.1352501.036796,1.562094
1.041063,1.553391
1.045445,1.544689
1.049945,1.535986
1.054565,1.527284
1.059306,1.518581
1.064171,1.509879
1.069164,1.501177
1.074285,1.492474
1.079538,1.483772
1.084926,1.475069
1.090452,1.466367
1.096118,1.457664
1.101928,1.448962
1.107884,1.440259
1.113990,1.431557
1.120250,1.422854
1.126667,1.414152
1.133244,1.405449
1.139987,1.396747
1.146897,1.388044
1.153981,1.379342
1.161241,1.370639
1.168683,1.361937
1.176311,1.353234
1.184130,1.344532
1.192145,1.335830
1.200362,1.327127
1.208785,1.318425
1.217421,1.309722
1.226274,1.301020
1.235353,1.292317
1.244662,1.283615
1.254209,1.274912
1.264001,1.266210
1.274044,1.257507
1.284347,1.248805
1.294917,1.240102
1.305763,1.231400
1.316893,1.222697
1.328317,1.213995
1.318929,1.205292
1.335571,1.196590
1.352035,1.187888
1.368331,1.179185
1.384466,1.170483
1.400450,1.161780
1.389567,1.153078
1.405475,1.144375
1.421248,1.135673
1.436896,1.126970
1.452425,1.118268
1.467841,1.109565
1.483151,1.100863
1.523758,1.092160
1.538705,1.083458
1.608817,1.074755
1.623795,1.066053
1.647971,1.057350
1.697814,1.048648
3.961036,1.039945
3.937089,1.031243
3.913725,1.022541
3.890932,1.013838
3.868696,1.005136
3.847003,0.996433
3.825843,0.987731
3.805202,0.979028
3.785069,0.970326
3.765433,0.961623
3.746284,0.952921
3.727612,0.944218
3.709405,0.935516
3.691655,0.926813
3.674353,0.918111
3.680046,0.909408
3.685967,0.900706
3.669758,0.892003
3.653967,0.883301
3.638588,0.874598
3.645689,0.865896
3.648156,0.857194
3.630965,0.848491
3.663701,0.839789
3.680962,0.831086
3.674466,0.822384
3.672687,0.813681
3.708827,0.804979
3.718550,0.796276
3.740834,0.787574
3.771360,0.778871
3.780756,0.770169
3.875013,0.761466
3.947903,0.752764
4.062737,0.744061
4.051373,0.735359
4.082217,0.726656
4.092343,0.717954
4.144348,0.709251
4.175649,0.700549
4.227825,0.691847
4.342065,0.683144
4.559200,0.674442
4.714019,0.665739
4.868547,0.657037
5.022821,0.648334
5.013277,0.639632
5.004149,0.630929
4.995435,0.622227
4.987130,0.613524
4.983008,0.604822
4.972650,0.596119
4.965625,0.587417
4.977774,0.578714
4.953439,0.570012
4.964248,0.561309
4.940202,0.552607
4.935068,0.543905
4.930319,0.535202
4.925955,0.526500
4.921972,0.517797
4.918371,0.509095
4.915148,0.500392
4.912304,0.491690
4.909836,0.482987
4.907745,0.474285
4.906029,0.465582
4.904687,0.456880
4.903720,0.448177
4.903126,0.439475
4.902905,0.430772
4.903059,0.422070
4.903585,0.413367
4.904485,0.404665
4.905759,0.395962
4.907408,0.387260
4.909432,0.378558
4.911831,0.369855
4.914608,0.361153
4.917762,0.352450
4.921296,0.343748
4.925210,0.335045
4.929505,0.326343
4.934184,0.317640
4.939249,0.308938
4.944701,0.300235
4.950542,0.291533
4.956776,0.282830
4.963403,0.274128
4.970427,0.265425
4.977851,0.256723
4.985677,0.248020
4.993909,0.239318
5.002549,0.230615
5.011602,0.221913
5.021071,0.213211
5.030959,0.204508
5.041271,0.195806
5.052011,0.187103
5.063184,0.178401
5.074793,0.169698
5.086843,0.160996
5.099341,0.152293
3.077316,0.143591
3.005408,0.134888
2.923314,0.126186
2.843608,0.117483
2.850487,0.108781
2.794435,0.100078
2.793650,0.091376
2.555168,0.082673
2.509102,0.073971
2.429931,0.065269
2.387882,0.056566
2.336617,0.047864
2.276427,0.039161
2.238744,0.030459
2.195292,0.021756
2.138571,0.013054
2.104370,0.004351
2.067552,-0.004351
2.035694,-0.013054
1.938416,-0.021756
1.924420,-0.030459
1.922328,-0.039161
1.894230,-0.047864
1.866493,-0.056566
1.819861,-0.065269
1.793537,-0.073971
1.772741,-0.082674
1.747766,-0.091376
1.729937,-0.100078
1.706166,-0.108781
1.682548,-0.117483
1.644848,-0.126186
1.622135,-0.134888
1.610417,-0.143591
1.588631,-0.152293
1.555203,-0.160996
1.534111,-0.169698
1.526933,-0.178401
1.506595,-0.187103
1.476889,-0.195806
1.457078,-0.204508
1.454014,-0.213211
1.427129,-0.221913
1.408412,-0.230616
1.408532,-0.239318
1.390349,-0.248021
1.366495,-0.256723
1.348618,-0.265425
1.352361,-0.274128
1.334934,-0.282830
1.313841,-0.291533
1.290894,-0.300235
1.301151,-0.308938
1.284347,-0.317640
1.267366,-0.326343
1.250199,-0.335045
1.232836,-0.343748
1.243531,-0.352450
1.234742,-0.361153
1.224274,-0.369855
1.214073,-0.378558
1.204131,-0.387260
1.194441,-0.395963
1.211928,-0.404665
1.229232,-0.413367
1.246364,-0.422070
1.237013,-0.430772
1.227893,-0.439475
1.244935,-0.448177
1.261828,-0.456880
1.253007,-0.465582
1.295194,-0.474285
1.311683,-0.482987
1.328051,-0.491690
1.319410,-0.500392
1.335717,-0.509095
1.327338,-0.517797
1.319163,-0.526500
1.335469,-0.535202
1.351681,-0.543905
1.367806,-0.552607
1.383848,-0.561310
1.399814,-0.570012
1.415710,-0.578714
1.431540,-0.587417
1.447309,-0.596119
1.486246,-0.604822
1.501793,-0.613524
1.517297,-0.622227
1.532763,-0.630929
1.570964,-0.639632
1.586262,-0.648334
1.624095,-0.657037
1.661709,-0.665739
1.676758,-0.674442
1.714065,-0.683144
1.729017,-0.691847
1.766052,-0.700549
1.802921,-0.709252
1.839633,-0.717954
1.876200,-0.726657
1.912633,-0.735359
1.948941,-0.744061
1.985135,-0.752764
2.064229,-0.761466
2.100078,-0.770169
2.135847,-0.778871
2.192834,-0.787574
2.249626,-0.796276
2.306238,-0.804979
2.362685,-0.813681
2.440016,-0.822384
2.496119,-0.831086
2.552102,-0.839789
2.649708,-0.848491
2.726200,-0.857194
2.802516,-0.865896
2.920095,-0.874599
2.996021,-0.883301
3.092448,-0.892003
3.476701,-0.900706
5.743900,-1.109565
5.682757,-1.118268
5.622066,-1.126970
5.581814,-1.135673
5.581988,-1.144375
5.562584,-1.153078
5.563606,-1.161780
5.525028,-1.170483
5.506866,-1.179185
5.469084,-1.187888
5.411648,-1.196590
5.374611,-1.205293
5.358000,-1.213995
5.321700,-1.222697
5.325932,-1.231400
5.290656,-1.240102
5.293668,-1.248805
5.240373,-1.257507
5.225986,-1.266210
5.232160,-1.274912
5.238748,-1.283615
5.205259,-1.292317
5.212626,-1.301020
5.179800,-1.309722
5.187943,-1.318425
5.135395,-1.327127
5.144280,-1.335830
5.133146,-1.344532
5.101881,-1.353235
5.070883,-1.361937
5.060713,-1.370639
5.030278,-1.379342
5.020748,-1.388044
4.960980,-1.396747
4.945235,-1.405449
4.906690,-1.414152
4.825819,-1.422854
4.685469,-1.431557
4.427745,-1.440259
4.303100,-1.448962
4.204155,-1.457664
4.090288,-1.466367
3.980155,-1.475069
3.900029,-1.483772
3.734228,-1.492474
3.656580,-1.501177
3.570056,-1.509879
3.499193,-1.518582
3.430722,-1.527284
3.356639,-1.535986
3.184665,-1.544689
3.123180,-1.553391
3.059090,-1.562094
3.002104,-1.570796
