scan.pos:-1.763324,6.531245,-2.6147501.289312,1.562094
1.307618,1.553391
1.348804,1.544689
1.363022,1.535986
1.382052,1.527284
1.421560,1.518581
1.441469,1.509879
1.461207,1.501177
1.482238,1.492474
1.503385,1.483772
1.527456,1.475069
1.571958,1.466367
1.599524,1.457664
1.623478,1.448962
1.654992,1.440259
1.702419,1.431557
1.728464,1.422854
1.765993,1.414152
1.815700,1.405449
1.844422,1.396747
1.889068,1.388044
1.941793,1.379342
1.992475,1.370639
2.017594,1.361937
2.074888,1.353234
2.165430,1.344532
2.205198,1.335830
2.295131,1.327127
2.339951,1.318425
2.428118,1.309722
2.511521,1.301020
2.585520,1.292317
2.662023,1.283615
4.993009,1.274912
5.023694,1.266210
5.013634,1.257507
5.003995,1.248805
4.994773,1.240102
5.006351,1.231400
5.018269,1.222697
5.030530,1.213995
5.063424,1.205292
5.076346,1.196590
5.251473,1.187888
5.669004,1.179185
5.924469,1.170483
6.199942,1.161780
6.394733,1.153078
4.079529,0.752764
3.976915,0.744061
3.857134,0.735359
3.740686,0.726656
3.648335,0.717954
3.558864,0.709251
3.472034,0.700549
3.387625,0.691847
3.305443,0.683144
3.225307,0.674442
3.147054,0.665739
3.092077,0.657037
3.017229,0.648334
2.965550,0.639632
2.893609,0.630929
2.844779,0.622227
2.797267,0.613524
2.728955,0.604822
2.683740,0.596119
2.639602,0.587417
2.596471,0.578714
2.531873,0.570012
2.512978,0.561309
2.540338,0.552607
2.500951,0.543905
2.462296,0.535202
2.424327,0.526500
2.456363,0.517797
2.399299,0.509095
2.411696,0.500392
2.400997,0.491690
2.390368,0.482987
2.379806,0.474285
2.393106,0.465582
2.406741,0.456880
2.372573,0.448177
2.386613,0.439475
2.401005,0.430772
2.366737,0.422070
2.381550,0.413367
2.396734,0.404665
2.412297,0.395962
2.428250,0.387260
2.444603,0.378558
2.461366,0.369855
2.478551,0.361153
2.496169,0.352450
2.514231,0.343748
2.532752,0.335045
2.551743,0.326343
2.571218,0.317640
2.591192,0.308938
2.611679,0.300235
2.632695,0.291533
2.654255,0.282830
2.676377,0.274128
2.699078,0.265425
2.722377,0.256723
2.723980,0.248020
2.744308,0.239318
2.836168,0.230615
2.872446,0.221913
2.990575,0.213211
2.999693,0.204508
3.036310,0.195806
3.077042,0.187103
3.114830,0.178401
3.126816,0.169698
3.217556,0.160996
3.256379,0.152293
3.295675,0.143591
3.335473,0.134888
3.375809,0.126186
3.416714,0.117483
3.466763,0.108781
3.502884,0.100078
3.576558,0.091376
3.609482,0.082673
3.655509,0.073971
7.539327,0.065269
7.495185,0.056566
7.452122,0.047864
7.410111,0.039161
7.369130,0.030459
7.329154,0.021756
7.290163,0.013054
7.252133,0.004351
7.215044,-0.004351
7.178877,-0.013054
7.143612,-0.021756
7.109231,-0.030459
7.075714,-0.039161
7.043047,-0.047864
7.011211,-0.056566
6.980191,-0.065269
6.949971,-0.073971
6.920536,-0.082674
6.891872,-0.091376
6.863966,-0.100078
6.836802,-0.108781
6.810370,-0.117483
6.784656,-0.126186
6.759648,-0.134888
6.735335,-0.143591
6.711706,-0.152293
6.688749,-0.160996
6.666454,-0.169698
6.644813,-0.178401
6.623814,-0.187103
6.603448,-0.195806
6.583708,-0.204508
6.564583,-0.213211
6.546067,-0.221913
6.528150,-0.230616
6.510825,-0.239318
6.494086,-0.248021
6.477924,-0.256723
6.462334,-0.265425
6.447308,-0.274128
6.432840,-0.282830
6.418925,-0.291533
6.405558,-0.300235
6.392731,-0.308938
6.380440,-0.317640
6.368681,-0.326343
6.357449,-0.335045
6.346738,-0.343748
6.336545,-0.352450
6.326866,-0.361153
6.317697,-0.369855
6.309033,-0.378558
6.300873,-0.387260
6.293213,-0.395963
6.286049,-0.404665
6.279380,-0.413367
1.927902,-0.422070
1.926153,-0.430772
1.763896,-0.439475
1.705701,-0.448177
1.704547,-0.456880
1.683482,-0.465582
1.682600,-0.474285
1.681848,-0.482987
1.641194,-0.491690
1.600693,-0.500392
1.600343,-0.509095
1.600115,-0.517797
1.580008,-0.526500
1.580024,-0.535202
1.540156,-0.543905
1.540405,-0.552607
1.540772,-0.561310
1.521241,-0.570012
1.521835,-0.578714
1.522546,-0.587417
1.523374,-0.596119
1.484205,-0.604822
1.485240,-0.613524
1.486389,-0.622227
1.487653,-0.630929
1.489033,-0.639632
1.490529,-0.648334
1.492141,-0.657037
1.493872,-0.665739
1.495720,-0.674442
1.497687,-0.683144
1.499773,-0.691847
1.501980,-0.700549
1.504308,-0.709252
1.506759,-0.717954
1.509332,-0.726657
1.512030,-0.735359
1.514852,-0.744061
1.517801,-0.752764
1.520878,-0.761466
1.524083,-0.770169
1.527419,-0.778871
1.530886,-0.787574
1.534486,-0.796276
1.496647,-0.804979
1.500413,-0.813681
1.483419,-0.822384
1.487398,-0.831086
1.491512,-0.839789
1.495763,-0.848491
1.457896,-0.857194
1.462299,-0.865896
1.445583,-0.874599
1.450197,-0.883301
1.454953,-0.892003
1.459852,-0.900706
1.464895,-0.909408
1.470086,-0.918111
1.475426,-0.926813
1.437362,-0.935516
1.442844,-0.944218
1.448478,-0.952921
1.454267,-0.961623
1.460214,-0.970326
1.466322,-0.979028
1.472595,-0.987731
1.479034,-0.996433
1.485643,-1.005136
1.492426,-1.013838
1.499386,-1.022541
1.506526,-1.031243
1.513851,-1.039946
1.521363,-1.048648
1.529068,-1.057350
1.536968,-1.066053
1.545069,-1.074755
1.553375,-1.083458
1.557957,-1.092160
1.566665,-1.100863
1.575590,-1.109565
1.584740,-1.118268
1.594118,-1.126970
1.603731,-1.135673
1.613584,-1.144375
1.623683,-1.153078
1.634035,-1.161780
1.644646,-1.170483
1.655522,-1.179185
1.666671,-1.187888
1.729080,-1.196590
1.715484,-1.205293
1.701827,-1.213995
1.714142,-1.222697
1.726769,-1.231400
1.739717,-1.240102
1.752995,-1.248805
1.766612,-1.257507
1.780580,-1.266210
1.794908,-1.274912
1.809607,-1.283615
1.824689,-1.292317
1.840166,-1.301020
1.856051,-1.309722
1.856847,-1.318425
1.876780,-1.327127
1.897959,-1.335830
1.973155,-1.344532
1.993021,-1.353235
1.961690,-1.361937
1.955703,-1.370639
1.927361,-1.379342
1.922926,-1.388044
1.918908,-1.396747
1.894647,-1.405449
1.892166,-1.414152
1.870854,-1.422854
1.844469,-1.431557
1.844122,-1.440259
1.827078,-1.448962
1.828290,-1.457664
1.805155,-1.466367
1.783681,-1.475069
1.772639,-1.483772
1.761865,-1.492474
1.751355,-1.501177
1.741101,-1.509879
1.731098,-1.518582
1.721339,-1.527284
1.711819,-1.535986
1.702533,-1.544689
1.693475,-1.553391
1.684641,-1.562094
1.676026,-1.570796
