scan.pos:5.567947,5.139828,-0.3647503.040177,1.562094
3.050457,1.553391
3.061041,1.544689
3.071934,1.535986
3.083140,1.527284
3.094665,1.518581
3.106514,1.509879
3.118692,1.501177
3.131205,1.492474
3.144060,1.483772
3.157262,1.475069
3.170818,1.466367
3.184734,1.457664
3.199018,1.448962
3.213676,1.440259
3.228716,1.431557
3.244146,1.422854
3.259974,1.414152
3.276207,1.405449
3.292855,1.396747
3.309927,1.388044
3.327431,1.379342
3.345377,1.370639
3.363775,1.361937
3.382636,1.353234
3.401971,1.344532
3.421789,1.335830
3.442104,1.327127
3.462926,1.318425
3.484269,1.309722
3.506145,1.301020
3.528568,1.292317
3.551552,1.283615
3.575111,1.274912
3.599261,1.266210
3.624017,1.257507
3.649396,1.248805
3.675415,1.240102
3.702092,1.231400
3.712470,1.222697
3.671158,1.213995
3.626777,1.205292
3.586962,1.196590
3.572098,1.187888
3.533864,1.179185
3.494438,1.170483
3.457455,1.161780
3.420215,1.153078
3.412605,1.144375
3.387671,1.135673
3.358892,1.126970
3.330850,1.118268
3.303521,1.109565
3.276885,1.100863
3.250921,1.092160
3.225609,1.083458
3.200929,1.074755
3.176865,1.066053
3.153398,1.057350
3.130511,1.048648
3.108190,1.039945
3.086418,1.031243
3.065181,1.022541
3.044464,1.013838
3.024254,1.005136
3.004538,0.996433
2.985303,0.987731
2.966538,0.979028
2.948230,0.970326
2.930368,0.961623
2.912942,0.952921
2.895941,0.944218
2.879356,0.935516
2.863176,0.926813
2.847393,0.918111
2.831997,0.909408
2.816980,0.900706
2.802334,0.892003
2.788051,0.883301
2.774123,0.874598
2.760542,0.865896
2.747302,0.857194
2.734395,0.848491
2.721816,0.839789
2.709557,0.831086
2.697613,0.822384
2.685977,0.813681
2.674644,0.804979
2.663608,0.796276
2.652864,0.787574
2.642406,0.778871
2.632231,0.770169
2.622332,0.761466
2.612706,0.752764
2.603348,0.744061
2.594253,0.735359
2.585418,0.726656
2.576839,0.717954
2.568511,0.709251
2.560431,0.700549
2.552596,0.691847
2.545002,0.683144
2.537645,0.674442
2.530523,0.665739
2.523633,0.657037
2.516971,0.648334
2.510535,0.639632
2.504322,0.630929
2.498329,0.622227
2.492554,0.613524
2.486995,0.604822
2.481650,0.596119
2.476515,0.587417
2.471590,0.578714
2.466871,0.570012
2.462358,0.561309
2.458048,0.552607
2.453939,0.543905
2.450031,0.535202
2.446321,0.526500
2.442808,0.517797
2.439490,0.509095
2.436367,0.500392
2.433437,0.491690
2.430699,0.482987
2.428152,0.474285
2.425794,0.465582
2.423625,0.456880
2.421645,0.448177
2.419852,0.439475
2.418246,0.430772
2.416826,0.422070
2.415591,0.413367
2.414541,0.404665
2.413676,0.395962
2.412995,0.387260
2.412499,0.378558
2.412186,0.369855
2.412057,0.361153
2.412111,0.352450
2.412350,0.343748
2.412772,0.335045
2.413378,0.326343
2.414168,0.317640
2.415143,0.308938
2.416303,0.300235
2.417648,0.291533
2.419178,0.282830
2.420896,0.274128
2.422800,0.265425
2.424892,0.256723
2.427173,0.248020
2.429643,0.239318
2.432304,0.230615
2.435156,0.221913
2.438201,0.213211
2.441439,0.204508
2.444873,0.195806
2.448503,0.187103
2.452331,0.178401
2.456358,0.169698
2.460586,0.160996
2.465017,0.152293
2.469652,0.143591
2.474493,0.134888
2.479542,0.126186
2.484802,0.117483
2.490275,0.108781
2.495962,0.100078
2.501866,0.091376
2.507989,0.082673
2.514334,0.073971
2.520904,0.065269
2.527702,0.056566
2.534729,0.047864
2.541991,0.039161
2.549488,0.030459
2.557225,0.021756
2.565205,0.013054
2.573432,0.004351
2.581909,-0.004351
2.590640,-0.013054
2.599629,-0.021756
2.608880,-0.030459
2.618397,-0.039161
2.628184,-0.047864
2.638247,-0.056566
2.648589,-0.065269
2.659216,-0.073971
2.670133,-0.082674
2.681345,-0.091376
2.692858,-0.100078
2.704676,-0.108781
2.716807,-0.117483
2.729256,-0.126186
2.742029,-0.134888
2.755133,-0.143591
2.768575,-0.152293
2.782361,-0.160996
2.796500,-0.169698
2.810998,-0.178401
2.825863,-0.187103
2.841104,-0.195806
2.856730,-0.204508
2.872747,-0.213211
2.889167,-0.221913
2.905998,-0.230616
2.923251,-0.239318
2.940934,-0.248021
2.959060,-0.256723
2.977639,-0.265425
2.996682,-0.274128
3.016201,-0.282830
3.036209,-0.291533
3.056719,-0.300235
3.077744,-0.308938
3.099297,-0.317640
3.121394,-0.326343
3.144049,-0.335045
3.167279,-0.343748
3.191099,-0.352450
3.215527,-0.361153
3.240580,-0.369855
3.266278,-0.378558
3.292639,-0.387260
3.319685,-0.395963
3.347435,-0.404665
3.375912,-0.413367
3.405139,-0.422070
3.425301,-0.430772
3.443752,-0.439475
3.490628,-0.448177
3.510485,-0.456880
3.558362,-0.465582
3.579721,-0.474285
3.628722,-0.482987
3.651689,-0.491690
3.701945,-0.500392
3.726635,-0.509095
3.778287,-0.517797
3.804828,-0.526500
3.858028,-0.535202
3.886559,-0.543905
3.941471,-0.552607
3.972145,-0.561310
4.028949,-0.570012
4.086691,-0.578714
4.120830,-0.587417
4.180770,-0.596119
4.241818,-0.604822
4.279884,-0.613524
4.343483,-0.622227
4.408387,-0.630929
4.463024,-0.639632
4.438421,-0.648334
4.414423,-0.657037
4.391015,-0.665739
4.368185,-0.674442
4.345921,-0.683144
4.324210,-0.691847
4.303041,-0.700549
4.282403,-0.709252
4.216938,-0.717954
4.197539,-0.726657
4.156167,-0.735359
4.137845,-0.744061
4.119997,-0.752764
4.102613,-0.761466
4.085685,-0.770169
4.069205,-0.778871
4.053164,-0.787574
4.037556,-0.796276
4.022373,-0.804979
4.007607,-0.813681
3.993253,-0.822384
3.979303,-0.831086
3.965751,-0.839789
3.952591,-0.848491
3.939817,-0.857194
3.927424,-0.865896
3.915406,-0.874599
3.903757,-0.883301
3.892473,-0.892003
3.839584,-0.900706
3.829129,-0.909408
3.819021,-0.918111
3.809255,-0.926813
3.758298,-0.935516
3.749305,-0.944218
3.740609,-0.952921
3.732296,-0.961623
3.724273,-0.970326
3.716568,-0.979028
3.709176,-0.987731
3.702095,-0.996433
3.695321,-1.005136
3.688853,-1.013838
3.682688,-1.022541
3.676822,-1.031243
3.671254,-1.039946
3.665982,-1.048648
3.661004,-1.057350
3.656317,-1.066053
3.651919,-1.074755
3.647810,-1.083458
3.643987,-1.092160
3.640449,-1.100863
3.637195,-1.109565
3.634223,-1.118268
3.631532,-1.126970
3.629122,-1.135673
3.626990,-1.144375
3.625137,-1.153078
3.623562,-1.161780
3.622263,-1.170483
3.621242,-1.179185
3.620497,-1.187888
3.620027,-1.196590
3.619833,-1.205293
3.619915,-1.213995
3.620273,-1.222697
2.720638,-1.231400
2.721322,-1.240102
2.642143,-1.248805
2.643209,-1.257507
2.604408,-1.266210
2.605858,-1.274912
2.567390,-1.283615
2.569212,-1.292317
2.571233,-1.301020
2.553347,-1.309722
2.555748,-1.318425
2.558350,-1.327127
2.561151,-1.335830
2.564154,-1.344532
2.526927,-1.353235
2.530283,-1.361937
2.533842,-1.370639
2.537604,-1.379342
2.521237,-1.388044
2.525377,-1.396747
2.529724,-1.405449
2.493401,-1.414152
2.498090,-1.422854
2.461951,-1.431557
2.459713,-1.440259
2.472208,-1.448962
2.457004,-1.457664
2.462615,-1.466367
2.468440,-1.475069
2.474482,-1.483772
2.459894,-1.492474
2.445420,-1.501177
2.452013,-1.509879
2.437814,-1.518582
2.444797,-1.527284
2.452008,-1.535986
2.459449,-1.544689
2.424584,-1.553391
2.432360,-1.562094
2.440372,-1.570796
