scan.pos:6.878291,3.449679,-1.9147501.170252,1.562094
1.173966,1.553391
1.177794,1.544689
1.181737,1.535986
1.185798,1.527284
1.189977,1.518581
1.194277,1.509879
1.198700,1.501177
1.203248,1.492474
1.207922,1.483772
1.212726,1.475069
1.217662,1.466367
1.222731,1.457664
1.227936,1.448962
1.233281,1.440259
1.238766,1.431557
1.244396,1.422854
1.250173,1.414152
1.256100,1.405449
1.262181,1.396747
1.268417,1.388044
1.274813,1.379342
1.281371,1.370639
1.288096,1.361937
1.294992,1.353234
1.302061,1.344532
1.309308,1.335830
1.316737,1.327127
1.324352,1.318425
1.332158,1.309722
1.340159,1.301020
1.348360,1.292317
1.356766,1.283615
1.365382,1.274912
1.374213,1.266210
1.383266,1.257507
1.392545,1.248805
1.402057,1.240102
1.411808,1.231400
1.421805,1.222697
1.432055,1.213995
1.442564,1.205292
1.453339,1.196590
1.464389,1.187888
1.475722,1.179185
1.487346,1.170483
1.499269,1.161780
1.511501,1.153078
1.524052,1.144375
1.536930,1.135673
1.550148,1.126970
1.558193,1.118268
1.558787,1.109565
1.587444,1.100863
1.588524,1.092160
1.617224,1.083458
1.621503,1.074755
1.650800,1.066053
1.653447,1.057350
1.682903,1.048648
1.686139,1.039945
1.695001,1.031243
1.725415,1.022541
1.730226,1.013838
1.760953,1.005136
1.791776,0.996433
1.797576,0.987731
1.812263,0.979028
1.844381,0.970326
1.876683,0.961623
1.884691,0.952921
1.917584,0.944218
1.926525,0.935516
1.971992,0.926813
1.982559,0.918111
2.017535,0.909408
2.052886,0.900706
2.065110,0.892003
2.101430,0.883301
2.130722,0.874598
2.168839,0.865896
2.207515,0.857194
2.223859,0.848491
2.263891,0.839789
2.304609,0.831086
2.323457,0.822384
2.328952,0.813681
2.318600,0.804979
2.308515,0.796276
2.298692,0.787574
2.289125,0.778871
2.279811,0.770169
2.270744,0.761466
2.261921,0.752764
2.253337,0.744061
2.244988,0.735359
2.236871,0.726656
2.228981,0.717954
2.221315,0.709251
2.213869,0.700549
2.206641,0.691847
2.199627,0.683144
2.192824,0.674442
2.143976,0.665739
2.137710,0.657037
2.131642,0.648334
2.125769,0.639632
2.120090,0.630929
2.093765,0.622227
2.088517,0.613524
2.083454,0.604822
2.078574,0.596119
2.073873,0.587417
2.069351,0.578714
2.065006,0.570012
2.060836,0.561309
2.056839,0.552607
2.053013,0.543905
2.049357,0.535202
2.045870,0.526500
2.042550,0.517797
2.039395,0.509095
2.036406,0.500392
2.033579,0.491690
2.030915,0.482987
2.028412,0.474285
2.026070,0.465582
2.023887,0.456880
2.017197,0.448177
2.019995,0.439475
2.018285,0.430772
2.016732,0.422070
2.015333,0.413367
2.014091,0.404665
2.013003,0.395962
2.012069,0.387260
2.011290,0.378558
2.010664,0.369855
2.010191,0.361153
2.009872,0.352450
2.009706,0.343748
2.009692,0.335045
2.009832,0.326343
2.010125,0.317640
2.010572,0.308938
2.011171,0.300235
2.011925,0.291533
2.012832,0.282830
2.013893,0.274128
1.975001,0.265425
1.976345,0.256723
1.977841,0.248020
1.979491,0.239318
1.981295,0.230615
1.983252,0.221913
1.985365,0.213211
1.987634,0.204508
1.990060,0.195806
1.992644,0.187103
1.954865,0.178401
1.957709,0.169698
1.960710,0.160996
1.963871,0.152293
1.967191,0.143591
1.970674,0.134888
1.974319,0.126186
1.978129,0.117483
1.982105,0.108781
1.986248,0.100078
1.990561,0.091376
1.995044,0.082673
1.999701,0.073971
2.004532,0.065269
2.009540,0.056566
2.014727,0.047864
2.020095,0.039161
2.025647,0.030459
2.012466,0.021756
2.037309,0.013054
2.043425,0.004351
2.049735,-0.004351
2.056240,-0.013054
2.062945,-0.021756
2.069852,-0.030459
2.076963,-0.039161
2.084284,-0.047864
2.091815,-0.056566
2.099562,-0.065269
2.107528,-0.073971
2.115716,-0.082674
2.124130,-0.091376
2.132774,-0.100078
2.141653,-0.108781
2.150771,-0.117483
2.160131,-0.126186
2.169740,-0.134888
2.179601,-0.143591
2.189720,-0.152293
2.200101,-0.160996
2.210750,-0.169698
2.221673,-0.178401
2.232876,-0.187103
2.244364,-0.195806
2.256143,-0.204508
2.268220,-0.213211
2.280602,-0.221913
2.293295,-0.230616
2.306307,-0.239318
2.319646,-0.248021
2.333318,-0.256723
2.347332,-0.265425
2.361696,-0.274128
2.376419,-0.282830
2.391511,-0.291533
2.376587,-0.300235
2.388304,-0.308938
2.393606,-0.317640
2.407863,-0.326343
2.423110,-0.335045
2.439347,-0.343748
2.456573,-0.352450
2.469999,-0.361153
2.463341,-0.369855
2.483863,-0.378558
2.478596,-0.387260
2.500916,-0.395963
2.521978,-0.404665
2.546833,-0.413367
2.572724,-0.422070
2.515964,-0.430772
2.093002,-0.439475
2.026738,-0.448177
1.981464,-0.456880
1.909398,-0.465582
1.893627,-0.474285
1.878257,-0.482987
1.863274,-0.491690
1.848669,-0.500392
1.834430,-0.509095
1.820545,-0.517797
1.807006,-0.526500
1.793802,-0.535202
1.780925,-0.543905
1.755473,-0.552607
1.756113,-0.561310
1.744162,-0.570012
1.732504,-0.578714
1.721131,-0.587417
1.710035,-0.596119
1.723867,-0.604822
1.737656,-0.613524
1.727054,-0.622227
1.716710,-0.630929
1.730684,-0.639632
1.720700,-0.648334
1.734752,-0.657037
1.748778,-0.665739
1.739252,-0.674442
1.729960,-0.683144
1.767462,-0.691847
1.758384,-0.700549
1.749532,-0.709252
1.740900,-0.717954
1.755306,-0.726657
1.792421,-0.735359
1.784108,-0.744061
1.821018,-0.752764
1.835329,-0.761466
1.894270,-0.770169
1.886209,-0.778871
1.878359,-0.787574
1.892747,-0.796276
1.907162,-0.804979
1.921609,-0.813681
1.957866,-0.822384
1.994000,-0.831086
1.986790,-0.839789
1.979782,-0.848491
1.994439,-0.857194
1.987754,-0.865896
2.002588,-0.874599
2.038734,-0.883301
2.032428,-0.892003
2.089694,-0.900706
2.125715,-0.909408
2.119681,-0.918111
2.134789,-0.926813
2.170867,-0.935516
2.165247,-0.944218
2.242959,-0.952921
2.237521,-0.961623
2.232280,-0.970326
2.289149,-0.979028
2.284157,-0.987731
2.299912,-0.996433
2.324988,-1.005136
2.311685,-1.013838
2.362579,-1.022541
2.355311,-1.031243
2.417773,-1.039946
2.403146,-1.048648
2.454705,-1.057350
2.451375,-1.066053
2.495588,-1.074755
2.504737,-1.083458
2.555710,-1.092160
2.538952,-1.100863
2.558236,-1.109565
2.597058,-1.118268
2.611628,-1.126970
2.649589,-1.135673
2.647549,-1.144375
2.705883,-1.153078
6.588610,-1.283615
5.950742,-1.292317
5.750333,-1.301020
5.496830,-1.309722
5.460827,-1.318425
5.465382,-1.327127
5.470360,-1.335830
5.475766,-1.344532
5.481600,-1.353235
5.487865,-1.361937
5.494563,-1.370639
5.501697,-1.379342
5.509270,-1.388044
5.517284,-1.396747
5.525743,-1.405449
5.534650,-1.414152
5.544009,-1.422854
5.544896,-1.431557
5.564097,-1.440259
5.574833,-1.448962
5.627125,-1.457664
5.638888,-1.466367
5.692393,-1.475069
5.705215,-1.483772
5.718531,-1.492474
5.753123,-1.501177
5.767496,-1.509879
5.782383,-1.518582
5.797790,-1.527284
5.813723,-1.535986
5.830189,-1.544689
5.847195,-1.553391
5.864748,-1.562094
5.882857,-1.570796
