scan.pos:-7.157444,6.273392,1.6184350.860977,1.562094
0.860651,1.553391
0.860392,1.544689
0.860198,1.535986
0.860070,1.527284
0.860007,1.518581
0.860010,1.509879
0.860078,1.501177
0.860211,1.492474
0.860411,1.483772
0.860676,1.475069
0.861006,1.466367
0.861403,1.457664
0.861866,1.448962
0.862394,1.440259
0.862990,1.431557
0.863651,1.422854
0.864380,1.414152
0.865176,1.405449
0.866039,1.396747
0.866971,1.388044
0.867970,1.379342
0.869038,1.370639
0.870175,1.361937
0.871381,1.353234
0.872658,1.344532
0.874004,1.335830
0.875422,1.327127
0.876911,1.318425
0.878472,1.309722
0.880106,1.301020
0.881813,1.292317
0.883594,1.283615
0.885450,1.274912
0.887382,1.266210
0.889390,1.257507
0.891475,1.248805
0.893638,1.240102
0.895880,1.231400
0.898202,1.222697
0.900605,1.213995
0.903089,1.205292
0.905657,1.196590
0.908308,1.187888
0.911045,1.179185
0.913868,1.170483
0.916778,1.161780
0.919778,1.153078
0.922867,1.144375
0.926049,1.135673
0.929323,1.126970
0.932692,1.118268
0.936156,1.109565
0.939719,1.100863
0.943381,1.092160
0.947143,1.083458
0.951009,1.074755
0.954980,1.066053
0.959057,1.057350
0.963242,1.048648
0.967539,1.039945
0.971948,1.031243
0.976472,1.022541
0.981114,1.013838
0.985875,1.005136
0.990759,0.996433
0.995768,0.987731
1.000904,0.979028
1.006170,0.970326
1.011569,0.961623
1.017105,0.952921
1.022780,0.944218
1.028597,0.935516
1.034560,0.926813
1.040673,0.918111
1.046938,0.909408
1.053360,0.900706
1.059942,0.892003
1.066689,0.883301
1.073605,0.874598
1.080693,0.865896
1.087960,0.857194
1.095408,0.848491
1.103044,0.839789
1.110872,0.831086
1.118898,0.822384
1.127128,0.813681
1.135566,0.804979
1.144220,0.796276
1.153094,0.787574
1.162197,0.778871
1.171535,0.770169
1.181114,0.761466
1.190943,0.752764
1.201029,0.744061
1.211381,0.735359
1.210522,0.726656
1.228104,0.717954
1.245483,0.709251
1.235219,0.700549
1.252442,0.691847
1.269484,0.683144
1.286354,0.674442
1.276468,0.665739
1.319612,0.657037
1.309820,0.648334
1.326276,0.639632
1.342596,0.630929
1.358786,0.622227
1.374853,0.613524
1.390806,0.604822
1.406649,0.596119
1.422390,0.587417
1.438036,0.578714
1.453591,0.570012
1.449009,0.561309
1.464606,0.552607
1.467304,0.543905
1.507553,0.535202
1.512238,0.526500
1.528963,0.517797
1.559517,0.509095
1.576845,0.500392
1.609359,0.491690
1.627379,0.482987
1.662008,0.474285
1.680821,0.465582
1.699703,0.456880
1.737464,0.448177
1.757297,0.439475
1.797642,0.430772
1.818565,0.422070
1.861738,0.413367
1.883914,0.404665
1.884127,0.395962
1.887485,0.387260
1.889664,0.378558
1.875284,0.369855
1.879710,0.361153
1.870132,0.352450
1.855358,0.343748
1.863023,0.335045
1.839301,0.326343
1.849935,0.317640
1.824739,0.308938
1.818801,0.300235
1.813040,0.291533
1.807452,0.282830
1.802035,0.274128
1.796787,0.265425
1.791706,0.256723
1.786789,0.248020
1.782034,0.239318
1.777440,0.230615
1.773003,0.221913
1.768724,0.213211
1.764599,0.204508
1.760626,0.195806
1.756806,0.187103
1.753135,0.178401
1.749612,0.169698
1.746236,0.160996
1.743005,0.152293
1.739919,0.143591
1.736976,0.134888
1.734174,0.126186
1.731514,0.117483
1.728992,0.108781
1.726610,0.100078
1.724365,0.091376
1.722257,0.082673
1.720285,0.073971
1.718448,0.065269
1.716745,0.056566
1.715177,0.047864
1.713742,0.039161
1.712439,0.030459
1.711269,0.021756
1.710230,0.013054
1.709323,0.004351
1.708547,-0.004351
1.707901,-0.013054
1.707386,-0.021756
1.707001,-0.030459
1.706747,-0.039161
1.706622,-0.047864
1.706627,-0.056566
1.706763,-0.065269
1.707028,-0.073971
1.707424,-0.082674
1.707949,-0.091376
1.708606,-0.100078
1.709392,-0.108781
1.710310,-0.117483
1.711360,-0.126186
1.712541,-0.134888
1.713854,-0.143591
1.715300,-0.152293
1.716880,-0.160996
1.718593,-0.169698
1.720441,-0.178401
1.722424,-0.187103
1.724544,-0.195806
1.726800,-0.204508
1.729194,-0.213211
1.731726,-0.221913
1.734399,-0.230616
1.737212,-0.239318
1.740167,-0.248021
1.743265,-0.256723
1.746507,-0.265425
1.749895,-0.274128
1.753430,-0.282830
1.757113,-0.291533
1.760946,-0.300235
1.764931,-0.308938
1.769068,-0.317640
1.773361,-0.326343
1.777810,-0.335045
1.782418,-0.343748
1.787186,-0.352450
1.792116,-0.361153
1.797211,-0.369855
1.802473,-0.378558
1.807903,-0.387260
1.813505,-0.395963
1.819281,-0.404665
1.825233,-0.413367
1.831364,-0.422070
1.837677,-0.430772
1.844175,-0.439475
1.850860,-0.448177
1.857735,-0.456880
1.864805,-0.465582
1.872071,-0.474285
1.879538,-0.482987
1.887210,-0.491690
1.895089,-0.500392
1.903179,-0.509095
1.911485,-0.517797
1.920011,-0.526500
1.928761,-0.535202
1.937739,-0.543905
1.956019,-0.552607
1.979043,-0.561310
1.975701,-0.570012
1.996031,-0.578714
2.001285,-0.587417
2.000380,-0.596119
2.009008,-0.604822
2.033469,-0.613524
2.045473,-0.622227
2.048058,-0.630929
2.063208,-0.639632
2.067387,-0.648334
2.085604,-0.657037
1.895365,-0.665739
1.816765,-0.674442
1.797343,-0.683144
1.719576,-0.691847
1.700430,-0.700549
1.673928,-0.709252
1.655301,-0.717954
1.630358,-0.726657
1.554755,-0.735359
1.536674,-0.744061
1.539999,-0.752764
1.496052,-0.761466
1.501115,-0.770169
1.483880,-0.778871
1.463822,-0.787574
1.444635,-0.796276
1.428016,-0.804979
1.412514,-0.813681
1.396546,-0.822384
1.380411,-0.831086
1.379433,-0.839789
1.367662,-0.848491
1.356193,-0.857194
1.345016,-0.865896
1.334123,-0.874599
1.323504,-0.883301
1.313153,-0.892003
1.303061,-0.900706
1.293220,-0.909408
1.283624,-0.918111
1.274266,-0.926813
1.265138,-0.935516
1.256236,-0.944218
1.247552,-0.952921
1.239082,-0.961623
1.230818,-0.970326
1.247711,-0.979028
1.264480,-0.987731
1.256494,-0.996433
1.248703,-1.005136
1.241101,-1.013838
1.233685,-1.022541
1.250499,-1.031243
1.267212,-1.039946
1.260056,-1.048648
1.253076,-1.057350
1.269781,-1.066053
1.263014,-1.074755
1.256414,-1.083458
1.249977,-1.092160
1.243701,-1.100863
1.237580,-1.109565
1.231613,-1.118268
1.225796,-1.126970
1.220127,-1.135673
1.214601,-1.144375
1.209217,-1.153078
1.203972,-1.161780
1.198863,-1.170483
1.193888,-1.179185
1.211063,-1.187888
1.228193,-1.196590
1.223435,-1.205293
1.218806,-1.213995
1.214304,-1.222697
1.209927,-1.231400
1.205673,-1.240102
1.201540,-1.248805
1.218910,-1.257507
1.214944,-1.266210
1.211095,-1.274912
1.249726,-1.283615
1.245981,-1.292317
1.242352,-1.301020
1.238839,-1.309722
1.235439,-1.318425
1.232152,-1.327127
1.270635,-1.335830
1.267464,-1.344532
1.264404,-1.353235
1.261455,-1.361937
1.258616,-1.370639
1.276473,-1.379342
1.273805,-1.388044
1.271246,-1.396747
1.268793,-1.405449
1.266446,-1.414152
1.304984,-1.422854
1.302776,-1.431557
1.300675,-1.440259
1.297199,-1.448962
1.297466,-1.457664
1.318309,-1.466367
1.317545,-1.475069
1.328107,-1.483772
1.360575,-1.492474
1.364403,-1.501177
1.354990,-1.509879
1.391486,-1.518582
1.423368,-1.527284
1.422287,-1.535986
1.421314,-1.544689
1.460537,-1.553391
1.519858,-1.562094
1.519167,-1.570796
