scan.pos:-3.042634,5.787091,-2.6147504.797659,1.562094
4.773610,1.553391
4.750160,1.544689
4.727298,1.535986
4.750393,1.527284
4.728461,1.518581
4.729571,1.509879
4.753415,1.501177
4.755123,1.492474
4.823756,1.483772
4.847979,1.475069
4.960418,1.466367
5.050410,1.457664
5.223938,1.448962
5.324714,1.440259
5.384980,1.431557
5.491810,1.422854
5.623439,1.414152
5.734681,1.405449
5.854350,1.396747
5.890563,1.388044
6.037941,1.379342
1.505030,1.118268
1.504012,1.109565
1.382860,1.100863
1.382136,1.092160
1.321452,1.083458
1.320961,1.074755
1.320572,1.066053
1.280274,1.057350
1.280092,1.048648
1.260007,1.039945
1.260019,1.031243
1.260127,1.022541
1.260332,1.013838
1.220612,1.005136
1.220996,0.996433
1.221473,0.987731
1.222044,0.979028
1.222708,0.970326
1.203410,0.961623
1.184178,0.952921
1.185094,0.944218
1.186102,0.935516
1.187202,0.926813
1.188395,0.918111
1.189680,0.909408
1.191060,0.900706
1.192533,0.892003
1.194102,0.883301
1.195765,0.874598
1.197525,0.865896
1.199381,0.857194
1.201334,0.848491
1.203386,0.839789
1.205537,0.831086
1.207788,0.822384
1.210139,0.813681
1.212592,0.804979
1.215148,0.796276
1.217807,0.787574
1.220571,0.778871
1.223442,0.770169
1.226419,0.761466
1.229505,0.752764
1.232700,0.744061
1.236007,0.735359
1.239426,0.726656
1.242958,0.717954
1.246607,0.709251
1.250372,0.700549
1.254256,0.691847
1.258260,0.683144
1.262386,0.674442
1.266636,0.665739
1.271012,0.657037
1.275516,0.648334
1.280149,0.639632
1.284915,0.630929
1.289815,0.622227
1.294851,0.613524
1.300026,0.604822
1.305343,0.596119
1.310803,0.587417
1.316410,0.578714
1.322167,0.570012
1.328075,0.561309
1.334139,0.552607
1.340360,0.543905
1.346743,0.535202
1.353291,0.526500
1.360007,0.517797
1.366894,0.509095
1.420531,0.500392
1.428019,0.491690
1.435695,0.482987
1.443565,0.474285
1.451633,0.465582
1.459903,0.456880
1.468381,0.448177
1.525499,0.439475
1.534698,0.430772
1.544127,0.422070
1.578455,0.413367
1.588519,0.404665
1.598834,0.395962
1.609407,0.387260
1.620245,0.378558
1.631356,0.369855
1.642746,0.361153
1.654423,0.352450
1.666394,0.343748
1.678669,0.335045
1.691256,0.326343
1.704164,0.317640
1.771072,0.308938
1.785074,0.300235
1.799438,0.291533
1.814175,0.282830
1.829295,0.274128
1.844811,0.265425
1.860736,0.256723
1.856611,0.248020
1.868683,0.239318
1.908350,0.230615
1.920077,0.221913
1.931757,0.213211
1.943398,0.204508
1.995738,0.195806
2.041884,0.187103
2.058965,0.178401
2.077071,0.169698
2.096218,0.160996
2.122277,0.152293
2.124847,0.143591
2.148484,0.134888
2.180703,0.126186
2.207191,0.117483
6.181847,0.108781
6.142149,0.100078
6.103421,0.091376
6.065636,0.082673
6.028772,0.073971
5.992808,0.065269
5.957721,0.056566
5.923491,0.047864
5.890098,0.039161
5.857523,0.030459
5.825747,0.021756
5.794754,0.013054
5.764525,0.004351
5.735044,-0.004351
5.706296,-0.013054
5.678265,-0.021756
5.650936,-0.030459
5.624295,-0.039161
5.598328,-0.047864
5.573022,-0.056566
5.548366,-0.065269
5.524344,-0.073971
5.500947,-0.082674
5.478164,-0.091376
5.455981,-0.100078
5.434390,-0.108781
5.413380,-0.117483
5.392940,-0.126186
5.373062,-0.134888
5.353736,-0.143591
5.334954,-0.152293
5.316706,-0.160996
5.298985,-0.169698
5.281783,-0.178401
5.265091,-0.187103
5.248903,-0.195806
5.233212,-0.204508
5.218010,-0.213211
5.203292,-0.221913
5.189050,-0.230616
5.175280,-0.239318
5.161974,-0.248021
5.149127,-0.256723
5.136735,-0.265425
5.124791,-0.274128
5.113291,-0.282830
5.102231,-0.291533
5.091605,-0.300235
5.081409,-0.308938
5.071640,-0.317640
5.062293,-0.326343
5.053364,-0.335045
5.044851,-0.343748
5.036749,-0.352450
5.029055,-0.361153
5.021767,-0.369855
5.014881,-0.378558
5.008395,-0.387260
5.002306,-0.395963
4.996612,-0.404665
4.991310,-0.413367
4.986399,-0.422070
4.981876,-0.430772
4.977741,-0.439475
4.973991,-0.448177
4.970625,-0.456880
4.967641,-0.465582
4.965039,-0.474285
4.962818,-0.482987
4.960976,-0.491690
4.959513,-0.500392
4.958428,-0.509095
4.957721,-0.517797
4.957392,-0.526500
4.957440,-0.535202
4.957867,-0.543905
4.958670,-0.552607
4.959852,-0.561310
4.961412,-0.570012
4.963352,-0.578714
4.965671,-0.587417
4.968370,-0.596119
4.971452,-0.604822
4.974916,-0.613524
4.978765,-0.622227
4.983000,-0.630929
4.987622,-0.639632
4.992633,-0.648334
4.998035,-0.657037
5.003830,-0.665739
5.010021,-0.674442
5.016609,-0.683144
5.023598,-0.691847
5.030990,-0.700549
5.038788,-0.709252
5.046996,-0.717954
5.055615,-0.726657
2.615402,-0.735359
2.497459,-0.744061
2.399767,-0.752764
2.301869,-0.761466
2.224338,-0.770169
2.167284,-0.778871
2.068765,-0.787574
2.011421,-0.796276
1.933169,-0.804979
1.896355,-0.813681
1.838604,-0.822384
1.780688,-0.831086
1.743599,-0.839789
1.685367,-0.848491
1.648056,-0.857194
1.610648,-0.865896
1.573134,-0.874599
1.535503,-0.883301
1.497746,-0.892003
1.459852,-0.900706
1.421810,-0.909408
1.405229,-0.918111
1.366939,-0.926813
1.350250,-0.935516
1.311676,-0.944218
1.294851,-0.952921
1.277992,-0.961623
1.238969,-0.970326
1.221935,-0.979028
1.204850,-0.987731
1.165299,-0.996433
1.147997,-1.005136
1.130626,-1.013838
1.113181,-1.022541
1.095656,-1.031243
1.078045,-1.039946
1.060344,-1.048648
1.042546,-1.057350
1.047933,-1.066053
1.030046,-1.074755
1.012047,-1.083458
0.993930,-1.092160
0.975688,-1.100863
0.957314,-1.109565
0.962873,-1.118268
0.944357,-1.126970
0.925691,-1.135673
0.906868,-1.144375
0.912544,-1.153078
0.893542,-1.161780
0.874362,-1.170483
0.880145,-1.179185
0.860755,-1.187888
0.866658,-1.196590
0.847041,-1.205293
0.827211,-1.213995
0.833197,-1.222697
0.839335,-1.231400
0.845628,-1.240102
0.852082,-1.248805
0.858701,-1.257507
0.838444,-1.266210
0.845191,-1.274912
0.824625,-1.283615
0.831498,-1.292317
0.810599,-1.301020
0.817596,-1.309722
0.815783,-1.318425
0.808833,-1.327127
0.802060,-1.335830
0.795460,-1.344532
0.789028,-1.353235
0.782757,-1.361937
0.776645,-1.370639
0.770685,-1.379342
0.764874,-1.388044
0.759207,-1.396747
0.753680,-1.405449
0.748290,-1.414152
0.743033,-1.422854
0.763350,-1.431557
0.758175,-1.440259
0.753126,-1.448962
0.748201,-1.457664
0.743397,-1.466367
0.738709,-1.475069
0.734136,-1.483772
0.729674,-1.492474
0.725322,-1.501177
0.745111,-1.509879
0.740830,-1.518582
0.760416,-1.527284
0.756211,-1.535986
0.752109,-1.544689
0.748107,-1.553391
0.767461,-1.562094
0.763536,-1.570796
