scan.pos:-2.280048,-1.569934,1.7352501.581287,1.562094
1.579060,1.553391
1.576960,1.544689
1.574985,1.535986
1.573134,1.527284
1.571407,1.518581
1.569804,1.509879
1.568323,1.501177
1.566964,1.492474
1.565727,1.483772
1.564610,1.475069
1.563615,1.466367
1.562739,1.457664
1.561983,1.448962
1.561347,1.440259
1.560831,1.431557
1.560433,1.422854
1.560154,1.414152
1.559994,1.405449
1.559953,1.396747
1.560031,1.388044
1.560228,1.379342
1.560543,1.370639
1.560978,1.361937
1.561532,1.353234
1.562205,1.344532
1.562998,1.335830
1.563911,1.327127
1.564944,1.318425
1.566097,1.309722
1.567372,1.301020
1.568769,1.292317
1.570288,1.283615
1.571929,1.274912
1.573694,1.266210
1.575583,1.257507
1.577597,1.248805
1.579737,1.240102
1.582003,1.231400
1.584396,1.222697
1.586918,1.213995
1.589568,1.205292
1.592350,1.196590
1.595262,1.187888
1.598308,1.179185
1.601487,1.170483
1.604801,1.161780
1.608252,1.153078
1.611840,1.144375
1.615568,1.135673
1.619437,1.126970
1.623448,1.118268
1.627604,1.109565
1.631905,1.100863
1.636354,1.092160
1.683030,1.083458
1.687902,1.074755
1.692932,1.066053
1.740576,1.057350
1.767356,1.048648
1.773079,1.039945
1.778975,1.031243
1.849568,1.022541
1.856044,1.013838
1.862708,1.005136
6.217505,0.996433
6.240947,0.987731
6.265046,0.979028
6.289812,0.970326
6.315258,0.961623
6.341395,0.952921
6.368237,0.944218
6.395796,0.935516
6.424086,0.926813
6.453120,0.918111
6.482915,0.909408
6.513484,0.900706
6.544843,0.892003
6.577010,0.883301
6.610000,0.874598
6.643831,0.865896
6.678521,0.857194
6.714089,0.848491
6.750556,0.839789
6.787940,0.831086
6.826263,0.822384
6.865548,0.813681
6.905816,0.804979
6.947091,0.796276
6.989398,0.787574
7.032763,0.778871
7.077211,0.770169
7.122770,0.761466
7.169470,0.752764
7.217339,0.744061
7.266409,0.735359
7.316711,0.726656
7.368280,0.717954
7.421150,0.709251
7.475358,0.700549
7.530941,0.691847
7.587940,0.683144
7.646394,0.674442
7.706347,0.665739
7.767844,0.657037
4.586495,0.404665
4.537205,0.395962
4.418111,0.387260
4.370951,0.378558
4.347936,0.369855
4.325490,0.361153
4.303600,0.352450
4.282255,0.343748
4.261444,0.335045
4.241156,0.326343
4.221379,0.317640
4.202106,0.308938
4.183323,0.300235
4.165025,0.291533
4.147200,0.282830
4.129840,0.274128
4.112936,0.265425
4.096482,0.256723
4.080468,0.248020
4.064887,0.239318
4.049731,0.230615
4.034995,0.221913
4.020670,0.213211
4.006751,0.204508
3.993231,0.195806
3.980103,0.187103
3.988636,0.178401
3.976212,0.169698
3.964165,0.160996
3.952492,0.152293
3.983226,0.143591
3.972166,0.134888
3.961468,0.126186
3.951128,0.117483
3.982737,0.108781
3.972998,0.100078
3.963607,0.091376
3.954560,0.082673
3.945855,0.073971
3.937487,0.065269
3.929454,0.056566
3.942230,0.047864
3.934816,0.039161
3.968537,0.030459
3.982072,0.021756
4.016199,0.013054
4.030219,0.004351
4.166144,-0.004351
4.221013,-0.013054
4.417578,-0.021756
4.613973,-0.030459
5.032101,-0.039161
5.308633,-0.047864
5.685616,-0.056566
7.462350,-0.326343
7.047971,-0.335045
6.705417,-0.343748
6.382490,-0.352450
6.095006,-0.361153
5.827266,-0.369855
5.573296,-0.378558
5.563444,-0.387260
5.574510,-0.395963
5.586046,-0.404665
5.577438,-0.413367
5.569218,-0.422070
5.582098,-0.430772
5.595466,-0.439475
5.609326,-0.448177
5.623684,-0.456880
5.638546,-0.465582
5.653919,-0.474285
5.669809,-0.482987
5.686223,-0.491690
5.703167,-0.500392
5.720650,-0.509095
5.738678,-0.517797
5.757261,-0.526500
5.776405,-0.535202
5.796121,-0.543905
5.816415,-0.552607
5.837298,-0.561310
5.858780,-0.570012
3.269442,-0.578714
3.165336,-0.587417
3.149537,-0.596119
3.092099,-0.604822
3.036195,-0.613524
3.025297,-0.622227
2.973357,-0.630929
2.922658,-0.639632
2.873124,-0.648334
2.779347,-0.657037
2.731717,-0.665739
2.689661,-0.674442
2.644745,-0.683144
2.623766,-0.691847
2.580566,-0.700549
2.538094,-0.709252
2.496302,-0.717954
2.455146,-0.726657
2.424909,-0.735359
2.409538,-0.744061
2.370943,-0.752764
2.332822,-0.761466
2.246561,-0.770169
2.208992,-0.778871
2.186596,-0.787574
2.150457,-0.796276
2.139526,-0.804979
2.104128,-0.813681
2.094217,-0.822384
2.052444,-0.831086
2.044010,-0.839789
2.010346,-0.848491
2.028729,-0.857194
2.047998,-0.865896
2.011079,-0.874599
2.005714,-0.883301
2.000832,-0.892003
1.969482,-0.900706
1.965332,-0.909408
1.959742,-0.918111
1.984613,-0.926813
1.982561,-0.935516
1.952885,-0.944218
1.949048,-0.952921
1.960308,-0.961623
1.943759,-0.970326
1.927632,-0.979028
1.966539,-0.987731
1.950781,-0.996433
1.940451,-1.005136
1.969220,-1.013838
1.945099,-1.022541
1.974379,-1.031243
2.003737,-1.039946
1.981412,-1.048648
1.985645,-1.057350
1.990366,-1.066053
2.020936,-1.074755
2.034215,-1.083458
2.065847,-1.092160
2.097691,-1.100863
2.105074,-1.109565
2.147532,-1.118268
2.156497,-1.126970
2.190318,-1.135673
2.224482,-1.144375
2.259016,-1.153078
2.283097,-1.161780
2.319235,-1.170483
2.355848,-1.179185
2.369534,-1.187888
2.422933,-1.196590
2.438812,-1.205293
2.478642,-1.213995
2.502865,-1.222697
2.560393,-1.231400
2.598945,-1.240102
2.597422,-1.248805
2.642281,-1.257507
2.688100,-1.266210
2.757277,-1.274912
2.784158,-1.283615
2.834289,-1.292317
2.885697,-1.301020
2.960436,-1.309722
3.014583,-1.318425
3.070294,-1.327127
3.135599,-1.335830
3.196020,-1.344532
3.233892,-1.353235
3.344403,-1.361937
3.411112,-1.370639
3.501612,-1.379342
3.589491,-1.388044
3.665657,-1.396747
3.766124,-1.405449
3.869887,-1.414152
3.956222,-1.422854
4.071470,-1.431557
4.147367,-1.440259
4.144890,-1.448962
4.127528,-1.457664
4.199667,-1.466367
4.195699,-1.475069
4.259110,-1.483772
4.253612,-1.492474
4.339993,-1.501177
4.375128,-1.509879
4.423614,-1.518582
4.415295,-1.527284
4.468554,-1.535986
4.501597,-1.544689
4.555207,-1.553391
4.588687,-1.562094
4.602140,-1.570796
