scan.pos:0.416736,7.231098,-3.0647500.922723,1.562094
0.922138,1.553391
0.921625,1.544689
0.921182,1.535986
0.920810,1.527284
0.920508,1.518581
0.920276,1.509879
0.920114,1.501177
0.920023,1.492474
0.920001,1.483772
0.920050,1.475069
0.920169,1.466367
0.920358,1.457664
0.920617,1.448962
0.920946,1.440259
0.921346,1.431557
0.921816,1.422854
0.922357,1.414152
0.922969,1.405449
0.923653,1.396747
0.924407,1.388044
0.925234,1.379342
0.926133,1.370639
0.927104,1.361937
0.928147,1.353234
0.929264,1.344532
0.930455,1.335830
0.931720,1.327127
0.933059,1.318425
0.934473,1.309722
0.935964,1.301020
0.937530,1.292317
0.939173,1.283615
0.940894,1.274912
0.942693,1.266210
0.944571,1.257507
0.946529,1.248805
0.948567,1.240102
0.950687,1.231400
0.952889,1.222697
0.955174,1.213995
0.957543,1.205292
0.959997,1.196590
0.962537,1.187888
0.965165,1.179185
0.967880,1.170483
0.970686,1.161780
0.973581,1.153078
0.976569,1.144375
0.979650,1.135673
0.982826,1.126970
0.986097,1.118268
0.989466,1.109565
0.992934,1.100863
0.996503,1.092160
1.000174,1.083458
1.003948,1.074755
1.007828,1.066053
1.011816,1.057350
1.015913,1.048648
1.020122,1.039945
1.024443,1.031243
1.028880,1.022541
1.033435,1.013838
1.050632,1.005136
1.055487,0.996433
1.060468,0.987731
1.065578,0.979028
1.070819,0.970326
1.076195,0.961623
1.081707,0.952921
1.087360,0.944218
1.093156,0.935516
1.099097,0.926813
1.105189,0.918111
1.111433,0.909408
1.117834,0.900706
1.124395,0.892003
1.131121,0.883301
1.138014,0.874598
1.145080,0.865896
1.152323,0.857194
1.159746,0.848491
1.167355,0.839789
1.175155,0.831086
1.183150,0.822384
1.191347,0.813681
1.199749,0.804979
1.208364,0.796276
1.217197,0.787574
1.226254,0.778871
1.235541,0.770169
1.245066,0.761466
1.254835,0.752764
1.264856,0.744061
1.275135,0.735359
1.285682,0.726656
1.296505,0.717954
1.307611,0.709251
1.316611,0.700549
1.315970,0.691847
1.315628,0.683144
1.344694,0.674442
1.345227,0.665739
1.373152,0.657037
1.377166,0.648334
1.405590,0.639632
1.460393,0.630929
1.493068,0.622227
1.495551,0.613524
1.524277,0.604822
1.533446,0.596119
1.527104,0.587417
1.542018,0.578714
1.579306,0.570012
1.609799,0.561309
1.615538,0.552607
1.646403,0.543905
1.761000,0.535202
4.581280,0.526500
4.637908,0.517797
4.684464,0.509095
4.746459,0.500392
4.834723,0.491690
4.901579,0.482987
5.032491,0.474285
5.222340,0.465582
5.297316,0.456880
5.444906,0.448177
5.542812,0.439475
5.627747,0.430772
5.748959,0.422070
5.855990,0.413367
3.969373,0.134888
3.961921,0.126186
3.934394,0.117483
3.846161,0.108781
3.778850,0.100078
3.752646,0.091376
3.747081,0.082673
3.701328,0.073971
3.696416,0.065269
3.691797,0.056566
3.687471,0.047864
3.683435,0.039161
3.679688,0.030459
3.676228,0.021756
3.673054,0.013054
3.670164,0.004351
3.627440,-0.004351
3.605096,-0.013054
3.563018,-0.021756
3.541280,-0.030459
3.539848,-0.039161
3.498665,-0.047864
3.497784,-0.056566
3.497170,-0.065269
3.496822,-0.073971
3.496741,-0.082674
3.496926,-0.091376
3.497377,-0.100078
3.498095,-0.108781
3.499080,-0.117483
3.500332,-0.126186
3.501851,-0.134888
3.503639,-0.143591
3.505696,-0.152293
3.508022,-0.160996
3.510619,-0.169698
3.553679,-0.178401
3.516629,-0.187103
3.520045,-0.195806
3.523735,-0.204508
3.527702,-0.213211
3.531948,-0.221913
3.536473,-0.230616
3.553445,-0.239318
3.551426,-0.248021
3.566828,-0.256723
3.572672,-0.265425
3.608258,-0.274128
3.611317,-0.282830
3.546625,-0.291533
3.382683,-0.300235
3.264567,-0.308938
3.130226,-0.317640
3.040902,-0.326343
2.937752,-0.335045
2.837123,-0.343748
2.759845,-0.352450
2.684987,-0.361153
2.591444,-0.369855
2.515439,-0.378558
2.448524,-0.387260
2.383134,-0.395963
2.319127,-0.404665
2.256376,-0.413367
2.198826,-0.422070
2.161173,-0.430772
2.103167,-0.439475
2.067391,-0.448177
1.999653,-0.456880
1.966785,-0.465582
1.934606,-0.474285
1.881323,-0.482987
1.850292,-0.491690
1.814639,-0.500392
1.785766,-0.509095
1.735242,-0.517797
1.707111,-0.526500
1.679346,-0.535202
1.651982,-0.543905
1.625827,-0.552607
1.599932,-0.561310
1.574275,-0.570012
1.552607,-0.578714
1.528236,-0.587417
1.504023,-0.596119
1.479949,-0.604822
1.463174,-0.613524
1.440141,-0.622227
1.417184,-0.630929
1.394289,-0.639632
1.381796,-0.648334
1.359749,-0.657037
1.337713,-0.665739
1.328303,-0.674442
1.306992,-0.683144
1.285648,-0.691847
1.264259,-0.700549
1.258371,-0.709252
1.237578,-0.717954
1.216701,-0.726657
1.213434,-0.735359
1.193068,-0.744061
1.172583,-0.752764
1.177741,-0.761466
1.151751,-0.770169
1.157700,-0.778871
1.137536,-0.787574
1.113319,-0.796276
1.120059,-0.804979
1.100073,-0.813681
1.104678,-0.822384
1.085002,-0.831086
1.065109,-0.839789
1.071945,-0.848491
1.052315,-0.857194
1.057315,-0.865896
1.048238,-0.874599
1.039395,-0.883301
1.046052,-0.892003
1.037528,-0.900706
1.029221,-0.909408
1.021122,-0.918111
1.013226,-0.926813
1.005528,-0.935516
0.998021,-0.944218
0.990700,-0.952921
0.983560,-0.961623
0.976597,-0.970326
0.969804,-0.979028
0.963178,-0.987731
0.956715,-0.996433
0.950409,-1.005136
0.944257,-1.013838
0.938256,-1.022541
0.932401,-1.031243
0.926689,-1.039946
0.921116,-1.048648
0.915679,-1.057350
0.910374,-1.066053
0.905200,-1.074755
0.900152,-1.083458
0.895227,-1.092160
0.890424,-1.100863
0.885739,-1.109565
0.881170,-1.118268
0.876715,-1.126970
0.872370,-1.135673
0.868134,-1.144375
0.864004,-1.153078
0.859978,-1.161780
0.856055,-1.170483
0.852232,-1.179185
0.848508,-1.187888
0.844879,-1.196590
0.841346,-1.205293
0.837905,-1.213995
0.834556,-1.222697
0.831297,-1.231400
0.828125,-1.240102
0.825041,-1.248805
0.822041,-1.257507
0.819126,-1.266210
0.816293,-1.274912
0.813541,-1.283615
0.810870,-1.292317
0.808277,-1.301020
0.805762,-1.309722
0.803323,-1.318425
0.800960,-1.327127
0.798672,-1.335830
0.796457,-1.344532
0.794315,-1.353235
0.792244,-1.361937
0.790244,-1.370639
0.788314,-1.379342
0.786453,-1.388044
0.784661,-1.396747
0.782936,-1.405449
0.781278,-1.414152
0.779687,-1.422854
0.778161,-1.431557
0.776700,-1.440259
0.775303,-1.448962
0.773970,-1.457664
0.772701,-1.466367
0.771494,-1.475069
0.770350,-1.483772
0.769268,-1.492474
0.768247,-1.501177
0.767287,-1.509879
0.766388,-1.518582
0.765549,-1.527284
0.764770,-1.535986
0.764051,-1.544689
0.763391,-1.553391
0.762791,-1.562094
0.762249,-1.570796
