scan.pos:-0.559798,7.275389,-0.0147500.720078,1.562094
0.720198,1.553391
0.720374,1.544689
0.720604,1.535986
0.720889,1.527284
0.721229,1.518581
0.721624,1.509879
0.722075,1.501177
0.722582,1.492474
0.723144,1.483772
0.723763,1.475069
0.724438,1.466367
0.725169,1.457664
0.725957,1.448962
0.726802,1.440259
0.727705,1.431557
0.728666,1.422854
0.729684,1.414152
0.730762,1.405449
0.731898,1.396747
0.733094,1.388044
0.734349,1.379342
0.735665,1.370639
0.737042,1.361937
0.738481,1.353234
0.739981,1.344532
0.741545,1.335830
0.743171,1.327127
0.744862,1.318425
0.746617,1.309722
0.748438,1.301020
0.750325,1.292317
0.752279,1.283615
0.754301,1.274912
0.756391,1.266210
0.758551,1.257507
0.760782,1.248805
0.763083,1.240102
0.765458,1.231400
0.767905,1.222697
0.770428,1.213995
0.773026,1.205292
0.775701,1.196590
0.778454,1.187888
0.781286,1.179185
0.784199,1.170483
0.787194,1.161780
0.790272,1.153078
0.793435,1.144375
0.796684,1.135673
0.800022,1.126970
0.803448,1.118268
0.806966,1.109565
0.810577,1.100863
0.814283,1.092160
0.818085,1.083458
0.821986,1.074755
0.825988,1.066053
0.830092,1.057350
0.834301,1.048648
0.838617,1.039945
0.843042,1.031243
0.847580,1.022541
0.852232,1.013838
0.857000,1.005136
0.861889,0.996433
0.866899,0.987731
0.872036,0.979028
0.877300,0.970326
0.882697,0.961623
0.888228,0.952921
0.893897,0.944218
0.899708,0.935516
0.905665,0.926813
0.911771,0.918111
0.918030,0.909408
0.924447,0.900706
0.931025,0.892003
0.937770,0.883301
0.944685,0.874598
0.951776,0.865896
0.959048,0.857194
0.966507,0.848491
0.974156,0.839789
0.982004,0.831086
0.990055,0.822384
0.998315,0.813681
1.006792,0.804979
1.015492,0.796276
1.012156,0.787574
1.031417,0.778871
1.022790,0.770169
1.041799,0.761466
1.060578,0.752764
1.052158,0.744061
1.070719,0.735359
1.089074,0.726656
1.080871,0.717954
1.099039,0.709251
1.117025,0.700549
1.134837,0.691847
1.126872,0.683144
1.144538,0.674442
1.144336,0.665739
1.161955,0.657037
1.154505,0.648334
1.181141,0.639632
1.199084,0.630929
1.216914,0.622227
1.221183,0.613524
1.239548,0.604822
1.257830,0.596119
1.264826,0.587417
1.283728,0.578714
1.302580,0.570012
1.336003,0.561309
1.355453,0.552607
1.374893,0.543905
1.387888,0.535202
1.408181,0.526500
1.428510,0.517797
1.445012,0.509095
1.466344,0.500392
1.510347,0.491690
1.531776,0.482987
1.553154,0.474285
1.575830,0.465582
1.598688,0.456880
1.624607,0.448177
1.670964,0.439475
1.695503,0.430772
1.742178,0.422070
1.774623,0.413367
1.801290,0.404665
1.849985,0.395962
1.877479,0.387260
1.918012,0.378558
1.969367,0.369855
2.021243,0.361153
2.069450,0.352450
2.124243,0.343748
2.179833,0.335045
2.236305,0.326343
2.296732,0.317640
2.357293,0.308938
2.440033,0.300235
2.503286,0.291533
2.579942,0.282830
2.669820,0.274128
2.741057,0.265425
2.855917,0.256723
2.955054,0.248020
3.058005,0.239318
3.184943,0.230615
3.295289,0.221913
3.447854,0.213211
3.592655,0.204508
3.784343,0.195806
3.942399,0.187103
4.149308,0.178401
4.390181,0.169698
4.625242,0.160996
4.914978,0.152293
5.221731,0.143591
5.608937,0.134888
6.014125,0.126186
6.533293,0.117483
7.094811,0.108781
2.126021,-0.570012
2.091807,-0.578714
2.057933,-0.587417
1.853782,-0.596119
1.843972,-0.604822
1.776207,-0.613524
1.787544,-0.622227
1.742734,-0.630929
1.734495,-0.639632
1.701402,-0.648334
1.617421,-0.657037
1.609855,-0.665739
1.576850,-0.674442
1.569935,-0.683144
1.484698,-0.691847
1.477986,-0.700549
1.471646,-0.709252
1.438822,-0.717954
1.432990,-0.726657
1.427504,-0.735359
1.394857,-0.744061
1.389817,-0.752764
1.385101,-0.761466
1.380705,-0.770169
1.371174,-0.778871
1.359504,-0.787574
1.348133,-0.796276
1.337051,-0.804979
1.326251,-0.813681
1.315722,-0.822384
1.305459,-0.831086
1.295452,-0.839789
1.285694,-0.848491
1.276179,-0.857194
1.266899,-0.865896
1.257849,-0.874599
1.249021,-0.883301
1.240410,-0.892003
1.232011,-0.900706
1.223817,-0.909408
1.215823,-0.918111
1.208024,-0.926813
1.200415,-0.935516
1.192992,-0.944218
1.185750,-0.952921
1.178685,-0.961623
1.171792,-0.970326
1.165067,-0.979028
1.158090,-0.987731
1.152108,-0.996433
1.145865,-1.005136
1.139777,-1.013838
1.133838,-1.022541
1.128047,-1.031243
1.122399,-1.039946
1.116892,-1.048648
1.111524,-1.057350
1.106290,-1.066053
1.101189,-1.074755
1.096218,-1.083458
1.091375,-1.092160
1.086656,-1.100863
1.082060,-1.109565
1.077585,-1.118268
1.073228,-1.126970
1.068986,-1.135673
1.064860,-1.144375
1.060845,-1.153078
1.056941,-1.161780
1.053145,-1.170483
1.049456,-1.179185
1.045872,-1.187888
1.042392,-1.196590
1.039013,-1.205293
1.035735,-1.213995
1.032556,-1.222697
1.029475,-1.231400
1.026490,-1.240102
1.023600,-1.248805
1.020803,-1.257507
1.018100,-1.266210
1.015487,-1.274912
1.012965,-1.283615
1.010532,-1.292317
1.008188,-1.301020
1.005931,-1.309722
1.003760,-1.318425
1.001674,-1.327127
0.999673,-1.335830
0.997756,-1.344532
0.995923,-1.353235
0.994171,-1.361937
0.992501,-1.370639
0.990912,-1.379342
0.989403,-1.388044
0.987974,-1.396747
0.986624,-1.405449
0.985352,-1.414152
0.984159,-1.422854
0.983044,-1.431557
0.982005,-1.440259
0.981044,-1.448962
0.980159,-1.457664
0.979350,-1.466367
0.978617,-1.475069
0.977959,-1.483772
0.977377,-1.492474
0.976869,-1.501177
0.976437,-1.509879
0.976079,-1.518582
0.975796,-1.527284
0.975587,-1.535986
0.975452,-1.544689
0.975392,-1.553391
0.975406,-1.562094
0.975495,-1.570796
