scan.pos:1.056650,6.990092,2.7684350.816168,1.562094
0.818997,1.553391
0.821909,1.544689
0.824904,1.535986
0.827985,1.527284
0.809280,1.518581
0.790492,1.509879
0.793661,1.501177
0.796916,1.492474
0.800260,1.483772
0.803693,1.475069
0.807218,1.466367
0.810835,1.457664
0.814548,1.448962
0.818357,1.440259
0.822265,1.431557
0.826274,1.422854
0.830385,1.414152
0.834601,1.405449
0.838925,1.396747
0.843358,1.388044
0.847904,1.379342
0.852564,1.370639
0.857341,1.361937
0.862238,1.353234
0.843167,1.344532
0.823936,1.335830
0.841219,1.327127
0.846400,1.318425
0.851710,1.309722
0.857154,1.301020
0.862733,1.292317
0.868452,1.283615
0.874315,1.274912
0.880325,1.266210
0.886486,1.257507
0.892802,1.248805
0.899277,1.240102
0.905917,1.231400
0.912726,1.222697
0.919709,1.213995
0.926870,1.205292
0.934215,1.196590
0.941750,1.187888
0.949480,1.179185
0.957412,1.170483
0.965552,1.161780
0.973906,1.153078
0.973468,1.144375
0.970416,1.135673
0.995209,1.126970
0.994226,1.118268
0.992100,1.109565
1.017158,1.100863
1.018621,1.092160
1.044004,1.083458
1.042866,1.074755
1.046843,1.066053
1.072651,1.057350
1.072549,1.048648
1.079137,1.039945
1.105480,1.031243
1.106485,1.022541
1.132836,1.013838
1.142818,1.005136
1.145024,0.996433
1.172121,0.987731
1.185071,0.979028
1.188596,0.970326
1.216600,0.961623
1.220633,0.952921
1.237730,0.944218
1.266831,0.935516
1.272428,0.926813
1.301900,0.918111
1.323498,0.909408
1.330869,0.900706
1.361811,0.892003
1.369982,0.883301
1.396846,0.874598
1.429562,0.865896
1.439938,0.857194
1.473464,0.848491
1.483853,0.839789
1.519276,0.831086
1.555198,0.822384
1.569480,0.813681
1.606621,0.804979
1.626403,0.796276
1.666055,0.787574
1.706482,0.778871
1.726000,0.770169
1.768248,0.761466
1.799821,0.752764
1.953062,0.744061
1.999561,0.735359
2.047361,0.726656
2.090812,0.717954
4.617422,0.500392
4.531591,0.491690
4.486561,0.482987
4.421849,0.474285
4.377690,0.465582
4.354021,0.456880
4.310654,0.448177
4.307781,0.439475
4.305239,0.430772
4.303027,0.422070
4.301145,0.413367
4.299592,0.404665
4.298368,0.395962
4.297471,0.387260
4.296902,0.378558
4.236660,0.369855
4.196743,0.361153
4.177144,0.352450
4.177863,0.343748
4.138879,0.335045
4.140223,0.326343
4.141883,0.317640
4.143860,0.308938
4.146155,0.300235
4.148769,0.291533
4.151702,0.282830
4.154956,0.274128
4.158533,0.265425
4.162432,0.256723
4.166656,0.248020
4.171207,0.239318
4.176087,0.230615
4.181296,0.221913
4.186839,0.213211
4.192715,0.204508
4.198928,0.195806
4.205480,0.187103
4.229093,0.178401
4.233404,0.169698
4.229752,0.160996
4.237095,0.152293
4.287626,0.143591
4.234903,0.134888
4.107152,0.126186
3.944400,0.117483
3.828493,0.108781
3.683741,0.100078
3.579912,0.091376
3.480090,0.082673
3.383905,0.073971
3.291026,0.065269
3.199062,0.056566
3.113834,0.047864
3.031029,0.039161
2.950442,0.030459
2.871884,0.021756
2.823098,0.013054
2.749703,0.004351
2.699295,-0.004351
2.628868,-0.013054
2.581341,-0.021756
2.527113,-0.030459
2.483343,-0.039161
2.418806,-0.047864
2.377087,-0.056566
2.332884,-0.065269
2.294076,-0.073971
2.256074,-0.082674
2.218822,-0.091376
2.159848,-0.100078
2.125408,-0.108781
2.090942,-0.117483
2.057019,-0.126186
2.023602,-0.134888
1.995793,-0.143591
1.964132,-0.152293
1.932859,-0.160996
1.901944,-0.169698
1.879806,-0.178401
1.850320,-0.187103
1.821100,-0.195806
1.792124,-0.204508
1.774919,-0.213211
1.771203,-0.221913
1.743709,-0.230616
1.716367,-0.239318
1.703676,-0.248021
1.677307,-0.256723
1.651028,-0.265425
1.624822,-0.274128
1.616066,-0.282830
1.590665,-0.291533
1.565284,-0.300235
1.559428,-0.308938
1.534745,-0.317640
1.536095,-0.326343
1.511533,-0.335045
1.509262,-0.343748
1.485285,-0.352450
1.461226,-0.361153
1.461548,-0.369855
1.437997,-0.378558
1.414322,-0.387260
1.417149,-0.395963
1.393913,-0.404665
1.398739,-0.413367
1.390740,-0.422070
1.378918,-0.430772
1.367398,-0.439475
1.356172,-0.448177
1.345230,-0.456880
1.334565,-0.465582
1.324167,-0.474285
1.314029,-0.482987
1.304144,-0.491690
1.294504,-0.500392
1.285103,-0.509095
1.275934,-0.517797
1.266991,-0.526500
1.258267,-0.535202
1.249757,-0.543905
1.241455,-0.552607
1.233356,-0.561310
1.225455,-0.570012
1.217747,-0.578714
1.210227,-0.587417
1.202890,-0.596119
1.195732,-0.604822
1.188748,-0.613524
1.181935,-0.622227
1.175289,-0.630929
1.168806,-0.639632
1.162482,-0.648334
1.156313,-0.657037
1.162024,-0.665739
1.156097,-0.674442
1.150317,-0.683144
1.144682,-0.691847
1.139187,-0.700549
1.133832,-0.709252
1.128611,-0.717954
1.123524,-0.726657
1.118568,-0.735359
1.113739,-0.744061
1.109036,-0.752764
1.104456,-0.761466
1.099997,-0.770169
1.095657,-0.778871
1.091435,-0.787574
1.087327,-0.796276
1.083332,-0.804979
1.079448,-0.813681
1.075673,-0.822384
1.072007,-0.831086
1.068446,-0.839789
1.064990,-0.848491
1.061636,-0.857194
1.058384,-0.865896
1.055232,-0.874599
1.052179,-0.883301
1.049222,-0.892003
1.046362,-0.900706
1.043597,-0.909408
1.040925,-0.918111
1.038346,-0.926813
1.035858,-0.935516
1.033461,-0.944218
1.031153,-0.952921
1.028933,-0.961623
1.026801,-0.970326
1.024756,-0.979028
1.022797,-0.987731
1.020923,-0.996433
1.019133,-1.005136
1.017426,-1.013838
1.015803,-1.022541
1.014262,-1.031243
1.012802,-1.039946
1.011424,-1.048648
1.010126,-1.057350
1.008909,-1.066053
1.007770,-1.074755
1.006711,-1.083458
1.005731,-1.092160
1.004829,-1.100863
1.004005,-1.109565
1.003259,-1.118268
1.002591,-1.126970
1.001999,-1.135673
1.001484,-1.144375
1.001046,-1.153078
1.000685,-1.161780
1.000400,-1.170483
1.000191,-1.179185
1.000059,-1.187888
1.000002,-1.196590
1.000022,-1.205293
1.000118,-1.213995
1.000290,-1.222697
1.000539,-1.231400
1.000864,-1.240102
1.001265,-1.248805
1.001743,-1.257507
1.002298,-1.266210
1.002930,-1.274912
1.003639,-1.283615
1.004425,-1.292317
1.005290,-1.301020
1.006233,-1.309722
1.007254,-1.318425
1.008354,-1.327127
1.009533,-1.335830
1.010793,-1.344532
1.012133,-1.353235
1.013553,-1.361937
1.015055,-1.370639
1.016639,-1.379342
1.018306,-1.388044
1.020055,-1.396747
1.021889,-1.405449
1.023808,-1.414152
1.025812,-1.422854
1.027902,-1.431557
1.030079,-1.440259
1.032345,-1.448962
1.034699,-1.457664
1.037144,-1.466367
1.039679,-1.475069
1.042306,-1.483772
1.045027,-1.492474
1.047841,-1.501177
1.050751,-1.509879
1.053758,-1.518582
1.056863,-1.527284
1.060067,-1.535986
1.063372,-1.544689
1.066779,-1.553391
1.070289,-1.562094
1.073905,-1.570796
