scan.pos:-1.971696,-3.429536,1.6852506.068005,1.562094
6.062155,1.553391
6.056776,1.544689
6.051867,1.535986
6.047427,1.527284
6.043453,1.518581
6.039944,1.509879
6.036899,1.501177
6.034316,1.492474
6.032194,1.483772
6.030533,1.475069
2.068657,1.466367
2.068402,1.457664
2.028305,1.448962
2.008364,1.440259
2.008576,1.431557
1.968928,1.422854
1.969436,1.414152
1.970094,1.405449
1.950876,1.396747
1.871681,1.388044
1.872735,1.379342
1.873934,1.370639
1.875276,1.361937
1.876764,1.353234
1.878397,1.344532
1.880177,1.335830
1.882103,1.327127
1.884177,1.318425
1.886399,1.309722
1.888770,1.301020
1.891292,1.292317
1.893965,1.283615
1.896790,1.274912
1.899768,1.266210
1.902901,1.257507
1.906190,1.248805
1.909635,1.240102
1.913239,1.231400
1.917003,1.222697
1.920929,1.213995
1.925017,1.205292
1.929270,1.196590
1.933690,1.187888
1.938278,1.179185
1.943036,1.170483
1.947966,1.161780
1.953070,1.153078
1.958350,1.144375
1.963810,1.135673
1.969450,1.126970
1.975273,1.118268
1.981282,1.109565
1.987480,1.100863
1.993869,1.092160
2.000452,1.083458
2.007232,1.074755
2.014212,1.066053
2.021395,1.057350
2.028785,1.048648
2.036385,1.039945
2.044198,1.031243
2.052228,1.022541
2.060479,1.013838
2.068954,1.005136
2.077659,0.996433
2.086597,0.987731
2.095772,0.979028
2.105190,0.970326
2.114854,0.961623
2.124770,0.952921
2.134942,0.944218
2.145377,0.935516
2.156079,0.926813
2.167054,0.918111
2.178309,0.909408
2.189848,0.900706
2.201679,0.892003
2.213808,0.883301
2.226242,0.874598
2.238988,0.865896
2.252053,0.857194
2.265445,0.848491
2.279172,0.839789
2.293242,0.831086
2.307663,0.822384
2.322445,0.813681
2.337597,0.804979
2.353128,0.796276
2.369049,0.787574
2.385369,0.778871
2.402100,0.770169
2.419253,0.761466
2.436840,0.752764
2.454872,0.744061
2.473363,0.735359
2.492326,0.726656
2.511775,0.717954
2.531723,0.709251
2.552188,0.700549
2.573183,0.691847
2.594726,0.683144
2.616833,0.674442
2.639524,0.665739
2.644910,0.657037
2.676396,0.648334
2.708029,0.639632
2.712457,0.630929
2.744668,0.622227
2.780005,0.613524
2.813155,0.604822
2.820040,0.596119
2.853927,0.587417
2.888116,0.578714
2.922631,0.570012
2.957499,0.561309
2.973680,0.552607
6.355567,0.335045
6.306633,0.326343
6.192350,0.317640
6.145433,0.308938
6.121257,0.300235
6.097734,0.291533
6.074851,0.282830
6.052599,0.274128
6.030966,0.265425
6.009944,0.256723
5.989523,0.248020
5.969693,0.239318
5.950445,0.230615
5.931771,0.221913
5.913663,0.213211
5.896113,0.204508
5.879113,0.195806
5.862657,0.187103
5.846735,0.178401
5.852209,0.169698
5.837286,0.160996
5.822882,0.152293
5.850412,0.143591
5.836931,0.134888
5.865190,0.126186
5.852624,0.117483
5.840556,0.108781
5.828980,0.100078
5.817893,0.091376
5.807288,0.082673
5.817542,0.073971
5.848547,0.065269
5.900208,0.056566
5.992722,0.047864
6.105672,0.039161
6.340124,0.030459
6.816836,0.021756
7.252540,0.013054
7.687788,0.004351
7.637766,-0.230616
7.363523,-0.239318
7.351466,-0.248021
7.360137,-0.256723
7.328951,-0.265425
7.338736,-0.274128
7.349107,-0.282830
7.360069,-0.291533
7.371625,-0.300235
7.383781,-0.308938
7.396543,-0.317640
4.846133,-0.326343
4.704171,-0.335045
4.571980,-0.343748
4.325092,-0.352450
4.110640,-0.361153
3.830585,-0.369855
3.715161,-0.378558
3.599481,-0.387260
3.566716,-0.395963
3.513208,-0.404665
3.480598,-0.413367
3.469045,-0.422070
3.415648,-0.430772
3.383293,-0.439475
3.393297,-0.448177
3.361201,-0.456880
3.350440,-0.465582
3.361210,-0.474285
3.372308,-0.482987
3.340763,-0.491690
3.352380,-0.500392
3.364336,-0.509095
3.376635,-0.517797
3.389283,-0.526500
3.402287,-0.535202
3.415652,-0.543905
3.429385,-0.552607
3.443491,-0.561310
3.457979,-0.570012
3.472855,-0.578714
3.488126,-0.587417
3.503800,-0.596119
3.519884,-0.604822
3.536388,-0.613524
3.553319,-0.622227
3.570686,-0.630929
3.588498,-0.639632
3.606765,-0.648334
3.625496,-0.657037
3.644702,-0.665739
3.664393,-0.674442
3.684581,-0.683144
3.681443,-0.691847
3.702521,-0.700549
3.724126,-0.709252
3.746272,-0.717954
3.768971,-0.726657
3.789915,-0.735359
3.816086,-0.744061
3.840530,-0.752764
3.865586,-0.761466
3.891270,-0.770169
3.917597,-0.778871
3.944585,-0.787574
3.972252,-0.796276
4.000617,-0.804979
4.029699,-0.813681
4.059519,-0.822384
4.090096,-0.831086
4.121455,-0.839789
4.153616,-0.848491
4.186605,-0.857194
4.220446,-0.865896
4.255165,-0.874599
4.290789,-0.883301
4.327348,-0.892003
4.364870,-0.900706
1.167220,-0.909408
1.157320,-0.918111
1.120074,-0.926813
1.110898,-0.935516
1.101955,-0.944218
1.093237,-0.952921
1.084737,-0.961623
1.076451,-0.970326
1.068370,-0.979028
1.060490,-0.987731
1.052806,-0.996433
1.045310,-1.005136
1.038000,-1.013838
1.030869,-1.022541
1.023912,-1.031243
1.017126,-1.039946
1.010505,-1.048648
1.004046,-1.057350
0.997745,-1.066053
0.991597,-1.074755
0.985600,-1.083458
0.979748,-1.092160
0.974039,-1.100863
0.968470,-1.109565
0.963037,-1.118268
0.957737,-1.126970
0.952568,-1.135673
0.947525,-1.144375
0.942608,-1.153078
0.937811,-1.161780
0.933135,-1.170483
0.928575,-1.179185
0.924129,-1.187888
0.919795,-1.196590
0.915572,-1.205293
0.911456,-1.213995
0.907445,-1.222697
0.903539,-1.231400
0.899734,-1.240102
0.896029,-1.248805
0.892421,-1.257507
0.888911,-1.266210
0.885495,-1.274912
0.882172,-1.283615
0.878940,-1.292317
0.875799,-1.301020
0.872746,-1.309722
0.869781,-1.318425
0.866901,-1.327127
0.864106,-1.335830
0.861394,-1.344532
0.858765,-1.353235
0.856216,-1.361937
0.853747,-1.370639
0.851358,-1.379342
0.836812,-1.388044
0.834609,-1.396747
0.832480,-1.405449
0.830426,-1.414152
0.828445,-1.422854
0.826536,-1.431557
0.824698,-1.440259
0.822932,-1.448962
0.821235,-1.457664
0.819607,-1.466367
0.818048,-1.475069
0.816557,-1.483772
0.815133,-1.492474
0.813777,-1.501177
0.812486,-1.509879
0.811261,-1.518582
0.810102,-1.527284
0.809007,-1.535986
0.807977,-1.544689
0.807011,-1.553391
0.806108,-1.562094
0.805269,-1.570796
