scan.pos:1.280134,6.902598,2.7684350.794690,1.562094
0.797445,1.553391
0.800280,1.544689
0.803196,1.535986
0.784407,1.527284
0.765535,1.518581
0.768534,1.509879
0.771615,1.501177
0.774780,1.492474
0.778031,1.483772
0.781368,1.475069
0.784795,1.466367
0.788312,1.457664
0.791921,1.448962
0.795625,1.440259
0.799424,1.431557
0.803321,1.422854
0.807319,1.414152
0.811418,1.405449
0.815622,1.396747
0.819932,1.388044
0.824351,1.379342
0.828881,1.370639
0.833526,1.361937
0.814335,1.353234
0.819076,1.344532
0.823936,1.335830
0.828916,1.327127
0.834022,1.318425
0.839255,1.309722
0.844618,1.301020
0.850116,1.292317
0.855752,1.283615
0.861529,1.274912
0.867450,1.266210
0.873521,1.257507
0.879745,1.248805
0.886126,1.240102
0.866414,1.231400
0.872926,1.222697
0.852949,1.213995
0.859590,1.205292
0.866403,1.196590
0.873391,1.187888
0.880560,1.179185
0.887916,1.170483
0.895465,1.161780
0.903212,1.153078
0.899148,1.144375
0.919364,1.135673
0.911684,1.126970
0.931599,1.118268
0.924083,1.109565
0.943720,1.100863
0.963120,1.092160
0.955747,1.083458
0.948557,1.074755
0.941545,1.066053
0.934707,1.057350
0.928038,1.048648
0.947132,1.039945
0.951797,1.031243
0.971270,1.022541
0.990572,1.013838
0.993403,1.005136
1.013107,0.996433
1.017803,0.987731
1.037962,0.979028
1.044601,0.970326
1.065275,0.961623
1.061841,0.952921
1.095204,0.944218
1.092655,0.935516
1.104317,0.926813
1.126336,0.918111
1.148333,0.909408
1.163107,0.900706
1.185925,0.892003
1.203228,0.883301
1.226980,0.874598
1.250809,0.865896
1.249136,0.857194
1.274188,0.848491
1.299386,0.839789
1.324645,0.831086
1.351184,0.822384
1.377959,0.813681
1.407930,0.804979
1.414329,0.796276
1.443164,0.787574
1.478640,0.778871
1.509453,0.770169
1.549427,0.761466
1.576138,0.752764
1.592141,0.744061
1.608153,0.735359
1.678591,0.726656
1.716142,0.717954
1.754638,0.709251
1.812889,0.700549
1.855239,0.691847
1.898895,0.683144
1.968079,0.674442
2.163190,0.665739
2.213240,0.657037
2.274873,0.648334
4.993423,0.482987
4.767301,0.474285
4.742929,0.465582
4.658720,0.456880
4.635192,0.448177
4.591999,0.439475
4.569249,0.430772
4.526842,0.422070
4.524862,0.413367
4.523229,0.404665
4.521940,0.395962
4.520997,0.387260
4.520398,0.378558
4.520144,0.369855
4.520233,0.361153
4.460660,0.352450
4.461429,0.343748
4.402504,0.335045
4.403934,0.326343
4.365649,0.317640
4.367733,0.308938
4.370152,0.300235
4.372907,0.291533
4.375999,0.282830
4.379429,0.274128
4.383198,0.265425
4.387308,0.256723
4.391761,0.248020
4.396558,0.239318
4.401701,0.230615
4.407192,0.221913
4.453518,0.213211
4.419227,0.204508
4.425776,0.195806
4.432682,0.187103
4.439949,0.178401
4.447578,0.169698
4.465491,0.160996
4.467711,0.152293
4.480167,0.143591
4.538733,0.134888
4.468979,0.126186
4.302866,0.117483
4.168084,0.108781
4.015575,0.100078
3.909119,0.091376
3.798509,0.082673
3.681420,0.073971
3.567595,0.065269
3.477745,0.056566
3.390501,0.047864
3.307835,0.039161
3.227440,0.030459
3.132851,0.021756
3.057972,0.013054
3.006192,0.004351
2.944205,-0.004351
2.853940,-0.013054
2.808045,-0.021756
2.755444,-0.030459
2.691507,-0.039161
2.650383,-0.047864
2.583796,-0.056566
2.545666,-0.065269
2.486264,-0.073971
2.448356,-0.082674
2.413562,-0.091376
2.357025,-0.100078
2.325005,-0.108781
2.270318,-0.117483
2.242072,-0.126186
2.211818,-0.134888
2.182008,-0.143591
2.135533,-0.152293
2.107238,-0.160996
2.079284,-0.169698
2.060091,-0.178401
2.009985,-0.187103
1.993580,-0.195806
1.968162,-0.204508
1.942948,-0.213211
1.930224,-0.221913
1.906109,-0.230616
1.871544,-0.239318
1.848280,-0.248021
1.825119,-0.256723
1.793169,-0.265425
1.770723,-0.274128
1.765723,-0.282830
1.744076,-0.291533
1.715752,-0.300235
1.694663,-0.308938
1.693793,-0.317640
1.673380,-0.326343
1.648318,-0.335045
1.628336,-0.343748
1.604694,-0.352450
1.585084,-0.361153
1.589867,-0.369855
1.570790,-0.378558
1.550008,-0.387260
1.531206,-0.395963
1.511665,-0.404665
1.521315,-0.413367
1.513661,-0.422070
1.500794,-0.430772
1.488257,-0.439475
1.476038,-0.448177
1.464130,-0.456880
1.452521,-0.465582
1.441204,-0.474285
1.430171,-0.482987
1.419412,-0.491690
1.412318,-0.500392
1.402061,-0.509095
1.392058,-0.517797
1.382300,-0.526500
1.372783,-0.535202
1.363498,-0.543905
1.354441,-0.552607
1.345605,-0.561310
1.336985,-0.570012
1.328575,-0.578714
1.320370,-0.587417
1.312366,-0.596119
1.304556,-0.604822
1.296937,-0.613524
1.289504,-0.622227
1.282253,-0.630929
1.275180,-0.639632
1.268280,-0.648334
1.261550,-0.657037
1.254986,-0.665739
1.248585,-0.674442
1.242343,-0.683144
1.236256,-0.691847
1.230322,-0.700549
1.224538,-0.709252
1.218900,-0.717954
1.213406,-0.726657
1.208053,-0.735359
1.202838,-0.744061
1.197759,-0.752764
1.192812,-0.761466
1.187997,-0.770169
1.183310,-0.778871
1.178749,-0.787574
1.174313,-0.796276
1.169998,-0.804979
1.165804,-0.813681
1.161727,-0.822384
1.157767,-0.831086
1.153922,-0.839789
1.150189,-0.848491
1.146567,-0.857194
1.143055,-0.865896
1.139651,-0.874599
1.136353,-0.883301
1.133160,-0.892003
1.130071,-0.900706
1.127084,-0.909408
1.124199,-0.918111
1.121414,-0.926813
1.118727,-0.935516
1.116138,-0.944218
1.113645,-0.952921
1.111248,-0.961623
1.108945,-0.970326
1.106737,-0.979028
1.104621,-0.987731
1.102596,-0.996433
1.100663,-1.005136
1.098820,-1.013838
1.097067,-1.022541
1.095403,-1.031243
1.093827,-1.039946
1.092338,-1.048648
1.090936,-1.057350
1.089621,-1.066053
1.088392,-1.074755
1.087248,-1.083458
1.086190,-1.092160
1.085216,-1.100863
1.084326,-1.109565
1.083520,-1.118268
1.082798,-1.126970
1.082159,-1.135673
1.081603,-1.144375
1.081130,-1.153078
1.080739,-1.161780
1.080432,-1.170483
1.080206,-1.179185
1.080063,-1.187888
1.080002,-1.196590
1.080024,-1.205293
1.080127,-1.213995
1.080313,-1.222697
1.080582,-1.231400
1.080933,-1.240102
1.081366,-1.248805
1.081882,-1.257507
1.082482,-1.266210
1.083164,-1.274912
1.083930,-1.283615
1.084779,-1.292317
1.085713,-1.301020
1.086731,-1.309722
1.087834,-1.318425
1.089022,-1.327127
1.090296,-1.335830
1.091656,-1.344532
1.093103,-1.353235
1.094637,-1.361937
1.096259,-1.370639
1.097970,-1.379342
1.099770,-1.388044
1.101660,-1.396747
1.103640,-1.405449
1.105712,-1.414152
1.107877,-1.422854
1.110134,-1.431557
1.112486,-1.440259
1.114933,-1.448962
1.117475,-1.457664
1.120115,-1.466367
1.122853,-1.475069
1.125691,-1.483772
1.128629,-1.492474
1.131669,-1.501177
1.134812,-1.509879
1.138059,-1.518582
1.141412,-1.527284
1.144872,-1.535986
1.148442,-1.544689
1.152121,-1.553391
1.155912,-1.562094
1.159818,-1.570796
