scan.pos:6.315317,4.854455,-0.3647503.345645,1.562094
3.356959,1.553391
3.368606,1.544689
3.380594,1.535986
3.392926,1.527284
3.405608,1.518581
3.418648,1.509879
3.432049,1.501177
3.445820,1.492474
3.459966,1.483772
3.493106,1.475069
3.491321,1.466367
3.514347,1.457664
3.539870,1.448962
3.545189,1.440259
3.484451,1.431557
3.425146,1.422854
3.372360,1.414152
3.316523,1.405449
3.261867,1.396747
3.231629,1.388044
3.179252,1.379342
3.127863,1.370639
3.087450,1.361937
3.038633,1.353234
3.014584,1.344532
2.967480,1.335830
2.921094,1.327127
2.899767,1.318425
2.869379,1.309722
2.825765,1.301020
2.782698,1.292317
2.765151,1.283615
2.723235,1.274912
2.707106,1.266210
2.659536,1.257507
2.645253,1.248805
2.605798,1.240102
2.566660,1.231400
2.549474,1.222697
2.538047,1.213995
2.500595,1.205292
2.463350,1.196590
2.453370,1.187888
2.441901,1.179185
2.406064,1.170483
2.398095,1.161780
2.362692,1.153078
2.355591,1.144375
2.338007,1.135673
2.318145,1.126970
2.298792,1.118268
2.279931,1.109565
2.261548,1.100863
2.243629,1.092160
2.226159,1.083458
2.209127,1.074755
2.192519,1.066053
2.176323,1.057350
2.160528,1.048648
2.145123,1.039945
2.130097,1.031243
2.115440,1.022541
2.101142,1.013838
2.087194,1.005136
2.073587,0.996433
2.060312,0.987731
2.047361,0.979028
2.034726,0.970326
2.022399,0.961623
2.010372,0.952921
1.998639,0.944218
1.987193,0.935516
1.976026,0.926813
1.965133,0.918111
1.954508,0.909408
1.944144,0.900706
1.934036,0.892003
1.924178,0.883301
1.914566,0.874598
1.905193,0.865896
1.896055,0.857194
1.887148,0.848491
1.878466,0.839789
1.870005,0.831086
1.861762,0.822384
1.853732,0.813681
1.845910,0.804979
1.838293,0.796276
1.830878,0.787574
1.823661,0.778871
1.816639,0.770169
1.809807,0.761466
1.803164,0.752764
1.796705,0.744061
1.790428,0.735359
1.784331,0.726656
1.778410,0.717954
1.772662,0.709251
1.767086,0.700549
1.761679,0.691847
1.756437,0.683144
1.751360,0.674442
1.746445,0.665739
1.741690,0.657037
1.737092,0.648334
1.732650,0.639632
1.728362,0.630929
1.724226,0.622227
1.720241,0.613524
1.716404,0.604822
1.712715,0.596119
1.709171,0.587417
1.705772,0.578714
1.702515,0.570012
1.699401,0.561309
1.696426,0.552607
1.693591,0.543905
1.690893,0.535202
1.688333,0.526500
1.685908,0.517797
1.683619,0.509095
1.681463,0.500392
1.679441,0.491690
1.677551,0.482987
1.675793,0.474285
1.674166,0.465582
1.672669,0.456880
1.671303,0.448177
1.670065,0.439475
1.668957,0.430772
1.667976,0.422070
1.667124,0.413367
1.666400,0.404665
1.665803,0.395962
1.665333,0.387260
1.664990,0.378558
1.664774,0.369855
1.664685,0.361153
1.664723,0.352450
1.664887,0.343748
1.665179,0.335045
1.665597,0.326343
1.666142,0.317640
1.666815,0.308938
1.667616,0.300235
1.668544,0.291533
1.669600,0.282830
1.670785,0.274128
1.672100,0.265425
1.673544,0.256723
1.675118,0.248020
1.676822,0.239318
1.678659,0.230615
1.680627,0.221913
1.682728,0.213211
1.684964,0.204508
1.687333,0.195806
1.689838,0.187103
1.692480,0.178401
1.695260,0.169698
1.698178,0.160996
1.701235,0.152293
1.704434,0.143591
1.707776,0.134888
1.711261,0.126186
1.714891,0.117483
1.718668,0.108781
1.722592,0.100078
1.726667,0.091376
1.730893,0.082673
1.735272,0.073971
1.739807,0.065269
1.744498,0.056566
1.749348,0.047864
1.754359,0.039161
1.759534,0.030459
1.764873,0.021756
1.770381,0.013054
1.776059,0.004351
1.781909,-0.004351
1.787935,-0.013054
1.794138,-0.021756
1.800523,-0.030459
1.807091,-0.039161
1.813846,-0.047864
1.820791,-0.056566
1.827928,-0.065269
1.835263,-0.073971
1.842797,-0.082674
1.850535,-0.091376
1.858481,-0.100078
1.866637,-0.108781
1.875009,-0.117483
1.883601,-0.126186
1.892416,-0.134888
1.901460,-0.143591
1.910737,-0.152293
1.920251,-0.160996
1.930009,-0.169698
1.940015,-0.178401
1.950274,-0.187103
1.960793,-0.195806
1.971577,-0.204508
1.982632,-0.213211
1.993964,-0.221913
2.005580,-0.230616
2.017487,-0.239318
2.029691,-0.248021
2.042201,-0.256723
2.055022,-0.265425
2.068165,-0.274128
2.081636,-0.282830
2.095445,-0.291533
2.109600,-0.300235
2.124110,-0.308938
2.138985,-0.317640
2.154235,-0.326343
2.169871,-0.335045
2.185903,-0.343748
2.202343,-0.352450
2.219202,-0.361153
2.236492,-0.369855
2.254228,-0.378558
2.272421,-0.387260
2.291086,-0.395963
2.310238,-0.404665
2.329891,-0.413367
2.350063,-0.422070
2.357779,-0.430772
2.390585,-0.439475
2.395854,-0.448177
2.430948,-0.456880
2.437613,-0.465582
2.471811,-0.474285
2.482805,-0.482987
2.518068,-0.491690
2.553544,-0.500392
2.563113,-0.509095
2.604702,-0.517797
2.615909,-0.526500
2.653391,-0.535202
2.672798,-0.543905
2.711709,-0.552607
2.751028,-0.561310
2.765875,-0.570012
2.815458,-0.578714
2.856923,-0.587417
2.874491,-0.596119
2.917240,-0.604822
2.960612,-0.613524
2.992762,-0.622227
3.038262,-0.630929
3.060783,-0.639632
3.107985,-0.648334
3.147247,-0.657037
3.197016,-0.665739
3.247764,-0.674442
3.299552,-0.683144
3.352444,-0.691847
3.401852,-0.700549
3.458037,-0.709252
3.515561,-0.717954
3.574509,-0.726657
3.633936,-0.735359
3.696963,-0.744061
3.761724,-0.752764
3.828329,-0.761466
3.830640,-0.770169
3.821332,-0.778871
3.806268,-0.787574
3.791611,-0.796276
3.777353,-0.804979
3.763487,-0.813681
3.750007,-0.822384
3.736907,-0.831086
3.724180,-0.839789
3.711822,-0.848491
3.699826,-0.857194
3.645727,-0.865896
3.634570,-0.874599
3.623757,-0.883301
3.592241,-0.892003
3.582159,-0.900706
3.572405,-0.909408
3.562975,-0.918111
3.553864,-0.926813
3.545069,-0.935516
3.536586,-0.944218
3.528411,-0.952921
3.520542,-0.961623
3.512975,-0.970326
3.505707,-0.979028
3.498734,-0.987731
3.492054,-0.996433
3.485666,-1.005136
3.479564,-1.013838
3.473748,-1.022541
3.468216,-1.031243
3.462964,-1.039946
3.457991,-1.048648
3.453295,-1.057350
3.448874,-1.066053
3.444726,-1.074755
3.400541,-1.083458
3.396977,-1.092160
3.393679,-1.100863
3.390645,-1.109565
3.387875,-1.118268
3.385366,-1.126970
3.343016,-1.135673
3.341053,-1.144375
3.339346,-1.153078
3.337895,-1.161780
3.336699,-1.170483
3.335758,-1.179185
3.335071,-1.187888
3.334639,-1.196590
3.334460,-1.205293
3.334536,-1.213995
3.334865,-1.222697
3.335449,-1.231400
3.336287,-1.240102
3.337379,-1.248805
3.338727,-1.257507
3.340330,-1.266210
3.342189,-1.274912
3.344305,-1.283615
3.346679,-1.292317
3.349312,-1.301020
3.352204,-1.309722
3.355357,-1.318425
3.358772,-1.327127
3.362450,-1.335830
3.366393,-1.344532
3.370602,-1.353235
3.375079,-1.361937
3.379826,-1.370639
3.384844,-1.379342
3.390135,-1.388044
3.393688,-1.396747
3.383540,-1.405449
3.403863,-1.414152
3.412681,-1.422854
3.408925,-1.431557
3.412220,-1.440259
3.421025,-1.448962
3.439459,-1.457664
3.421571,-1.466367
3.428880,-1.475069
3.440367,-1.483772
3.434860,-1.492474
2.778739,-1.501177
2.696409,-1.509879
2.637453,-1.518582
2.559686,-1.527284
2.573166,-1.535986
2.558274,-1.544689
2.525220,-1.553391
2.511981,-1.562094
2.520255,-1.570796
