scan.pos:5.317302,5.361346,1.9184354.124001,1.562094
4.111158,1.553391
4.098705,1.544689
4.086638,1.535986
4.074952,1.527284
4.063640,1.518581
4.052699,1.509879
4.042124,1.501177
4.031909,1.492474
4.022053,1.483772
3.991961,1.475069
4.003393,1.466367
3.994583,1.457664
3.986115,1.448962
3.977985,1.440259
3.970189,1.431557
3.962725,1.422854
3.955590,1.414152
3.948781,1.405449
3.942295,1.396747
3.976736,1.388044
3.970829,1.379342
3.965240,1.370639
3.959968,1.361937
3.995396,1.353234
3.990704,1.344532
3.986326,1.335830
3.982261,1.327127
3.978508,1.318425
3.995153,1.309722
3.992001,1.301020
3.989157,1.292317
3.986621,1.283615
3.984391,1.274912
3.982466,1.266210
3.980847,1.257507
3.979532,1.248805
3.978521,1.240102
3.977813,1.231400
3.977408,1.222697
3.977306,1.213995
3.977507,1.205292
3.978011,1.196590
3.978818,1.187888
3.979929,1.179185
3.981343,1.170483
3.963033,1.161780
3.965047,1.153078
3.927263,1.144375
3.929861,1.135673
3.932760,1.126970
3.935965,1.118268
3.939475,1.109565
3.943291,1.100863
3.947416,1.092160
3.951851,1.083458
3.956597,1.074755
4.002110,1.066053
4.027794,1.057350
4.074140,1.048648
4.100620,1.039945
4.371647,1.031243
4.440093,1.022541
7.785009,0.874598
7.603973,0.865896
7.415819,0.857194
7.271224,0.848491
7.089761,0.839789
6.946855,0.831086
6.798938,0.822384
6.648273,0.813681
6.510791,0.804979
6.394140,0.796276
6.265834,0.787574
6.163180,0.778871
6.039906,0.770169
5.945014,0.761466
5.830853,0.752764
5.719414,0.744061
5.633090,0.735359
5.549364,0.726656
5.445320,0.717954
5.366267,0.709251
5.289411,0.700549
5.214636,0.691847
5.118603,0.683144
5.047549,0.674442
4.978266,0.665739
4.910663,0.657037
4.844654,0.648334
4.780158,0.639632
4.717098,0.630929
4.655402,0.622227
4.595001,0.613524
4.535829,0.604822
4.477823,0.596119
4.420925,0.587417
4.389984,0.578714
4.335296,0.570012
4.281557,0.561309
4.228716,0.552607
4.176726,0.543905
4.125541,0.535202
4.101067,0.526500
4.051550,0.517797
4.002714,0.509095
3.981052,0.500392
3.933665,0.491690
3.886847,0.482987
3.867725,0.474285
3.822159,0.465582
3.777061,0.456880
3.760238,0.448177
3.716214,0.439475
3.698063,0.430772
3.666300,0.422070
3.635352,0.413367
3.605194,0.404665
3.575803,0.395962
3.547155,0.387260
3.519229,0.378558
3.492002,0.369855
3.465456,0.361153
3.439569,0.352450
3.414325,0.343748
3.389705,0.335045
3.365692,0.326343
3.342270,0.317640
3.319422,0.308938
3.297134,0.300235
3.275392,0.291533
3.254180,0.282830
3.233485,0.274128
3.213296,0.265425
3.193599,0.256723
3.174382,0.248020
3.155633,0.239318
3.137343,0.230615
3.119499,0.221913
3.102093,0.213211
3.085113,0.204508
3.068550,0.195806
3.052395,0.187103
3.036640,0.178401
3.021275,0.169698
3.006293,0.160996
2.991685,0.152293
2.977445,0.143591
2.963564,0.134888
2.950035,0.126186
2.936852,0.117483
2.924008,0.108781
2.911496,0.100078
2.899311,0.091376
2.887447,0.082673
2.875897,0.073971
2.864657,0.065269
2.853720,0.056566
2.843083,0.047864
2.832739,0.039161
2.822685,0.030459
2.812915,0.021756
2.803425,0.013054
2.794212,0.004351
2.785270,-0.004351
2.776595,-0.013054
2.768185,-0.021756
2.760036,-0.030459
2.752142,-0.039161
2.744503,-0.047864
2.737113,-0.056566
2.729971,-0.065269
2.723073,-0.073971
2.716416,-0.082674
2.709997,-0.091376
2.703814,-0.100078
2.697863,-0.108781
2.692144,-0.117483
2.686653,-0.126186
2.681388,-0.134888
2.676347,-0.143591
2.671528,-0.152293
2.666929,-0.160996
2.662549,-0.169698
2.658385,-0.178401
2.654435,-0.187103
2.650699,-0.195806
2.647175,-0.204508
2.643862,-0.213211
2.640757,-0.221913
2.637860,-0.230616
2.635170,-0.239318
2.632686,-0.248021
2.630407,-0.256723
2.628331,-0.265425
2.626459,-0.274128
2.624789,-0.282830
2.623321,-0.291533
2.622054,-0.300235
2.620988,-0.308938
2.620122,-0.317640
2.619456,-0.326343
2.618990,-0.335045
2.618724,-0.343748
2.618657,-0.352450
2.618789,-0.361153
2.619121,-0.369855
2.619652,-0.378558
2.620383,-0.387260
2.621315,-0.395963
2.622446,-0.404665
2.623779,-0.413367
2.625313,-0.422070
2.627049,-0.430772
2.628988,-0.439475
2.631130,-0.448177
2.633476,-0.456880
2.636027,-0.465582
2.638785,-0.474285
2.641749,-0.482987
2.644922,-0.491690
2.648304,-0.500392
2.651898,-0.509095
2.655703,-0.517797
2.659723,-0.526500
2.663958,-0.535202
2.668409,-0.543905
2.673080,-0.552607
2.677971,-0.561310
2.683085,-0.570012
2.688424,-0.578714
2.693989,-0.587417
2.699784,-0.596119
2.705810,-0.604822
2.712070,-0.613524
2.718566,-0.622227
2.725302,-0.630929
2.732280,-0.639632
2.739503,-0.648334
2.746974,-0.657037
2.754696,-0.665739
2.762672,-0.674442
2.770907,-0.683144
2.779403,-0.691847
2.788164,-0.700549
2.797194,-0.709252
2.806498,-0.717954
2.816079,-0.726657
2.825941,-0.735359
2.836090,-0.744061
2.846529,-0.752764
2.857264,-0.761466
2.868299,-0.770169
2.879640,-0.778871
2.891292,-0.787574
2.903260,-0.796276
2.915551,-0.804979
2.928171,-0.813681
2.941125,-0.822384
2.954421,-0.831086
2.968064,-0.839789
2.982062,-0.848491
2.996422,-0.857194
3.011151,-0.865896
3.026257,-0.874599
3.041749,-0.883301
3.057634,-0.892003
3.073921,-0.900706
3.090619,-0.909408
3.107737,-0.918111
3.125286,-0.926813
3.143275,-0.935516
3.161714,-0.944218
3.180614,-0.952921
3.199986,-0.961623
3.219843,-0.970326
3.240197,-0.979028
3.261059,-0.987731
3.282443,-0.996433
3.304362,-1.005136
3.326832,-1.013838
3.349865,-1.022541
3.373479,-1.031243
3.397689,-1.039946
3.422511,-1.048648
3.447963,-1.057350
3.474063,-1.066053
3.500830,-1.074755
3.528283,-1.083458
3.556443,-1.092160
3.585332,-1.100863
3.614971,-1.109565
3.645384,-1.118268
3.676596,-1.126970
3.705806,-1.135673
3.721411,-1.144375
3.696496,-1.153078
3.665831,-1.161780
3.635946,-1.170483
3.606816,-1.179185
3.578420,-1.187888
3.550735,-1.196590
3.523742,-1.205293
3.497421,-1.213995
3.471752,-1.222697
3.446718,-1.231400
3.422301,-1.240102
3.398485,-1.248805
3.375253,-1.257507
3.352590,-1.266210
3.330481,-1.274912
3.308913,-1.283615
3.287870,-1.292317
3.267341,-1.301020
3.247313,-1.309722
3.227773,-1.318425
3.208709,-1.327127
3.190111,-1.335830
3.171967,-1.344532
3.154268,-1.353235
3.137002,-1.361937
3.120161,-1.370639
3.103734,-1.379342
3.087714,-1.388044
3.072091,-1.396747
3.056857,-1.405449
3.042004,-1.414152
3.027523,-1.422854
3.013409,-1.431557
2.999653,-1.440259
2.986248,-1.448962
2.973187,-1.457664
2.960466,-1.466367
2.948076,-1.475069
2.936012,-1.483772
2.924268,-1.492474
2.912838,-1.501177
2.901718,-1.509879
2.890902,-1.518582
2.880384,-1.527284
2.870161,-1.535986
2.860226,-1.544689
2.850577,-1.553391
2.841208,-1.562094
2.832116,-1.570796
