scan.pos:-2.124882,7.048929,1.3352500.987261,1.562094
0.989371,1.553391
0.991566,1.544689
0.993846,1.535986
0.996212,1.527284
0.998667,1.518581
1.001209,1.509879
1.003842,1.501177
1.006565,1.492474
1.009380,1.483772
1.012288,1.475069
1.015290,1.466367
1.018388,1.457664
1.021583,1.448962
1.024877,1.440259
1.028270,1.431557
1.031765,1.422854
1.035363,1.414152
1.039065,1.405449
1.042874,1.396747
1.046790,1.388044
1.050817,1.379342
1.054955,1.370639
1.059207,1.361937
1.063574,1.353234
1.068060,1.344532
1.072665,1.335830
1.077393,1.327127
1.082245,1.318425
1.087225,1.309722
1.137848,1.301020
1.143308,1.292317
1.125930,1.283615
1.108466,1.274912
1.114120,1.266210
1.119919,1.257507
1.125864,1.248805
1.131960,1.240102
1.138209,1.231400
1.144614,1.222697
1.151181,1.213995
1.157912,1.205292
1.164812,1.196590
1.171884,1.187888
1.179132,1.179185
1.186562,1.170483
1.194178,1.161780
1.201984,1.153078
1.209986,1.144375
1.218188,1.135673
1.226596,1.126970
1.235216,1.118268
1.244053,1.109565
1.253114,1.100863
1.262405,1.092160
1.271932,1.083458
1.281702,1.074755
1.291722,1.066053
1.356251,1.057350
1.367234,1.048648
1.350933,1.039945
1.334463,1.031243
1.317815,1.022541
1.329458,1.013838
1.318005,1.005136
1.306846,0.996433
1.295972,0.987731
1.285375,0.979028
1.275047,0.970326
1.264978,0.961623
1.255162,0.952921
1.245591,0.944218
1.236259,0.935516
1.227158,0.926813
1.218282,0.918111
1.209626,0.909408
1.201182,0.900706
1.192945,0.892003
1.184911,0.883301
1.177072,0.874598
1.169426,0.865896
1.161966,0.857194
1.154688,0.848491
1.147587,0.839789
1.140659,0.831086
1.133901,0.822384
1.127307,0.813681
1.120875,0.804979
1.114600,0.796276
1.108478,0.787574
1.102507,0.778871
1.096684,0.770169
1.091004,0.761466
1.085464,0.752764
1.080063,0.744061
1.074796,0.735359
1.069662,0.726656
1.064657,0.717954
1.059779,0.709251
1.055026,0.700549
1.050395,0.691847
1.045883,0.683144
1.041489,0.674442
1.037211,0.665739
1.033045,0.657037
1.028992,0.648334
1.025047,0.639632
1.021210,0.630929
1.017480,0.622227
1.013853,0.613524
1.010328,0.604822
1.006905,0.596119
1.003580,0.587417
1.000354,0.578714
0.997224,0.570012
0.994188,0.561309
0.991247,0.552607
0.988398,0.543905
0.985640,0.535202
0.982972,0.526500
0.980393,0.517797
0.977902,0.509095
0.975497,0.500392
0.973179,0.491690
0.970945,0.482987
0.968794,0.474285
0.966727,0.465582
0.964742,0.456880
0.962838,0.448177
0.961015,0.439475
0.959272,0.430772
0.957607,0.422070
0.956021,0.413367
0.954513,0.404665
0.953082,0.395962
0.951728,0.387260
0.950450,0.378558
0.949248,0.369855
0.948120,0.361153
0.947068,0.352450
0.946089,0.343748
0.945185,0.335045
0.944354,0.326343
0.943597,0.317640
0.942912,0.308938
0.942300,0.300235
0.941761,0.291533
0.941294,0.282830
0.940899,0.274128
0.940575,0.265425
0.940324,0.256723
0.940144,0.248020
0.940036,0.239318
0.940000,0.230615
0.940035,0.221913
0.940142,0.213211
0.940320,0.204508
0.940571,0.195806
0.940893,0.187103
0.941286,0.178401
0.941752,0.169698
0.942291,0.160996
0.942901,0.152293
0.943585,0.143591
0.944341,0.134888
0.945171,0.126186
0.946074,0.117483
0.947051,0.108781
0.948102,0.100078
0.949228,0.091376
0.950429,0.082673
0.951706,0.073971
0.953059,0.065269
0.954489,0.056566
0.955996,0.047864
0.957580,0.039161
0.959243,0.030459
0.960985,0.021756
0.962807,0.013054
0.964710,0.004351
0.966693,-0.004351
0.968759,-0.013054
0.970908,-0.021756
0.973141,-0.030459
0.975458,-0.039161
0.977861,-0.047864
0.980351,-0.056566
0.982928,-0.065269
0.985595,-0.073971
0.988351,-0.082674
0.991199,-0.091376
0.994138,-0.100078
0.997172,-0.108781
1.000301,-0.117483
1.003525,-0.126186
1.006848,-0.134888
1.010270,-0.143591
1.013793,-0.152293
1.017418,-0.160996
1.021147,-0.169698
1.024982,-0.178401
1.028925,-0.187103
1.032977,-0.195806
1.037140,-0.204508
1.041417,-0.213211
1.045809,-0.221913
1.050318,-0.230616
1.054947,-0.239318
1.059699,-0.248021
1.064574,-0.256723
1.069577,-0.265425
1.074709,-0.274128
1.079974,-0.282830
1.085373,-0.291533
1.090910,-0.300235
1.096587,-0.308938
1.102409,-0.317640
1.108377,-0.326343
1.114496,-0.335045
1.120768,-0.343748
1.127198,-0.352450
1.133789,-0.361153
1.140545,-0.369855
1.147469,-0.378558
1.154567,-0.387260
1.161842,-0.395963
1.169299,-0.404665
1.176943,-0.413367
1.184778,-0.422070
1.192809,-0.430772
1.201042,-0.439475
1.209482,-0.448177
1.218136,-0.456880
1.227008,-0.465582
1.236105,-0.474285
1.245433,-0.482987
1.255000,-0.491690
1.264812,-0.500392
1.274876,-0.509095
1.285200,-0.517797
1.295793,-0.526500
1.306661,-0.535202
1.317815,-0.543905
1.329264,-0.552607
1.318005,-0.561310
1.334651,-0.570012
1.351120,-0.578714
1.367421,-0.587417
1.383561,-0.596119
1.399550,-0.604822
1.388690,-0.613524
1.404603,-0.622227
1.446686,-0.630929
1.436036,-0.639632
1.451571,-0.648334
1.466993,-0.657037
1.482309,-0.665739
1.522909,-0.674442
1.537863,-0.683144
1.521040,-0.691847
1.561258,-0.700549
1.560939,-0.709252
1.576706,-0.717954
1.602869,-0.726657
1.619127,-0.735359
1.646992,-0.744061
1.676056,-0.752764
1.693493,-0.761466
1.724450,-0.770169
1.742578,-0.778871
1.752112,-0.787574
1.794482,-0.796276
1.806453,-0.804979
1.849468,-0.813681
1.887026,-0.822384
1.907841,-0.831086
1.925219,-0.839789
1.969944,-0.848491
1.992136,-0.857194
2.036173,-0.865896
2.059741,-0.874599
2.106986,-0.883301
2.132128,-0.892003
2.182911,-0.900706
2.231839,-0.909408
2.264566,-0.918111
2.315404,-0.926813
2.366682,-0.935516
2.405758,-0.944218
2.459429,-0.952921
2.525317,-0.961623
2.581737,-0.970326
2.617650,-0.979028
2.691807,-0.987731
2.773872,-0.996433
2.833800,-1.005136
2.919947,-1.013838
2.988070,-1.022541
3.058198,-1.031243
3.172075,-1.039946
3.253946,-1.048648
3.353425,-1.057350
3.468054,-1.066053
3.575594,-1.074755
3.686507,-1.083458
3.821991,-1.092160
3.944004,-1.100863
4.091484,-1.109565
4.275358,-1.118268
4.438419,-1.126970
4.627489,-1.135673
4.831339,-1.144375
5.085868,-1.153078
5.304468,-1.161780
5.569661,-1.170483
5.911889,-1.179185
6.226408,-1.187888
6.659410,-1.196590
7.052008,-1.205293
7.599328,-1.213995
