scan.pos:1.950584,6.640117,2.7684351.632336,1.562094
1.573337,1.553391
1.557301,1.544689
1.519561,1.535986
1.503447,1.527284
1.465453,1.518581
1.427277,1.509879
1.410953,1.501177
1.372467,1.492474
1.355996,1.483772
1.339489,1.475069
1.300517,1.466367
1.148683,1.457664
1.131316,1.448962
1.113875,1.440259
1.096353,1.431557
1.078746,1.422854
1.061047,1.414152
1.043252,1.405449
1.025353,1.396747
1.007345,1.388044
1.012774,1.379342
0.994658,1.370639
0.976416,1.361937
0.958042,1.353234
0.963619,1.344532
0.945103,1.335830
0.926436,1.327127
0.907612,1.318425
0.913306,1.309722
0.919143,1.301020
0.925126,1.292317
0.931259,1.283615
0.937546,1.274912
0.918477,1.266210
0.899213,1.257507
0.905620,1.248805
0.886126,1.240102
0.892669,1.231400
0.899378,1.222697
0.906258,1.213995
0.886453,1.205292
0.866403,1.196590
0.873391,1.187888
0.880560,1.179185
0.887916,1.170483
0.895465,1.161780
0.903212,1.153078
0.899148,1.144375
0.891505,1.135673
0.884057,1.126970
0.876799,1.118268
0.869725,1.109565
0.889793,1.100863
0.882860,1.092160
0.876101,1.083458
0.869510,1.074755
0.889237,1.066053
0.882779,1.057350
0.902260,1.048648
0.921534,1.039945
0.915188,1.031243
0.934249,1.022541
0.928043,1.013838
0.921989,1.005136
0.916082,0.996433
0.910320,0.987731
0.929149,0.979028
0.923516,0.970326
0.942179,0.961623
0.960694,0.952921
0.979068,0.944218
0.973562,0.935516
0.991806,0.926813
1.009927,0.918111
1.027930,0.909408
1.045822,0.900706
1.040487,0.892003
1.035285,0.883301
1.030213,0.874598
1.025269,0.865896
1.043125,0.857194
1.038322,0.848491
1.033642,0.839789
1.051453,0.831086
1.069189,0.822384
1.086855,0.813681
1.082367,0.804979
1.077997,0.796276
1.073744,0.787574
1.069606,0.778871
1.087327,0.770169
1.126665,0.761466
1.144215,0.752764
1.161727,0.744061
1.200648,0.735359
1.196659,0.726656
1.187372,0.717954
1.227713,0.709251
1.246809,0.700549
1.286402,0.691847
1.307433,0.683144
1.307662,0.674442
1.292441,0.665739
1.295528,0.657037
1.340725,0.648334
1.377436,0.639632
1.425883,0.630929
1.433558,0.622227
1.420934,0.613524
1.412946,0.604822
1.467875,0.596119
1.513062,0.587417
1.574453,0.578714
1.637711,0.570012
1.703106,0.561309
1.699696,0.552607
1.874210,0.543905
1.994746,0.535202
2.083794,0.526500
2.221365,0.517797
2.345798,0.509095
2.432059,0.500392
2.530092,0.491690
5.638941,0.422070
5.416245,0.413367
5.394275,0.404665
5.312706,0.395962
5.251587,0.387260
5.250891,0.378558
5.230596,0.369855
5.190699,0.361153
5.191197,0.352450
5.192091,0.343748
5.193380,0.335045
5.195066,0.326343
5.197150,0.317640
5.159561,0.308938
5.142373,0.300235
5.085439,0.291533
5.089034,0.282830
5.052846,0.274128
5.057195,0.265425
5.061937,0.256723
5.067075,0.248020
5.072609,0.239318
5.078543,0.230615
5.084878,0.221913
5.091618,0.213211
5.098764,0.204508
5.106319,0.195806
5.154953,0.187103
5.122672,0.178401
5.131474,0.169698
5.140699,0.160996
5.150351,0.152293
5.178130,0.143591
5.179589,0.134888
5.192301,0.126186
5.237911,0.117483
5.190203,0.108781
5.005229,0.100078
4.857667,0.091376
4.729253,0.082673
4.585362,0.073971
4.446301,0.065269
4.330554,0.056566
4.222920,0.047864
4.118981,0.039161
4.021767,0.030459
3.904726,0.021756
3.811687,0.013054
3.729333,0.004351
3.664205,-0.004351
3.558267,-0.013054
3.488150,-0.021756
3.430536,-0.030459
3.352947,-0.039161
3.293101,-0.047864
3.219664,-0.056566
3.166100,-0.065269
3.096256,-0.073971
3.049697,-0.082674
3.003937,-0.091376
2.938181,-0.100078
2.895746,-0.108781
2.834107,-0.117483
2.794290,-0.126186
2.755278,-0.134888
2.699210,-0.143591
2.662402,-0.152293
2.633065,-0.160996
2.598337,-0.169698
2.564167,-0.178401
2.506970,-0.187103
2.473689,-0.195806
2.440864,-0.204508
2.408467,-0.213211
2.400558,-0.221913
2.369073,-0.230616
2.337936,-0.239318
2.307121,-0.248021
2.276604,-0.256723
2.246361,-0.265425
2.216369,-0.274128
2.186606,-0.282830
2.157049,-0.291533
2.153191,-0.300235
2.124162,-0.308938
2.095282,-0.317640
2.066531,-0.326343
2.037888,-0.335045
2.035786,-0.343748
2.007504,-0.352450
1.979279,-0.361153
1.978165,-0.369855
1.950213,-0.378558
1.949783,-0.387260
1.922051,-0.395963
1.894293,-0.404665
1.894715,-0.413367
1.882426,-0.422070
1.866425,-0.430772
1.850832,-0.439475
1.835637,-0.448177
1.820827,-0.456880
1.806391,-0.465582
1.792317,-0.474285
1.778595,-0.482987
1.765215,-0.491690
1.752167,-0.500392
1.739442,-0.509095
1.727031,-0.517797
1.714926,-0.526500
1.703118,-0.535202
1.691600,-0.543905
1.680363,-0.552607
1.669401,-0.561310
1.658707,-0.570012
1.648273,-0.578714
1.638094,-0.587417
1.628163,-0.596119
1.618474,-0.604822
1.609022,-0.613524
1.599800,-0.622227
1.590804,-0.630929
1.582029,-0.639632
1.573469,-0.648334
1.565119,-0.657037
1.556976,-0.665739
1.549034,-0.674442
1.541290,-0.683144
1.533739,-0.691847
1.526378,-0.700549
1.519201,-0.709252
1.512207,-0.717954
1.505391,-0.726657
1.498749,-0.735359
1.492280,-0.744061
1.485978,-0.752764
1.479841,-0.761466
1.473867,-0.770169
1.468053,-0.778871
1.462394,-0.787574
1.456890,-0.796276
1.451537,-0.804979
1.446334,-0.813681
1.441276,-0.822384
1.436363,-0.831086
1.431592,-0.839789
1.426961,-0.848491
1.422468,-0.857194
1.418111,-0.865896
1.413887,-0.874599
1.409796,-0.883301
1.405835,-0.892003
1.402003,-0.900706
1.398297,-0.909408
1.394718,-0.918111
1.391262,-0.926813
1.387928,-0.935516
1.384716,-0.944218
1.381624,-0.952921
1.378650,-0.961623
1.375794,-0.970326
1.373053,-0.979028
1.370428,-0.987731
1.367917,-0.996433
1.365518,-1.005136
1.363232,-1.013838
1.361057,-1.022541
1.358992,-1.031243
1.357036,-1.039946
1.355190,-1.048648
1.353451,-1.057350
1.351819,-1.066053
1.350294,-1.074755
1.348875,-1.083458
1.347562,-1.092160
1.346354,-1.100863
1.345250,-1.109565
1.344250,-1.118268
1.343354,-1.126970
1.342561,-1.135673
1.341871,-1.144375
1.341285,-1.153078
1.340800,-1.161780
1.340418,-1.170483
1.340139,-1.179185
1.339961,-1.187888
1.339886,-1.196590
1.339912,-1.205293
1.340041,-1.213995
1.340272,-1.222697
1.340605,-1.231400
1.341040,-1.240102
1.341578,-1.248805
1.342218,-1.257507
1.342961,-1.266210
1.343808,-1.274912
1.344758,-1.283615
1.345812,-1.292317
1.346971,-1.301020
1.348234,-1.309722
1.349602,-1.318425
1.351076,-1.327127
1.352656,-1.335830
1.354344,-1.344532
1.356139,-1.353235
1.358042,-1.361937
1.360055,-1.370639
1.362177,-1.379342
1.364410,-1.388044
1.366755,-1.396747
1.369212,-1.405449
1.371782,-1.414152
1.374467,-1.422854
1.377268,-1.431557
1.380186,-1.440259
1.383221,-1.448962
1.386376,-1.457664
1.389651,-1.466367
1.393048,-1.475069
1.396568,-1.483772
1.400213,-1.492474
1.403985,-1.501177
1.407884,-1.509879
1.411913,-1.518582
1.416072,-1.527284
1.420366,-1.535986
1.424794,-1.544689
1.429358,-1.553391
1.434062,-1.562094
1.438907,-1.570796
