scan.pos:-2.116385,6.859425,1.6352501.142372,1.562094
1.141772,1.553391
1.141260,1.544689
1.140836,1.535986
1.140498,1.527284
1.140247,1.518581
1.140083,1.509879
1.140006,1.501177
1.140016,1.492474
1.140113,1.483772
1.140297,1.475069
1.140567,1.466367
1.140925,1.457664
1.141370,1.448962
1.141902,1.440259
1.142521,1.431557
1.143229,1.422854
1.103883,1.414152
1.104736,1.405449
1.105674,1.396747
1.086577,1.388044
1.087667,1.379342
1.088843,1.370639
1.090104,1.361937
1.051027,1.353234
1.052408,1.344532
1.053873,1.335830
1.035126,1.327127
1.036730,1.318425
1.038417,1.309722
1.040190,1.301020
1.042048,1.292317
1.043992,1.283615
1.046023,1.274912
1.048142,1.266210
1.050350,1.257507
1.011367,1.248805
1.013662,1.240102
1.016044,1.231400
1.018516,1.222697
1.021077,1.213995
1.023730,1.205292
1.026475,1.196590
1.029313,1.187888
1.032245,1.179185
1.035274,1.170483
1.038399,1.161780
1.041624,1.153078
1.044948,1.144375
1.048373,1.135673
1.051901,1.126970
1.055534,1.118268
1.059273,1.109565
1.063120,1.100863
1.067076,1.092160
1.071144,1.083458
1.075325,1.074755
1.079621,1.066053
1.084035,1.057350
1.088568,1.048648
1.093223,1.039945
1.098002,1.031243
1.102907,1.022541
1.107941,1.013838
1.113107,1.005136
1.118406,0.996433
1.123842,0.987731
1.129417,0.979028
1.135135,0.970326
1.140999,0.961623
1.147011,0.952921
1.153175,0.944218
1.159495,0.935516
1.165973,0.926813
1.172614,0.918111
1.179422,0.909408
1.186399,0.900706
1.193552,0.892003
1.200883,0.883301
1.208397,0.874598
1.265736,0.865896
1.248974,0.857194
1.232087,0.848491
1.240382,0.839789
1.248885,0.831086
1.257602,0.822384
1.266539,0.813681
1.275702,0.804979
1.285097,0.796276
1.294730,0.787574
1.304610,0.778871
1.314741,0.770169
1.325134,0.761466
1.335794,0.752764
1.346731,0.744061
1.357952,0.735359
1.369468,0.726656
1.381286,0.717954
1.378561,0.709251
1.394706,0.700549
1.410686,0.691847
1.426508,0.683144
1.414969,0.674442
1.511700,0.665739
1.526676,0.657037
1.514958,0.648334
1.503532,0.639632
1.492389,0.630929
1.481523,0.622227
1.470925,0.613524
1.460588,0.604822
1.450505,0.596119
1.440669,0.587417
1.431074,0.578714
1.421713,0.570012
1.412581,0.561309
1.403672,0.552607
1.394980,0.543905
1.386500,0.535202
1.378226,0.526500
1.370155,0.517797
1.362281,0.509095
1.354599,0.500392
1.347105,0.491690
1.339796,0.482987
1.332666,0.474285
1.325712,0.465582
1.318930,0.456880
1.312317,0.448177
1.305868,0.439475
1.299582,0.430772
1.293453,0.422070
1.287479,0.413367
1.281658,0.404665
1.275986,0.395962
1.270460,0.387260
1.265077,0.378558
1.259836,0.369855
1.254733,0.361153
1.249766,0.352450
1.244933,0.343748
1.240230,0.335045
1.235657,0.326343
1.231212,0.317640
1.226891,0.308938
1.222693,0.300235
1.218616,0.291533
1.214658,0.282830
1.210818,0.274128
1.207094,0.265425
1.203484,0.256723
1.199987,0.248020
1.196600,0.239318
1.193324,0.230615
1.190156,0.221913
1.187094,0.213211
1.184139,0.204508
1.181287,0.195806
1.178539,0.187103
1.175893,0.178401
1.173348,0.169698
1.170904,0.160996
1.168558,0.152293
1.166310,0.143591
1.164159,0.134888
1.162104,0.126186
1.160145,0.117483
1.158281,0.108781
1.156510,0.100078
1.154833,0.091376
1.153248,0.082673
1.151755,0.073971
1.150353,0.065269
1.149043,0.056566
1.147822,0.047864
1.146692,0.039161
1.145651,0.030459
1.144698,0.021756
1.143835,0.013054
1.143059,0.004351
1.142372,-0.004351
1.141772,-0.013054
1.141260,-0.021756
1.140836,-0.030459
1.140498,-0.039161
1.140247,-0.047864
1.140083,-0.056566
1.140006,-0.065269
1.140016,-0.073971
1.140113,-0.082674
1.140297,-0.091376
1.140567,-0.100078
1.140925,-0.108781
1.141370,-0.117483
1.141902,-0.126186
1.142521,-0.134888
1.143229,-0.143591
1.144024,-0.152293
1.144908,-0.160996
1.145880,-0.169698
1.146942,-0.178401
1.148093,-0.187103
1.149334,-0.195806
1.150665,-0.204508
1.152088,-0.213211
1.153602,-0.221913
1.155207,-0.230616
1.156906,-0.239318
1.158698,-0.248021
1.160584,-0.256723
1.162565,-0.265425
1.144797,-0.274128
1.146932,-0.282830
1.149164,-0.291533
1.151492,-0.300235
1.153918,-0.308938
1.156442,-0.317640
1.159066,-0.326343
1.161790,-0.335045
1.164616,-0.343748
1.167545,-0.352450
1.170578,-0.361153
1.173716,-0.369855
1.176961,-0.378558
1.180315,-0.387260
1.183778,-0.395963
1.187352,-0.404665
1.191038,-0.413367
1.194839,-0.422070
1.198756,-0.430772
1.202790,-0.439475
1.206944,-0.448177
1.211219,-0.456880
1.215618,-0.465582
1.220142,-0.474285
1.224793,-0.482987
1.229574,-0.491690
1.234487,-0.500392
1.239533,-0.509095
1.244717,-0.517797
1.250040,-0.526500
1.255504,-0.535202
1.261113,-0.543905
1.266869,-0.552607
1.272775,-0.561310
1.278834,-0.570012
1.285050,-0.578714
1.291425,-0.587417
1.297964,-0.596119
1.304668,-0.604822
1.311543,-0.613524
1.318591,-0.622227
1.325817,-0.630929
1.333225,-0.639632
1.340819,-0.648334
1.348603,-0.657037
1.356581,-0.665739
1.364760,-0.674442
1.373142,-0.683144
1.381735,-0.691847
1.390542,-0.700549
1.399569,-0.709252
1.408822,-0.717954
1.418307,-0.726657
1.428030,-0.735359
1.437998,-0.744061
1.448217,-0.752764
1.458694,-0.761466
1.469436,-0.770169
1.480452,-0.778871
1.491748,-0.787574
1.503333,-0.796276
1.515216,-0.804979
1.527406,-0.813681
1.539911,-0.822384
1.552743,-0.831086
1.565910,-0.839789
1.579423,-0.848491
1.585715,-0.857194
1.587607,-0.865896
1.617525,-0.874599
1.619922,-0.883301
1.622694,-0.892003
1.652840,-0.900706
1.656164,-0.909408
1.686459,-0.918111
1.716750,-0.926813
1.720876,-0.935516
1.725421,-0.944218
1.756197,-0.952921
1.787043,-0.961623
1.792532,-0.970326
1.823755,-0.979028
1.830001,-0.987731
1.861671,-0.996433
1.868731,-1.005136
1.900925,-1.013838
1.933334,-1.022541
1.941660,-1.031243
1.974722,-1.039946
2.008073,-1.048648
2.041741,-1.057350
2.051989,-1.066053
2.086509,-1.074755
2.121431,-1.083458
2.133407,-1.092160
2.169355,-1.100863
2.205804,-1.109565
2.242791,-1.118268
2.280356,-1.126970
2.318540,-1.135673
2.357387,-1.144375
2.396944,-1.153078
2.437259,-1.161780
2.478385,-1.170483
2.520379,-1.179185
2.563299,-1.187888
2.607211,-1.196590
2.652182,-1.205293
2.720213,-1.213995
2.767446,-1.222697
2.815980,-1.231400
2.887588,-1.240102
2.938934,-1.248805
3.013412,-1.257507
3.068019,-1.266210
3.145865,-1.274912
3.225574,-1.283615
3.307311,-1.292317
3.391254,-1.301020
3.456486,-1.309722
3.566566,-1.318425
3.658394,-1.327127
3.753350,-1.335830
3.872613,-1.344532
3.995529,-1.353235
4.101704,-1.361937
4.253890,-1.370639
4.390247,-1.379342
4.532103,-1.388044
4.700669,-1.396747
4.860918,-1.405449
5.067946,-1.414152
5.263279,-1.422854
5.485620,-1.431557
5.747637,-1.440259
5.982241,-1.448962
6.304663,-1.457664
6.598692,-1.466367
6.978501,-1.475069
7.366688,-1.483772
7.785370,-1.492474
