scan.pos:-1.552545,7.262133,-0.1647500.729883,1.562094
0.730971,1.553391
0.732119,1.544689
0.733326,1.535986
0.734593,1.527284
0.735920,1.518581
0.737309,1.509879
0.738759,1.501177
0.740272,1.492474
0.741847,1.483772
0.743486,1.475069
0.745188,1.466367
0.746956,1.457664
0.748789,1.448962
0.750689,1.440259
0.752655,1.431557
0.754690,1.422854
0.756793,1.414152
0.758967,1.405449
0.761210,1.396747
0.763526,1.388044
0.765914,1.379342
0.768376,1.370639
0.770912,1.361937
0.773525,1.353234
0.776214,1.344532
0.778982,1.335830
0.781829,1.327127
0.784758,1.318425
0.787768,1.309722
0.790862,1.301020
0.794041,1.292317
0.797307,1.283615
0.800661,1.274912
0.804105,1.266210
0.807641,1.257507
0.811269,1.248805
0.814993,1.240102
0.818814,1.231400
0.822734,1.222697
0.826754,1.213995
0.830878,1.205292
0.835107,1.196590
0.839444,1.187888
0.841390,1.179185
0.845935,1.170483
0.850595,1.161780
0.855372,1.153078
0.860268,1.144375
0.865288,1.135673
0.870433,1.126970
0.875706,1.118268
0.881112,1.109565
0.886652,1.100863
0.892331,1.092160
0.898152,1.083458
0.904119,1.074755
0.910235,1.066053
0.916505,1.057350
0.922933,1.048648
0.929523,1.039945
0.936279,1.031243
0.943207,1.022541
0.950311,1.013838
0.957596,1.005136
0.965068,0.996433
0.972732,0.987731
0.980594,0.979028
0.988660,0.970326
0.996936,0.961623
1.005429,0.952921
1.014146,0.944218
1.011378,0.935516
1.007225,0.926813
1.030897,0.918111
1.026966,0.909408
1.052831,0.900706
1.049633,0.892003
1.073393,0.883301
1.070448,0.874598
1.094058,0.865896
1.096323,0.857194
1.120336,0.848491
1.118460,0.839789
1.142404,0.831086
1.140838,0.822384
1.164751,0.813681
1.171639,0.804979
1.196110,0.796276
1.195787,0.787574
1.220321,0.778871
1.244825,0.770169
1.245030,0.761466
1.257092,0.752764
1.282490,0.744061
1.307923,0.735359
1.309679,0.726656
1.335364,0.717954
1.361133,0.709251
1.363654,0.700549
1.382647,0.691847
1.409719,0.683144
1.436962,0.674442
1.464396,0.665739
1.492043,0.657037
1.497264,0.648334
1.525515,0.639632
1.553096,0.630929
1.582907,0.622227
1.613085,0.613524
1.643662,0.604822
1.674672,0.596119
1.706152,0.587417
1.738140,0.578714
1.777077,0.570012
1.811400,0.561309
1.846408,0.552607
1.882159,0.543905
1.940216,0.535202
1.977563,0.526500
2.015850,0.517797
2.055155,0.509095
2.112849,0.500392
2.177249,0.491690
2.221805,0.482987
2.288897,0.474285
2.357506,0.465582
2.406865,0.456880
2.479043,0.448177
2.574067,0.439475
2.641988,0.430772
2.744215,0.422070
2.828611,0.413367
2.916266,0.404665
3.028132,0.395962
3.143984,0.387260
3.264328,0.378558
3.389750,0.369855
3.541352,0.361153
3.701814,0.352450
3.872428,0.343748
4.072450,0.335045
4.262689,0.326343
4.526029,0.317640
4.763292,0.308938
5.058181,0.300235
5.414010,0.291533
5.754471,0.282830
6.240403,0.274128
6.724956,0.265425
7.361393,0.256723
2.701671,-0.239318
2.598411,-0.248021
2.447176,-0.256723
2.303431,-0.265425
2.248590,-0.274128
2.217177,-0.282830
2.187143,-0.291533
2.136077,-0.300235
2.108486,-0.308938
2.059529,-0.317640
2.036705,-0.326343
1.990501,-0.335045
1.967916,-0.343748
1.920533,-0.352450
1.902427,-0.361153
1.882402,-0.369855
1.863189,-0.378558
1.829851,-0.387260
1.789256,-0.395963
1.772799,-0.404665
1.757011,-0.413367
1.717899,-0.422070
1.703233,-0.430772
1.678047,-0.439475
1.665136,-0.448177
1.652768,-0.456880
1.616221,-0.465582
1.604726,-0.474285
1.593719,-0.482987
1.575474,-0.491690
1.540579,-0.500392
1.531308,-0.509095
1.522461,-0.517797
1.488130,-0.526500
1.479910,-0.535202
1.467522,-0.543905
1.460578,-0.552607
1.427323,-0.561310
1.420899,-0.570012
1.414823,-0.578714
1.383119,-0.587417
1.366951,-0.596119
1.369799,-0.604822
1.365315,-0.613524
1.361145,-0.622227
1.350344,-0.630929
1.338889,-0.639632
1.327727,-0.648334
1.344222,-0.657037
1.360553,-0.665739
1.349788,-0.674442
1.339293,-0.683144
1.329061,-0.691847
1.319083,-0.700549
1.309353,-0.709252
1.299864,-0.717954
1.290609,-0.726657
1.281582,-0.735359
1.272776,-0.744061
1.264187,-0.752764
1.255807,-0.761466
1.247632,-0.770169
1.239657,-0.778871
1.231876,-0.787574
1.224285,-0.796276
1.216879,-0.804979
1.209653,-0.813681
1.202605,-0.822384
1.195728,-0.831086
1.189019,-0.839789
1.182475,-0.848491
1.199563,-0.857194
1.216560,-0.865896
1.210245,-0.874599
1.204087,-0.883301
1.198081,-0.892003
1.192226,-0.900706
1.209288,-0.909408
1.203617,-0.918111
1.198089,-0.926813
1.192703,-0.935516
1.187454,-0.944218
1.204605,-0.952921
1.221701,-0.961623
1.216669,-0.970326
1.211771,-0.979028
1.228906,-0.987731
1.224183,-0.996433
1.219589,-1.005136
1.236778,-1.013838
1.253937,-1.022541
1.271070,-1.031243
1.288182,-1.039946
1.283916,-1.048648
1.279776,-1.057350
1.318209,-1.066053
1.335345,-1.074755
1.331381,-1.083458
1.411688,-1.092160
1.449690,-1.100863
1.514039,-1.109565
1.705512,-1.118268
1.746452,-1.126970
1.809606,-1.135673
1.832844,-1.144375
1.837292,-1.153078
1.823277,-1.161780
1.894011,-1.170483
1.967101,-1.179185
2.042850,-1.187888
2.115068,-1.196590
2.201507,-1.205293
2.312585,-1.213995
2.428479,-1.222697
2.520895,-1.231400
2.577939,-1.240102
2.833616,-1.248805
2.978007,-1.257507
3.153207,-1.266210
3.381447,-1.274912
5.705398,-1.283615
5.719586,-1.292317
5.774407,-1.301020
5.869754,-1.309722
6.547656,-1.318425
6.984246,-1.327127
