scan.pos:-2.234345,-3.769886,0.2852506.179595,1.562094
6.164056,1.553391
6.149062,1.544689
6.134606,1.535986
6.120684,1.527284
6.107288,1.518581
6.114969,1.509879
6.102570,1.501177
6.090683,1.492474
6.120176,1.483772
6.109229,1.475069
6.139511,1.466367
6.129498,1.457664
6.119984,1.448962
6.110964,1.440259
6.102434,1.431557
6.114605,1.422854
6.147399,1.414152
6.180583,1.405449
6.254448,1.396747
6.409128,1.388044
6.845459,1.379342
7.422142,1.370639
7.738032,1.126970
7.728363,1.118268
7.739544,1.109565
7.710711,1.100863
7.723079,1.092160
7.736076,1.083458
7.749709,1.074755
7.763981,1.066053
7.778901,1.057350
7.794471,1.048648
5.363289,1.039945
5.166792,1.031243
5.079022,1.022541
4.917378,1.013838
4.708967,1.005136
4.541297,0.996433
4.420512,0.987731
4.154759,0.979028
3.977243,0.970326
3.967426,0.961623
3.936746,0.952921
3.906185,0.944218
3.875737,0.935516
3.824090,0.926813
3.793777,0.918111
3.784999,0.909408
3.776451,0.900706
3.768132,0.892003
3.781715,0.883301
3.752180,0.874598
3.766381,0.865896
3.780979,0.857194
3.795980,0.848491
3.811393,0.839789
3.827224,0.831086
3.843480,0.822384
3.860171,0.813681
3.868705,0.804979
3.894887,0.796276
3.912930,0.787574
3.931442,0.778871
3.950432,0.770169
3.969911,0.761466
3.989887,0.752764
4.010373,0.744061
4.031378,0.735359
4.052916,0.726656
4.074996,0.717954
4.097632,0.709251
4.096947,0.700549
4.120595,0.691847
4.144836,0.683144
4.169683,0.674442
4.195150,0.665739
4.202265,0.657037
4.248012,0.648334
4.275437,0.639632
4.303549,0.630929
4.332366,0.622227
4.361905,0.613524
4.392187,0.604822
4.423231,0.596119
4.455059,0.587417
4.487692,0.578714
4.521154,0.570012
4.555469,0.561309
4.590660,0.552607
4.626754,0.543905
4.663779,0.535202
1.587234,0.526500
1.528387,0.517797
1.524729,0.509095
1.521423,0.500392
1.515223,0.491690
1.502242,0.482987
1.489594,0.474285
1.477269,0.465582
1.465257,0.456880
1.453549,0.448177
1.442135,0.439475
1.431007,0.430772
1.420157,0.422070
1.409576,0.413367
1.399258,0.404665
1.389195,0.395962
1.379380,0.387260
1.369806,0.378558
1.360467,0.369855
1.351357,0.361153
1.342469,0.352450
1.333799,0.343748
1.325340,0.335045
1.317087,0.326343
1.309036,0.317640
1.301181,0.308938
1.293517,0.300235
1.286041,0.291533
1.278748,0.282830
1.271632,0.274128
1.264692,0.265425
1.241303,0.256723
1.249647,0.248020
1.244879,0.239318
1.238599,0.230615
1.232476,0.221913
1.226505,0.213211
1.220685,0.204508
1.215012,0.195806
1.209483,0.187103
1.204095,0.178401
1.198846,0.169698
1.193733,0.160996
1.188754,0.152293
1.183906,0.143591
1.179187,0.134888
1.174594,0.126186
1.170125,0.117483
1.165779,0.108781
1.161554,0.100078
1.157446,0.091376
1.153455,0.082673
1.149579,0.073971
1.145815,0.065269
1.142163,0.056566
1.138621,0.047864
1.135187,0.039161
1.131859,0.030459
1.128636,0.021756
1.125517,0.013054
1.122501,0.004351
1.119586,-0.004351
1.116770,-0.013054
1.114054,-0.021756
1.111435,-0.030459
1.108912,-0.039161
1.106485,-0.047864
1.104153,-0.056566
1.101914,-0.065269
1.099768,-0.073971
1.097713,-0.082674
1.095750,-0.091376
1.093877,-0.100078
1.092093,-0.108781
1.090398,-0.117483
1.088790,-0.126186
1.087271,-0.134888
1.085838,-0.143591
1.084491,-0.152293
1.083230,-0.160996
1.082054,-0.169698
1.080963,-0.178401
1.079957,-0.187103
1.079034,-0.195806
1.078195,-0.204508
1.077439,-0.213211
1.076767,-0.221913
1.076177,-0.230616
1.075669,-0.239318
1.075244,-0.248021
1.074901,-0.256723
1.074640,-0.265425
1.074461,-0.274128
1.074364,-0.282830
1.074349,-0.291533
1.074415,-0.300235
1.074564,-0.308938
1.074794,-0.317640
1.075106,-0.326343
1.075500,-0.335045
1.075977,-0.343748
1.076536,-0.352450
1.077178,-0.361153
1.077902,-0.369855
1.078710,-0.378558
1.079601,-0.387260
1.080577,-0.395963
1.081636,-0.404665
1.082780,-0.413367
1.084009,-0.422070
1.085323,-0.430772
1.086724,-0.439475
1.088211,-0.448177
1.089785,-0.456880
1.091448,-0.465582
1.093198,-0.474285
1.095038,-0.482987
1.096968,-0.491690
1.098988,-0.500392
1.101100,-0.509095
1.103304,-0.517797
1.105601,-0.526500
1.107992,-0.535202
1.110479,-0.543905
1.113062,-0.552607
1.115742,-0.561310
1.118520,-0.570012
1.121397,-0.578714
1.124376,-0.587417
1.127456,-0.596119
1.151688,-0.604822
1.155037,-0.613524
1.158495,-0.622227
1.162062,-0.630929
1.165740,-0.639632
1.169531,-0.648334
1.216327,-0.657037
1.220495,-0.665739
1.332758,-0.674442
1.380907,-0.683144
1.386009,-0.691847
1.391254,-0.700549
7.205299,-0.709252
7.233887,-0.717954
7.263258,-0.726657
7.293426,-0.735359
7.324406,-0.744061
7.356213,-0.752764
7.388863,-0.761466
7.422371,-0.770169
7.456755,-0.778871
7.492033,-0.787574
7.528221,-0.796276
7.611370,-0.804979
7.649670,-0.813681
7.688946,-0.822384
7.729220,-0.831086
7.770512,-0.839789
7.723552,-0.865896
7.607274,-0.874599
7.528998,-0.883301
7.415740,-0.892003
7.342050,-0.900706
7.246327,-0.909408
7.161908,-0.918111
7.069873,-0.926813
6.987841,-0.935516
6.899137,-0.944218
6.819178,-0.952921
6.752679,-0.961623
6.695120,-0.970326
6.613522,-0.979028
6.533421,-0.987731
6.481107,-0.996433
6.400159,-1.005136
6.351604,-1.013838
6.277716,-1.022541
6.232192,-1.031243
6.158980,-1.039946
6.116788,-1.048648
6.048185,-1.057350
6.008648,-1.066053
5.966024,-1.074755
5.914913,-1.083458
5.865114,-1.092160
5.816586,-1.100863
5.769289,-1.109565
5.723188,-1.118268
5.678247,-1.126970
5.634432,-1.135673
5.591710,-1.144375
5.550051,-1.153078
5.509425,-1.161780
5.469802,-1.170483
5.431156,-1.179185
5.393460,-1.187888
5.356689,-1.196590
5.320819,-1.205293
5.285825,-1.213995
5.251686,-1.222697
5.218380,-1.231400
5.185886,-1.240102
5.154185,-1.248805
5.123256,-1.257507
5.093082,-1.266210
5.063645,-1.274912
5.034927,-1.283615
5.006913,-1.292317
4.979585,-1.301020
4.952929,-1.309722
4.926931,-1.318425
4.901575,-1.327127
4.876848,-1.335830
4.852737,-1.344532
4.829230,-1.353235
4.806314,-1.361937
4.783976,-1.370639
4.762206,-1.379342
4.740993,-1.388044
4.720325,-1.396747
4.700194,-1.405449
4.680588,-1.414152
4.661499,-1.422854
4.642917,-1.431557
4.624834,-1.440259
4.607240,-1.448962
4.590127,-1.457664
4.573489,-1.466367
4.557317,-1.475069
4.541603,-1.483772
4.526340,-1.492474
4.511522,-1.501177
4.497143,-1.509879
4.483195,-1.518582
4.469672,-1.527284
4.456570,-1.535986
4.443881,-1.544689
4.431601,-1.553391
4.419724,-1.562094
4.408246,-1.570796
