scan.pos:-3.654540,-4.186354,0.2852500.917057,1.562094
0.914751,1.553391
0.912526,1.544689
0.910381,1.535986
0.908315,1.527284
0.906327,1.518581
0.904416,1.509879
0.902582,1.501177
0.900824,1.492474
0.919576,1.483772
0.979127,1.475069
1.018180,1.466367
1.077511,1.457664
1.116436,1.448962
1.175597,1.440259
1.254919,1.431557
1.313907,1.422854
1.413222,1.414152
1.492240,1.405449
1.611482,1.396747
1.730596,1.388044
1.889820,1.379342
2.048904,1.370639
2.308243,1.361937
2.527259,1.353234
2.926583,1.344532
6.357176,1.335830
6.354178,1.327127
6.351667,1.318425
6.349641,1.309722
6.348099,1.301020
6.347042,1.292317
6.346468,1.283615
6.366378,1.274912
6.366772,1.266210
6.367651,1.257507
6.409032,1.248805
6.410894,1.240102
6.453289,1.231400
6.456148,1.222697
6.459503,1.213995
6.463353,1.205292
6.487767,1.196590
6.492629,1.187888
6.558287,1.179185
6.825718,1.170483
6.198667,0.831086
6.081892,0.822384
5.990413,0.813681
5.924342,0.804979
5.838665,0.796276
5.687555,0.787574
5.606656,0.778871
5.505193,0.770169
5.428736,0.761466
5.354375,0.752764
5.189006,0.744061
5.118034,0.735359
5.048840,0.726656
4.981334,0.717954
4.962941,0.709251
4.922717,0.700549
4.884221,0.691847
4.889805,0.683144
4.846176,0.674442
4.851314,0.665739
4.832272,0.657037
4.838131,0.648334
4.844436,0.639632
4.851195,0.630929
4.883678,0.622227
4.916977,0.613524
4.951112,0.604822
4.986107,0.596119
5.021985,0.587417
5.058771,0.578714
5.096491,0.570012
5.135172,0.561309
5.174841,0.552607
5.215529,0.543905
5.257265,0.535202
5.300081,0.526500
5.316367,0.517797
5.361212,0.509095
5.407235,0.500392
5.448915,0.491690
5.479632,0.482987
5.539357,0.474285
5.598290,0.465582
5.657124,0.456880
5.686210,0.448177
5.744689,0.439475
5.799552,0.430772
5.857614,0.422070
5.937367,0.413367
5.994977,0.404665
6.018611,0.395962
6.130283,0.387260
6.187890,0.378558
6.238544,0.369855
6.321452,0.361153
6.404430,0.352450
6.478620,0.343748
6.561351,0.335045
6.546244,0.326343
6.532632,0.317640
6.581972,0.308938
6.618534,0.300235
6.632150,0.291533
3.159588,0.282830
2.976298,0.274128
2.960054,0.265425
2.920791,0.256723
2.905460,0.248020
2.890507,0.239318
2.875926,0.230615
2.861707,0.221913
2.847845,0.213211
2.834330,0.204508
2.821158,0.195806
2.808320,0.187103
2.795810,0.178401
2.783622,0.169698
2.771751,0.160996
2.760189,0.152293
2.748932,0.143591
2.737974,0.134888
2.727310,0.126186
2.716935,0.117483
2.706843,0.108781
2.697031,0.100078
2.687495,0.091376
2.678228,0.082673
2.669227,0.073971
2.660489,0.065269
2.652009,0.056566
2.643784,0.047864
2.635810,0.039161
2.628083,0.030459
2.620600,0.021756
2.613358,0.013054
2.606355,0.004351
2.599586,-0.004351
2.593049,-0.013054
2.586741,-0.021756
2.580660,-0.030459
2.574803,-0.039161
2.569168,-0.047864
2.563752,-0.056566
2.558554,-0.065269
2.553571,-0.073971
2.548800,-0.082674
2.544241,-0.091376
2.539891,-0.100078
2.535749,-0.108781
2.531813,-0.117483
2.528081,-0.126186
2.524553,-0.134888
2.521226,-0.143591
2.518099,-0.152293
2.515171,-0.160996
2.512441,-0.169698
2.509908,-0.178401
2.507571,-0.187103
2.505428,-0.195806
2.503480,-0.204508
2.501725,-0.213211
2.500164,-0.221913
2.498794,-0.230616
2.497615,-0.239318
2.496628,-0.248021
2.495832,-0.256723
2.515232,-0.265425
2.514812,-0.274128
2.514585,-0.282830
2.554549,-0.291533
2.554708,-0.300235
2.655081,-0.308938
2.655650,-0.317640
2.656421,-0.326343
2.697438,-0.335045
2.718664,-0.343748
2.920485,-0.352450
7.697829,-0.804979
7.580516,-0.813681
7.473815,-0.822384
7.363820,-0.831086
7.256820,-0.839789
7.152665,-0.848491
7.061661,-0.857194
6.963548,-0.865896
6.867872,-0.874599
6.787230,-0.883301
6.696821,-0.892003
6.608505,-0.900706
6.522184,-0.909408
6.453405,-0.918111
6.371511,-0.926813
6.291336,-0.935516
6.212798,-0.944218
6.161255,-0.952921
6.085939,-0.961623
6.037833,-0.970326
5.965470,-0.979028
5.894395,-0.987731
5.850910,-0.996433
5.782425,-1.005136
5.715051,-1.013838
5.675711,-1.022541
5.610607,-1.031243
5.573871,-1.039946
5.510845,-1.048648
5.448676,-1.057350
5.415431,-1.066053
5.378650,-1.074755
5.332572,-1.083458
5.287675,-1.092160
5.243924,-1.100863
5.201284,-1.109565
5.159722,-1.118268
5.119205,-1.126970
5.079704,-1.135673
5.041189,-1.144375
5.003631,-1.153078
4.967004,-1.161780
4.931283,-1.170483
4.896442,-1.179185
4.862457,-1.187888
4.829306,-1.196590
4.796968,-1.205293
4.765419,-1.213995
4.734641,-1.222697
4.704614,-1.231400
4.675320,-1.240102
4.646739,-1.248805
4.618855,-1.257507
4.591652,-1.266210
4.565113,-1.274912
4.539223,-1.283615
4.513967,-1.292317
4.489329,-1.301020
4.465298,-1.309722
4.441859,-1.318425
4.419000,-1.327127
4.396707,-1.335830
4.374970,-1.344532
4.353777,-1.353235
4.333117,-1.361937
4.312978,-1.370639
4.293352,-1.379342
4.274227,-1.388044
4.255594,-1.396747
4.237445,-1.405449
4.219769,-1.414152
4.202560,-1.422854
4.185807,-1.431557
4.169504,-1.440259
4.153643,-1.448962
4.138215,-1.457664
4.123215,-1.466367
4.108634,-1.475069
4.094468,-1.483772
4.080708,-1.492474
4.067349,-1.501177
4.054385,-1.509879
4.041810,-1.518582
4.029619,-1.527284
4.017806,-1.535986
4.006367,-1.544689
3.995296,-1.553391
3.984588,-1.562094
3.974240,-1.570796
