scan.pos:-3.078785,-4.017516,0.2852502.751171,1.562094
2.827412,1.553391
2.924231,1.544689
3.020808,1.535986
6.479498,1.527284
6.382924,1.518581
6.348914,1.509879
6.336041,1.501177
6.323700,1.492474
6.311887,1.483772
6.300597,1.475069
6.289825,1.466367
6.279567,1.457664
6.269820,1.448962
6.260579,1.440259
6.251840,1.431557
6.243600,1.422854
6.235857,1.414152
6.228606,1.405449
6.221846,1.396747
6.215573,1.388044
6.209785,1.379342
6.224567,1.370639
6.219727,1.361937
6.215368,1.353234
6.251577,1.344532
6.248152,1.335830
6.285255,1.327127
6.282771,1.318425
6.280767,1.309722
6.279242,1.301020
6.278196,1.292317
6.297629,1.283615
6.337539,1.274912
6.397935,1.266210
6.618864,1.257507
5.830498,0.909408
5.728637,0.900706
5.605473,0.892003
5.529420,0.883301
5.406331,0.874598
5.251373,0.865896
5.159806,0.857194
5.055342,0.848491
4.950600,0.839789
4.785597,0.831086
4.689092,0.822384
4.617206,0.813681
4.525745,0.804979
4.528452,0.796276
4.487124,0.787574
4.441555,0.778871
4.463009,0.770169
4.415970,0.761466
4.391930,0.752764
4.367981,0.744061
4.390860,0.735359
4.390822,0.726656
4.367496,0.717954
4.391757,0.709251
4.416626,0.700549
4.442120,0.691847
4.468252,0.683144
4.495038,0.674442
4.522493,0.665739
4.550634,0.657037
4.579479,0.648334
4.609045,0.639632
4.639350,0.630929
4.670415,0.622227
4.702259,0.613524
4.734904,0.604822
4.768370,0.596119
4.802681,0.587417
4.811693,0.578714
4.847571,0.570012
4.884363,0.561309
4.922095,0.552607
4.960795,0.543905
5.000493,0.535202
5.041217,0.526500
5.083002,0.517797
5.125877,0.509095
5.169880,0.500392
5.206553,0.491690
5.253077,0.482987
5.299351,0.474285
5.345409,0.465582
5.391284,0.456880
5.437008,0.448177
5.509461,0.439475
5.554773,0.430772
5.600035,0.422070
5.671519,0.413367
5.716583,0.404665
5.781870,0.395962
5.858243,0.387260
5.903187,0.378558
5.973608,0.369855
5.993557,0.361153
2.547606,0.352450
2.407001,0.343748
2.391736,0.335045
2.376843,0.326343
2.337945,0.317640
2.323916,0.308938
2.310229,0.300235
2.296876,0.291533
2.283849,0.282830
2.271142,0.274128
2.258746,0.265425
2.246655,0.256723
2.234862,0.248020
2.223361,0.239318
2.212145,0.230615
2.201208,0.221913
2.190545,0.213211
2.180150,0.204508
2.170017,0.195806
2.160143,0.187103
2.150520,0.178401
2.141145,0.169698
2.132014,0.160996
2.123121,0.152293
2.105399,0.143591
2.106033,0.134888
2.097830,0.126186
2.089850,0.117483
2.082088,0.108781
2.074540,0.100078
2.067204,0.091376
2.060077,0.082673
2.053154,0.073971
2.046432,0.065269
2.039910,0.056566
2.033583,0.047864
2.027449,0.039161
2.021506,0.030459
2.015750,0.021756
2.010180,0.013054
2.004792,0.004351
1.999586,-0.004351
1.994557,-0.013054
1.989706,-0.021756
1.985028,-0.030459
1.980523,-0.039161
1.976189,-0.047864
1.972023,-0.056566
1.968024,-0.065269
1.964191,-0.073971
1.960522,-0.082674
1.957015,-0.091376
1.953669,-0.100078
1.950483,-0.108781
1.947456,-0.117483
1.944585,-0.126186
1.941871,-0.134888
1.939312,-0.143591
1.936906,-0.152293
1.934654,-0.160996
1.932554,-0.169698
1.930606,-0.178401
1.928808,-0.187103
1.927160,-0.195806
1.925662,-0.204508
1.924312,-0.213211
1.923111,-0.221913
1.922057,-0.230616
1.921151,-0.239318
1.920391,-0.248021
1.919779,-0.256723
1.919313,-0.265425
1.918993,-0.274128
1.918820,-0.282830
1.918792,-0.291533
1.918911,-0.300235
1.919176,-0.308938
1.919587,-0.317640
1.920145,-0.326343
1.920849,-0.335045
1.941731,-0.343748
1.942740,-0.352450
1.943898,-0.361153
1.985338,-0.369855
1.986826,-0.378558
1.988467,-0.387260
2.050611,-0.395963
2.092893,-0.404665
2.135420,-0.413367
2.137844,-0.422070
2.160641,-0.430772
2.163429,-0.439475
7.676603,-0.448177
7.626846,-0.456880
7.577524,-0.465582
7.589678,-0.474285
7.602450,-0.482987
7.636269,-0.491690
7.650332,-0.500392
7.665033,-0.509095
7.680376,-0.517797
7.675786,-0.526500
7.651136,-0.535202
7.668307,-0.543905
7.686141,-0.552607
7.683876,-0.561310
7.703009,-0.570012
7.722827,-0.578714
7.764270,-0.587417
7.785541,-0.596119
7.788969,-0.822384
7.682956,-0.831086
7.572796,-0.839789
7.465609,-0.848491
7.371693,-0.857194
7.270785,-0.865896
7.172426,-0.874599
7.089210,-0.883301
6.996330,-0.892003
6.905644,-0.900706
6.807354,-0.909408
6.746090,-0.918111
6.662107,-0.926813
6.571912,-0.935516
6.492002,-0.944218
6.439162,-0.952921
6.356217,-0.961623
6.281694,-0.970326
6.234565,-0.979028
6.158151,-0.987731
6.088384,-0.996433
6.046404,-1.005136
5.975910,-1.013838
5.910353,-1.022541
5.870726,-1.031243
5.807948,-1.039946
5.746126,-1.048648
5.712255,-1.057350
5.652935,-1.066053
5.616775,-1.074755
5.568656,-1.083458
5.521772,-1.092160
5.476084,-1.100863
5.431557,-1.109565
5.388154,-1.118268
5.345844,-1.126970
5.304594,-1.135673
5.264373,-1.144375
5.225153,-1.153078
5.186904,-1.161780
5.149601,-1.170483
5.113218,-1.179185
5.077729,-1.187888
5.043110,-1.196590
5.009339,-1.205293
4.976394,-1.213995
4.944254,-1.222697
4.912898,-1.231400
4.882306,-1.240102
4.852460,-1.248805
4.823342,-1.257507
4.794935,-1.266210
4.767221,-1.274912
4.740184,-1.283615
4.713809,-1.292317
4.688082,-1.301020
4.662986,-1.309722
4.638510,-1.318425
4.614638,-1.327127
4.591359,-1.335830
4.568660,-1.344532
4.546528,-1.353235
4.524953,-1.361937
4.503923,-1.370639
4.483428,-1.379342
4.463456,-1.388044
4.443999,-1.396747
4.425046,-1.405449
4.406588,-1.414152
4.388617,-1.422854
4.371122,-1.431557
4.354097,-1.440259
4.337533,-1.448962
4.321423,-1.457664
4.305758,-1.466367
4.290533,-1.475069
4.275739,-1.483772
4.261370,-1.492474
4.247419,-1.501177
4.233881,-1.509879
4.220750,-1.518582
4.208019,-1.527284
4.195683,-1.535986
4.183737,-1.544689
4.172176,-1.553391
4.160995,-1.562094
4.150188,-1.570796
