scan.pos:-3.870263,5.311694,-2.9647500.731407,1.562094
0.750582,1.553391
0.749500,1.544689
0.748479,1.535986
0.747517,1.527284
0.746614,1.518581
0.745771,1.509879
0.744986,1.501177
0.744259,1.492474
0.743590,1.483772
0.742979,1.475069
0.742425,1.466367
0.741929,1.457664
0.741490,1.448962
0.741107,1.440259
0.740782,1.431557
0.740513,1.422854
0.740300,1.414152
0.740145,1.405449
0.780047,1.396747
0.780002,1.388044
0.780016,1.379342
0.780089,1.370639
0.780222,1.361937
0.780415,1.353234
0.780666,1.344532
0.780978,1.335830
0.781349,1.327127
0.781780,1.318425
0.782272,1.309722
0.782823,1.301020
0.803524,1.292317
0.804214,1.283615
0.804966,1.274912
0.805781,1.266210
0.806660,1.257507
0.807602,1.248805
0.808608,1.240102
0.809678,1.231400
0.810813,1.222697
0.812013,1.213995
0.813278,1.205292
0.814610,1.196590
0.816008,1.187888
0.817473,1.179185
0.819006,1.170483
0.820608,1.161780
0.822278,1.153078
0.824019,1.144375
0.825829,1.135673
0.827711,1.126970
0.829665,1.118268
0.831691,1.109565
0.833791,1.100863
0.835965,1.092160
0.838215,1.083458
0.840541,1.074755
0.842945,1.066053
0.845426,1.057350
0.847988,1.048648
0.850629,1.039945
0.853353,1.031243
0.856159,1.022541
0.859050,1.013838
0.905127,1.005136
0.908343,0.996433
0.911651,0.987731
0.915054,0.979028
0.918552,0.970326
0.922148,0.961623
0.925843,0.952921
0.929638,0.944218
0.933536,0.935516
0.937539,0.926813
0.941648,0.918111
0.945866,0.909408
0.950194,0.900706
0.954636,0.892003
0.959192,0.883301
0.963866,0.874598
0.968659,0.865896
0.973575,0.857194
0.978617,0.848491
0.983785,0.839789
0.989085,0.831086
0.994518,0.822384
1.000088,0.813681
1.005797,0.804979
1.011650,0.796276
1.017649,0.787574
1.023798,0.778871
1.030100,0.770169
1.036560,0.761466
1.043182,0.752764
1.049969,0.744061
1.071641,0.735359
1.078871,0.726656
1.086284,0.717954
1.093883,0.709251
1.101673,0.700549
1.109660,0.691847
1.117850,0.683144
1.126248,0.674442
1.134860,0.665739
1.143692,0.657037
1.152752,0.648334
1.162045,0.639632
1.171579,0.630929
1.181362,0.622227
1.191401,0.613524
1.201705,0.604822
1.229132,0.596119
1.224438,0.587417
1.249003,0.578714
1.272529,0.570012
1.271050,0.561309
5.568706,0.552607
5.525300,0.543905
5.482979,0.535202
5.441713,0.526500
5.401472,0.517797
5.362227,0.509095
5.323951,0.500392
5.286617,0.491690
5.250200,0.482987
5.214676,0.474285
5.180021,0.465582
5.146213,0.456880
5.113230,0.448177
5.081052,0.439475
5.049659,0.430772
5.019031,0.422070
4.989150,0.413367
4.959998,0.404665
4.931558,0.395962
4.903813,0.387260
4.876749,0.378558
4.850348,0.369855
4.824598,0.361153
4.799483,0.352450
4.774990,0.343748
4.751106,0.335045
4.727818,0.326343
4.705113,0.317640
4.682981,0.308938
4.661408,0.300235
4.640386,0.291533
4.619903,0.282830
4.599948,0.274128
4.580513,0.265425
4.561586,0.256723
4.543160,0.248020
4.525226,0.239318
4.507775,0.230615
4.490798,0.221913
4.474288,0.213211
4.458238,0.204508
4.442639,0.195806
4.427485,0.187103
4.412769,0.178401
4.398484,0.169698
4.384624,0.160996
4.371184,0.152293
4.358156,0.143591
4.345536,0.134888
4.333317,0.126186
4.321496,0.117483
4.310065,0.108781
4.299022,0.100078
4.288361,0.091376
4.278078,0.082673
4.268168,0.073971
4.258627,0.065269
4.249453,0.056566
4.240639,0.047864
4.232184,0.039161
4.224083,0.030459
4.216334,0.021756
4.208933,0.013054
4.201878,0.004351
4.195165,-0.004351
4.188792,-0.013054
4.182756,-0.021756
4.177056,-0.030459
4.171688,-0.039161
4.166651,-0.047864
4.161942,-0.056566
4.157561,-0.065269
4.153504,-0.073971
4.149772,-0.082674
4.146361,-0.091376
4.143271,-0.100078
4.140501,-0.108781
4.138050,-0.117483
4.135917,-0.126186
4.134099,-0.134888
4.132599,-0.143591
4.131414,-0.152293
4.130544,-0.160996
4.129989,-0.169698
4.129748,-0.178401
4.129822,-0.187103
4.130211,-0.195806
4.130914,-0.204508
4.131932,-0.213211
4.133266,-0.221913
4.134915,-0.230616
4.136881,-0.239318
4.139164,-0.248021
4.141766,-0.256723
4.144686,-0.265425
4.147926,-0.274128
4.151488,-0.282830
4.155373,-0.291533
4.159583,-0.300235
4.164118,-0.308938
4.168981,-0.317640
4.174173,-0.326343
4.179697,-0.335045
4.185555,-0.343748
4.191749,-0.352450
4.198282,-0.361153
4.205156,-0.369855
4.212373,-0.378558
4.219938,-0.387260
4.227852,-0.395963
4.236119,-0.404665
4.244742,-0.413367
4.253726,-0.422070
4.263072,-0.430772
4.272786,-0.439475
4.282871,-0.448177
4.293332,-0.456880
4.304172,-0.465582
4.315397,-0.474285
4.327010,-0.482987
4.339018,-0.491690
4.351425,-0.500392
4.364236,-0.509095
4.377458,-0.517797
4.391095,-0.526500
4.405154,-0.535202
4.419641,-0.543905
4.434562,-0.552607
4.449924,-0.561310
4.465735,-0.570012
4.482001,-0.578714
4.498729,-0.587417
4.515928,-0.596119
4.533606,-0.604822
4.551771,-0.613524
4.570431,-0.622227
4.589596,-0.630929
4.609274,-0.639632
4.629477,-0.648334
4.650213,-0.657037
4.671492,-0.665739
4.693327,-0.674442
4.715727,-0.683144
2.038948,-0.691847
1.999324,-0.700549
1.982742,-0.709252
1.950566,-0.717954
1.911407,-0.726657
1.881268,-0.735359
1.866157,-0.744061
1.827258,-0.752764
1.823583,-0.761466
1.809137,-0.770169
1.770454,-0.778871
1.745234,-0.787574
1.731183,-0.796276
1.727601,-0.804979
1.713799,-0.813681
1.699950,-0.822384
1.660884,-0.831086
1.646756,-0.839789
1.632562,-0.848491
1.618295,-0.857194
1.603949,-0.865896
1.589520,-0.874599
1.548752,-0.883301
1.533939,-0.892003
1.519019,-0.900706
1.503985,-0.909408
1.488829,-0.918111
1.473544,-0.926813
1.458122,-0.935516
1.470298,-0.944218
1.454815,-0.952921
1.439178,-0.961623
1.433330,-0.970326
1.421140,-0.979028
1.409263,-0.987731
1.397688,-0.996433
1.386407,-1.005136
1.375409,-1.013838
1.364689,-1.022541
1.354236,-1.031243
1.344044,-1.039946
1.334105,-1.048648
1.324412,-1.057350
1.314958,-1.066053
1.305737,-1.074755
1.296742,-1.083458
1.287968,-1.092160
1.279409,-1.100863
1.271058,-1.109565
1.262912,-1.118268
1.254964,-1.126970
1.247211,-1.135673
1.239646,-1.144375
1.232265,-1.153078
1.225065,-1.161780
1.218041,-1.170483
1.211188,-1.179185
1.204504,-1.187888
1.197983,-1.196590
1.191623,-1.205293
1.185420,-1.213995
1.179370,-1.222697
1.173471,-1.231400
1.167719,-1.240102
1.162112,-1.248805
1.156645,-1.257507
1.151317,-1.266210
1.146125,-1.274912
1.141065,-1.283615
1.136137,-1.292317
1.131336,-1.301020
1.126662,-1.309722
1.122111,-1.318425
1.117681,-1.327127
1.113371,-1.335830
1.109178,-1.344532
1.105100,-1.353235
1.101136,-1.361937
1.097283,-1.370639
1.093540,-1.379342
1.089906,-1.388044
1.086378,-1.396747
1.082954,-1.405449
1.079635,-1.414152
1.076417,-1.422854
1.073300,-1.431557
1.070282,-1.440259
1.067362,-1.448962
1.064539,-1.457664
1.061811,-1.466367
1.059178,-1.475069
1.056638,-1.483772
1.054191,-1.492474
1.051834,-1.501177
1.049568,-1.509879
1.047392,-1.518582
1.045303,-1.527284
1.043302,-1.535986
1.041388,-1.544689
1.039561,-1.553391
1.037818,-1.562094
1.036160,-1.570796
