scan.pos:6.763740,4.683231,-0.3647503.383160,1.562094
3.318657,1.553391
3.245834,1.544689
3.165222,1.535986
3.108016,1.527284
3.052536,1.518581
2.971175,1.509879
2.919848,1.501177
2.869892,1.492474
2.821217,1.483772
2.773741,1.475069
2.727063,1.466367
2.660308,1.457664
2.616841,1.448962
2.574273,1.440259
2.535967,1.431557
2.495914,1.422854
2.456580,1.414152
2.417922,1.405449
2.386746,1.396747
2.350127,1.388044
2.314046,1.379342
2.278466,1.370639
2.253402,1.361937
2.219494,1.353234
2.185980,1.344532
2.152830,1.335830
2.144255,1.327127
2.111896,1.318425
2.079823,1.309722
2.048012,1.301020
2.041284,1.292317
2.010083,1.283615
1.979075,1.274912
1.973584,1.266210
1.943070,1.257507
1.912687,1.248805
1.908296,1.240102
1.878301,1.231400
1.848378,1.222697
1.844968,1.213995
1.815333,1.205292
1.812586,1.196590
1.783180,1.187888
1.781058,1.179185
1.751822,1.170483
1.750292,1.161780
1.721171,1.153078
1.720201,1.144375
1.708208,1.135673
1.693697,1.126970
1.679557,1.118268
1.665777,1.109565
1.652346,1.100863
1.639253,1.092160
1.626490,1.083458
1.614046,1.074755
1.601911,1.066053
1.590078,1.057350
1.578538,1.048648
1.567282,1.039945
1.556304,1.031243
1.545595,1.022541
1.535149,1.013838
1.524958,1.005136
1.515017,0.996433
1.505318,0.987731
1.495855,0.979028
1.486624,0.970326
1.477617,0.961623
1.468830,0.952921
1.460258,0.944218
1.451895,0.935516
1.443736,0.926813
1.435777,0.918111
1.428014,0.909408
1.420442,0.900706
1.413057,0.892003
1.405855,0.883301
1.398831,0.874598
1.391983,0.865896
1.385307,0.857194
1.378799,0.848491
1.372456,0.839789
1.366275,0.831086
1.360252,0.822384
1.354384,0.813681
1.348670,0.804979
1.343105,0.796276
1.337687,0.787574
1.332414,0.778871
1.327283,0.770169
1.322292,0.761466
1.317438,0.752764
1.312719,0.744061
1.308133,0.735359
1.303679,0.726656
1.299352,0.717954
1.295153,0.709251
1.291079,0.700549
1.287128,0.691847
1.283299,0.683144
1.279589,0.674442
1.275998,0.665739
1.272524,0.657037
1.269164,0.648334
1.265919,0.639632
1.262786,0.630929
1.259765,0.622227
1.256853,0.613524
1.254050,0.604822
1.251354,0.596119
1.248765,0.587417
1.246281,0.578714
1.243902,0.570012
1.241626,0.561309
1.239453,0.552607
1.237381,0.543905
1.235410,0.535202
1.233540,0.526500
1.231768,0.517797
1.230095,0.509095
1.228521,0.500392
1.227043,0.491690
1.225662,0.482987
1.224378,0.474285
1.223189,0.465582
1.222096,0.456880
1.221097,0.448177
1.220193,0.439475
1.219383,0.430772
1.218667,0.422070
1.218044,0.413367
1.217515,0.404665
1.217079,0.395962
1.216735,0.387260
1.216485,0.378558
1.216327,0.369855
1.216262,0.361153
1.216290,0.352450
1.216410,0.343748
1.216623,0.335045
1.216928,0.326343
1.217327,0.317640
1.217818,0.308938
1.218403,0.300235
1.219081,0.291533
1.219853,0.282830
1.220719,0.274128
1.221679,0.265425
1.222734,0.256723
1.223884,0.248020
1.225130,0.239318
1.226472,0.230615
1.227910,0.221913
1.229445,0.213211
1.231078,0.204508
1.232810,0.195806
1.234640,0.187103
1.236570,0.178401
1.238601,0.169698
1.240733,0.160996
1.242967,0.152293
1.245304,0.143591
1.247745,0.134888
1.250291,0.126186
1.252944,0.117483
1.255703,0.108781
1.258571,0.100078
1.261548,0.091376
1.264635,0.082673
1.267835,0.073971
1.271148,0.065269
1.274575,0.056566
1.278119,0.047864
1.281780,0.039161
1.285561,0.030459
1.289462,0.021756
1.293486,0.013054
1.297635,0.004351
1.301909,-0.004351
1.306312,-0.013054
1.310844,-0.021756
1.315509,-0.030459
1.320308,-0.039161
1.325243,-0.047864
1.330317,-0.056566
1.335532,-0.065269
1.340891,-0.073971
1.346395,-0.082674
1.352049,-0.091376
1.357854,-0.100078
1.363814,-0.108781
1.369930,-0.117483
1.376208,-0.126186
1.382648,-0.134888
1.389256,-0.143591
1.396034,-0.152293
1.402986,-0.160996
1.410115,-0.169698
1.417425,-0.178401
1.424921,-0.187103
1.432606,-0.195806
1.440485,-0.204508
1.448562,-0.213211
1.456842,-0.221913
1.465329,-0.230616
1.474028,-0.239318
1.482945,-0.248021
1.492085,-0.256723
1.501453,-0.265425
1.511055,-0.274128
1.520898,-0.282830
1.530987,-0.291533
1.541328,-0.300235
1.551930,-0.308938
1.562798,-0.317640
1.573940,-0.326343
1.585364,-0.335045
1.597077,-0.343748
1.609089,-0.352450
1.621406,-0.361153
1.634039,-0.369855
1.646997,-0.378558
1.660290,-0.387260
1.673927,-0.395963
1.687920,-0.404665
1.702279,-0.413367
1.717017,-0.422070
1.720730,-0.430772
1.721935,-0.439475
1.751153,-0.448177
1.752924,-0.456880
1.782270,-0.465582
1.784638,-0.474285
1.814168,-0.482987
1.843710,-0.491690
1.846943,-0.500392
1.876762,-0.509095
1.906649,-0.517797
1.910851,-0.526500
1.941113,-0.535202
1.946084,-0.543905
1.976788,-0.552607
2.007656,-0.561310
2.013797,-0.570012
2.045218,-0.578714
2.076868,-0.587417
2.108770,-0.596119
2.116652,-0.604822
2.149279,-0.613524
2.182233,-0.622227
2.215540,-0.630929
2.249230,-0.639632
2.259723,-0.648334
2.294397,-0.657037
2.329545,-0.665739
2.365201,-0.674442
2.401401,-0.683144
2.438183,-0.691847
2.475587,-0.700549
2.513655,-0.709252
2.552433,-0.717954
2.614537,-0.726657
2.654778,-0.735359
2.695884,-0.744061
2.737911,-0.752764
2.803098,-0.761466
2.847067,-0.770169
2.892158,-0.778871
2.960358,-0.787574
3.007844,-0.796276
3.078447,-0.804979
3.150359,-0.813681
3.202105,-0.822384
3.277053,-0.831086
3.353671,-0.839789
3.432100,-0.848491
3.512495,-0.857194
3.488874,-0.865896
3.489391,-0.874599
3.471826,-0.883301
3.457607,-0.892003
3.465473,-0.900706
3.456037,-0.909408
3.446913,-0.918111
3.438099,-0.926813
3.429591,-0.935516
3.421384,-0.944218
3.413476,-0.952921
3.405863,-0.961623
3.357388,-0.970326
3.350441,-0.979028
3.343778,-0.987731
3.316940,-0.996433
3.310871,-1.005136
3.305076,-1.013838
3.299551,-1.022541
3.294296,-1.031243
3.289308,-1.039946
3.284584,-1.048648
3.280123,-1.057350
3.275924,-1.066053
3.271984,-1.074755
3.268303,-1.083458
3.264878,-1.092160
3.261708,-1.100863
3.258792,-1.109565
3.256129,-1.118268
3.253718,-1.126970
3.251558,-1.135673
3.249649,-1.144375
3.247988,-1.153078
3.246577,-1.161780
3.245414,-1.170483
3.244498,-1.179185
3.243831,-1.187888
3.243410,-1.196590
3.243237,-1.205293
3.243310,-1.213995
3.203625,-1.222697
3.204186,-1.231400
3.204991,-1.240102
3.206040,-1.248805
3.207335,-1.257507
3.168805,-1.266210
3.170568,-1.274912
3.172576,-1.283615
3.174828,-1.292317
3.177325,-1.301020
3.180069,-1.309722
3.183060,-1.318425
3.186300,-1.327127
3.189789,-1.335830
3.193529,-1.344532
3.197522,-1.353235
3.201769,-1.361937
3.206272,-1.370639
3.211033,-1.379342
3.216053,-1.388044
3.221334,-1.396747
3.226879,-1.405449
3.232689,-1.414152
3.238768,-1.422854
3.245117,-1.431557
3.251739,-1.440259
3.258637,-1.448962
3.265814,-1.457664
3.273272,-1.466367
3.281014,-1.475069
3.289045,-1.483772
3.297366,-1.492474
3.305982,-1.501177
3.314896,-1.509879
3.324113,-1.518582
3.333635,-1.527284
3.343467,-1.535986
3.353614,-1.544689
3.364080,-1.553391
3.363352,-1.562094
3.385784,-1.570796
