scan.pos:4.503780,7.143166,-2.9647504.615143,1.562094
4.608132,1.553391
4.601492,1.544689
4.554763,1.535986
4.548910,1.527284
4.523238,1.518581
4.518127,1.509879
4.432831,1.501177
4.408391,1.492474
4.404429,1.483772
4.400810,1.475069
4.357399,1.466367
4.334434,1.457664
4.331868,1.448962
4.289575,1.440259
4.287690,1.431557
4.246106,1.422854
4.184864,1.414152
4.183983,1.405449
4.163419,1.396747
4.123177,1.388044
4.123250,1.379342
4.083634,1.370639
4.084329,1.361937
4.065325,1.353234
4.006586,1.344532
3.968135,1.335830
3.970021,1.327127
3.932121,1.318425
3.934592,1.309722
3.917294,1.301020
3.920357,1.292317
3.923723,1.283615
3.927395,1.274912
3.931373,1.266210
3.935660,1.257507
3.940256,1.248805
3.945163,1.240102
3.950385,1.231400
3.976192,1.222697
3.982076,1.213995
3.988282,1.205292
4.035542,1.196590
4.042469,1.187888
4.111038,1.179185
4.159698,1.170483
4.455045,1.161780
4.505228,1.153078
4.535363,1.144375
4.627911,1.135673
4.762613,1.126970
5.147203,1.118268
5.242944,1.109565
5.360406,1.100863
5.541578,1.092160
5.598403,1.083458
5.676980,1.074755
5.735359,1.066053
5.752245,1.057350
5.769671,1.048648
5.787646,1.039945
5.806176,1.031243
5.825271,1.022541
5.844937,1.013838
5.822084,1.005136
5.842770,0.996433
5.864052,0.987731
5.885939,0.979028
5.908441,0.970326
5.931570,0.961623
5.955336,0.952921
5.979750,0.944218
6.004824,0.935516
6.030571,0.926813
6.057003,0.918111
6.084133,0.909408
6.111974,0.900706
6.140541,0.892003
6.147011,0.883301
6.176963,0.874598
6.207683,0.865896
6.239188,0.857194
6.271494,0.848491
6.304619,0.839789
6.332453,0.831086
6.373400,0.822384
6.409093,0.813681
6.397787,0.804979
6.435014,0.796276
6.473173,0.787574
6.512286,0.778871
6.552377,0.770169
6.593469,0.761466
6.635589,0.752764
6.678762,0.744061
6.723016,0.735359
6.768379,0.726656
6.814881,0.717954
7.016676,0.709251
7.066647,0.700549
7.117880,0.691847
7.170413,0.683144
7.224280,0.674442
7.279521,0.665739
7.336177,0.657037
7.394289,0.648334
7.453902,0.639632
7.570084,0.630929
4.387543,0.622227
4.373844,0.613524
4.335434,0.604822
4.305301,0.596119
4.268688,0.587417
4.233012,0.578714
4.198244,0.570012
4.164357,0.561309
4.131325,0.552607
4.099123,0.543905
4.067726,0.535202
4.037112,0.526500
4.007258,0.517797
3.978143,0.509095
3.949746,0.500392
3.947651,0.491690
3.945884,0.482987
3.919185,0.474285
3.893140,0.465582
3.917576,0.456880
3.892468,0.448177
3.867972,0.439475
3.844074,0.430772
3.845065,0.422070
3.822173,0.413367
3.799840,0.404665
3.778052,0.395962
3.756797,0.387260
3.736063,0.378558
3.715838,0.369855
3.696111,0.361153
3.676870,0.352450
3.658106,0.343748
3.639809,0.335045
3.621968,0.326343
3.589711,0.317640
3.587618,0.308938
3.571092,0.300235
3.554986,0.291533
3.516920,0.282830
3.501730,0.274128
3.442568,0.265425
3.428344,0.256723
3.414495,0.248020
3.401017,0.239318
3.387901,0.230615
3.375142,0.221913
3.362733,0.213211
3.350670,0.204508
3.338947,0.195806
3.370441,0.187103
3.359239,0.178401
3.369666,0.169698
3.359048,0.160996
3.391090,0.152293
3.380983,0.143591
3.413283,0.134888
3.466643,0.126186
3.478115,0.117483
3.594155,0.108781
3.605766,0.100078
3.617949,0.091376
3.663499,0.082673
3.693429,0.073971
3.790296,0.065269
3.876247,0.056566
3.905928,0.047864
3.997271,0.039161
4.028810,0.030459
4.132017,0.021756
4.307899,0.013054
4.523696,0.004351
4.732758,-0.004351
5.000109,-0.013054
7.759367,-0.117483
7.755366,-0.126186
7.751960,-0.134888
7.749146,-0.143591
7.746923,-0.152293
7.685281,-0.160996
7.624244,-0.169698
7.583800,-0.178401
7.583936,-0.187103
7.584650,-0.195806
7.585941,-0.204508
7.587811,-0.213211
7.590260,-0.221913
7.593288,-0.230616
7.636968,-0.239318
7.601091,-0.248021
7.625220,-0.256723
7.626668,-0.265425
7.628400,-0.274128
7.680078,-0.282830
7.479770,-0.291533
6.962982,-0.300235
6.466428,-0.308938
6.078416,-0.317640
5.690410,-0.326343
5.384261,-0.335045
5.074412,-0.343748
4.848058,-0.352450
4.613720,-0.361153
4.389920,-0.369855
4.216545,-0.378558
4.034634,-0.387260
3.879813,-0.395963
3.702606,-0.404665
3.582825,-0.413367
3.467481,-0.422070
3.337425,-0.430772
3.232350,-0.439475
3.109521,-0.448177
3.020082,-0.456880
2.946256,-0.465582
2.853678,-0.474285
2.762934,-0.482987
2.692709,-0.491690
2.628129,-0.500392
2.564922,-0.509095
2.506256,-0.517797
2.447094,-0.526500
2.367568,-0.535202
2.318251,-0.543905
2.284614,-0.552607
2.230245,-0.561310
2.167183,-0.570012
2.136922,-0.578714
2.085483,-0.587417
2.050627,-0.596119
2.001152,-0.604822
1.970525,-0.613524
1.922711,-0.622227
1.897296,-0.630929
1.871822,-0.639632
1.825592,-0.648334
1.801939,-0.657037
1.780979,-0.665739
1.735948,-0.674442
1.713713,-0.683144
1.673803,-0.691847
1.652601,-0.700549
1.638307,-0.709252
1.618127,-0.717954
1.598013,-0.726657
1.563624,-0.735359
1.544263,-0.744061
1.511881,-0.752764
1.493175,-0.761466
1.498543,-0.770169
1.468745,-0.778871
1.450711,-0.787574
1.422604,-0.796276
1.405041,-0.804979
1.403353,-0.813681
1.386355,-0.822384
1.361477,-0.831086
1.344830,-0.839789
1.326456,-0.848491
1.310048,-0.857194
1.319378,-0.865896
1.302886,-0.874599
1.286251,-0.883301
1.269467,-0.892003
1.252525,-0.900706
1.235416,-0.909408
1.245202,-0.918111
1.227953,-0.926813
1.210517,-0.935516
1.192883,-0.944218
1.175043,-0.952921
1.185205,-0.961623
1.180389,-0.970326
1.170351,-0.979028
1.160570,-0.987731
1.151037,-0.996433
1.141747,-1.005136
1.132690,-1.013838
1.123861,-1.022541
1.115253,-1.031243
1.106860,-1.039946
1.098674,-1.048648
1.090692,-1.057350
1.082906,-1.066053
1.075312,-1.074755
1.067905,-1.083458
1.060680,-1.092160
1.053631,-1.100863
1.046754,-1.109565
1.040045,-1.118268
1.033500,-1.126970
1.027115,-1.135673
1.020885,-1.144375
1.014807,-1.153078
1.008877,-1.161780
1.003092,-1.170483
0.997449,-1.179185
0.991944,-1.187888
0.986574,-1.196590
0.981337,-1.205293
0.976228,-1.213995
0.971246,-1.222697
0.966388,-1.231400
0.961651,-1.240102
0.957033,-1.248805
0.952531,-1.257507
0.948143,-1.266210
0.943867,-1.274912
0.939701,-1.283615
0.935642,-1.292317
0.931689,-1.301020
0.927839,-1.309722
0.924091,-1.318425
0.920443,-1.327127
0.916894,-1.335830
0.913441,-1.344532
0.910083,-1.353235
0.906818,-1.361937
0.903645,-1.370639
0.900563,-1.379342
0.897569,-1.388044
0.894664,-1.396747
0.891845,-1.405449
0.889111,-1.414152
0.886461,-1.422854
0.883894,-1.431557
0.881409,-1.440259
0.879004,-1.448962
0.876679,-1.457664
0.874433,-1.466367
0.872265,-1.475069
0.870173,-1.483772
0.868157,-1.492474
0.866217,-1.501177
0.864350,-1.509879
0.862558,-1.518582
0.860838,-1.527284
0.859190,-1.535986
0.857614,-1.544689
0.856109,-1.553391
0.854674,-1.562094
0.853308,-1.570796
