scan.pos:-7.120685,5.898701,2.2184351.103434,1.562094
1.096239,1.553391
1.089219,1.544689
1.082371,1.535986
1.075690,1.527284
1.069172,1.518581
1.062812,1.509879
1.056608,1.501177
1.050555,1.492474
1.044651,1.483772
1.038891,1.475069
1.033272,1.466367
1.027792,1.457664
1.022447,1.448962
1.017235,1.440259
1.012152,1.431557
1.007196,1.422854
1.002364,1.414152
0.997654,1.405449
0.993063,1.396747
0.988589,1.388044
0.984230,1.379342
0.979984,1.370639
0.975848,1.361937
0.971820,1.353234
0.967899,1.344532
0.964083,1.335830
0.960370,1.327127
0.956757,1.318425
0.953244,1.309722
0.949829,1.301020
0.946510,1.292317
0.943285,1.283615
0.940154,1.274912
0.937115,1.266210
0.934166,1.257507
0.931307,1.248805
0.928535,1.240102
0.925850,1.231400
0.923251,1.222697
0.920736,1.213995
0.918305,1.205292
0.915955,1.196590
0.913688,1.187888
0.911501,1.179185
0.909393,1.170483
0.907364,1.161780
0.905413,1.153078
0.903539,1.144375
0.901741,1.135673
0.900019,1.126970
0.898371,1.118268
0.896798,1.109565
0.895298,1.100863
0.893871,1.092160
0.892517,1.083458
0.891234,1.074755
0.890023,1.066053
0.888883,1.057350
0.887813,1.048648
0.886814,1.039945
0.885883,1.031243
0.885023,1.022541
0.884231,1.013838
0.883507,1.005136
0.882852,0.996433
0.882266,0.987731
0.881747,0.979028
0.881295,0.970326
0.880912,0.961623
0.880595,0.952921
0.880346,0.944218
0.880164,0.935516
0.880049,0.926813
0.880002,0.918111
0.880021,0.909408
0.880107,0.900706
0.880260,0.892003
0.880481,0.883301
0.880768,0.874598
0.881123,0.865896
0.881545,0.857194
0.882035,0.848491
0.882593,0.839789
0.883219,0.831086
0.883913,0.822384
0.884675,0.813681
0.885507,0.804979
0.886407,0.796276
0.887377,0.787574
0.888417,0.778871
0.889527,0.770169
0.890707,0.761466
0.891959,0.752764
0.893283,0.744061
0.894679,0.735359
0.896147,0.726656
0.897689,0.717954
0.899304,0.709251
0.900995,0.700549
0.902760,0.691847
0.904601,0.683144
0.906520,0.674442
0.908515,0.665739
0.910589,0.657037
0.912742,0.648334
0.914975,0.639632
0.917289,0.630929
0.919685,0.622227
0.922164,0.613524
0.924727,0.604822
0.927375,0.596119
0.930110,0.587417
0.932932,0.578714
0.935842,0.570012
0.938842,0.561309
0.941934,0.552607
0.945118,0.543905
0.948397,0.535202
0.951771,0.526500
0.955242,0.517797
0.958811,0.509095
0.962481,0.500392
0.966254,0.491690
0.970130,0.482987
0.974111,0.474285
0.978201,0.465582
0.982400,0.456880
0.986710,0.448177
0.991134,0.439475
0.995675,0.430772
1.000334,0.422070
1.005113,0.413367
1.010016,0.404665
1.015044,0.395962
1.020201,0.387260
1.025489,0.378558
1.030911,0.369855
1.036470,0.361153
1.042168,0.352450
1.048011,0.343748
1.054000,0.335045
1.060138,0.326343
1.066431,0.317640
1.072881,0.308938
1.079492,0.300235
1.086268,0.291533
1.093214,0.282830
1.100333,0.274128
1.107631,0.265425
1.115111,0.256723
1.122780,0.248020
1.130641,0.239318
1.138700,0.230615
1.146963,0.221913
1.155436,0.213211
1.164124,0.204508
1.173034,0.195806
1.181252,0.187103
1.190617,0.178401
1.200225,0.169698
1.210081,0.160996
1.220194,0.152293
1.230573,0.143591
1.241225,0.134888
1.236636,0.126186
1.255954,0.117483
1.248835,0.108781
1.268499,0.100078
1.290359,0.091376
1.283224,0.082673
1.303107,0.073971
1.326720,0.065269
1.346829,0.056566
1.345566,0.047864
1.366151,0.039161
1.386638,0.030459
1.387902,0.021756
1.408932,0.013054
1.429898,0.004351
1.433806,-0.004351
1.455394,-0.013054
1.476956,-0.021756
1.508257,-0.030459
1.505934,-0.039161
1.528226,-0.047864
1.562062,-0.056566
1.561023,-0.065269
1.584203,-0.073971
1.620837,-0.082674
1.644839,-0.091376
1.668965,-0.100078
1.685228,-0.108781
1.710468,-0.117483
1.735899,-0.126186
1.756016,-0.134888
1.782748,-0.143591
1.809750,-0.152293
1.837048,-0.160996
1.885255,-0.169698
1.914055,-0.178401
1.943256,-0.187103
1.972889,-0.195806
2.004907,-0.204508
2.058637,-0.213211
2.090763,-0.221913
2.128649,-0.230616
2.163197,-0.239318
2.220241,-0.248021
2.234603,-0.256723
2.259961,-0.265425
2.256243,-0.274128
2.232438,-0.282830
2.231562,-0.291533
2.226467,-0.300235
2.230296,-0.308938
2.214711,-0.317640
2.201117,-0.326343
2.189739,-0.335045
2.183592,-0.343748
2.177644,-0.352450
2.171893,-0.361153
2.166337,-0.369855
2.160974,-0.378558
2.155801,-0.387260
2.150816,-0.395963
2.146018,-0.404665
2.141403,-0.413367
2.136971,-0.422070
2.132718,-0.430772
2.128645,-0.439475
2.124748,-0.448177
2.121027,-0.456880
2.117480,-0.465582
2.114106,-0.474285
2.110903,-0.482987
2.107869,-0.491690
2.105005,-0.500392
2.102308,-0.509095
2.099778,-0.517797
2.097414,-0.526500
2.095214,-0.535202
2.093178,-0.543905
2.091305,-0.552607
2.089594,-0.561310
2.088045,-0.570012
2.086657,-0.578714
2.085430,-0.587417
2.084363,-0.596119
2.083455,-0.604822
2.082707,-0.613524
2.082118,-0.622227
2.081687,-0.630929
2.081416,-0.639632
2.081302,-0.648334
2.081348,-0.657037
2.081552,-0.665739
2.081914,-0.674442
2.082435,-0.683144
2.083115,-0.691847
2.083955,-0.700549
2.084954,-0.709252
2.086112,-0.717954
2.087431,-0.726657
2.088912,-0.735359
2.090553,-0.744061
2.092356,-0.752764
2.094322,-0.761466
2.096452,-0.770169
2.098746,-0.778871
2.101205,-0.787574
2.103831,-0.796276
2.106623,-0.804979
2.109584,-0.813681
2.112714,-0.822384
2.116015,-0.831086
2.119488,-0.839789
2.123135,-0.848491
2.126956,-0.857194
2.130953,-0.865896
2.135129,-0.874599
2.139484,-0.883301
2.144021,-0.892003
2.148740,-0.900706
2.153645,-0.909408
2.158738,-0.918111
2.164019,-0.926813
2.169492,-0.935516
2.175159,-0.944218
2.181022,-0.952921
2.187084,-0.961623
2.193347,-0.970326
2.199814,-0.979028
2.206488,-0.987731
2.213372,-0.996433
2.220468,-1.005136
2.227780,-1.013838
2.235311,-1.022541
2.243065,-1.031243
2.266049,-1.039946
2.264020,-1.048648
2.285240,-1.057350
2.286146,-1.066053
2.305840,-1.074755
2.310536,-1.083458
2.316434,-1.092160
2.323491,-1.100863
2.331331,-1.109565
2.341567,-1.118268
2.352836,-1.126970
2.367617,-1.135673
2.199900,-1.144375
2.122763,-1.153078
2.091549,-1.161780
1.997559,-1.170483
1.967642,-1.179185
1.844839,-1.187888
1.823548,-1.196590
1.768239,-1.205293
1.754276,-1.213995
1.748994,-1.222697
1.721722,-1.231400
1.694616,-1.240102
1.691894,-1.248805
1.654630,-1.257507
1.653172,-1.266210
1.627420,-1.274912
1.592876,-1.283615
1.592813,-1.292317
1.567939,-1.301020
1.561208,-1.309722
1.537066,-1.318425
1.506753,-1.327127
1.508972,-1.335830
1.485453,-1.344532
1.483533,-1.353235
1.487050,-1.361937
1.490889,-1.370639
1.491966,-1.379342
1.469872,-1.388044
1.472881,-1.396747
1.478795,-1.405449
1.483942,-1.414152
1.463017,-1.422854
1.470175,-1.431557
1.489850,-1.440259
1.477191,-1.448962
1.464856,-1.457664
1.452835,-1.466367
1.441119,-1.475069
1.429698,-1.483772
1.418564,-1.492474
1.407708,-1.501177
1.397123,-1.509879
1.386801,-1.518582
1.376734,-1.527284
1.392689,-1.535986
1.408526,-1.544689
1.398832,-1.553391
1.389375,-1.562094
1.380151,-1.570796
