scan.pos:4.908487,6.489562,1.9184353.795537,1.562094
3.783717,1.553391
3.772256,1.544689
3.761151,1.535986
3.750395,1.527284
3.739984,1.518581
3.729914,1.509879
3.720181,1.501177
3.710781,1.492474
3.701709,1.483772
3.692962,1.475069
3.663885,1.466367
3.655823,1.457664
3.606950,1.448962
3.599593,1.440259
3.592539,1.431557
3.585785,1.422854
3.579329,1.414152
3.573167,1.405449
3.567298,1.396747
3.561719,1.388044
3.556428,1.379342
3.591912,1.370639
3.587136,1.361937
3.602838,1.353234
3.598607,1.344532
3.634953,1.335830
3.731877,1.327127
3.728359,1.318425
3.885849,1.309722
3.882784,1.301020
3.960256,1.292317
3.957738,1.283615
4.135846,1.274912
4.213952,1.266210
4.352363,1.257507
5.331475,1.248805
7.713331,1.022541
7.368420,1.013838
7.091431,1.005136
6.788670,0.996433
6.542437,0.987731
6.310076,0.979028
6.090086,0.970326
5.884387,0.961623
5.688176,0.952921
5.521524,0.944218
5.362923,0.935516
5.190761,0.926813
5.040740,0.918111
4.904152,0.909408
4.773006,0.900706
4.646846,0.892003
4.546424,0.883301
4.411891,0.874598
4.321306,0.865896
4.212999,0.857194
4.129364,0.848491
4.015999,0.839789
3.939665,0.831086
3.865999,0.822384
3.773080,0.813681
3.704143,0.804979
3.632175,0.796276
3.568549,0.787574
3.484708,0.778871
3.424609,0.770169
3.366150,0.761466
3.309263,0.752764
3.254751,0.744061
3.201573,0.735359
3.149650,0.726656
3.102652,0.717954
3.053895,0.709251
3.006162,0.700549
2.959394,0.691847
2.920685,0.683144
2.876489,0.674442
2.833083,0.665739
2.790417,0.657037
2.758778,0.648334
2.718227,0.639632
2.678279,0.630929
2.651499,0.622227
2.613384,0.613524
2.575753,0.604822
2.538576,0.596119
2.517353,0.587417
2.481704,0.578714
2.446411,0.570012
2.429127,0.561309
2.395173,0.552607
2.361490,0.543905
2.353819,0.535202
2.315351,0.526500
2.309180,0.517797
2.277238,0.509095
2.241551,0.500392
2.237143,0.491690
2.206316,0.482987
2.200349,0.474285
2.170405,0.465582
2.140516,0.456880
2.137596,0.448177
2.108487,0.439475
2.104797,0.430772
2.086719,0.422070
2.069104,0.413367
2.051940,0.404665
2.035211,0.395962
2.018906,0.387260
2.003011,0.378558
1.987515,0.369855
1.972406,0.361153
1.957672,0.352450
1.943304,0.343748
1.929291,0.335045
1.915624,0.326343
1.902293,0.317640
1.889289,0.308938
1.876604,0.300235
1.864228,0.291533
1.852155,0.282830
1.840377,0.274128
1.828886,0.265425
1.817675,0.256723
1.806737,0.248020
1.796067,0.239318
1.785656,0.230615
1.775501,0.221913
1.765593,0.213211
1.755929,0.204508
1.746502,0.195806
1.737307,0.187103
1.728340,0.178401
1.719595,0.169698
1.711068,0.160996
1.702754,0.152293
1.694648,0.143591
1.686748,0.134888
1.679048,0.126186
1.671544,0.117483
1.664234,0.108781
1.657113,0.100078
1.650178,0.091376
1.643425,0.082673
1.636851,0.073971
1.630454,0.065269
1.624229,0.056566
1.618175,0.047864
1.612288,0.039161
1.606565,0.030459
1.601004,0.021756
1.595603,0.013054
1.590359,0.004351
1.585270,-0.004351
1.580333,-0.013054
1.575546,-0.021756
1.570907,-0.030459
1.566415,-0.039161
1.562067,-0.047864
1.557861,-0.056566
1.553796,-0.065269
1.549870,-0.073971
1.546080,-0.082674
1.542427,-0.091376
1.538908,-0.100078
1.535521,-0.108781
1.532266,-0.117483
1.529141,-0.126186
1.526144,-0.134888
1.523275,-0.143591
1.520532,-0.152293
1.517915,-0.160996
1.515422,-0.169698
1.513052,-0.178401
1.510804,-0.187103
1.508677,-0.195806
1.506672,-0.204508
1.504785,-0.213211
1.503018,-0.221913
1.501370,-0.230616
1.499839,-0.239318
1.498425,-0.248021
1.497128,-0.256723
1.495946,-0.265425
1.494881,-0.274128
1.493930,-0.282830
1.493095,-0.291533
1.492374,-0.300235
1.491767,-0.308938
1.491274,-0.317640
1.490895,-0.326343
1.490630,-0.335045
1.490478,-0.343748
1.490440,-0.352450
1.490515,-0.361153
1.490704,-0.369855
1.491006,-0.378558
1.491423,-0.387260
1.491953,-0.395963
1.492597,-0.404665
1.493355,-0.413367
1.494228,-0.422070
1.495216,-0.430772
1.496320,-0.439475
1.497539,-0.448177
1.498874,-0.456880
1.500327,-0.465582
1.501896,-0.474285
1.503583,-0.482987
1.505389,-0.491690
1.507314,-0.500392
1.509359,-0.509095
1.511525,-0.517797
1.513813,-0.526500
1.516223,-0.535202
1.518757,-0.543905
1.521415,-0.552607
1.524199,-0.561310
1.527110,-0.570012
1.530149,-0.578714
1.533316,-0.587417
1.536614,-0.596119
1.540044,-0.604822
1.543607,-0.613524
1.547305,-0.622227
1.551138,-0.630929
1.555110,-0.639632
1.559221,-0.648334
1.563473,-0.657037
1.567868,-0.665739
1.572408,-0.674442
1.577095,-0.683144
1.581930,-0.691847
1.586917,-0.700549
1.592057,-0.709252
1.597352,-0.717954
1.602805,-0.726657
1.608418,-0.735359
1.614195,-0.744061
1.620136,-0.752764
1.626246,-0.761466
1.632527,-0.770169
1.638981,-0.778871
1.645613,-0.787574
1.652425,-0.796276
1.659421,-0.804979
1.666604,-0.813681
1.673977,-0.822384
1.681544,-0.831086
1.689309,-0.839789
1.697276,-0.848491
1.705449,-0.857194
1.713833,-0.865896
1.722431,-0.874599
1.731248,-0.883301
1.740289,-0.892003
1.749559,-0.900706
1.759063,-0.909408
1.768806,-0.918111
1.778794,-0.926813
1.789032,-0.935516
1.799527,-0.944218
1.810284,-0.952921
1.821311,-0.961623
1.832613,-0.970326
1.844197,-0.979028
1.856071,-0.987731
1.868242,-0.996433
1.880717,-1.005136
1.893506,-1.013838
1.906616,-1.022541
1.920056,-1.031243
1.933835,-1.039946
1.947963,-1.048648
1.962450,-1.057350
1.977305,-1.066053
1.992539,-1.074755
2.008165,-1.083458
2.024192,-1.092160
2.040634,-1.100863
2.057504,-1.109565
2.074814,-1.118268
2.092579,-1.126970
2.107341,-1.135673
2.104827,-1.144375
2.130557,-1.153078
2.156305,-1.161780
2.182087,-1.170483
2.207921,-1.179185
2.206945,-1.187888
2.233140,-1.196590
2.259434,-1.205293
2.285842,-1.213995
2.312384,-1.222697
2.339077,-1.231400
2.365938,-1.240102
2.392987,-1.248805
2.420243,-1.257507
2.422543,-1.266210
2.450437,-1.274912
2.503447,-1.283615
2.531729,-1.292317
2.560319,-1.301020
2.589241,-1.309722
2.618518,-1.318425
2.648174,-1.327127
2.678233,-1.335830
2.732548,-1.344532
2.753285,-1.353235
2.799635,-1.361937
2.832917,-1.370639
2.882389,-1.379342
2.917560,-1.388044
2.970425,-1.396747
3.007708,-1.405449
3.064274,-1.414152
3.103921,-1.422854
3.167093,-1.431557
3.206843,-1.440259
3.272603,-1.448962
3.339546,-1.457664
3.385931,-1.466367
3.413747,-1.475069
3.397730,-1.483772
3.388153,-1.492474
3.377314,-1.501177
3.347230,-1.509879
3.334753,-1.518582
3.322621,-1.527284
3.310828,-1.535986
3.299368,-1.544689
3.288238,-1.553391
3.277431,-1.562094
3.266942,-1.570796
