scan.pos:5.082156,5.325320,-0.3647502.841622,1.562094
2.851231,1.553391
2.861124,1.544689
2.871305,1.535986
2.881780,1.527284
2.892552,1.518581
2.903627,1.509879
2.915009,1.501177
2.926706,1.492474
2.938721,1.483772
2.951061,1.475069
2.963731,1.466367
2.976739,1.457664
2.990089,1.448962
3.003790,1.440259
3.017848,1.431557
3.032271,1.422854
3.047064,1.414152
3.062238,1.405449
3.077798,1.396747
3.093755,1.388044
3.110116,1.379342
3.126890,1.370639
3.144087,1.361937
3.161716,1.353234
3.179787,1.344532
3.198311,1.335830
3.217299,1.327127
3.236762,1.318425
3.256711,1.309722
3.277158,1.301020
3.298117,1.292317
3.319599,1.283615
3.341620,1.274912
3.364193,1.266210
3.387332,1.257507
3.411054,1.248805
3.435373,1.240102
3.460308,1.231400
3.485874,1.222697
3.512090,1.213995
3.538975,1.205292
3.566549,1.196590
3.594831,1.187888
3.623844,1.179185
3.653610,1.170483
3.684151,1.161780
3.715493,1.153078
3.747660,1.144375
3.766117,1.135673
3.809588,1.126970
3.825859,1.118268
3.870424,1.109565
3.915465,1.100863
3.905661,1.092160
3.875251,1.083458
3.845601,1.074755
3.816689,1.066053
3.788496,1.057350
3.761001,1.048648
3.734184,1.039945
3.708027,1.031243
3.682512,1.022541
3.657623,1.013838
3.633343,1.005136
3.609656,0.996433
3.586547,0.987731
3.564003,0.979028
3.542007,0.970326
3.520548,0.961623
3.499613,0.952921
3.479188,0.944218
3.459262,0.935516
3.439824,0.926813
3.420862,0.918111
3.402365,0.909408
3.384324,0.900706
3.366728,0.892003
3.349568,0.883301
3.332835,0.874598
3.316519,0.865896
3.300612,0.857194
3.285106,0.848491
3.269993,0.839789
3.255265,0.831086
3.240915,0.822384
3.226936,0.813681
3.213320,0.804979
3.200062,0.796276
3.187154,0.787574
3.174590,0.778871
3.162365,0.770169
3.150473,0.761466
3.138908,0.752764
3.127666,0.744061
3.116739,0.735359
3.106125,0.726656
3.095818,0.717954
3.085813,0.709251
3.076106,0.700549
3.066692,0.691847
3.057569,0.683144
3.048730,0.674442
3.040174,0.665739
3.031896,0.657037
3.023892,0.648334
3.016160,0.639632
3.008696,0.630929
3.001496,0.622227
2.994558,0.613524
2.987880,0.604822
2.981457,0.596119
2.975289,0.587417
2.969371,0.578714
2.963702,0.570012
2.958280,0.561309
2.953102,0.552607
2.948166,0.543905
2.943470,0.535202
2.939013,0.526500
2.934793,0.517797
2.930807,0.509095
2.927055,0.500392
2.923535,0.491690
2.920245,0.482987
2.917185,0.474285
2.914352,0.465582
2.911747,0.456880
2.909368,0.448177
2.907214,0.439475
2.905284,0.430772
2.903578,0.422070
2.902094,0.413367
2.900833,0.404665
2.899794,0.395962
2.898976,0.387260
2.898379,0.378558
2.898003,0.369855
2.897848,0.361153
2.897914,0.352450
2.898200,0.343748
2.898707,0.335045
2.899436,0.326343
2.900385,0.317640
2.901556,0.308938
2.902949,0.300235
2.904565,0.291533
2.906404,0.282830
2.908467,0.274128
2.910755,0.265425
2.913269,0.256723
2.916009,0.248020
2.918977,0.239318
2.922173,0.230615
2.925600,0.221913
2.929258,0.213211
2.933148,0.204508
2.937274,0.195806
2.941635,0.187103
2.946233,0.178401
2.951072,0.169698
2.956151,0.160996
2.961474,0.152293
2.967043,0.143591
2.972859,0.134888
2.978926,0.126186
2.985245,0.117483
2.991819,0.108781
2.998652,0.100078
3.005745,0.091376
3.013101,0.082673
3.020725,0.073971
3.028618,0.065269
3.036784,0.056566
3.045228,0.047864
3.053951,0.039161
3.062958,0.030459
3.072254,0.021756
3.081841,0.013054
3.091725,0.004351
3.101909,-0.004351
3.112398,-0.013054
3.123198,-0.021756
3.134311,-0.030459
3.145745,-0.039161
3.157504,-0.047864
3.169593,-0.056566
3.182019,-0.065269
3.194786,-0.073971
3.207902,-0.082674
3.221372,-0.091376
3.235203,-0.100078
3.249402,-0.108781
3.263976,-0.117483
3.278932,-0.126186
3.294277,-0.134888
3.310020,-0.143591
3.326169,-0.152293
3.342733,-0.160996
3.359719,-0.169698
3.377136,-0.178401
3.394996,-0.187103
3.413307,-0.195806
3.432079,-0.204508
3.451323,-0.213211
3.471049,-0.221913
3.491270,-0.230616
3.511997,-0.239318
3.533242,-0.248021
3.555019,-0.256723
3.577339,-0.265425
3.600218,-0.274128
3.623668,-0.282830
3.647706,-0.291533
3.672346,-0.300235
3.697605,-0.308938
3.723500,-0.317640
3.750047,-0.326343
3.777265,-0.335045
3.805173,-0.343748
3.833791,-0.352450
3.863138,-0.361153
3.893238,-0.369855
3.924111,-0.378558
3.955781,-0.387260
3.988273,-0.395963
4.021612,-0.404665
4.055825,-0.413367
4.090939,-0.422070
4.107696,-0.430772
4.148345,-0.439475
4.189485,-0.448177
4.231146,-0.456880
4.273361,-0.465582
4.316161,-0.474285
4.359579,-0.482987
4.403649,-0.491690
4.448407,-0.500392
4.493888,-0.509095
4.540131,-0.517797
4.587174,-0.526500
4.635058,-0.535202
4.690821,-0.543905
4.741052,-0.552607
4.796221,-0.561310
4.864604,-0.570012
4.882967,-0.578714
4.852273,-0.587417
4.822328,-0.596119
4.793112,-0.604822
4.764608,-0.613524
4.736801,-0.622227
4.709673,-0.630929
4.683208,-0.639632
4.610172,-0.648334
4.585246,-0.657037
4.537574,-0.665739
4.513983,-0.674442
4.490975,-0.683144
4.468539,-0.691847
4.446664,-0.700549
4.425337,-0.709252
4.404547,-0.717954
4.384284,-0.726657
4.364537,-0.735359
4.345297,-0.744061
4.326554,-0.752764
4.308299,-0.761466
4.290522,-0.770169
4.273216,-0.778871
4.256371,-0.787574
4.239981,-0.796276
4.180549,-0.804979
4.165203,-0.813681
4.150284,-0.822384
4.092764,-0.831086
4.078825,-0.839789
4.065290,-0.848491
4.052152,-0.857194
4.039405,-0.865896
4.027044,-0.874599
4.015063,-0.883301
4.003458,-0.892003
3.992222,-0.900706
3.981351,-0.909408
3.970841,-0.918111
3.960687,-0.926813
3.950886,-0.935516
3.941432,-0.944218
3.932321,-0.952921
3.923551,-0.961623
3.915118,-0.970326
3.907017,-0.979028
3.899246,-0.987731
3.891803,-0.996433
3.884682,-1.005136
3.877882,-1.013838
3.871401,-1.022541
3.865235,-1.031243
3.859382,-1.039946
3.853839,-1.048648
2.938368,-1.057350
2.934606,-1.066053
2.850368,-1.074755
2.847160,-1.083458
2.803910,-1.092160
2.760959,-1.100863
2.758491,-1.109565
2.736158,-1.118268
2.734132,-1.126970
2.732317,-1.135673
2.730712,-1.144375
2.729317,-1.153078
2.728131,-1.161780
2.687127,-1.170483
2.686369,-1.179185
2.665812,-1.187888
2.665467,-1.196590
2.665324,-1.205293
2.665384,-1.213995
2.625643,-1.222697
2.586090,-1.231400
2.586740,-1.240102
2.567569,-1.248805
2.568606,-1.257507
2.569839,-1.266210
2.571270,-1.274912
2.572898,-1.283615
2.534578,-1.292317
2.536572,-1.301020
2.538762,-1.309722
2.521024,-1.318425
2.523590,-1.327127
2.526354,-1.335830
2.529316,-1.344532
2.492045,-1.353235
2.495355,-1.361937
2.478592,-1.370639
2.461970,-1.379342
2.465819,-1.388044
2.429134,-1.396747
2.412912,-1.405449
2.417257,-1.414152
2.401325,-1.422854
2.406032,-1.431557
2.410942,-1.440259
2.374850,-1.448962
2.380080,-1.457664
2.385515,-1.466367
2.349669,-1.475069
2.355420,-1.483772
2.361379,-1.492474
2.353732,-1.501177
2.342934,-1.509879
2.353319,-1.518582
2.327621,-1.527284
2.326425,-1.535986
2.305780,-1.544689
2.307797,-1.553391
2.275211,-1.562094
2.281413,-1.570796
