scan.pos:-3.665001,5.425071,-2.6147500.948636,1.562094
0.943881,1.553391
0.939244,1.544689
0.934724,1.535986
0.930317,1.527284
0.926022,1.518581
0.921836,1.509879
0.917757,1.501177
0.913784,1.492474
0.909914,1.483772
0.906145,1.475069
0.902476,1.466367
0.898905,1.457664
0.895429,1.448962
0.892048,1.440259
0.888760,1.431557
0.885564,1.422854
0.882457,1.414152
0.879439,1.405449
0.876507,1.396747
0.873662,1.388044
0.870901,1.379342
0.868223,1.370639
0.865628,1.361937
0.863113,1.353234
0.860679,1.344532
0.858323,1.335830
0.856045,1.327127
0.853844,1.318425
0.851719,1.309722
0.849669,1.301020
0.847694,1.292317
0.845792,1.283615
0.843962,1.274912
0.842205,1.266210
0.840518,1.257507
0.838902,1.248805
0.837356,1.240102
0.835879,1.231400
0.834471,1.222697
0.833131,1.213995
0.831858,1.205292
0.830653,1.196590
0.829514,1.187888
0.828441,1.179185
0.827433,1.170483
0.826492,1.161780
0.825615,1.153078
0.824802,1.144375
0.824054,1.135673
0.823370,1.126970
0.822750,1.118268
0.822193,1.109565
0.821700,1.100863
0.821269,1.092160
0.820902,1.083458
0.820597,1.074755
0.820355,1.066053
0.820176,1.057350
0.820059,1.048648
0.820004,1.039945
0.820012,1.031243
0.820083,1.022541
0.820216,1.013838
0.820411,1.005136
0.820669,0.996433
0.820990,0.987731
0.821374,0.979028
0.821820,0.970326
0.822330,0.961623
0.822903,0.952921
0.863712,0.944218
0.864447,0.935516
0.865249,0.926813
0.866118,0.918111
0.867055,0.909408
0.868061,0.900706
0.869134,0.892003
0.870277,0.883301
0.871490,0.874598
0.872772,0.865896
0.874125,0.857194
0.875549,0.848491
0.877044,0.839789
0.878612,0.831086
0.880252,0.822384
0.922987,0.813681
0.924858,0.804979
0.926808,0.796276
0.928836,0.787574
0.930944,0.778871
0.933133,0.770169
0.935404,0.761466
0.937758,0.752764
0.940195,0.744061
0.963666,0.735359
0.966332,0.726656
0.969086,0.717954
0.971931,0.709251
0.974866,0.700549
0.977894,0.691847
0.981016,0.683144
0.984233,0.674442
0.987547,0.665739
0.990958,0.657037
0.994470,0.648334
0.998083,0.639632
1.001798,0.630929
1.005618,0.622227
1.009545,0.613524
1.013580,0.604822
1.017725,0.596119
1.021982,0.587417
1.026354,0.578714
1.030842,0.570012
1.035448,0.561309
1.040176,0.552607
1.045027,0.543905
1.050003,0.535202
1.055108,0.526500
1.106446,0.517797
1.112049,0.509095
1.117795,0.500392
1.123687,0.491690
1.129727,0.482987
1.135920,0.474285
1.142268,0.465582
1.148776,0.456880
1.155447,0.448177
1.162285,0.439475
1.169294,0.430772
1.176478,0.422070
1.183841,0.413367
1.191389,0.404665
1.199125,0.395962
1.207055,0.387260
1.215184,0.378558
1.223517,0.369855
1.232059,0.361153
1.240817,0.352450
1.249796,0.343748
1.259002,0.335045
1.268442,0.326343
1.284874,0.317640
1.294856,0.308938
1.305093,0.300235
1.315595,0.291533
1.326369,0.282830
1.337424,0.274128
1.348768,0.265425
1.360410,0.256723
1.387775,0.248020
1.408247,0.239318
1.400594,0.230615
1.422472,0.221913
1.445204,0.213211
1.439023,0.204508
1.463224,0.195806
1.488327,0.187103
1.510049,0.178401
1.510332,0.169698
5.633108,0.160996
5.592822,0.152293
5.553528,0.143591
5.515199,0.134888
5.477810,0.126186
5.441336,0.117483
5.405754,0.108781
5.371040,0.100078
5.337173,0.091376
5.304132,0.082673
5.271896,0.073971
5.240447,0.065269
5.209765,0.056566
5.179832,0.047864
5.150632,0.039161
5.122147,0.030459
5.094360,0.021756
5.067258,0.013054
5.040824,0.004351
5.015044,-0.004351
4.989905,-0.013054
4.965393,-0.021756
4.941495,-0.030459
4.918199,-0.039161
4.895492,-0.047864
4.873363,-0.056566
4.851802,-0.065269
4.830797,-0.073971
4.810337,-0.082674
4.790413,-0.091376
4.771016,-0.100078
4.752135,-0.108781
4.733763,-0.117483
4.715889,-0.126186
4.698507,-0.134888
4.681607,-0.143591
4.665183,-0.152293
4.649226,-0.160996
4.633729,-0.169698
4.618687,-0.178401
4.604091,-0.187103
4.589935,-0.195806
4.576214,-0.204508
4.562921,-0.213211
4.550050,-0.221913
4.537597,-0.230616
4.525555,-0.239318
4.513919,-0.248021
4.502686,-0.256723
4.491849,-0.265425
4.481405,-0.274128
4.471349,-0.282830
4.461677,-0.291533
4.452385,-0.300235
4.443470,-0.308938
4.434927,-0.317640
4.426753,-0.326343
4.418945,-0.335045
4.411500,-0.343748
4.404416,-0.352450
4.397688,-0.361153
4.391315,-0.369855
4.385293,-0.378558
4.379621,-0.387260
4.374297,-0.395963
4.369317,-0.404665
4.364681,-0.413367
4.360387,-0.422070
4.356432,-0.430772
4.352816,-0.439475
4.349537,-0.448177
4.346593,-0.456880
4.343984,-0.465582
4.341709,-0.474285
4.339766,-0.482987
4.338155,-0.491690
4.336876,-0.500392
4.335927,-0.509095
4.335310,-0.517797
4.335021,-0.526500
4.335064,-0.535202
4.335436,-0.543905
4.336139,-0.552607
4.337173,-0.561310
4.338537,-0.570012
4.340233,-0.578714
4.342261,-0.587417
4.344622,-0.596119
4.347316,-0.604822
4.350346,-0.613524
4.353712,-0.622227
4.357414,-0.630929
4.361456,-0.639632
4.365838,-0.648334
4.370562,-0.657037
4.375629,-0.665739
4.381043,-0.674442
4.386805,-0.683144
4.392916,-0.691847
4.399380,-0.700549
4.406199,-0.709252
4.413376,-0.717954
4.420914,-0.726657
4.428815,-0.735359
4.437083,-0.744061
4.445721,-0.752764
4.454733,-0.761466
4.464122,-0.770169
4.473892,-0.778871
4.484047,-0.787574
4.494592,-0.796276
4.505529,-0.804979
4.516866,-0.813681
4.528605,-0.822384
4.540752,-0.831086
4.553312,-0.839789
4.566291,-0.848491
4.579693,-0.857194
4.593525,-0.865896
4.607793,-0.874599
4.622503,-0.883301
4.637662,-0.892003
4.653275,-0.900706
4.669352,-0.909408
4.685897,-0.918111
4.702920,-0.926813
4.720428,-0.935516
4.738428,-0.944218
2.172716,-0.952921
2.137331,-0.961623
2.079699,-0.970326
2.043964,-0.979028
2.008084,-0.987731
1.972045,-0.996433
1.935838,-1.005136
1.899451,-1.013838
1.885592,-1.022541
1.848919,-1.031243
1.812034,-1.039946
1.797975,-1.048648
1.760745,-1.057350
1.746555,-1.066053
1.708940,-1.074755
1.694591,-1.083458
1.680215,-1.092160
1.642011,-1.100863
1.627433,-1.109565
1.612812,-1.118268
1.573928,-1.126970
1.559058,-1.135673
1.544127,-1.144375
1.529128,-1.153078
1.514057,-1.161780
1.498907,-1.170483
1.458525,-1.179185
1.443031,-1.187888
1.427436,-1.196590
1.411735,-1.205293
1.395919,-1.213995
1.379983,-1.222697
1.390148,-1.231400
1.347720,-1.240102
1.358006,-1.248805
1.341721,-1.257507
1.325282,-1.266210
1.308683,-1.274912
1.291912,-1.283615
1.274963,-1.292317
1.285778,-1.301020
1.268683,-1.309722
1.265871,-1.318425
1.255085,-1.327127
1.244576,-1.335830
1.234335,-1.344532
1.224353,-1.353235
1.214624,-1.361937
1.205138,-1.370639
1.195890,-1.379342
1.186873,-1.388044
1.178079,-1.396747
1.169504,-1.405449
1.161140,-1.414152
1.152982,-1.422854
1.145024,-1.431557
1.137262,-1.440259
1.129689,-1.448962
1.122302,-1.457664
1.115095,-1.466367
1.108064,-1.475069
1.101204,-1.483772
1.094512,-1.492474
1.087982,-1.501177
1.081612,-1.509879
1.075398,-1.518582
1.069336,-1.527284
1.063422,-1.535986
1.057653,-1.544689
1.052026,-1.553391
1.046538,-1.562094
1.041186,-1.570796
