scan.pos:6.875845,4.640426,-0.3647503.077046,1.562094
2.999542,1.553391
2.945255,1.544689
2.861796,1.535986
2.811924,1.527284
2.763467,1.518581
2.694453,1.509879
2.643967,1.501177
2.600211,1.492474
2.557496,1.483772
2.515754,1.475069
2.474595,1.466367
2.413159,1.457664
2.374821,1.448962
2.337201,1.440259
2.303675,1.431557
2.268240,1.422854
2.233375,1.414152
2.205057,1.405449
2.172050,1.396747
2.139488,1.388044
2.107342,1.379342
2.061289,1.370639
2.030534,1.361937
2.023915,1.353234
1.981524,1.344532
1.952392,1.335830
1.947732,1.327127
1.919192,1.318425
1.880854,1.309722
1.877941,1.301020
1.850641,1.292317
1.815168,1.283615
1.813830,1.274912
1.787571,1.266210
1.754704,1.257507
1.754799,1.248805
1.729410,1.240102
1.698932,1.231400
1.674082,1.222697
1.675676,1.213995
1.647400,1.205292
1.623167,1.196590
1.625958,1.187888
1.599729,1.179185
1.603517,1.170483
1.578820,1.161780
1.555595,1.153078
1.560477,1.144375
1.550759,1.135673
1.537585,1.126970
1.524748,1.118268
1.512238,1.109565
1.500045,1.100863
1.488160,1.092160
1.476573,1.083458
1.465275,1.074755
1.454259,1.066053
1.443517,1.057350
1.433040,1.048648
1.422822,1.039945
1.412856,1.031243
1.403134,1.022541
1.393651,1.013838
1.384399,1.005136
1.375374,0.996433
1.366569,0.987731
1.357979,0.979028
1.349598,0.970326
1.341422,0.961623
1.333445,0.952921
1.325662,0.944218
1.318070,0.935516
1.310663,0.926813
1.303438,0.918111
1.296391,0.909408
1.289517,0.900706
1.282812,0.892003
1.294589,0.883301
1.288122,0.874598
1.281816,0.865896
1.275668,0.857194
1.269675,0.848491
1.263834,0.839789
1.258142,0.831086
1.252595,0.822384
1.247192,0.813681
1.241930,0.804979
1.236806,0.796276
1.231817,0.787574
1.226961,0.778871
1.222236,0.770169
1.217640,0.761466
1.213170,0.752764
1.208825,0.744061
1.204602,0.735359
1.200500,0.726656
1.196516,0.717954
1.192649,0.709251
1.188897,0.700549
1.185259,0.691847
1.181733,0.683144
1.178317,0.674442
1.175010,0.665739
1.171810,0.657037
1.168717,0.648334
1.165729,0.639632
1.162844,0.630929
1.160061,0.622227
1.157380,0.613524
1.154799,0.604822
1.152316,0.596119
1.149932,0.587417
1.147645,0.578714
1.145454,0.570012
1.143358,0.561309
1.141357,0.552607
1.139449,0.543905
1.137635,0.535202
1.135912,0.526500
1.134281,0.517797
1.132740,0.509095
1.131290,0.500392
1.129929,0.491690
1.128658,0.482987
1.127475,0.474285
1.126380,0.465582
1.125374,0.456880
1.124454,0.448177
1.123621,0.439475
1.122876,0.430772
1.122216,0.422070
1.121643,0.413367
1.121155,0.404665
1.120754,0.395962
1.120438,0.387260
1.120207,0.378558
1.120062,0.369855
1.120002,0.361153
1.120027,0.352450
1.120138,0.343748
1.120334,0.335045
1.120615,0.326343
1.120982,0.317640
1.121435,0.308938
1.121973,0.300235
1.122598,0.291533
1.123309,0.282830
1.124106,0.274128
1.124990,0.265425
1.125962,0.256723
1.127021,0.248020
1.128168,0.239318
1.129403,0.230615
1.130728,0.221913
1.132141,0.213211
1.133645,0.204508
1.135239,0.195806
1.136925,0.187103
1.138702,0.178401
1.140572,0.169698
1.142535,0.160996
1.144593,0.152293
1.130522,0.143591
1.132738,0.134888
1.135049,0.126186
1.137457,0.117483
1.139962,0.108781
1.142565,0.100078
1.145268,0.091376
1.148071,0.082673
1.150976,0.073971
1.153983,0.065269
1.157095,0.056566
1.160312,0.047864
1.163636,0.039161
1.167068,0.030459
1.170610,0.021756
1.174263,0.013054
1.178029,0.004351
1.181909,-0.004351
1.185906,-0.013054
1.190021,-0.021756
1.194255,-0.030459
1.198612,-0.039161
1.203092,-0.047864
1.207698,-0.056566
1.212433,-0.065269
1.217298,-0.073971
1.222295,-0.082674
1.227428,-0.091376
1.232698,-0.100078
1.238108,-0.108781
1.243661,-0.117483
1.249359,-0.126186
1.255206,-0.134888
1.261205,-0.143591
1.267358,-0.152293
1.273669,-0.160996
1.280141,-0.169698
1.286778,-0.178401
1.293583,-0.187103
1.300560,-0.195806
1.307712,-0.204508
1.315045,-0.213211
1.322561,-0.221913
1.330266,-0.230616
1.338163,-0.239318
1.346259,-0.248021
1.354556,-0.256723
1.363060,-0.265425
1.371778,-0.274128
1.380713,-0.282830
1.389872,-0.291533
1.399261,-0.300235
1.408885,-0.308938
1.418751,-0.317640
1.428867,-0.326343
1.439237,-0.335045
1.449871,-0.343748
1.460775,-0.352450
1.471957,-0.361153
1.483426,-0.369855
1.495190,-0.378558
1.507257,-0.387260
1.519637,-0.395963
1.532340,-0.404665
1.545376,-0.413367
1.558755,-0.422070
1.563043,-0.430772
1.565286,-0.439475
1.595508,-0.448177
1.598248,-0.456880
1.628531,-0.465582
1.631804,-0.474285
1.662207,-0.482987
1.666049,-0.491690
1.670292,-0.500392
1.701087,-0.509095
1.705958,-0.517797
1.737024,-0.526500
1.742568,-0.535202
1.773973,-0.543905
1.780242,-0.552607
1.812055,-0.561310
1.844018,-0.570012
1.851401,-0.578714
1.883890,-0.587417
1.892152,-0.596119
1.925251,-0.604822
1.958615,-0.613524
1.968260,-0.622227
2.002376,-0.630929
2.036837,-0.639632
2.048066,-0.648334
2.083439,-0.657037
2.119249,-0.665739
2.155532,-0.674442
2.192322,-0.683144
2.206656,-0.691847
2.244690,-0.700549
2.283350,-0.709252
2.322679,-0.717954
2.362724,-0.726657
2.403538,-0.735359
2.445171,-0.744061
2.487683,-0.752764
2.531133,-0.761466
2.575587,-0.770169
2.621115,-0.778871
2.689703,-0.787574
2.737526,-0.796276
2.786671,-0.804979
2.858895,-0.813681
2.910897,-0.822384
2.964531,-0.831086
3.041359,-0.839789
3.119933,-0.848491
3.179109,-0.857194
3.261716,-0.865896
3.346571,-0.874599
3.433875,-0.883301
3.418644,-0.892003
3.406923,-0.900706
3.398956,-0.909408
3.395022,-0.918111
3.393546,-0.926813
3.385147,-0.935516
3.377047,-0.944218
3.369241,-0.952921
3.361727,-0.961623
3.354501,-0.970326
3.347561,-0.979028
3.340903,-0.987731
3.293615,-0.996433
3.287590,-1.005136
3.281835,-1.013838
3.276350,-1.022541
3.250816,-1.031243
3.245894,-1.039946
3.241233,-1.048648
3.236831,-1.057350
3.232687,-1.066053
3.228799,-1.074755
3.225166,-1.083458
3.221786,-1.092160
3.218658,-1.100863
3.215781,-1.109565
3.213153,-1.118268
3.210774,-1.126970
3.208643,-1.135673
3.206758,-1.144375
3.205120,-1.153078
3.203727,-1.161780
3.202579,-1.170483
3.201676,-1.179185
3.201017,-1.187888
3.200602,-1.196590
3.200431,-1.205293
3.200503,-1.213995
3.200819,-1.222697
3.201379,-1.231400
3.202183,-1.240102
3.163197,-1.248805
3.164474,-1.257507
3.165994,-1.266210
3.167756,-1.274912
3.169762,-1.283615
3.172012,-1.292317
3.134329,-1.301020
3.137035,-1.309722
3.139986,-1.318425
3.143182,-1.327127
3.146624,-1.335830
3.150313,-1.344532
3.154252,-1.353235
3.158442,-1.361937
3.162884,-1.370639
3.167580,-1.379342
3.172532,-1.388044
3.177742,-1.396747
3.183212,-1.405449
3.188944,-1.414152
3.194940,-1.422854
3.201203,-1.431557
3.207736,-1.440259
3.214540,-1.448962
3.221620,-1.457664
3.228977,-1.466367
3.236614,-1.475069
3.244536,-1.483772
3.252745,-1.492474
3.261245,-1.501177
3.270038,-1.509879
3.279130,-1.518582
3.288523,-1.527284
3.298223,-1.535986
3.308232,-1.544689
3.318556,-1.553391
3.329199,-1.562094
3.340165,-1.570796
