scan.pos:-2.099533,7.096966,0.7852501.272604,1.562094
1.261645,1.553391
1.250968,1.544689
1.240564,1.535986
1.230425,1.527284
1.220542,1.518581
1.210908,1.509879
1.201516,1.501177
1.192358,1.492474
1.183429,1.483772
1.174721,1.475069
1.166228,1.466367
1.157945,1.457664
1.149865,1.448962
1.141984,1.440259
1.134296,1.431557
1.126796,1.422854
1.119480,1.414152
1.112341,1.405449
1.105377,1.396747
1.098583,1.388044
1.091955,1.379342
1.085488,1.370639
1.079179,1.361937
1.073024,1.353234
1.067019,1.344532
1.061162,1.335830
1.055449,1.327127
1.049877,1.318425
1.044442,1.309722
1.039142,1.301020
1.033973,1.292317
1.028934,1.283615
1.024022,1.274912
1.019233,1.266210
1.014565,1.257507
1.010017,1.248805
1.005586,1.240102
1.001269,1.231400
0.997065,1.222697
0.992972,1.213995
0.988986,1.205292
0.985108,1.196590
0.981334,1.187888
0.977663,1.179185
0.974093,1.170483
0.970623,1.161780
0.967251,1.153078
0.963976,1.144375
0.960795,1.135673
0.957708,1.126970
0.954714,1.118268
0.951810,1.109565
0.948996,1.100863
0.946270,1.092160
0.943632,1.083458
0.941080,1.074755
0.938613,1.066053
0.936230,1.057350
0.933930,1.048648
0.931712,1.039945
0.929575,1.031243
0.927518,1.022541
0.925541,1.013838
0.923642,1.005136
0.921821,0.996433
0.920078,0.987731
0.918410,0.979028
0.916819,0.970326
0.915302,0.961623
0.913860,0.952921
0.912492,0.944218
0.911197,0.935516
0.909975,0.926813
0.908826,0.918111
0.907748,0.909408
0.906742,0.900706
0.905807,0.892003
0.904943,0.883301
0.904150,0.874598
0.903426,0.865896
0.902772,0.857194
0.902188,0.848491
0.901674,0.839789
0.901228,0.831086
0.900852,0.822384
0.900544,0.813681
0.900305,0.804979
0.900135,0.796276
0.900033,0.787574
0.900000,0.778871
0.900035,0.770169
0.900139,0.761466
0.900312,0.752764
0.900553,0.744061
0.900863,0.735359
0.901242,0.726656
0.901690,0.717954
0.902207,0.709251
0.902794,0.700549
0.903450,0.691847
0.904176,0.683144
0.904972,0.674442
0.905838,0.665739
0.906775,0.657037
0.907784,0.648334
0.908864,0.639632
0.910016,0.630929
0.911240,0.622227
0.912537,0.613524
0.913908,0.604822
0.915352,0.596119
0.916871,0.587417
0.918466,0.578714
0.920135,0.570012
0.921882,0.561309
0.923705,0.552607
0.925607,0.543905
0.927587,0.535202
0.929646,0.526500
0.931786,0.517797
0.934006,0.509095
0.936309,0.500392
0.938695,0.491690
0.941165,0.482987
0.943720,0.474285
0.946362,0.465582
0.949090,0.456880
0.951907,0.448177
0.954814,0.439475
0.957812,0.430772
0.960902,0.422070
0.964085,0.413367
0.967364,0.404665
0.970739,0.395962
0.974213,0.387260
0.977786,0.378558
0.981460,0.369855
0.985238,0.361153
0.989120,0.352450
0.993109,0.343748
0.997206,0.335045
1.001414,0.326343
1.005735,0.317640
1.010170,0.308938
1.014722,0.300235
1.019393,0.291533
1.024186,0.282830
1.029103,0.274128
1.034147,0.265425
1.039319,0.256723
1.044624,0.248020
1.050064,0.239318
1.055641,0.230615
1.061359,0.221913
1.067221,0.213211
1.073230,0.204508
1.079390,0.195806
1.085705,0.187103
1.092177,0.178401
1.098811,0.169698
1.105611,0.160996
1.112581,0.152293
1.119725,0.143591
1.127048,0.134888
1.134554,0.126186
1.142249,0.117483
1.150136,0.108781
1.158223,0.100078
1.166513,0.091376
1.175013,0.082673
1.183728,0.073971
1.192665,0.065269
1.201831,0.056566
1.211231,0.047864
1.220873,0.039161
1.230765,0.030459
1.240913,0.021756
1.251326,0.013054
1.262013,0.004351
1.272981,-0.004351
1.261645,-0.013054
1.278768,-0.021756
1.295700,-0.030459
1.312453,-0.039161
1.301911,-0.047864
1.318544,-0.056566
1.335017,-0.065269
1.351339,-0.073971
1.367517,-0.082674
1.383560,-0.091376
1.399473,-0.100078
1.415266,-0.108781
1.430943,-0.117483
1.446513,-0.126186
1.461982,-0.134888
1.477355,-0.143591
1.472864,-0.152293
1.488285,-0.160996
1.513511,-0.169698
1.529358,-0.178401
1.531933,-0.187103
1.572535,-0.195806
1.577117,-0.204508
1.617995,-0.213211
1.624691,-0.221913
1.642356,-0.230616
1.674871,-0.239318
1.693259,-0.248021
1.727903,-0.256723
1.747114,-0.265425
1.784063,-0.274128
1.804214,-0.282830
1.843668,-0.291533
1.864892,-0.300235
1.886301,-0.308938
1.929533,-0.317640
1.952229,-0.326343
1.998576,-0.335045
2.022748,-0.343748
2.072534,-0.352450
2.120382,-0.361153
2.146596,-0.369855
2.201640,-0.378558
2.229928,-0.387260
2.289429,-0.395963
2.341693,-0.404665
2.394528,-0.413367
2.439561,-0.422070
2.495239,-0.430772
2.567683,-0.439475
2.626677,-0.448177
2.686747,-0.456880
2.768878,-0.465582
2.833237,-0.474285
2.902746,-0.482987
2.993271,-0.491690
3.085631,-0.500392
3.169406,-0.509095
3.289313,-0.517797
3.391083,-0.526500
3.493123,-0.535202
3.624777,-0.543905
3.743148,-0.552607
3.906917,-0.561310
4.055240,-0.570012
4.203394,-0.578714
4.388834,-0.587417
4.582101,-0.596119
4.812838,-0.604822
5.031053,-0.613524
5.322747,-0.622227
5.615292,-0.630929
5.906121,-0.639632
6.301864,-0.648334
6.690320,-0.657037
7.212451,-0.665739
7.730460,-0.674442
2.784102,-1.074755
2.697232,-1.083458
2.613016,-1.092160
2.550642,-1.100863
2.494056,-1.109565
2.420415,-1.118268
2.369395,-1.126970
2.298749,-1.135673
2.236469,-1.144375
2.191422,-1.153078
2.157565,-1.161780
2.094754,-1.170483
2.054462,-1.179185
2.007406,-1.187888
1.970130,-1.196590
1.928262,-1.205293
1.893596,-1.213995
1.859563,-1.222697
1.823995,-1.231400
1.757519,-1.240102
1.760594,-1.248805
1.730593,-1.257507
1.702771,-1.266210
1.674424,-1.274912
1.669139,-1.283615
1.691714,-1.292317
1.688378,-1.301020
1.645503,-1.309722
1.620437,-1.318425
1.603383,-1.327127
1.579432,-1.335830
1.565037,-1.344532
1.542083,-1.353235
1.530191,-1.361937
1.508133,-1.370639
1.474482,-1.379342
1.453087,-1.388044
1.445669,-1.396747
1.449566,-1.405449
1.469174,-1.414152
1.449474,-1.422854
1.446593,-1.431557
1.427504,-1.440259
1.426634,-1.448962
1.433665,-1.457664
1.409192,-1.466367
1.411590,-1.475069
1.420289,-1.483772
1.424773,-1.492474
1.408023,-1.501177
1.414866,-1.509879
1.399016,-1.518582
1.410154,-1.527284
1.421579,-1.535986
1.433300,-1.544689
1.445328,-1.553391
1.429626,-1.562094
1.441682,-1.570796
