scan.pos:-5.953327,-5.953637,0.7852502.894535,1.562094
2.900884,1.553391
2.935699,1.544689
2.970726,1.535986
2.978645,1.527284
3.014389,1.518581
3.050415,1.509879
3.060048,1.501177
3.096921,1.492474
3.134151,1.483772
3.171767,1.475069
3.209798,1.466367
3.248273,1.457664
3.287223,1.448962
3.301302,1.440259
3.341469,1.431557
3.382205,1.422854
3.423544,1.414152
3.465523,1.405449
3.508182,1.396747
3.551557,1.388044
3.595692,1.379342
3.640630,1.370639
3.686415,1.361937
3.733095,1.353234
3.804433,1.344532
3.852926,1.335830
3.902476,1.327127
3.953142,1.318425
4.028195,1.309722
4.074989,1.301020
4.153096,1.292317
4.205053,1.283615
4.263847,1.274912
4.344198,1.266210
4.407089,1.257507
4.494237,1.248805
4.560904,1.240102
4.652707,1.231400
4.726513,1.222697
4.823606,1.213995
4.927318,1.205292
5.008464,1.196590
5.114300,1.187888
5.209074,1.179185
5.322265,1.170483
5.449129,1.161780
5.570716,1.153078
5.696301,1.144375
5.819271,1.135673
5.955387,1.126970
6.114101,1.118268
6.262465,1.109565
6.437764,1.100863
6.600570,1.092160
6.770625,1.083458
6.975199,1.074755
7.184781,1.066053
7.403843,1.057350
7.645951,1.048648
4.433458,0.709251
3.882891,0.700549
3.446798,0.691847
3.449567,0.683144
3.150947,0.674442
2.992926,0.665739
2.875120,0.657037
2.757279,0.648334
2.659575,0.639632
2.662946,0.630929
2.666528,0.622227
2.629767,0.613524
2.633717,0.604822
2.637880,0.596119
2.642257,0.587417
2.646852,0.578714
2.651664,0.570012
2.615724,0.561309
2.620898,0.552607
2.605724,0.543905
2.611297,0.535202
2.617095,0.526500
2.623118,0.517797
2.629370,0.509095
2.635853,0.500392
2.642570,0.491690
2.649523,0.482987
2.656716,0.474285
2.664152,0.465582
2.671833,0.456880
2.679764,0.448177
2.687947,0.439475
2.696386,0.430772
2.705085,0.422070
2.714047,0.413367
2.706305,0.404665
2.732779,0.395962
2.742557,0.387260
2.709159,0.378558
2.719340,0.369855
2.729806,0.361153
2.740562,0.352450
2.751614,0.343748
2.762967,0.335045
2.774626,0.326343
2.786597,0.317640
2.798886,0.308938
2.811498,0.300235
2.824441,0.291533
2.837721,0.282830
2.851344,0.274128
2.865318,0.265425
2.879650,0.256723
2.894348,0.248020
2.909419,0.239318
2.924872,0.230615
2.940715,0.221913
2.956957,0.213211
2.973607,0.204508
2.990675,0.195806
3.008170,0.187103
3.026103,0.178401
3.044485,0.169698
3.063325,0.160996
3.082637,0.152293
3.102431,0.143591
3.122720,0.134888
3.193943,0.126186
3.367904,0.117483
3.391160,0.108781
7.777685,0.091376
7.741490,0.082673
7.710770,0.073971
7.676011,0.065269
7.656512,0.056566
7.662567,0.047864
7.669305,0.039161
7.704091,0.030459
7.767616,0.021756
5.924203,-0.178401
5.815661,-0.187103
5.781219,-0.195806
5.747618,-0.204508
5.714837,-0.213211
5.682859,-0.221913
5.651664,-0.230616
5.621236,-0.239318
5.591558,-0.248021
5.562612,-0.256723
5.534384,-0.265425
5.506858,-0.274128
5.480020,-0.282830
5.453856,-0.291533
5.428351,-0.300235
5.403493,-0.308938
5.379271,-0.317640
5.355670,-0.326343
5.332680,-0.335045
5.310288,-0.343748
5.288486,-0.352450
5.267261,-0.361153
5.246603,-0.369855
5.226504,-0.378558
5.206953,-0.387260
5.187942,-0.395963
5.169460,-0.404665
5.151501,-0.413367
5.134056,-0.422070
5.138468,-0.430772
5.164524,-0.439475
5.190807,-0.448177
5.238474,-0.456880
5.265164,-0.465582
5.271070,-0.474285
5.361222,-0.482987
5.430595,-0.491690
5.516564,-0.500392
5.673523,-0.509095
5.860294,-0.517797
6.284687,-0.526500
6.491718,-0.535202
6.731484,-0.543905
7.210894,-0.552607
7.499099,-0.561310
7.638846,-1.057350
7.397234,-1.066053
7.178547,-1.074755
6.969309,-1.083458
6.765119,-1.092160
6.595351,-1.100863
6.432811,-1.109565
6.257815,-1.118268
6.109676,-1.126970
5.951223,-1.135673
5.815299,-1.144375
5.692557,-1.153078
5.567138,-1.161780
5.445704,-1.170483
5.319026,-1.179185
5.205970,-1.187888
5.111363,-1.196590
5.005643,-1.205293
4.902630,-1.213995
4.821037,-1.222697
4.724040,-1.231400
4.650362,-1.240102
4.558643,-1.248805
4.492092,-1.257507
4.405019,-1.266210
4.342202,-1.274912
4.261948,-1.283615
4.203221,-1.292317
4.128375,-1.301020
4.073305,-1.309722
4.003382,-1.318425
3.951593,-1.327127
3.900979,-1.335830
3.851478,-1.344532
3.803032,-1.353235
3.731735,-1.361937
3.685098,-1.370639
3.639355,-1.379342
3.594457,-1.388044
3.550361,-1.396747
3.507022,-1.405449
3.464399,-1.414152
3.422454,-1.422854
3.381147,-1.431557
3.340443,-1.440259
3.300306,-1.448962
3.260704,-1.457664
3.247340,-1.466367
3.208892,-1.475069
3.170887,-1.483772
3.133296,-1.492474
3.096090,-1.501177
3.059241,-1.509879
3.049637,-1.518582
3.013633,-1.527284
2.977910,-1.535986
2.970018,-1.544689
2.935011,-1.553391
2.900215,-1.562094
2.893566,-1.570796
