scan.pos:3.836279,6.989353,-2.9147504.278974,1.562094
4.270535,1.553391
4.221560,1.544689
4.173087,1.535986
4.145477,1.527284
4.077595,1.518581
4.071167,1.509879
4.024513,1.501177
4.018799,1.492474
3.972963,1.483772
3.947744,1.475069
3.882543,1.466367
3.837937,1.457664
3.833976,1.448962
3.790095,1.440259
3.786768,1.431557
3.763658,1.422854
3.760931,1.414152
3.758495,1.405449
3.756348,1.396747
3.754488,1.388044
3.752916,1.379342
3.751631,1.370639
3.750633,1.361937
3.749921,1.353234
3.769495,1.344532
3.769353,1.335830
3.769498,1.327127
3.769930,1.318425
3.810663,1.309722
3.811681,1.301020
3.873047,1.292317
3.874673,1.283615
3.976782,1.274912
4.079304,1.266210
4.202323,1.257507
4.245527,1.248805
4.269027,1.240102
4.313003,1.231400
4.417776,1.222697
4.482794,1.213995
4.588639,1.205292
4.775865,1.196590
4.862803,1.187888
4.950338,1.179185
5.058773,1.170483
5.167910,1.161780
5.237096,1.153078
5.286532,1.144375
5.356948,1.135673
5.407578,1.126970
5.417836,1.118268
5.428547,1.109565
5.439716,1.100863
5.451347,1.092160
5.463445,1.083458
5.476015,1.074755
5.489061,1.066053
5.460977,1.057350
5.474888,1.048648
5.489289,1.039945
5.504186,1.031243
5.519586,1.022541
5.535495,1.013838
5.551920,1.005136
5.568868,0.996433
5.586347,0.987731
5.604363,0.979028
5.602612,0.970326
5.642044,0.961623
5.661724,0.952921
5.681976,0.944218
5.702810,0.935516
5.702425,0.926813
5.724367,0.918111
5.746917,0.909408
5.770087,0.900706
5.793888,0.892003
5.818330,0.883301
5.843427,0.874598
5.869190,0.865896
5.895632,0.857194
5.922766,0.848491
5.927848,0.839789
5.933433,0.831086
5.962505,0.822384
5.992322,0.813681
6.022900,0.804979
6.054255,0.796276
6.086404,0.787574
6.119364,0.778871
6.153155,0.770169
6.187795,0.761466
6.223304,0.752764
6.259702,0.744061
6.297011,0.735359
6.408502,0.726656
6.521854,0.717954
6.562960,0.709251
6.605093,0.700549
6.648281,0.691847
6.692550,0.683144
3.869839,0.674442
3.828053,0.665739
3.780872,0.657037
3.740868,0.648334
3.722546,0.639632
3.684368,0.630929
3.642722,0.622227
3.606047,0.613524
3.566852,0.604822
3.531557,0.596119
3.496659,0.587417
3.460653,0.578714
3.426968,0.570012
3.393114,0.561309
3.388827,0.552607
3.359494,0.543905
3.331058,0.535202
3.358490,0.526500
3.331035,0.517797
3.304274,0.509095
3.278188,0.500392
3.306162,0.491690
3.280958,0.482987
3.256382,0.474285
3.232416,0.465582
3.209043,0.456880
3.211980,0.448177
3.189564,0.439475
3.167699,0.430772
3.146369,0.422070
3.125561,0.413367
3.105262,0.404665
3.085458,0.395962
3.066137,0.387260
3.047287,0.378558
3.028896,0.369855
3.010954,0.361153
2.993450,0.352450
2.976374,0.343748
2.959716,0.335045
2.943465,0.326343
2.927615,0.317640
2.912154,0.308938
2.897076,0.300235
2.859277,0.291533
2.845053,0.282830
2.785452,0.274128
2.772149,0.265425
2.759183,0.256723
2.746545,0.248020
2.734230,0.239318
2.722231,0.230615
2.710542,0.221913
2.699158,0.213211
2.688073,0.204508
2.677282,0.195806
2.666779,0.187103
2.700177,0.178401
2.690074,0.169698
2.680249,0.160996
2.692269,0.152293
2.682913,0.143591
2.695247,0.134888
2.707704,0.126186
2.699002,0.117483
2.732993,0.108781
2.788135,0.100078
2.779889,0.091376
2.834989,0.082673
2.931933,0.073971
2.924001,0.065269
2.930369,0.056566
2.972732,0.047864
2.976719,0.039161
3.020216,0.030459
3.096468,0.021756
3.156359,0.013054
3.221063,0.004351
3.215841,-0.004351
3.336672,-0.013054
3.341664,-0.021756
3.414373,-0.030459
3.563615,-0.039161
3.677831,-0.047864
3.915523,-0.056566
4.141473,-0.065269
4.349798,-0.073971
7.544957,-0.143591
7.318811,-0.152293
7.213826,-0.160996
7.149592,-0.169698
7.126026,-0.178401
7.083004,-0.187103
7.080579,-0.195806
7.078695,-0.204508
7.077350,-0.213211
7.076545,-0.221913
7.016279,-0.230616
6.956546,-0.239318
6.917338,-0.248021
6.918659,-0.256723
6.920506,-0.265425
6.922883,-0.274128
6.925788,-0.282830
6.929224,-0.291533
6.933192,-0.300235
6.937693,-0.308938
6.982881,-0.317640
6.948301,-0.326343
6.954412,-0.335045
6.961986,-0.343748
6.983358,-0.352450
6.976258,-0.361153
7.031884,-0.369855
6.643784,-0.378558
6.285424,-0.387260
5.929855,-0.395963
5.661412,-0.404665
5.408694,-0.413367
5.149602,-0.422070
4.922981,-0.430772
4.712993,-0.439475
4.530664,-0.448177
4.376796,-0.456880
4.206080,-0.465582
4.068765,-0.474285
3.916227,-0.482987
3.789167,-0.491690
3.674672,-0.500392
3.558397,-0.509095
3.466395,-0.517797
3.371934,-0.526500
3.267124,-0.535202
3.185772,-0.543905
3.106740,-0.552607
3.010714,-0.561310
2.937389,-0.570012
2.865767,-0.578714
2.802662,-0.587417
2.735543,-0.596119
2.691175,-0.604822
2.616293,-0.613524
2.553987,-0.622227
2.514326,-0.630929
2.469134,-0.639632
2.410667,-0.648334
2.374840,-0.657037
2.314540,-0.665739
2.281173,-0.674442
2.248450,-0.683144
2.193858,-0.691847
2.163166,-0.700549
2.132972,-0.709252
2.083296,-0.717954
2.054789,-0.726657
2.026663,-0.735359
2.004236,-0.744061
1.954539,-0.752764
1.935129,-0.761466
1.909773,-0.770169
1.884643,-0.778871
1.845568,-0.787574
1.821483,-0.796276
1.797556,-0.804979
1.785506,-0.813681
1.762595,-0.822384
1.728745,-0.831086
1.706609,-0.839789
1.684535,-0.848491
1.677931,-0.857194
1.656661,-0.865896
1.627223,-0.874599
1.606524,-0.883301
1.604092,-0.892003
1.584064,-0.900706
1.557956,-0.909408
1.538364,-0.918111
1.518708,-0.926813
1.520789,-0.935516
1.501679,-0.944218
1.478998,-0.952921
1.460190,-0.961623
1.438790,-0.970326
1.447579,-0.979028
1.427624,-0.987731
1.409498,-0.996433
1.390722,-1.005136
1.400917,-1.013838
1.388851,-1.022541
1.377095,-1.031243
1.365640,-1.039946
1.354476,-1.048648
1.343595,-1.057350
1.345572,-1.066053
1.335133,-1.074755
1.324955,-1.083458
1.315031,-1.092160
1.305352,-1.100863
1.295913,-1.109565
1.286707,-1.118268
1.277728,-1.126970
1.268968,-1.135673
1.260424,-1.144375
1.252088,-1.153078
1.243956,-1.161780
1.236023,-1.170483
1.228283,-1.179185
1.220732,-1.187888
1.213365,-1.196590
1.206177,-1.205293
1.199165,-1.213995
1.192325,-1.222697
1.185651,-1.231400
1.179141,-1.240102
1.172792,-1.248805
1.166598,-1.257507
1.160558,-1.266210
1.154667,-1.274912
1.148923,-1.283615
1.143322,-1.292317
1.137862,-1.301020
1.132540,-1.309722
1.127352,-1.318425
1.122298,-1.327127
1.117372,-1.335830
1.112575,-1.344532
1.107902,-1.353235
1.103352,-1.361937
1.098923,-1.370639
1.094612,-1.379342
1.090417,-1.388044
1.086337,-1.396747
1.082370,-1.405449
1.078513,-1.414152
1.074765,-1.422854
1.071124,-1.431557
1.067589,-1.440259
1.064158,-1.448962
1.060830,-1.457664
1.057602,-1.466367
1.054475,-1.475069
1.051445,-1.483772
1.048513,-1.492474
1.045676,-1.501177
1.042933,-1.509879
1.040285,-1.518582
1.037728,-1.527284
1.035262,-1.535986
1.032887,-1.544689
1.030601,-1.553391
1.028403,-1.562094
1.026292,-1.570796
