scan.pos:-7.168590,7.106285,0.8184351.150563,1.562094
1.160083,1.553391
1.169851,1.544689
1.179877,1.535986
1.185725,1.527284
1.175549,1.518581
1.193388,1.509879
1.183497,1.501177
1.201156,1.492474
1.191542,1.483772
1.182169,1.475069
1.173031,1.466367
1.164122,1.457664
1.155434,1.448962
1.146961,1.440259
1.138698,1.431557
1.130639,1.422854
1.122778,1.414152
1.115109,1.405449
1.107629,1.396747
1.100331,1.388044
1.093212,1.379342
1.086266,1.370639
1.079490,1.361937
1.072879,1.353234
1.066429,1.344532
1.060137,1.335830
1.053998,1.327127
1.048009,1.318425
1.042167,1.309722
1.036468,1.301020
1.030909,1.292317
1.025487,1.283615
1.020199,1.274912
1.015043,1.266210
1.010014,1.257507
1.005112,1.248805
1.000332,1.240102
0.995674,1.231400
0.991133,1.222697
0.986709,1.213995
0.982398,1.205292
0.978199,1.196590
0.974110,1.187888
0.970129,1.179185
0.966253,1.170483
0.962480,1.161780
0.958810,1.153078
0.955241,1.144375
0.951770,1.135673
0.948396,1.126970
0.945118,1.118268
0.941933,1.109565
0.938842,1.100863
0.935841,1.092160
0.932931,1.083458
0.930109,1.074755
0.927375,1.066053
0.924727,1.057350
0.922164,1.048648
0.919685,1.039945
0.917289,1.031243
0.914975,1.022541
0.912742,1.013838
0.910589,1.005136
0.908515,0.996433
0.906519,0.987731
0.904601,0.979028
0.902760,0.970326
0.900994,0.961623
0.899304,0.952921
0.897688,0.944218
0.896147,0.935516
0.894678,0.926813
0.893283,0.918111
0.891959,0.909408
0.890707,0.900706
0.889526,0.892003
0.888416,0.883301
0.887377,0.874598
0.886407,0.865896
0.885506,0.857194
0.884675,0.848491
0.883913,0.839789
0.883219,0.831086
0.882593,0.822384
0.882035,0.813681
0.881545,0.804979
0.881123,0.796276
0.880768,0.787574
0.880480,0.778871
0.880260,0.770169
0.880107,0.761466
0.880021,0.752764
0.880002,0.744061
0.880049,0.735359
0.880164,0.726656
0.880346,0.717954
0.880595,0.709251
0.880912,0.700549
0.881296,0.691847
0.881747,0.683144
0.882266,0.674442
0.882853,0.665739
0.883507,0.657037
0.884231,0.648334
0.885023,0.639632
0.885884,0.630929
0.886814,0.622227
0.887814,0.613524
0.888883,0.604822
0.890024,0.596119
0.891235,0.587417
0.892517,0.578714
0.893872,0.570012
0.895298,0.561309
0.896798,0.552607
0.898371,0.543905
0.900019,0.535202
0.901741,0.526500
0.903539,0.517797
0.905413,0.509095
0.907364,0.500392
0.909394,0.491690
0.911501,0.482987
0.913688,0.474285
0.915956,0.465582
0.918305,0.456880
0.920737,0.448177
0.923251,0.439475
0.925851,0.430772
0.928536,0.422070
0.931307,0.413367
0.934167,0.404665
0.937116,0.395962
0.940155,0.387260
0.943286,0.378558
0.946511,0.369855
0.949830,0.361153
0.953245,0.352450
0.956758,0.343748
0.960370,0.335045
0.964084,0.326343
0.967900,0.317640
0.971821,0.308938
0.975849,0.300235
0.979985,0.291533
0.984231,0.282830
0.988590,0.274128
0.993064,0.265425
0.997655,0.256723
1.002365,0.248020
1.007197,0.239318
1.012153,0.230615
1.017236,0.221913
1.022449,0.213211
1.027794,0.204508
1.033274,0.195806
1.038892,0.187103
1.044652,0.178401
1.050557,0.169698
1.056610,0.160996
1.062814,0.152293
1.069173,0.143591
1.075692,0.134888
1.082373,0.126186
1.089221,0.117483
1.096241,0.108781
1.103436,0.100078
1.110811,0.091376
1.118371,0.082673
1.126122,0.073971
1.134067,0.065269
1.142213,0.056566
1.150565,0.047864
1.159129,0.039161
1.167911,0.030459
1.176918,0.021756
1.186155,0.013054
1.195631,0.004351
1.205352,-0.004351
1.215325,-0.013054
1.225559,-0.021756
1.236061,-0.030459
1.242188,-0.039161
1.231528,-0.047864
1.248895,-0.056566
1.266067,-0.065269
1.283053,-0.073971
1.299864,-0.082674
1.289639,-0.091376
1.306330,-0.100078
1.322865,-0.108781
1.339253,-0.117483
1.355500,-0.126186
1.371614,-0.134888
1.387602,-0.143591
1.403472,-0.152293
1.419230,-0.160996
1.434883,-0.169698
1.450437,-0.178401
1.465898,-0.187103
1.481272,-0.195806
1.496566,-0.204508
1.414250,-0.213211
1.405748,-0.221913
1.373359,-0.230616
1.317497,-0.239318
1.310012,-0.248021
1.302709,-0.256723
1.272029,-0.265425
1.265207,-0.274128
1.258553,-0.282830
1.252063,-0.291533
1.245734,-0.300235
1.239563,-0.308938
1.233546,-0.317640
1.227681,-0.326343
1.176705,-0.335045
1.171339,-0.343748
1.166111,-0.352450
1.161016,-0.361153
1.156054,-0.369855
1.151221,-0.378558
1.146516,-0.387260
1.141935,-0.395963
1.137477,-0.404665
1.133140,-0.413367
1.128921,-0.422070
1.124819,-0.430772
1.120831,-0.439475
1.073997,-0.448177
1.070379,-0.456880
1.066866,-0.465582
1.063456,-0.474285
1.060149,-0.482987
1.056942,-0.491690
1.053835,-0.500392
1.050826,-0.509095
1.047913,-0.517797
1.045096,-0.526500
1.042374,-0.535202
1.039744,-0.543905
1.037206,-0.552607
1.034760,-0.561310
1.032403,-0.570012
1.030135,-0.578714
1.027956,-0.587417
1.025863,-0.596119
1.023857,-0.604822
1.021936,-0.613524
1.020100,-0.622227
1.018348,-0.630929
1.016680,-0.639632
1.015094,-0.648334
1.013590,-0.657037
1.012167,-0.665739
1.010826,-0.674442
1.009564,-0.683144
1.008383,-0.691847
1.007280,-0.700549
1.006257,-0.709252
1.005313,-0.717954
1.004446,-0.726657
1.003657,-0.735359
1.002946,-0.744061
1.002313,-0.752764
1.001756,-0.761466
1.001276,-0.770169
1.000873,-0.778871
1.000546,-0.787574
1.000296,-0.796276
1.000121,-0.804979
1.000023,-0.813681
1.000002,-0.822384
1.000056,-0.831086
1.000187,-0.839789
1.000394,-0.848491
1.000677,-0.857194
1.001036,-0.865896
1.001472,-0.874599
1.001985,-0.883301
1.002575,-0.892003
1.003242,-0.900706
1.003986,-0.909408
1.045000,-0.918111
1.045936,-0.926813
1.046953,-0.935516
1.048053,-0.944218
1.049234,-0.952921
1.050498,-0.961623
1.092302,-0.970326
1.114043,-0.979028
1.115647,-0.987731
1.117339,-0.996433
1.119123,-1.005136
1.120998,-1.013838
1.122964,-1.022541
1.125024,-1.031243
1.127177,-1.039946
1.129424,-1.048648
1.131767,-1.057350
1.134206,-1.066053
1.136742,-1.074755
1.139377,-1.083458
1.142111,-1.092160
1.144945,-1.100863
1.147882,-1.109565
1.192772,-1.118268
1.196030,-1.126970
1.199398,-1.135673
1.202876,-1.144375
1.206466,-1.153078
1.210171,-1.161780
1.235289,-1.170483
1.282030,-1.179185
1.286299,-1.187888
1.290696,-1.196590
1.295222,-1.205293
1.343209,-1.213995
1.348159,-1.222697
1.375076,-1.231400
1.380393,-1.240102
1.385857,-1.248805
1.391472,-1.257507
1.441595,-1.266210
1.469977,-1.274912
1.521085,-1.283615
1.717215,-1.292317
1.724986,-1.301020
4.694905,-1.379342
4.633195,-1.388044
4.581677,-1.396747
4.506928,-1.405449
4.442343,-1.414152
4.401069,-1.422854
4.334636,-1.431557
4.306626,-1.440259
4.263758,-1.448962
4.269968,-1.457664
4.198811,-1.466367
4.201630,-1.475069
4.153975,-1.483772
4.157168,-1.492474
4.109177,-1.501177
4.034855,-1.509879
4.012060,-1.518582
3.962892,-1.527284
3.992917,-1.535986
3.943464,-1.544689
3.920500,-1.553391
3.897471,-1.562094
3.819581,-1.570796
