scan.pos:-2.208014,-2.003998,1.7352501.654306,1.562094
1.651976,1.553391
1.649779,1.544689
1.647713,1.535986
1.645777,1.527284
1.643970,1.518581
1.642293,1.509879
1.640743,1.501177
1.639322,1.492474
1.638027,1.483772
1.636860,1.475069
1.635818,1.466367
1.634902,1.457664
1.634111,1.448962
1.633446,1.440259
1.632905,1.431557
1.632489,1.422854
1.632197,1.414152
1.632030,1.405449
1.631987,1.396747
1.632069,1.388044
1.632275,1.379342
1.632605,1.370639
1.633059,1.361937
1.633639,1.353234
1.634343,1.344532
1.635172,1.335830
1.636127,1.327127
1.637208,1.318425
1.638415,1.309722
1.639749,1.301020
1.641210,1.292317
1.642799,1.283615
1.644516,1.274912
1.646363,1.266210
1.648339,1.257507
1.650446,1.248805
1.652684,1.240102
1.655055,1.231400
1.657559,1.222697
1.660197,1.213995
1.662970,1.205292
1.665880,1.196590
1.668927,1.187888
1.672113,1.179185
1.675439,1.170483
1.678906,1.161780
1.682516,1.153078
1.686270,1.144375
1.690170,1.135673
1.694218,1.126970
1.698414,1.118268
1.702762,1.109565
1.707262,1.100863
1.711916,1.092160
1.716727,1.083458
1.721697,1.074755
1.726828,1.066053
1.732121,1.057350
1.737580,1.048648
1.743207,1.039945
1.749003,1.031243
1.754973,1.022541
1.761117,1.013838
1.767441,1.005136
1.773945,0.996433
1.780633,0.987731
1.787509,0.979028
1.794575,0.970326
1.801835,0.961623
1.809293,0.952921
1.816951,0.944218
1.824814,0.935516
1.832885,0.926813
1.841169,0.918111
1.849670,0.909408
1.858392,0.900706
1.867339,0.892003
1.876517,0.883301
1.932154,0.874598
1.942043,0.865896
1.998886,0.857194
2.033008,0.848491
2.044050,0.839789
2.126572,0.831086
6.912230,0.822384
6.952008,0.813681
6.992784,0.804979
7.034579,0.796276
7.077419,0.787574
7.121329,0.778871
7.166337,0.770169
7.212471,0.761466
7.259758,0.752764
7.308230,0.744061
7.357918,0.735359
7.408854,0.726656
7.461072,0.717954
7.514608,0.709251
7.569499,0.700549
7.625782,0.691847
7.683498,0.683144
7.742688,0.674442
5.040428,0.369855
4.944827,0.361153
4.827499,0.352450
4.780594,0.343748
4.757361,0.335045
4.734712,0.326343
4.712634,0.317640
4.691117,0.308938
4.670149,0.300235
4.649721,0.291533
4.629822,0.282830
4.610442,0.274128
4.591571,0.265425
4.573201,0.256723
4.555324,0.248020
4.537930,0.239318
4.521010,0.230615
4.504559,0.221913
4.488567,0.213211
4.473028,0.204508
4.457934,0.195806
4.443280,0.187103
4.429057,0.178401
4.415261,0.169698
4.423027,0.160996
4.410001,0.152293
4.397387,0.143591
4.385177,0.134888
4.415178,0.126186
4.403653,0.117483
4.392523,0.108781
4.423275,0.100078
4.412820,0.091376
4.402748,0.082673
4.393056,0.073971
4.383740,0.065269
4.374796,0.056566
4.366220,0.047864
4.378450,0.039161
4.411372,0.030459
4.403775,0.021756
4.457545,0.013054
4.491178,0.004351
4.666965,-0.004351
4.660393,-0.013054
4.815938,-0.021756
5.193568,-0.030459
5.510170,-0.039161
5.967500,-0.047864
7.372025,-0.317640
6.964543,-0.326343
6.620990,-0.335045
6.240273,-0.343748
5.985710,-0.352450
5.995708,-0.361153
5.985784,-0.369855
5.996732,-0.378558
5.967196,-0.387260
5.979065,-0.395963
5.991439,-0.404665
6.004322,-0.413367
6.017719,-0.422070
6.031638,-0.430772
6.046082,-0.439475
6.061058,-0.448177
6.076572,-0.456880
6.092631,-0.465582
6.109242,-0.474285
6.126411,-0.482987
6.144147,-0.491690
6.162456,-0.500392
3.755441,-0.509095
3.606849,-0.517797
3.524196,-0.526500
3.452311,-0.535202
3.418115,-0.543905
3.342770,-0.552607
3.290673,-0.561310
3.153239,-0.570012
3.103953,-0.578714
3.034171,-0.587417
2.973388,-0.596119
2.920033,-0.604822
2.875685,-0.613524
2.832417,-0.622227
2.767798,-0.630929
2.726393,-0.639632
2.595624,-0.648334
2.532858,-0.657037
2.516200,-0.665739
2.454713,-0.674442
2.416675,-0.683144
2.402380,-0.691847
2.365682,-0.700549
2.329539,-0.709252
2.340865,-0.717954
2.329581,-0.726657
2.295279,-0.735359
2.309141,-0.744061
2.261326,-0.752764
2.267255,-0.761466
2.288184,-0.770169
2.228803,-0.778871
2.242631,-0.787574
2.232059,-0.796276
2.221523,-0.804979
2.236088,-0.813681
2.200547,-0.822384
2.215508,-0.831086
2.230845,-0.839789
2.220805,-0.848491
2.236740,-0.857194
2.253078,-0.865896
2.217167,-0.874599
2.233947,-0.883301
2.251157,-0.892003
2.268807,-0.900706
2.286913,-0.909408
2.305486,-0.918111
2.324542,-0.926813
2.344096,-0.935516
2.364163,-0.944218
2.382541,-0.952921
2.389366,-0.961623
2.424508,-0.970326
2.432211,-0.979028
2.467797,-0.987731
2.478986,-0.996433
2.515595,-1.005136
2.525722,-1.013838
2.551646,-1.022541
2.574129,-1.031243
2.617134,-1.039946
2.629971,-1.048648
2.669206,-1.057350
2.683264,-1.066053
2.723407,-1.074755
2.746503,-1.083458
2.763194,-1.092160
2.780688,-1.100863
2.823708,-1.109565
2.842731,-1.118268
2.897576,-1.126970
2.918843,-1.135673
2.965173,-1.144375
3.012219,-1.153078
3.036201,-1.161780
3.084954,-1.170483
3.119847,-1.179185
3.176582,-1.187888
3.228885,-1.196590
3.259040,-1.205293
3.313616,-1.213995
3.369369,-1.222697
3.422024,-1.231400
3.481235,-1.240102
3.541874,-1.248805
3.581499,-1.257507
3.645370,-1.266210
3.710955,-1.274912
3.778362,-1.283615
3.850008,-1.292317
3.922476,-1.301020
3.997179,-1.309722
4.074267,-1.318425
4.153902,-1.327127
4.236258,-1.335830
4.213348,-1.344532
4.204777,-1.353235
4.241015,-1.361937
4.267571,-1.370639
4.305316,-1.379342
4.326390,-1.388044
4.373721,-1.396747
4.405173,-1.405449
4.435315,-1.414152
4.464668,-1.422854
4.473234,-1.431557
4.544807,-1.440259
4.532945,-1.448962
4.583881,-1.457664
4.634912,-1.466367
4.623957,-1.475069
4.716658,-1.483772
4.768091,-1.492474
4.799103,-1.501177
4.809831,-1.509879
4.923278,-1.518582
4.954902,-1.527284
5.088806,-1.535986
5.141149,-1.544689
5.132701,-1.553391
5.266796,-1.562094
7.563698,-1.570796
