scan.pos:5.381104,5.211171,-0.3647502.963809,1.562094
2.973832,1.553391
2.984150,1.544689
2.994769,1.535986
3.005694,1.527284
3.016929,1.518581
3.028480,1.509879
3.040353,1.501177
3.052552,1.492474
3.065083,1.483772
3.077954,1.475069
3.091169,1.466367
3.104736,1.457664
3.118661,1.448962
3.132951,1.440259
3.147613,1.431557
3.162656,1.422854
3.178086,1.414152
3.193911,1.405449
3.210141,1.396747
3.226784,1.388044
3.243848,1.379342
3.261343,1.370639
3.279280,1.361937
3.297667,1.353234
3.316515,1.344532
3.335836,1.335830
3.355640,1.327127
3.375940,1.318425
3.396746,1.309722
3.418073,1.301020
3.439933,1.292317
3.462339,1.283615
3.485307,1.274912
3.508850,1.266210
3.532985,1.257507
3.557726,1.248805
3.583091,1.240102
3.609098,1.231400
3.635763,1.222697
3.663107,1.213995
3.691148,1.205292
3.719908,1.196590
3.749406,1.187888
3.801845,1.179185
3.756270,1.170483
3.738889,1.161780
3.694394,1.153078
3.678510,1.144375
3.650086,1.135673
3.619079,1.126970
3.588864,1.118268
3.559419,1.109565
3.530720,1.100863
3.502744,1.092160
3.475471,1.083458
3.448880,1.074755
3.422951,1.066053
3.397666,1.057350
3.373007,1.048648
3.348957,1.039945
3.325498,1.031243
3.302616,1.022541
3.280294,1.013838
3.258519,1.005136
3.237276,0.996433
3.216551,0.987731
3.196332,0.979028
3.176606,0.970326
3.157361,0.961623
3.138585,0.952921
3.120267,0.944218
3.102397,0.935516
3.084964,0.926813
3.067958,0.918111
3.051369,0.909408
3.035189,0.900706
3.019409,0.892003
3.004019,0.883301
2.989012,0.874598
2.974379,0.865896
2.960114,0.857194
2.946207,0.848491
2.932653,0.839789
2.919445,0.831086
2.906575,0.822384
2.894038,0.813681
2.881827,0.804979
2.869936,0.796276
2.858360,0.787574
2.847092,0.778871
2.836129,0.770169
2.825463,0.761466
2.815092,0.752764
2.805008,0.744061
2.795209,0.735359
2.785690,0.726656
2.776446,0.717954
2.767473,0.709251
2.758768,0.700549
2.750325,0.691847
2.742143,0.683144
2.734216,0.674442
2.726543,0.665739
2.719119,0.657037
2.711941,0.648334
2.705006,0.639632
2.698312,0.630929
2.691855,0.622227
2.685633,0.613524
2.679643,0.604822
2.673883,0.596119
2.668351,0.587417
2.663044,0.578714
2.657960,0.570012
2.653097,0.561309
2.648453,0.552607
2.644027,0.543905
2.639815,0.535202
2.635818,0.526500
2.632033,0.517797
2.628458,0.509095
2.625093,0.500392
2.621936,0.491690
2.618986,0.482987
2.616241,0.474285
2.613701,0.465582
2.611365,0.456880
2.609231,0.448177
2.607299,0.439475
2.605568,0.430772
2.604038,0.422070
2.602707,0.413367
2.601577,0.404665
2.600644,0.395962
2.599911,0.387260
2.599376,0.378558
2.599039,0.369855
2.598900,0.361153
2.598958,0.352450
2.599215,0.343748
2.599670,0.335045
2.600323,0.326343
2.601175,0.317640
2.602225,0.308938
2.603474,0.300235
2.604923,0.291533
2.606573,0.282830
2.608423,0.274128
2.610475,0.265425
2.612729,0.256723
2.615187,0.248020
2.617848,0.239318
2.620715,0.230615
2.623788,0.221913
2.627069,0.213211
2.630558,0.204508
2.634258,0.195806
2.638169,0.187103
2.642293,0.178401
2.646632,0.169698
2.651188,0.160996
2.655962,0.152293
2.660956,0.143591
2.666172,0.134888
2.671613,0.126186
2.677280,0.117483
2.683177,0.108781
2.689304,0.100078
2.695665,0.091376
2.702263,0.082673
2.709100,0.073971
2.716179,0.065269
2.723503,0.056566
2.731075,0.047864
2.738898,0.039161
2.746977,0.030459
2.755313,0.021756
2.763911,0.013054
2.772775,0.004351
2.781909,-0.004351
2.791316,-0.013054
2.801001,-0.021756
2.810969,-0.030459
2.821223,-0.039161
2.831769,-0.047864
2.842611,-0.056566
2.853754,-0.065269
2.865205,-0.073971
2.876967,-0.082674
2.889048,-0.091376
2.901452,-0.100078
2.914186,-0.108781
2.927257,-0.117483
2.940670,-0.126186
2.954432,-0.134888
2.968551,-0.143591
2.983034,-0.152293
2.997889,-0.160996
3.013122,-0.169698
3.028744,-0.178401
3.044760,-0.187103
3.061182,-0.195806
3.078018,-0.204508
3.095276,-0.213211
3.112968,-0.221913
3.131103,-0.230616
3.149692,-0.239318
3.168745,-0.248021
3.188275,-0.256723
3.208293,-0.265425
3.228811,-0.274128
3.249842,-0.282830
3.271400,-0.291533
3.293499,-0.300235
3.316152,-0.308938
3.339375,-0.317640
3.363183,-0.326343
3.387594,-0.335045
3.412623,-0.343748
3.438288,-0.352450
3.464608,-0.361153
3.491602,-0.369855
3.519291,-0.378558
3.547694,-0.387260
3.576834,-0.395963
3.606734,-0.404665
3.637417,-0.413367
3.668908,-0.422070
3.687851,-0.430772
3.732093,-0.439475
3.749116,-0.448177
3.794417,-0.456880
3.813009,-0.465582
3.859484,-0.474285
3.906485,-0.482987
3.927509,-0.491690
3.975875,-0.500392
4.024875,-0.509095
4.074551,-0.517797
4.099171,-0.526500
4.150503,-0.535202
4.202634,-0.543905
4.230366,-0.552607
4.284402,-0.561310
4.339377,-0.570012
4.395343,-0.578714
4.452353,-0.587417
4.510465,-0.596119
4.581541,-0.604822
4.626755,-0.613524
4.599752,-0.622227
4.573409,-0.630929
4.547710,-0.639632
4.522641,-0.648334
4.498187,-0.657037
4.474335,-0.665739
4.451072,-0.674442
4.428385,-0.683144
4.360258,-0.691847
4.338912,-0.700549
4.295322,-0.709252
4.275143,-0.717954
4.255476,-0.726657
4.236309,-0.735359
4.217635,-0.744061
4.199442,-0.752764
4.181723,-0.761466
4.164469,-0.770169
4.147671,-0.778871
4.131321,-0.787574
4.115412,-0.796276
4.099936,-0.804979
4.084886,-0.813681
4.070254,-0.822384
4.056036,-0.831086
4.042222,-0.839789
4.028809,-0.848491
4.015788,-0.857194
3.960695,-0.865896
3.948575,-0.874599
3.936827,-0.883301
3.925448,-0.892003
3.872466,-0.900706
3.861922,-0.909408
3.851727,-0.918111
3.841878,-0.926813
3.832370,-0.935516
3.823200,-0.944218
3.814363,-0.952921
3.805856,-0.961623
3.797675,-0.970326
3.789818,-0.979028
3.782280,-0.987731
3.775059,-0.996433
3.768152,-1.005136
3.761557,-1.013838
3.755270,-1.022541
3.749289,-1.031243
3.743611,-1.039946
3.738235,-1.048648
3.733158,-1.057350
3.728379,-1.066053
3.723895,-1.074755
3.719705,-1.083458
3.715806,-1.092160
3.712199,-1.100863
3.708880,-1.109565
3.705850,-1.118268
3.703106,-1.126970
3.700648,-1.135673
3.698474,-1.144375
3.696585,-1.153078
2.794050,-1.161780
2.793049,-1.170483
2.712230,-1.179185
2.711672,-1.187888
2.671318,-1.196590
2.671175,-1.205293
2.631234,-1.213995
2.631494,-1.222697
2.631955,-1.231400
2.612605,-1.240102
2.613461,-1.248805
2.614516,-1.257507
2.615771,-1.266210
2.617227,-1.274912
2.578766,-1.283615
2.580597,-1.292317
2.562538,-1.301020
2.564750,-1.309722
2.567163,-1.318425
2.569775,-1.327127
2.532254,-1.335830
2.535223,-1.344532
2.497959,-1.353235
2.501277,-1.361937
2.484523,-1.370639
2.488212,-1.379342
2.492102,-1.388044
2.496194,-1.396747
2.500491,-1.405449
2.464115,-1.414152
2.468748,-1.422854
2.473588,-1.431557
2.458076,-1.440259
2.463290,-1.448962
2.468715,-1.457664
2.474353,-1.466367
2.438716,-1.475069
2.444685,-1.483772
2.450871,-1.492474
2.415469,-1.501177
2.421983,-1.509879
2.428716,-1.518582
2.414596,-1.527284
2.379439,-1.535986
2.386660,-1.544689
2.372838,-1.553391
2.380448,-1.562094
2.388289,-1.570796
