scan.pos:2.167412,6.438273,-0.3647501.650295,1.562094
1.655876,1.553391
1.661621,1.544689
1.667534,1.535986
1.673617,1.527284
1.679873,1.518581
1.686305,1.509879
1.692915,1.501177
1.699708,1.492474
1.706686,1.483772
1.713852,1.475069
1.721211,1.466367
1.728765,1.457664
1.736519,1.448962
1.744476,1.440259
1.752640,1.431557
1.761016,1.422854
1.769607,1.414152
1.778419,1.405449
1.787456,1.396747
1.796723,1.388044
1.806225,1.379342
1.815967,1.370639
1.825954,1.361937
1.836192,1.353234
1.846687,1.344532
1.857445,1.335830
1.868473,1.327127
1.879776,1.318425
1.891361,1.309722
1.903236,1.301020
1.915408,1.292317
1.927884,1.283615
1.940673,1.274912
1.953782,1.266210
1.967221,1.257507
1.980997,1.248805
1.995121,1.240102
2.009602,1.231400
2.024450,1.222697
2.039675,1.213995
2.055289,1.205292
2.071302,1.196590
2.087728,1.187888
2.104577,1.179185
2.121864,1.170483
2.139601,1.161780
2.157803,1.153078
2.176484,1.144375
2.182278,1.135673
2.213020,1.126970
2.216181,1.118268
2.249124,1.109565
2.253591,1.100863
2.285541,1.092160
2.320984,1.083458
2.327151,1.074755
2.360222,1.066053
2.372230,1.057350
2.406395,1.048648
2.440790,1.039945
2.449850,1.031243
2.491955,1.022541
2.502663,1.013838
2.539120,1.005136
2.559659,0.996433
2.597591,0.987731
2.635953,0.979028
2.674775,0.970326
2.700717,0.961623
2.741306,0.952921
2.758458,0.944218
2.800372,0.935516
2.832577,0.926813
2.876613,0.918111
2.921398,0.909408
2.966982,0.900706
3.013414,0.892003
3.054392,0.883301
3.103528,0.874598
3.153699,0.865896
3.204972,0.857194
3.254528,0.848491
3.309128,0.839789
3.365072,0.831086
3.422445,0.822384
3.481338,0.813681
3.543780,0.804979
3.607059,0.796276
3.672207,0.787574
3.761259,0.778871
3.830444,0.770169
3.909392,0.761466
3.984514,0.752764
4.062289,0.744061
4.164417,0.735359
4.248013,0.726656
4.348999,0.717954
4.462199,0.709251
4.557909,0.700549
4.678972,0.691847
4.804438,0.683144
4.935939,0.674442
5.073357,0.665739
5.216567,0.657037
5.366114,0.648334
5.543422,0.639632
5.698796,0.630929
5.873874,0.622227
6.017062,0.613524
6.005929,0.604822
5.986738,0.596119
5.981444,0.587417
5.956060,0.578714
5.944690,0.570012
5.933813,0.561309
5.923427,0.552607
5.913527,0.543905
5.904108,0.535202
5.895167,0.526500
5.886702,0.517797
5.878707,0.509095
5.871181,0.500392
5.864120,0.491690
5.857521,0.482987
5.851383,0.474285
5.845702,0.465582
5.840476,0.456880
5.835704,0.448177
5.831383,0.439475
5.827512,0.430772
5.824090,0.422070
5.821114,0.413367
5.818584,0.404665
5.816500,0.395962
5.814859,0.387260
5.813662,0.378558
5.812908,0.369855
5.812597,0.361153
5.812729,0.352450
5.813303,0.343748
5.814321,0.335045
5.815781,0.326343
5.817686,0.317640
5.820035,0.308938
5.822829,0.300235
5.826070,0.291533
5.829759,0.282830
5.833898,0.274128
5.838487,0.265425
5.843528,0.256723
5.849024,0.248020
5.854977,0.239318
5.861389,0.230615
5.868262,0.221913
5.875599,0.213211
5.883403,0.204508
5.891678,0.195806
5.900425,0.187103
5.909649,0.178401
5.919354,0.169698
5.929543,0.160996
5.940220,0.152293
5.951390,0.143591
5.963057,0.134888
5.975225,0.126186
5.987901,0.117483
6.001088,0.108781
6.014792,0.100078
6.029019,0.091376
6.043776,0.082673
6.059067,0.073971
6.074899,0.065269
6.091280,0.056566
6.108215,0.047864
6.125713,0.039161
6.143780,0.030459
6.162426,0.021756
6.181656,0.013054
6.201481,0.004351
6.221909,-0.004351
6.242949,-0.013054
6.264610,-0.021756
6.286903,-0.030459
6.309837,-0.039161
6.333423,-0.047864
6.357672,-0.056566
6.382596,-0.065269
6.408205,-0.073971
6.434513,-0.082674
6.461532,-0.091376
6.489275,-0.100078
6.517755,-0.108781
6.546988,-0.117483
6.576987,-0.126186
6.607768,-0.134888
6.639346,-0.143591
6.671738,-0.152293
6.704961,-0.160996
6.739032,-0.169698
6.773969,-0.178401
6.809793,-0.187103
6.846520,-0.195806
6.884174,-0.204508
6.922774,-0.213211
6.962343,-0.221913
7.002903,-0.230616
7.044477,-0.239318
7.087092,-0.248021
7.130771,-0.256723
7.175542,-0.265425
7.221432,-0.274128
7.268470,-0.282830
7.316686,-0.291533
7.366110,-0.300235
7.416776,-0.308938
7.468715,-0.317640
7.521965,-0.326343
7.593053,-0.335045
7.633331,-0.343748
7.708811,-0.352450
7.628356,-0.361153
7.546389,-0.369855
7.494004,-0.378558
7.334000,-0.387260
7.253816,-0.395963
7.207443,-0.404665
7.139329,-0.413367
7.075359,-0.422070
7.019954,-0.430772
6.960319,-0.439475
6.902210,-0.448177
6.818319,-0.456880
6.736043,-0.465582
6.682670,-0.474285
6.577146,-0.482987
6.526824,-0.491690
6.477755,-0.500392
6.429904,-0.509095
5.007505,-0.517797
4.946028,-0.526500
4.860199,-0.535202
4.801341,-0.543905
4.667915,-0.552607
4.611852,-0.561310
4.531961,-0.570012
4.478194,-0.578714
4.400849,-0.587417
4.251461,-0.596119
4.201406,-0.604822
4.079808,-0.613524
4.031985,-0.622227
3.889520,-0.630929
3.796442,-0.639632
3.775514,-0.648334
3.755100,-0.657037
3.735188,-0.665739
3.715768,-0.674442
3.696829,-0.683144
3.678361,-0.691847
3.660354,-0.700549
3.642798,-0.709252
3.648357,-0.717954
3.631573,-0.726657
3.615217,-0.735359
3.599280,-0.744061
3.628297,-0.752764
3.612988,-0.761466
3.620166,-0.770169
3.649557,-0.778871
3.635171,-0.787574
3.664824,-0.796276
3.672786,-0.804979
3.702631,-0.813681
3.775714,-0.822384
3.776426,-0.831086
3.775214,-0.839789
3.819544,-0.848491
3.860870,-0.857194
3.891174,-0.865896
3.882445,-0.874599
3.897995,-0.883301
3.919919,-0.892003
3.946135,-0.900706
4.003135,-0.909408
3.999327,-0.918111
4.042904,-0.926813
4.104575,-0.935516
4.121876,-0.944218
4.173049,-0.952921
4.266849,-0.961623
4.298832,-0.970326
4.372076,-0.979028
4.363380,-0.987731
4.436868,-0.996433
4.428750,-1.005136
4.522905,-1.013838
4.535693,-1.022541
4.589414,-1.031243
4.643316,-1.039946
4.636648,-1.048648
4.691034,-1.057350
4.685028,-1.066053
4.719748,-1.074755
4.734592,-1.083458
4.769897,-1.092160
4.765266,-1.100863
4.753864,-1.109565
4.744368,-1.118268
4.753594,-1.126970
4.750438,-1.135673
4.747648,-1.144375
4.745223,-1.153078
4.743161,-1.161780
4.701435,-1.170483
4.700109,-1.179185
4.699141,-1.187888
4.698532,-1.196590
4.698280,-1.205293
4.698387,-1.213995
4.698851,-1.222697
4.699673,-1.231400
4.700854,-1.240102
4.702393,-1.248805
4.704292,-1.257507
4.706551,-1.266210
4.709170,-1.274912
4.712152,-1.283615
4.715497,-1.292317
4.719206,-1.301020
4.723281,-1.309722
4.727724,-1.318425
4.732535,-1.327127
4.717550,-1.335830
4.723082,-1.344532
4.728988,-1.353235
4.735269,-1.361937
4.741928,-1.370639
4.748969,-1.379342
4.756393,-1.388044
4.764204,-1.396747
4.772404,-1.405449
4.780998,-1.414152
4.789988,-1.422854
4.799378,-1.431557
4.809172,-1.440259
4.819374,-1.448962
4.788690,-1.457664
4.799626,-1.466367
4.810979,-1.475069
2.616770,-1.483772
2.552917,-1.492474
2.468486,-1.501177
2.405172,-1.509879
2.340057,-1.518582
2.279033,-1.527284
2.218058,-1.535986
2.181700,-1.544689
2.101178,-1.553391
2.063089,-1.562094
1.990981,-1.570796
