scan.pos:-2.082892,6.340505,1.6352505.929420,1.562094
5.926308,1.553391
5.923649,1.544689
5.921444,1.535986
5.919692,1.527284
5.918391,1.518581
1.597225,1.509879
1.597117,1.501177
1.597131,1.492474
1.437251,1.483772
1.437482,1.475069
1.377793,1.466367
1.378225,1.457664
1.378762,1.448962
1.379405,1.440259
1.376006,1.431557
1.362701,1.422854
1.336522,1.414152
1.335597,1.405449
1.298356,1.396747
1.287794,1.388044
1.289087,1.379342
1.290480,1.370639
1.271788,1.361937
1.273360,1.353234
1.254795,1.344532
1.236275,1.335830
1.238092,1.327127
1.240010,1.318425
1.221667,1.309722
1.223752,1.301020
1.225938,1.292317
1.228226,1.283615
1.230615,1.274912
1.233108,1.266210
1.215111,1.257507
1.197129,1.248805
1.199845,1.240102
1.202665,1.231400
1.205590,1.222697
1.208622,1.213995
1.211762,1.205292
1.215011,1.196590
1.218370,1.187888
1.221841,1.179185
1.225426,1.170483
1.229126,1.161780
1.232942,1.153078
1.236877,1.144375
1.240931,1.135673
1.245108,1.126970
1.249408,1.118268
1.253833,1.109565
1.258387,1.100863
1.263070,1.092160
1.267884,1.083458
1.272834,1.074755
1.277919,1.066053
1.283144,1.057350
1.288509,1.048648
1.294019,1.039945
1.299676,1.031243
1.282974,1.022541
1.266219,1.013838
1.272122,1.005136
1.278178,0.996433
1.261455,0.987731
1.267713,0.979028
1.274131,0.970326
1.280713,0.961623
1.264053,0.952921
1.247312,0.944218
1.254147,0.935516
1.237359,0.926813
1.244407,0.918111
1.251631,0.909408
1.259036,0.900706
1.266626,0.892003
1.274406,0.883301
1.282381,0.874598
1.265736,0.865896
1.248974,0.857194
1.257231,0.848491
1.265696,0.839789
1.274373,0.831086
1.283268,0.822384
1.292387,0.813681
1.301737,0.804979
1.311323,0.796276
1.321153,0.787574
1.331234,0.778871
1.341573,0.770169
1.352177,0.761466
1.363055,0.752764
1.374215,0.744061
1.385666,0.735359
1.397416,0.726656
1.409476,0.717954
1.406695,0.709251
1.422601,0.700549
1.438347,0.691847
1.453941,0.683144
1.469391,0.674442
1.484706,0.665739
1.473108,0.657037
1.488379,0.648334
1.529909,0.639632
1.544754,0.630929
1.559498,0.622227
1.625759,0.613524
1.614334,0.604822
1.603190,0.596119
1.617593,0.587417
1.631926,0.578714
1.646194,0.570012
1.685185,0.561309
1.699182,0.552607
1.718344,0.543905
1.732776,0.535202
1.758589,0.526500
1.773577,0.517797
1.812457,0.509095
1.816801,0.500392
1.856064,0.491690
1.933164,0.482987
1.925768,0.474285
1.918679,0.465582
1.905386,0.456880
1.899748,0.448177
1.889615,0.439475
1.885493,0.430772
1.878662,0.422070
1.853553,0.413367
1.851506,0.404665
1.849587,0.395962
1.849283,0.387260
1.827204,0.378558
1.830624,0.369855
1.810762,0.361153
1.818442,0.352450
1.800975,0.343748
1.784239,0.335045
1.798416,0.326343
1.784387,0.317640
1.771204,0.308938
1.771322,0.300235
1.761351,0.291533
1.746865,0.282830
1.741343,0.274128
1.735987,0.265425
1.730795,0.256723
1.725765,0.248020
1.720895,0.239318
1.716183,0.230615
1.711627,0.221913
1.707224,0.213211
1.702973,0.204508
1.698873,0.195806
1.694921,0.187103
1.691116,0.178401
1.687456,0.169698
1.683939,0.160996
1.680566,0.152293
1.677333,0.143591
1.674239,0.134888
1.671285,0.126186
1.668467,0.117483
1.665786,0.108781
1.663239,0.100078
1.660827,0.091376
1.658548,0.082673
1.656401,0.073971
1.654385,0.065269
1.652500,0.056566
1.650745,0.047864
1.649119,0.039161
1.647622,0.030459
1.646252,0.021756
1.645010,0.013054
1.643895,0.004351
1.642907,-0.004351
1.642044,-0.013054
1.641308,-0.021756
1.640697,-0.030459
1.640211,-0.039161
1.639851,-0.047864
1.639615,-0.056566
1.639505,-0.065269
1.639519,-0.073971
1.639658,-0.082674
1.639922,-0.091376
1.640311,-0.100078
1.640825,-0.108781
1.641465,-0.117483
1.642230,-0.126186
1.643121,-0.134888
1.644139,-0.143591
1.645283,-0.152293
1.646554,-0.160996
1.647952,-0.169698
1.649479,-0.178401
1.651134,-0.187103
1.652919,-0.195806
1.654834,-0.204508
1.656879,-0.213211
1.659057,-0.221913
1.661366,-0.230616
1.663809,-0.239318
1.666386,-0.248021
1.669098,-0.256723
1.671947,-0.265425
1.674933,-0.274128
1.678058,-0.282830
1.681323,-0.291533
1.684730,-0.300235
1.688278,-0.308938
1.691972,-0.317640
1.695810,-0.326343
1.699796,-0.335045
1.703931,-0.343748
1.708216,-0.352450
1.712653,-0.361153
1.717245,-0.369855
1.721993,-0.378558
1.726900,-0.387260
1.731966,-0.395963
1.737195,-0.404665
1.742589,-0.413367
1.748150,-0.422070
1.753880,-0.430772
1.759783,-0.439475
1.765860,-0.448177
1.772115,-0.456880
1.778551,-0.465582
1.785170,-0.474285
1.791975,-0.482987
1.798970,-0.491690
1.806157,-0.500392
1.813541,-0.509095
1.821125,-0.517797
1.828913,-0.526500
1.836908,-0.535202
1.845114,-0.543905
1.853535,-0.552607
1.862177,-0.561310
1.871042,-0.570012
1.880136,-0.578714
1.889464,-0.587417
1.899030,-0.596119
1.908839,-0.604822
1.918897,-0.613524
1.929209,-0.622227
1.939782,-0.630929
1.950620,-0.639632
1.961730,-0.648334
1.973119,-0.657037
1.984792,-0.665739
1.996758,-0.674442
2.009022,-0.683144
2.021594,-0.691847
2.034479,-0.700549
2.047687,-0.709252
2.061225,-0.717954
2.075102,-0.726657
2.089328,-0.735359
2.103912,-0.744061
2.118863,-0.752764
2.134192,-0.761466
2.149909,-0.770169
2.166025,-0.778871
2.182552,-0.787574
2.199503,-0.796276
2.216888,-0.804979
2.234723,-0.813681
2.253020,-0.822384
2.271793,-0.831086
2.291057,-0.839789
2.310829,-0.848491
2.315964,-0.857194
2.339997,-0.865896
2.364087,-0.874599
2.388251,-0.883301
2.412504,-0.892003
2.436861,-0.900706
2.434556,-0.909408
2.459377,-0.918111
2.515020,-0.926813
2.519095,-0.935516
2.545441,-0.944218
2.577838,-0.952921
2.605143,-0.961623
2.639598,-0.970326
2.667962,-0.979028
2.704603,-0.987731
2.734135,-0.996433
2.748323,-1.005136
2.788955,-1.013838
2.820912,-1.022541
2.864123,-1.031243
2.897581,-1.039946
2.943562,-1.048648
2.978684,-1.057350
3.003887,-1.066053
3.064619,-1.074755
3.093313,-1.083458
3.155836,-1.092160
3.188286,-1.100863
3.229706,-1.109565
3.295023,-1.118268
3.333314,-1.126970
3.401078,-1.135673
3.443944,-1.144375
3.514487,-1.153078
3.562352,-1.161780
3.636060,-1.170483
3.689416,-1.179185
3.766729,-1.187888
3.823365,-1.196590
3.907578,-1.205293
3.990696,-1.213995
4.059876,-1.222697
4.148019,-1.231400
4.225112,-1.240102
4.319046,-1.248805
4.415514,-1.257507
4.505688,-1.266210
4.609331,-1.274912
4.716222,-1.283615
4.843493,-1.292317
4.959321,-1.301020
5.078416,-1.309722
5.225911,-1.318425
5.378350,-1.327127
5.520116,-1.335830
5.686077,-1.344532
5.847070,-1.353235
6.029364,-1.361937
6.240554,-1.370639
6.436152,-1.379342
6.648524,-1.388044
6.892813,-1.396747
7.134584,-1.405449
7.429619,-1.414152
7.720240,-1.422854
