scan.pos:-2.766029,1.360029,1.6352505.244861,1.562094
5.242108,1.553391
5.239757,1.544689
5.237807,1.535986
5.236256,1.527284
5.235106,1.518581
5.234354,1.509879
5.234000,1.501177
5.234046,1.492474
5.234490,1.483772
5.235333,1.475069
5.236575,1.466367
5.238217,1.457664
5.240259,1.448962
5.242702,1.440259
5.245546,1.431557
5.248794,1.422854
5.252446,1.414152
5.256504,1.405449
5.260969,1.396747
5.265843,1.388044
5.271128,1.379342
5.276825,1.370639
5.282938,1.361937
5.289468,1.353234
5.296418,1.344532
5.303791,1.335830
5.311590,1.327127
5.319817,1.318425
5.328476,1.309722
5.337571,1.301020
5.347104,1.292317
5.357080,1.283615
5.367504,1.274912
5.378378,1.266210
5.389708,1.257507
5.401497,1.248805
5.413752,1.240102
5.426476,1.231400
5.439675,1.222697
5.453356,1.213995
5.467523,1.205292
5.482182,1.196590
5.497339,1.187888
5.513002,1.179185
5.529177,1.170483
5.545870,1.161780
5.563089,1.153078
5.580842,1.144375
5.599136,1.135673
5.617980,1.126970
5.637382,1.118268
5.657351,1.109565
5.677896,1.100863
5.699025,1.092160
1.962915,1.083458
1.927887,1.074755
1.893518,1.066053
1.857222,1.057350
1.825064,1.048648
1.793404,1.039945
1.762205,1.031243
1.732852,1.022541
1.703400,1.013838
1.674288,1.005136
1.645488,0.996433
1.621987,0.987731
1.594586,0.979028
1.567405,0.970326
1.540423,0.961623
1.521946,0.952921
1.496094,0.944218
1.470368,0.935516
1.468545,0.926813
1.430662,0.918111
1.430032,0.909408
1.405522,0.900706
1.394728,0.892003
1.371009,0.883301
1.347290,0.874598
1.348376,0.865896
1.316375,0.857194
1.293287,0.848491
1.295455,0.839789
1.265634,0.831086
1.268703,0.822384
1.246191,0.813681
1.244400,0.804979
1.222365,0.796276
1.200197,0.787574
1.200834,0.778871
1.205904,0.770169
1.208559,0.761466
1.187381,0.752764
1.193501,0.744061
1.170989,0.735359
1.149945,0.726656
1.156871,0.717954
1.153448,0.709251
1.143618,0.700549
1.134040,0.691847
1.124706,0.683144
1.115609,0.674442
1.106741,0.665739
1.124880,0.657037
1.089667,0.648334
1.107827,0.639632
1.125799,0.630929
1.117602,0.622227
1.109645,0.613524
1.101847,0.604822
1.094241,0.596119
1.086820,0.587417
1.079582,0.578714
1.072520,0.570012
1.065631,0.561309
1.083536,0.552607
1.101300,0.543905
1.094605,0.535202
1.088073,0.526500
1.081701,0.517797
1.075485,0.509095
1.069420,0.500392
1.063504,0.491690
1.057733,0.482987
1.052105,0.474285
1.046615,0.465582
1.041261,0.456880
1.036040,0.448177
1.030949,0.439475
1.025985,0.430772
1.021147,0.422070
1.016431,0.413367
1.011835,0.404665
1.007357,0.395962
1.002995,0.387260
0.998745,0.378558
0.994607,0.369855
0.990579,0.361153
0.986657,0.352450
0.982841,0.343748
0.979129,0.335045
0.975519,0.326343
0.972009,0.317640
0.990122,0.308938
0.986734,0.300235
0.983444,0.291533
0.980250,0.282830
0.977151,0.274128
0.974146,0.265425
0.971233,0.256723
1.010515,0.248020
1.007663,0.239318
1.004904,0.230615
1.002236,0.221913
0.999658,0.213211
0.997169,0.204508
1.015493,0.195806
1.013130,0.187103
1.010856,0.178401
1.049838,0.169698
1.047651,0.160996
1.045552,0.152293
1.043540,0.143591
1.041616,0.134888
1.080553,0.126186
1.099085,0.117483
1.097318,0.108781
1.136220,0.100078
1.195353,0.091376
1.254410,0.082673
1.252786,0.073971
1.251262,0.065269
1.249836,0.056566
1.308920,0.047864
1.388101,0.039161
1.547633,0.030459
1.666841,0.021756
1.866257,0.013054
2.065528,0.004351
2.404994,-0.004351
2.724229,-0.013054
6.627289,-0.021756
6.624823,-0.030459
6.622861,-0.039161
6.621406,-0.047864
6.620455,-0.056566
6.620008,-0.065269
6.620066,-0.073971
6.620627,-0.082674
6.621694,-0.091376
6.623265,-0.100078
6.625341,-0.108781
6.627923,-0.117483
6.631013,-0.126186
6.634612,-0.134888
6.638720,-0.143591
6.643339,-0.152293
6.648471,-0.160996
6.654118,-0.169698
6.660283,-0.178401
6.666967,-0.187103
6.674173,-0.195806
6.681905,-0.204508
6.690164,-0.213211
6.698955,-0.221913
6.708280,-0.230616
6.718144,-0.239318
6.728549,-0.248021
6.739502,-0.256723
6.751005,-0.265425
6.763063,-0.274128
6.775681,-0.282830
6.788864,-0.291533
6.802618,-0.300235
6.816947,-0.308938
6.831859,-0.317640
6.847359,-0.326343
6.863453,-0.335045
6.880148,-0.343748
6.897451,-0.352450
6.915369,-0.361153
6.933910,-0.369855
6.953082,-0.378558
6.972892,-0.387260
6.993350,-0.395963
7.014463,-0.404665
4.900626,-0.413367
4.771860,-0.422070
4.732909,-0.430772
4.679856,-0.439475
4.452793,-0.448177
4.360919,-0.456880
4.272315,-0.465582
4.186762,-0.474285
4.104059,-0.482987
4.024021,-0.491690
3.946478,-0.500392
3.871274,-0.509095
3.798260,-0.517797
3.727304,-0.526500
3.680687,-0.535202
3.613576,-0.543905
3.548172,-0.552607
3.484375,-0.561310
3.444912,-0.570012
3.384156,-0.578714
3.324740,-0.587417
3.289751,-0.596119
3.232902,-0.604822
3.177171,-0.613524
3.146028,-0.622227
3.092468,-0.630929
3.063637,-0.639632
3.035953,-0.648334
3.033442,-0.657037
3.056490,-0.665739
3.056791,-0.674442
3.082898,-0.683144
3.085925,-0.691847
3.115031,-0.700549
3.095742,-0.709252
3.102498,-0.717954
3.135782,-0.726657
3.145129,-0.735359
3.156801,-0.744061
3.179235,-0.752764
3.202234,-0.761466
3.225817,-0.770169
3.249999,-0.778871
3.274797,-0.787574
3.300230,-0.796276
3.326317,-0.804979
3.353076,-0.813681
3.380529,-0.822384
3.408697,-0.831086
3.437603,-0.839789
3.467269,-0.848491
3.485592,-0.857194
3.524991,-0.865896
3.537073,-0.874599
3.577416,-0.883301
3.618156,-0.892003
3.659323,-0.900706
3.677450,-0.909408
3.720275,-0.918111
3.763622,-0.926813
3.807524,-0.935516
3.826024,-0.944218
3.871329,-0.952921
3.917293,-0.961623
3.970854,-0.970326
4.018792,-0.979028
4.042411,-0.987731
4.092132,-0.996433
4.142726,-1.005136
4.194241,-1.013838
4.246727,-1.022541
4.300238,-1.031243
4.366237,-1.039946
4.422569,-1.048648
4.480110,-1.057350
4.633985,-1.066053
4.717250,-1.074755
4.778181,-1.083458
4.855854,-1.092160
6.716381,-1.361937
6.596588,-1.370639
6.560566,-1.379342
6.545837,-1.388044
6.490500,-1.396747
6.456433,-1.405449
6.340992,-1.414152
6.267410,-1.422854
6.255852,-1.431557
6.163260,-1.440259
6.132516,-1.448962
6.082019,-1.457664
6.052432,-1.466367
6.043654,-1.475069
2.009109,-1.483772
2.006508,-1.492474
1.943521,-1.501177
1.941307,-1.509879
1.898971,-1.518582
1.876983,-1.527284
1.875278,-1.535986
1.833555,-1.544689
1.832172,-1.553391
1.830930,-1.562094
1.829829,-1.570796
