scan.pos:1.793727,6.580959,-0.3647501.497561,1.562094
1.502625,1.553391
1.507839,1.544689
1.513204,1.535986
1.518724,1.527284
1.524401,1.518581
1.530238,1.509879
1.536237,1.501177
1.542401,1.492474
1.548733,1.483772
1.555236,1.475069
1.561913,1.466367
1.568769,1.457664
1.575804,1.448962
1.583025,1.440259
1.590434,1.431557
1.598034,1.422854
1.605831,1.414152
1.613827,1.405449
1.622028,1.396747
1.630437,1.388044
1.639059,1.379342
1.647900,1.370639
1.656962,1.361937
1.666253,1.353234
1.675777,1.344532
1.685539,1.335830
1.695546,1.327127
1.705803,1.318425
1.716316,1.309722
1.727092,1.301020
1.738138,1.292317
1.749459,1.283615
1.761064,1.274912
1.772960,1.266210
1.785155,1.257507
1.797657,1.248805
1.810473,1.240102
1.823614,1.231400
1.837087,1.222697
1.850904,1.213995
1.865072,1.205292
1.879604,1.196590
1.894509,1.187888
1.909799,1.179185
1.925486,1.170483
1.941581,1.161780
1.958099,1.153078
1.975051,1.144375
1.977496,1.135673
2.004440,1.126970
2.003751,1.118268
2.030910,1.109565
2.058087,1.100863
2.058341,1.092160
2.085814,1.083458
2.113351,1.074755
2.140972,1.066053
2.168696,1.057350
2.170583,1.048648
2.198753,1.039945
2.227077,1.031243
2.255576,1.022541
2.284270,1.013838
2.313179,1.005136
2.342325,0.996433
2.371729,0.987731
2.401413,0.979028
2.406955,0.970326
2.437419,0.961623
2.468230,0.952921
2.523428,0.944218
2.554878,0.935516
2.586759,0.926813
2.619101,0.918111
2.651934,0.909408
2.685291,0.900706
2.742440,0.892003
2.770470,0.883301
2.806331,0.874598
2.861112,0.865896
2.899158,0.857194
2.938002,0.848491
2.998292,0.839789
3.039721,0.831086
3.104430,0.822384
3.171049,0.813681
3.218376,0.804979
3.288120,0.796276
3.337017,0.787574
3.414401,0.778871
3.467291,0.770169
3.551067,0.761466
3.630195,0.752764
3.689522,0.744061
3.762237,0.735359
3.848690,0.726656
3.951563,0.717954
4.044325,0.709251
4.139868,0.700549
4.257216,0.691847
4.360765,0.683144
4.467968,0.674442
4.603328,0.665739
4.741772,0.657037
4.871491,0.648334
5.022246,0.639632
5.178891,0.630929
5.335947,0.622227
5.529727,0.613524
5.710964,0.604822
5.904040,0.596119
6.148971,0.587417
6.343907,0.578714
6.340625,0.570012
6.323278,0.561309
6.324063,0.552607
6.293701,0.543905
6.283677,0.535202
6.274161,0.526500
6.265152,0.517797
6.256643,0.509095
6.248633,0.500392
6.241118,0.491690
6.234095,0.482987
6.227562,0.474285
6.221516,0.465582
6.215954,0.456880
6.210875,0.448177
6.206276,0.439475
6.202157,0.430772
6.198514,0.422070
6.195347,0.413367
6.192655,0.404665
6.190436,0.395962
6.188690,0.387260
6.187417,0.378558
6.186614,0.369855
6.186283,0.361153
6.186423,0.352450
6.187034,0.343748
6.188117,0.335045
6.189672,0.326343
6.191699,0.317640
6.194199,0.308938
6.197173,0.300235
6.200622,0.291533
6.204548,0.282830
6.208952,0.274128
6.213837,0.265425
6.219203,0.256723
6.225052,0.248020
6.231387,0.239318
6.238211,0.230615
6.245526,0.221913
6.253335,0.213211
6.261641,0.204508
6.270447,0.195806
6.279757,0.187103
6.289575,0.178401
6.299903,0.169698
6.310747,0.160996
6.322111,0.152293
6.333999,0.143591
6.346416,0.134888
6.359366,0.126186
6.372857,0.117483
6.386891,0.108781
6.401477,0.100078
6.416619,0.091376
6.432323,0.082673
6.448598,0.073971
6.465448,0.065269
6.482882,0.056566
6.500906,0.047864
6.519528,0.039161
6.538758,0.030459
6.558601,0.021756
6.579069,0.013054
6.600168,0.004351
6.621909,-0.004351
6.644301,-0.013054
6.667356,-0.021756
6.691081,-0.030459
6.715490,-0.039161
6.740592,-0.047864
6.766400,-0.056566
6.792926,-0.065269
6.820182,-0.073971
6.848181,-0.082674
6.876936,-0.091376
6.906463,-0.100078
6.936775,-0.108781
6.967886,-0.117483
6.999815,-0.126186
7.032574,-0.134888
7.066182,-0.143591
7.100657,-0.152293
7.136015,-0.160996
7.172277,-0.169698
7.209461,-0.178401
7.247587,-0.187103
7.286676,-0.195806
7.326750,-0.204508
7.367832,-0.213211
7.409945,-0.221913
7.453112,-0.230616
7.497359,-0.239318
7.542714,-0.248021
7.589201,-0.256723
7.636850,-0.265425
7.685690,-0.274128
7.735753,-0.282830
7.787068,-0.291533
7.706311,-0.369855
7.619210,-0.378558
7.534495,-0.387260
7.456739,-0.395963
7.412138,-0.404665
7.342083,-0.413367
7.277306,-0.422070
7.220354,-0.430772
7.103314,-0.439475
7.044012,-0.448177
6.931435,-0.456880
6.875547,-0.465582
6.821069,-0.474285
5.350433,-0.482987
5.282956,-0.491690
5.190555,-0.500392
5.021478,-0.509095
4.959077,-0.517797
4.872173,-0.526500
4.812453,-0.535202
4.677677,-0.543905
4.545087,-0.552607
4.414611,-0.561310
4.286180,-0.570012
4.159727,-0.578714
4.108982,-0.587417
4.083623,-0.596119
4.058883,-0.604822
4.034746,-0.613524
4.011198,-0.622227
3.988225,-0.630929
3.965815,-0.639632
3.943953,-0.648334
3.946110,-0.657037
3.925186,-0.665739
3.904778,-0.674442
3.907993,-0.683144
3.911472,-0.691847
3.938103,-0.700549
3.941995,-0.709252
3.946148,-0.717954
3.950563,-0.726657
3.977703,-0.735359
3.968646,-0.744061
4.036259,-0.752764
4.039327,-0.761466
4.089229,-0.770169
4.119555,-0.778871
4.130705,-0.787574
4.166731,-0.796276
4.162307,-0.804979
4.183078,-0.813681
4.185817,-0.822384
4.235487,-0.831086
4.246115,-0.839789
4.303848,-0.848491
4.302054,-0.857194
4.347798,-0.865896
4.377519,-0.874599
4.432510,-0.883301
4.503863,-0.892003
4.533187,-0.900706
4.604545,-0.909408
4.634130,-0.918111
4.663913,-0.926813
4.735431,-0.935516
4.744814,-0.944218
4.816517,-0.952921
4.826397,-0.961623
4.836600,-0.970326
4.867661,-0.979028
4.898968,-0.987731
4.889615,-0.996433
4.921503,-1.005136
4.933270,-1.013838
4.950522,-1.022541
4.952157,-1.031243
4.931291,-1.039946
4.943194,-1.048648
4.936481,-1.057350
4.930161,-1.066053
4.924232,-1.074755
4.918691,-1.083458
4.913536,-1.092160
4.868537,-1.100863
4.864185,-1.109565
4.860211,-1.118268
4.856612,-1.126970
4.853388,-1.135673
4.850538,-1.144375
4.848060,-1.153078
4.845953,-1.161780
4.844217,-1.170483
4.842851,-1.179185
4.841854,-1.187888
4.841226,-1.196590
4.840967,-1.205293
4.841076,-1.213995
4.841555,-1.222697
4.842402,-1.231400
4.843618,-1.240102
4.845204,-1.248805
4.827135,-1.257507
4.829453,-1.266210
4.832141,-1.274912
4.835201,-1.283615
4.838633,-1.292317
4.842439,-1.301020
4.846621,-1.309722
4.851179,-1.318425
4.856116,-1.327127
2.581493,-1.335830
2.443179,-1.344532
2.264283,-1.353235
2.166072,-1.361937
2.027213,-1.370639
1.949014,-1.379342
1.952061,-1.388044
1.955267,-1.396747
1.877023,-1.405449
1.839524,-1.414152
1.842983,-1.422854
1.846596,-1.431557
1.788686,-1.440259
1.710067,-1.448962
1.693184,-1.457664
1.676355,-1.466367
1.618086,-1.475069
1.580456,-1.483772
1.542758,-1.492474
1.484082,-1.501177
1.446166,-1.509879
1.408152,-1.518582
1.370031,-1.527284
1.331793,-1.535986
1.293427,-1.544689
1.254924,-1.553391
1.237610,-1.562094
1.198870,-1.570796
