scan.pos:0.870414,7.063004,2.7684350.819394,1.562094
0.822234,1.553391
0.825157,1.544689
0.828165,1.535986
0.831258,1.527284
0.834437,1.518581
0.837706,1.509879
0.841064,1.501177
0.844514,1.492474
0.848057,1.483772
0.851696,1.475069
0.855431,1.466367
0.859264,1.457664
0.863198,1.448962
0.867235,1.440259
0.871377,1.431557
0.875625,1.422854
0.879982,1.414152
0.884450,1.405449
0.889032,1.396747
0.893730,1.388044
0.898547,1.379342
0.903485,1.370639
0.908547,1.361937
0.913737,1.353234
0.919056,1.344532
0.924509,1.335830
0.930097,1.327127
0.935826,1.318425
0.941698,1.309722
0.947716,1.301020
0.953885,1.292317
0.960208,1.283615
0.966690,1.274912
0.973335,1.266210
0.980147,1.257507
0.987130,1.248805
0.994290,1.240102
1.001632,1.231400
1.009160,1.222697
1.016880,1.213995
1.024798,1.205292
1.032919,1.196590
1.041250,1.187888
1.049797,1.179185
1.058567,1.170483
1.067567,1.161780
1.076804,1.153078
1.080652,1.144375
1.082976,1.135673
1.085550,1.126970
1.088377,1.118268
1.118638,1.109565
1.124620,1.100863
1.128515,1.092160
1.132685,1.083458
1.163482,1.074755
1.168021,1.066053
1.172855,1.057350
1.183909,1.048648
1.215475,1.039945
1.221587,1.031243
1.225146,1.022541
1.217008,1.013838
1.233987,1.005136
1.283382,0.996433
1.291664,0.987731
1.300340,0.979028
1.333729,0.970326
1.343092,0.961623
1.352895,0.952921
1.375879,0.944218
1.387243,0.935516
1.422726,0.926813
1.434990,0.918111
1.447803,0.909408
1.484428,0.900706
1.498290,0.892003
1.512778,0.883301
1.546124,0.874598
1.562714,0.865896
1.602719,0.857194
1.620717,0.848491
1.662002,0.839789
1.681576,0.831086
1.791155,0.822384
1.836288,0.813681
1.859317,0.804979
1.905456,0.796276
1.939767,0.787574
1.932291,0.778871
4.446622,0.526500
4.379885,0.517797
4.313657,0.509095
4.268101,0.500392
4.202820,0.491690
4.178269,0.482987
4.174201,0.474285
4.130265,0.465582
4.126878,0.456880
4.123811,0.448177
4.121062,0.439475
4.118630,0.430772
4.116515,0.422070
4.114714,0.413367
4.113229,0.404665
4.072041,0.395962
4.051188,0.387260
3.990648,0.378558
3.990423,0.369855
3.990502,0.361153
3.950881,0.352450
3.951561,0.343748
3.952543,0.335045
3.953826,0.326343
3.955411,0.317640
3.957299,0.308938
3.959491,0.300235
3.961987,0.291533
3.964788,0.282830
3.967896,0.274128
3.971311,0.265425
3.975035,0.256723
3.979069,0.248020
4.023750,0.239318
3.988075,0.230615
3.993050,0.221913
3.998343,0.213211
4.003954,0.204508
4.009888,0.195806
4.035947,0.187103
4.034369,0.178401
4.046212,0.169698
4.049448,0.160996
4.092688,0.152293
4.057920,0.143591
3.928220,0.134888
3.784547,0.126186
3.646709,0.117483
3.534782,0.108781
3.427631,0.100078
3.324790,0.091376
3.225846,0.082673
3.130435,0.073971
3.034151,0.065269
2.967874,0.056566
2.883211,0.047864
2.800894,0.039161
2.741922,0.030459
2.663776,0.021756
2.608762,0.013054
2.555533,0.004351
2.482480,-0.004351
2.443354,-0.013054
2.374397,-0.021756
2.328265,-0.030459
2.283315,-0.039161
2.239464,-0.047864
2.196637,-0.056566
2.154761,-0.065269
2.113773,-0.073971
2.072249,-0.082674
2.033852,-0.091376
2.018568,-0.100078
1.981601,-0.108781
1.945233,-0.117483
1.909420,-0.126186
1.874122,-0.134888
1.839301,-0.143591
1.810909,-0.152293
1.800954,-0.160996
1.768295,-0.169698
1.735970,-0.178401
1.727502,-0.187103
1.695887,-0.195806
1.664526,-0.204508
1.644945,-0.213211
1.638859,-0.221913
1.608998,-0.230616
1.579291,-0.239318
1.574245,-0.248021
1.544934,-0.256723
1.540559,-0.265425
1.503256,-0.274128
1.500050,-0.282830
1.471876,-0.291533
1.469232,-0.300235
1.441253,-0.308938
1.439134,-0.317640
1.406165,-0.326343
1.405047,-0.335045
1.377804,-0.343748
1.377135,-0.352450
1.349921,-0.361153
1.349671,-0.369855
1.320339,-0.378558
1.320978,-0.387260
1.321918,-0.395963
1.295174,-0.404665
1.296474,-0.413367
1.288305,-0.422070
1.277354,-0.430772
1.266683,-0.439475
1.256284,-0.448177
1.246148,-0.456880
1.236268,-0.465582
1.226636,-0.474285
1.217245,-0.482987
1.208087,-0.491690
1.199158,-0.500392
1.190449,-0.509095
1.181955,-0.517797
1.173671,-0.526500
1.165589,-0.535202
1.157706,-0.543905
1.150016,-0.552607
1.142514,-0.561310
1.135195,-0.570012
1.128054,-0.578714
1.121088,-0.587417
1.114291,-0.596119
1.107660,-0.604822
1.101191,-0.613524
1.094880,-0.622227
1.088723,-0.630929
1.082718,-0.639632
1.076859,-0.648334
1.071145,-0.657037
1.065572,-0.665739
1.060137,-0.674442
1.054837,-0.683144
1.049669,-0.691847
1.044631,-0.700549
1.039719,-0.709252
1.034932,-0.717954
1.030268,-0.726657
1.025722,-0.735359
1.021294,-0.744061
1.016982,-0.752764
1.012782,-0.761466
1.008693,-0.770169
1.004714,-0.778871
1.000841,-0.787574
0.997075,-0.796276
0.993411,-0.804979
0.989850,-0.813681
0.986389,-0.822384
0.983026,-0.831086
0.982970,-0.839789
0.979790,-0.848491
0.976705,-0.857194
0.973713,-0.865896
0.970813,-0.874599
0.968004,-0.883301
0.965285,-0.892003
0.962653,-0.900706
0.960109,-0.909408
0.957651,-0.918111
0.955278,-0.926813
0.952989,-0.935516
0.950784,-0.944218
0.948661,-0.952921
0.946619,-0.961623
0.944657,-0.970326
0.942776,-0.979028
0.940973,-0.987731
0.939249,-0.996433
0.937602,-1.005136
0.936032,-1.013838
0.934539,-1.022541
0.933121,-1.031243
0.931778,-1.039946
0.930510,-1.048648
0.929316,-1.057350
0.928196,-1.066053
0.927149,-1.074755
0.926175,-1.083458
0.925273,-1.092160
0.924443,-1.100863
0.923685,-1.109565
0.922999,-1.118268
0.922383,-1.126970
0.921839,-1.135673
0.921365,-1.144375
0.920962,-1.153078
0.920630,-1.161780
0.920368,-1.170483
0.920176,-1.179185
0.920054,-1.187888
0.920002,-1.196590
0.920020,-1.205293
0.920109,-1.213995
0.920267,-1.222697
0.920496,-1.231400
0.920795,-1.240102
0.921164,-1.248805
0.921604,-1.257507
0.922114,-1.266210
0.922695,-1.274912
0.923348,-1.283615
0.924071,-1.292317
0.924867,-1.301020
0.925734,-1.309722
0.926673,-1.318425
0.927686,-1.327127
0.928771,-1.335830
0.929929,-1.344532
0.931162,-1.353235
0.932469,-1.361937
0.933851,-1.370639
0.935308,-1.379342
0.936841,-1.388044
0.938451,-1.396747
0.940138,-1.405449
0.941903,-1.414152
0.943747,-1.422854
0.945670,-1.431557
0.947673,-1.440259
0.949757,-1.448962
0.951923,-1.457664
0.954172,-1.466367
0.956505,-1.475069
0.958922,-1.483772
0.961425,-1.492474
0.964014,-1.501177
0.966691,-1.509879
0.969458,-1.518582
0.972314,-1.527284
0.975262,-1.535986
0.978302,-1.544689
0.981436,-1.553391
0.984666,-1.562094
0.987993,-1.570796
