scan.pos:-1.923158,3.865654,1.6352501.002081,1.562094
1.001555,1.553391
1.001106,1.544689
1.000733,1.535986
1.000437,1.527284
1.000217,1.518581
1.000073,1.509879
1.000006,1.501177
1.000014,1.492474
1.000099,1.483772
1.000260,1.475069
1.000498,1.466367
1.000811,1.457664
1.001201,1.448962
1.001668,1.440259
1.002212,1.431557
1.002832,1.422854
1.003530,1.414152
1.004305,1.405449
1.005158,1.396747
1.006089,1.388044
1.007099,1.379342
1.008188,1.370639
1.009356,1.361937
1.010603,1.353234
1.011931,1.344532
1.013340,1.335830
1.014830,1.327127
1.016402,1.318425
1.018056,1.309722
1.019794,1.301020
1.021615,1.292317
1.023521,1.283615
1.025513,1.274912
1.027590,1.266210
1.029755,1.257507
1.032007,1.248805
1.034349,1.240102
1.036780,1.231400
1.039302,1.222697
1.041916,1.213995
1.044622,1.205292
1.047423,1.196590
1.050319,1.187888
1.053312,1.179185
1.056402,1.170483
1.059591,1.161780
1.062881,1.153078
1.066273,1.144375
1.069768,1.135673
1.073369,1.126970
1.077076,1.118268
1.080891,1.109565
1.084816,1.100863
1.088853,1.092160
1.136724,1.083458
1.141161,1.074755
1.145721,1.066053
1.150405,1.057350
1.155215,1.048648
1.160155,1.039945
1.165227,1.031243
1.170432,1.022541
1.175774,1.013838
1.203972,1.005136
1.209704,0.996433
1.215584,0.987731
1.221615,0.979028
1.274131,0.970326
1.280713,0.961623
1.357686,0.952921
1.435585,0.944218
7.189863,0.935516
7.230035,0.926813
4.457656,0.918111
4.389520,0.909408
4.345696,0.900706
4.277864,0.892003
4.234563,0.883301
4.166891,0.874598
4.123984,0.865896
4.081308,0.857194
4.038836,0.848491
3.996542,0.839789
3.954400,0.831086
3.912385,0.822384
3.870472,0.813681
3.828635,0.804979
3.786849,0.796276
3.745091,0.787574
3.703335,0.778871
3.661556,0.770169
3.619730,0.761466
3.605093,0.752764
3.564993,0.744061
3.522608,0.735359
3.508712,0.726656
3.465763,0.717954
3.452515,0.709251
3.423092,0.700549
3.394423,0.691847
3.366484,0.683144
3.339254,0.674442
3.312710,0.665739
3.286834,0.657037
3.261606,0.648334
3.237006,0.639632
3.213017,0.630929
3.189623,0.622227
3.166806,0.613524
3.144551,0.604822
3.122843,0.596119
3.101667,0.587417
3.081009,0.578714
3.060856,0.570012
3.041195,0.561309
3.022014,0.552607
3.027774,0.543905
3.037824,0.535202
3.017842,0.526500
2.998894,0.517797
2.995006,0.509095
2.969689,0.500392
2.970654,0.491690
2.974058,0.482987
2.948437,0.474285
2.981100,0.465582
2.999549,0.456880
3.007719,0.448177
3.002320,0.439475
3.000072,0.430772
3.023767,0.422070
3.028026,0.413367
3.014491,0.404665
3.038129,0.395962
3.069549,0.387260
3.078739,0.378558
3.088086,0.369855
3.141616,0.361153
3.194957,0.352450
3.269964,0.343748
3.322888,0.335045
3.332314,0.326343
3.341925,0.317640
3.373245,0.308938
3.361703,0.300235
3.371873,0.291533
3.446162,0.282830
3.435267,0.274128
3.530586,0.265425
3.604483,0.256723
3.720322,0.248020
3.835782,0.239318
3.929956,0.230615
4.065682,0.221913
4.201008,0.213211
4.273645,0.204508
4.263355,0.195806
4.253437,0.187103
4.254385,0.178401
4.241872,0.169698
4.236610,0.160996
4.217808,0.152293
4.227280,0.143591
4.221533,0.134888
4.213149,0.126186
4.195942,0.117483
4.183013,0.108781
4.173932,0.100078
4.167878,0.091376
4.162158,0.082673
4.156771,0.073971
4.151712,0.065269
4.146982,0.056566
4.142577,0.047864
4.138497,0.039161
4.134739,0.030459
4.131302,0.021756
4.128186,0.013054
4.125387,0.004351
4.122907,-0.004351
4.120743,-0.013054
4.118895,-0.021756
4.117361,-0.030459
4.116142,-0.039161
4.115238,-0.047864
4.114647,-0.056566
4.114369,-0.065269
4.114405,-0.073971
4.114754,-0.082674
4.115417,-0.091376
4.116393,-0.100078
4.117683,-0.108781
4.119288,-0.117483
4.121209,-0.126186
4.123445,-0.134888
4.125998,-0.143591
4.128869,-0.152293
4.132059,-0.160996
4.135569,-0.169698
4.139400,-0.178401
4.143554,-0.187103
4.148033,-0.195806
4.152838,-0.204508
4.157971,-0.213211
4.163435,-0.221913
4.169230,-0.230616
4.175361,-0.239318
4.181828,-0.248021
4.188635,-0.256723
4.195784,-0.265425
4.203278,-0.274128
4.211121,-0.282830
4.219314,-0.291533
4.227862,-0.300235
4.236768,-0.308938
4.246036,-0.317640
4.255669,-0.326343
4.265671,-0.335045
4.276047,-0.343748
4.286801,-0.352450
4.297937,-0.361153
4.309461,-0.369855
4.321376,-0.378558
4.333688,-0.387260
4.346403,-0.395963
4.359525,-0.404665
4.373061,-0.413367
2.349543,-0.422070
2.290294,-0.430772
2.247278,-0.439475
2.183884,-0.448177
2.143033,-0.456880
2.094976,-0.465582
2.100811,-0.474285
2.107797,-0.482987
2.067301,-0.491690
2.055346,-0.500392
2.044203,-0.509095
1.965679,-0.517797
1.934459,-0.526500
1.814088,-0.535202
1.784815,-0.543905
1.732842,-0.552607
1.726441,-0.561310
1.679070,-0.570012
1.674369,-0.578714
1.647095,-0.587417
1.603586,-0.596119
1.600737,-0.604822
1.559815,-0.613524
1.534797,-0.622227
1.533562,-0.630929
1.495782,-0.639632
1.471837,-0.648334
1.472023,-0.657037
1.437057,-0.665739
1.413990,-0.674442
1.405345,-0.683144
1.383013,-0.691847
1.385477,-0.700549
1.354848,-0.709252
1.333127,-0.717954
1.329345,-0.726657
1.308196,-0.735359
1.306376,-0.744061
1.285745,-0.752764
1.265002,-0.761466
1.265671,-0.770169
1.245377,-0.778871
1.221264,-0.787574
1.228004,-0.796276
1.205285,-0.804979
1.185558,-0.813681
1.191451,-0.822384
1.172057,-0.831086
1.151770,-0.839789
1.160632,-0.848491
1.157931,-0.857194
1.148063,-0.865896
1.134081,-0.874599
1.124746,-0.883301
1.115649,-0.892003
1.106781,-0.900706
1.098135,-0.909408
1.089706,-0.918111
1.081488,-0.926813
1.073473,-0.935516
1.065657,-0.944218
1.058034,-0.952921
1.050598,-0.961623
1.043346,-0.970326
1.036271,-0.979028
1.029369,-0.987731
1.022636,-0.996433
1.016067,-1.005136
1.009659,-1.013838
1.003407,-1.022541
0.997307,-1.031243
0.991356,-1.039946
0.985550,-1.048648
0.979886,-1.057350
0.974361,-1.066053
0.968971,-1.074755
0.963713,-1.083458
0.958584,-1.092160
0.953582,-1.100863
0.948704,-1.109565
0.943947,-1.118268
0.939309,-1.126970
0.934787,-1.135673
0.930378,-1.144375
0.926082,-1.153078
0.921894,-1.161780
0.917814,-1.170483
0.913840,-1.179185
0.909968,-1.187888
0.906198,-1.196590
0.902527,-1.205293
0.898955,-1.213995
0.895478,-1.222697
0.892096,-1.231400
0.888806,-1.240102
0.885608,-1.248805
0.882500,-1.257507
0.879481,-1.266210
0.876548,-1.274912
0.873701,-1.283615
0.870939,-1.292317
0.868261,-1.301020
0.865664,-1.309722
0.863148,-1.318425
0.860713,-1.327127
0.858356,-1.335830
0.856077,-1.344532
0.853875,-1.353235
0.851749,-1.361937
0.849698,-1.370639
0.847721,-1.379342
0.845818,-1.388044
0.843988,-1.396747
0.842229,-1.405449
0.840541,-1.414152
0.838924,-1.422854
0.837377,-1.431557
0.835900,-1.440259
0.834490,-1.448962
0.833149,-1.457664
0.831876,-1.466367
0.830669,-1.475069
0.829529,-1.483772
0.828455,-1.492474
0.827447,-1.501177
0.826504,-1.509879
0.825627,-1.518582
0.824813,-1.527284
0.824064,-1.535986
0.823380,-1.544689
0.822758,-1.553391
0.822201,-1.562094
0.821706,-1.570796
