scan.pos:-2.142529,-2.398601,1.7352501.720687,1.562094
1.718264,1.553391
1.715978,1.544689
1.713829,1.535986
1.711815,1.527284
1.709936,1.518581
1.708192,1.509879
1.706580,1.501177
1.705102,1.492474
1.703755,1.483772
1.702541,1.475069
1.701457,1.466367
1.700504,1.457664
1.699682,1.448962
1.698990,1.440259
1.698427,1.431557
1.697994,1.422854
1.697691,1.414152
1.697517,1.405449
1.697473,1.396747
1.697557,1.388044
1.697771,1.379342
1.698115,1.370639
1.698588,1.361937
1.699190,1.353234
1.699923,1.344532
1.700786,1.335830
1.701779,1.327127
1.702903,1.318425
1.704159,1.309722
1.705546,1.301020
1.707066,1.292317
1.708718,1.283615
1.710505,1.274912
1.712425,1.266210
1.714481,1.257507
1.716672,1.248805
1.719000,1.240102
1.721466,1.231400
1.724070,1.222697
1.726814,1.213995
1.729699,1.205292
1.732725,1.196590
1.735894,1.187888
1.739208,1.179185
1.742667,1.170483
1.746274,1.161780
1.750029,1.153078
1.753934,1.144375
1.757990,1.135673
1.762200,1.126970
1.766565,1.118268
1.771087,1.109565
1.775768,1.100863
1.780609,1.092160
1.785613,1.083458
1.790782,1.074755
1.796119,1.066053
1.801625,1.057350
1.807303,1.048648
1.813155,1.039945
1.819184,1.031243
1.825393,1.022541
1.831784,1.013838
1.838361,1.005136
1.845127,0.996433
1.852083,0.987731
1.859235,0.979028
1.866585,0.970326
1.874136,0.961623
1.881893,0.952921
1.889858,0.944218
1.898037,0.935516
1.906432,0.926813
1.915049,0.918111
1.923890,0.909408
1.932962,0.900706
1.942269,0.892003
1.951814,0.883301
1.961605,0.874598
1.971644,0.865896
1.981939,0.857194
1.992495,0.848491
2.003316,0.839789
2.014411,0.831086
2.025784,0.822384
2.037442,0.813681
2.049392,0.804979
2.061641,0.796276
2.074196,0.787574
2.087065,0.778871
2.100256,0.770169
2.113776,0.761466
2.127635,0.752764
2.141841,0.744061
2.207217,0.735359
2.222497,0.726656
2.315452,0.717954
2.332066,0.709251
2.479789,0.700549
7.712000,0.691847
7.770369,0.683144
5.417322,0.343748
5.322444,0.335045
5.206140,0.326343
5.159229,0.317640
5.135673,0.308938
5.112718,0.300235
5.090354,0.291533
5.068569,0.282830
5.047352,0.274128
5.026693,0.265425
5.006583,0.256723
4.987011,0.248020
4.967968,0.239318
4.949446,0.230615
4.931436,0.221913
4.913929,0.213211
4.896917,0.204508
4.880393,0.195806
4.864349,0.187103
4.848779,0.178401
4.833675,0.169698
4.819030,0.160996
4.804839,0.152293
4.812115,0.143591
4.798754,0.134888
4.785830,0.126186
4.815040,0.117483
4.802869,0.108781
4.791124,0.100078
4.821196,0.091376
4.810192,0.082673
4.799603,0.073971
4.789425,0.065269
4.779653,0.056566
4.770283,0.047864
4.781753,0.039161
4.773140,0.030459
4.805658,0.021756
4.858768,0.013054
4.912077,0.004351
4.965597,-0.004351
5.059830,-0.013054
5.356370,-0.021756
5.713130,-0.030459
6.008953,-0.039161
6.465735,-0.047864
7.347677,-0.308938
6.938210,-0.317640
6.540515,-0.326343
6.367352,-0.335045
6.356672,-0.343748
6.366788,-0.352450
6.336664,-0.361153
6.347751,-0.369855
6.359362,-0.378558
6.371502,-0.387260
6.384175,-0.395963
6.397387,-0.404665
6.411143,-0.413367
6.425448,-0.422070
6.440309,-0.430772
6.455732,-0.439475
6.471723,-0.448177
6.488288,-0.456880
3.987728,-0.465582
3.882063,-0.474285
3.780118,-0.482987
3.745396,-0.491690
3.651936,-0.500392
3.458542,-0.509095
3.409273,-0.517797
3.344677,-0.526500
3.269641,-0.535202
3.189358,-0.543905
3.110861,-0.552607
3.055670,-0.561310
2.885913,-0.570012
2.834738,-0.578714
2.784971,-0.587417
2.714529,-0.596119
2.664195,-0.604822
2.659196,-0.613524
2.664071,-0.622227
2.614919,-0.630929
2.581561,-0.639632
2.570666,-0.648334
2.582535,-0.657037
2.549163,-0.665739
2.538552,-0.674442
2.528031,-0.683144
2.517600,-0.691847
2.507255,-0.700549
2.496995,-0.709252
2.510293,-0.717954
2.500324,-0.726657
2.514170,-0.735359
2.528365,-0.744061
2.494904,-0.752764
2.509537,-0.761466
2.524537,-0.770169
2.539911,-0.778871
2.555669,-0.787574
2.571821,-0.796276
2.588378,-0.804979
2.605348,-0.813681
2.622743,-0.822384
2.640575,-0.831086
2.658855,-0.839789
2.677595,-0.848491
2.696807,-0.857194
2.716506,-0.865896
2.736705,-0.874599
2.757418,-0.883301
2.778660,-0.892003
2.800446,-0.900706
2.822794,-0.909408
2.845720,-0.918111
2.869241,-0.926813
2.893377,-0.935516
2.918146,-0.944218
2.941580,-0.952921
2.954840,-0.961623
2.996553,-0.970326
2.983428,-0.979028
2.998781,-0.987731
3.041952,-0.996433
3.061612,-1.005136
3.106155,-1.013838
3.124606,-1.022541
3.170138,-1.031243
3.190034,-1.039946
3.210786,-1.048648
3.264252,-1.057350
3.287137,-1.066053
3.336318,-1.074755
3.360945,-1.083458
3.411595,-1.092160
3.438104,-1.100863
3.490388,-1.109565
3.528897,-1.118268
3.583573,-1.126970
3.614919,-1.135673
3.671625,-1.144375
3.729358,-1.153078
3.764353,-1.161780
3.824461,-1.170483
3.885786,-1.179185
3.939890,-1.187888
3.981362,-1.196590
4.047728,-1.205293
4.115637,-1.213995
4.162218,-1.222697
4.233604,-1.231400
4.306823,-1.240102
4.336714,-1.248805
4.325652,-1.257507
4.287174,-1.266210
4.374400,-1.274912
4.368424,-1.283615
4.410299,-1.292317
4.407767,-1.301020
4.476969,-1.309722
4.483716,-1.318425
4.531215,-1.327127
4.541131,-1.335830
4.546241,-1.344532
4.594779,-1.353235
4.600356,-1.361937
4.649068,-1.370639
4.676468,-1.379342
4.682772,-1.388044
4.710599,-1.396747
4.780898,-1.405449
4.808980,-1.414152
4.837264,-1.422854
4.865756,-1.431557
4.978083,-1.440259
5.006791,-1.448962
5.098125,-1.457664
5.127152,-1.466367
5.165892,-1.475069
5.269103,-1.483772
7.028740,-1.492474
7.305907,-1.501177
7.428736,-1.509879
7.562510,-1.518582
