scan.pos:-1.309356,7.146025,-0.4647500.939667,1.562094
0.943833,1.553391
0.948108,1.544689
0.952495,1.535986
0.956995,1.527284
0.961613,1.518581
0.966349,1.509879
0.971206,1.501177
0.976187,1.492474
0.981294,1.483772
0.986531,1.475069
0.991899,1.466367
0.997403,1.457664
1.003045,1.448962
1.008829,1.440259
1.014757,1.431557
1.020834,1.422854
1.027063,1.414152
1.033447,1.405449
1.039991,1.396747
1.046698,1.388044
1.053573,1.379342
1.060621,1.370639
1.067845,1.361937
1.075251,1.353234
1.082843,1.344532
1.090627,1.335830
1.098608,1.327127
1.106791,1.318425
1.115183,1.309722
1.123789,1.301020
1.132616,1.292317
1.141671,1.283615
1.150960,1.274912
1.160490,1.266210
1.170269,1.257507
1.180305,1.248805
1.185290,1.240102
1.175126,1.231400
1.192966,1.222697
1.210599,1.213995
1.228035,1.205292
1.245284,1.196590
1.235496,1.187888
1.252604,1.179185
1.269546,1.170483
1.286330,1.161780
1.302964,1.153078
1.319456,1.144375
1.306703,1.135673
1.323534,1.126970
1.347486,1.118268
1.364621,1.109565
1.364986,1.100863
1.382644,1.092160
1.409670,1.083458
1.427745,1.074755
1.445762,1.066053
1.474926,1.057350
1.493458,1.048648
1.500430,1.039945
1.519691,1.031243
1.538958,1.022541
1.549019,1.013838
1.592548,1.005136
1.604955,0.996433
1.625870,0.987731
1.646876,0.979028
1.685814,0.970326
1.707797,0.961623
1.729934,0.952921
1.772397,0.944218
1.795711,0.935516
1.818661,0.926813
1.865751,0.918111
1.890718,0.909408
1.918415,0.900706
1.967158,0.892003
1.994178,0.883301
2.049191,0.874598
2.078212,0.865896
2.129497,0.857194
2.168887,0.848491
2.200928,0.839789
2.276670,0.831086
2.323447,0.822384
2.359229,0.813681
2.438550,0.804979
2.494189,0.796276
2.555915,0.787574
2.618878,0.778871
2.685328,0.770169
2.753134,0.761466
2.843587,0.752764
2.935856,0.744061
3.020103,0.735359
3.098416,0.726656
3.220867,0.717954
3.323527,0.709251
3.455130,0.700549
3.570001,0.691847
3.696987,0.683144
3.865891,0.674442
4.020106,0.665739
4.200785,0.657037
4.373961,0.648334
4.576625,0.639632
4.830404,0.630929
5.056962,0.622227
5.364442,0.613524
5.669331,0.604822
6.060605,0.596119
6.442188,0.587417
6.936829,0.578714
7.451377,0.570012
2.441941,0.065269
2.324762,0.056566
2.194992,0.047864
2.038538,0.039161
1.998353,0.030459
1.981072,0.021756
1.940675,0.013054
1.903872,0.004351
1.867697,-0.004351
1.833188,-0.013054
1.799073,-0.021756
1.765437,-0.030459
1.758856,-0.039161
1.727055,-0.047864
1.695614,-0.056566
1.652617,-0.065269
1.637850,-0.073971
1.619242,-0.082674
1.590557,-0.091376
1.562072,-0.100078
1.544168,-0.108781
1.540666,-0.117483
1.501454,-0.126186
1.499215,-0.134888
1.473043,-0.143591
1.461087,-0.152293
1.435761,-0.160996
1.426066,-0.169698
1.401500,-0.178401
1.393963,-0.187103
1.370081,-0.195806
1.346159,-0.204508
1.341349,-0.213211
1.318013,-0.221913
1.315171,-0.230616
1.292362,-0.239318
1.291433,-0.248021
1.269100,-0.256723
1.270039,-0.265425
1.248136,-0.274128
1.223725,-0.282830
1.229394,-0.291533
1.206344,-0.300235
1.212814,-0.308938
1.191085,-0.317640
1.193792,-0.326343
1.183555,-0.335045
1.173580,-0.343748
1.163860,-0.352450
1.154387,-0.361153
1.145154,-0.369855
1.136153,-0.378558
1.127377,-0.387260
1.110853,-0.395963
1.102569,-0.404665
1.094490,-0.413367
1.086611,-0.422070
1.078926,-0.430772
1.071430,-0.439475
1.089454,-0.448177
1.107317,-0.456880
1.100027,-0.465582
1.092915,-0.474285
1.085977,-0.482987
1.079208,-0.491690
1.072604,-0.500392
1.066161,-0.509095
1.059875,-0.517797
1.053742,-0.526500
1.047760,-0.535202
1.041924,-0.543905
1.036231,-0.552607
1.030678,-0.561310
1.025261,-0.570012
1.019979,-0.578714
1.014828,-0.587417
1.009805,-0.596119
1.004908,-0.604822
1.000133,-0.613524
0.995480,-0.622227
0.990944,-0.630929
0.986525,-0.639632
0.982219,-0.648334
0.978025,-0.657037
0.973940,-0.665739
0.969963,-0.674442
0.966091,-0.683144
0.962324,-0.691847
0.980446,-0.700549
0.998506,-0.709252
0.994881,-0.717954
0.991358,-0.726657
0.987935,-0.735359
0.984610,-0.744061
0.981382,-0.752764
0.978249,-0.761466
0.996411,-0.770169
0.993401,-0.778871
0.990484,-0.787574
0.987659,-0.796276
0.984925,-0.804979
1.003180,-0.813681
1.021415,-0.822384
1.018842,-0.831086
1.016359,-0.839789
1.013965,-0.848491
1.011659,-0.857194
1.030041,-0.865896
1.027866,-0.874599
1.025777,-0.883301
1.085201,-0.892003
1.103606,-0.900706
1.101627,-0.909408
1.099738,-0.918111
1.097940,-0.926813
1.116531,-0.935516
1.175693,-0.944218
1.255015,-0.952921
1.314002,-0.961623
1.675791,-0.970326
1.673835,-0.979028
1.672011,-0.987731
1.730691,-0.996433
1.889916,-1.005136
2.048999,-1.013838
2.308340,-1.022541
2.527354,-1.031243
2.806405,-1.039946
5.715920,-1.048648
6.674407,-1.057350
7.032049,-1.066053
4.771036,-1.448962
4.646737,-1.457664
4.542892,-1.466367
4.442175,-1.475069
4.354632,-1.483772
4.260878,-1.492474
4.160913,-1.501177
4.073077,-1.509879
3.987294,-1.518582
3.920234,-1.527284
3.839320,-1.535986
3.779191,-1.544689
3.702516,-1.553391
3.627202,-1.562094
3.575645,-1.570796
