scan.pos:-1.555868,6.651919,-2.6147500.894930,1.562094
0.895925,1.553391
0.920056,1.544689
0.921402,1.535986
0.945682,1.527284
0.970003,1.518581
0.970705,1.509879
1.130520,1.501177
1.133274,1.492474
1.136365,1.483772
1.139807,1.475069
1.165627,1.466367
1.191653,1.457664
1.202176,1.448962
1.229950,1.440259
1.258048,1.431557
1.264904,1.422854
1.250780,1.414152
1.237377,1.405449
1.267481,1.396747
1.298090,1.388044
1.324899,1.379342
1.358349,1.370639
1.392539,1.361937
1.427538,1.353234
1.463425,1.344532
1.500286,1.335830
1.557500,1.327127
1.574321,1.318425
1.611950,1.309722
1.715194,1.301020
1.761205,1.292317
1.809156,1.283615
1.879850,1.274912
1.952867,1.266210
2.049003,1.257507
2.107100,1.248805
2.209480,1.240102
2.296389,1.231400
2.411810,1.222697
2.511502,1.213995
2.568533,1.205292
5.077028,1.196590
5.070066,1.187888
5.103921,1.179185
5.117897,1.170483
5.152388,1.161780
5.167058,1.153078
5.443614,1.144375
5.820556,1.135673
6.378026,1.126970
6.553824,1.118268
4.216413,0.709251
4.104914,0.700549
3.997035,0.691847
3.898856,0.683144
3.798912,0.674442
3.723211,0.665739
3.650220,0.657037
3.579750,0.648334
3.489932,0.639632
3.423922,0.630929
3.354144,0.622227
3.293217,0.613524
3.234040,0.604822
3.176502,0.596119
3.120501,0.587417
3.065938,0.578714
3.012725,0.570012
2.960779,0.561309
2.912383,0.552607
2.863647,0.543905
2.815938,0.535202
2.769194,0.526500
2.723354,0.517797
2.724699,0.509095
2.727320,0.500392
2.692702,0.491690
2.651252,0.482987
2.657787,0.474285
2.617870,0.465582
2.602467,0.456880
2.611956,0.448177
2.605357,0.439475
2.596708,0.430772
2.612662,0.422070
2.604351,0.413367
2.596135,0.404665
2.612993,0.395962
2.605126,0.387260
2.597353,0.378558
2.615164,0.369855
2.633423,0.361153
2.652141,0.352450
2.671333,0.343748
2.691010,0.335045
2.711188,0.326343
2.731881,0.317640
2.753103,0.308938
2.774870,0.300235
2.797198,0.291533
2.820106,0.282830
2.843610,0.274128
2.867730,0.265425
2.892484,0.256723
2.906107,0.248020
2.941314,0.239318
2.949071,0.230615
2.984944,0.221913
3.052901,0.213211
3.165437,0.204508
3.174520,0.195806
3.264092,0.187103
3.300488,0.178401
3.311117,0.169698
3.348556,0.160996
3.463871,0.152293
3.501727,0.143591
3.540123,0.134888
3.579090,0.126186
3.618663,0.117483
3.658874,0.108781
3.717949,0.100078
3.780002,0.091376
3.820654,0.082673
3.864773,0.073971
3.925215,0.065269
7.744504,0.056566
7.700008,0.047864
7.656600,0.039161
7.614255,0.030459
7.572950,0.021756
7.532661,0.013054
7.493367,0.004351
7.455044,-0.004351
7.417674,-0.013054
7.381236,-0.021756
7.345711,-0.030459
7.311080,-0.039161
7.277326,-0.047864
7.244431,-0.056566
7.212379,-0.065269
7.181153,-0.073971
7.150740,-0.082674
7.121122,-0.091376
7.092287,-0.100078
7.064220,-0.108781
7.036909,-0.117483
7.010340,-0.126186
6.984500,-0.134888
6.959378,-0.143591
6.934963,-0.152293
6.911242,-0.160996
6.888206,-0.169698
6.865845,-0.178401
6.844147,-0.187103
6.823104,-0.195806
6.802707,-0.204508
6.782947,-0.213211
6.763814,-0.221913
6.745301,-0.230616
6.727400,-0.239318
6.710104,-0.248021
6.693405,-0.256723
6.677296,-0.265425
6.661770,-0.274128
6.646821,-0.282830
6.632443,-0.291533
6.618631,-0.300235
6.605378,-0.308938
6.592678,-0.317640
6.580528,-0.326343
6.568922,-0.335045
6.557855,-0.343748
6.547323,-0.352450
6.537322,-0.361153
6.527847,-0.369855
2.148776,-0.378558
1.923732,-0.387260
1.921394,-0.395963
1.919206,-0.404665
1.897033,-0.413367
1.895167,-0.422070
1.853250,-0.430772
1.811547,-0.439475
1.810183,-0.448177
1.788904,-0.456880
1.747747,-0.465582
1.746832,-0.474285
1.726028,-0.482987
1.725388,-0.491690
1.724879,-0.500392
1.724501,-0.509095
1.724256,-0.517797
1.684141,-0.526500
1.684157,-0.535202
1.684302,-0.543905
1.684575,-0.552607
1.684977,-0.561310
1.685507,-0.570012
1.686166,-0.578714
1.686953,-0.587417
1.687871,-0.596119
1.688918,-0.604822
1.690094,-0.613524
1.691402,-0.622227
1.692841,-0.630929
1.694411,-0.639632
1.696113,-0.648334
1.697948,-0.657037
1.699917,-0.665739
1.702020,-0.674442
1.704258,-0.683144
1.706633,-0.691847
1.709144,-0.700549
1.671136,-0.709252
1.653497,-0.717954
1.656321,-0.726657
1.659281,-0.735359
1.621437,-0.744061
1.624593,-0.752764
1.627886,-0.761466
1.610722,-0.770169
1.614247,-0.778871
1.617911,-0.787574
1.621716,-0.796276
1.625662,-0.804979
1.608913,-0.813681
1.592202,-0.822384
1.596473,-0.831086
1.600888,-0.839789
1.605452,-0.848491
1.610164,-0.857194
1.615027,-0.865896
1.620043,-0.874599
1.625215,-0.883301
1.630545,-0.892003
1.636034,-0.900706
1.641687,-0.909408
1.647504,-0.918111
1.653489,-0.926813
1.659644,-0.935516
1.665973,-0.944218
1.672478,-0.952921
1.679163,-0.961623
1.686030,-0.970326
1.693083,-0.979028
1.700325,-0.987731
1.707760,-0.996433
1.715391,-1.005136
1.723223,-1.013838
1.731259,-1.022541
1.739504,-1.031243
1.747961,-1.039946
1.756636,-1.048648
1.765531,-1.057350
1.774654,-1.066053
1.830828,-1.074755
1.817134,-1.083458
1.803429,-1.092160
1.813508,-1.100863
1.823840,-1.109565
1.834431,-1.118268
1.845287,-1.126970
1.856415,-1.135673
1.867821,-1.144375
1.879511,-1.153078
1.891494,-1.161780
1.903777,-1.170483
1.916367,-1.179185
1.929272,-1.187888
1.942502,-1.196590
1.956064,-1.205293
1.969968,-1.213995
1.984223,-1.222697
2.051297,-1.231400
2.040253,-1.240102
2.002569,-1.248805
1.991291,-1.257507
1.952942,-1.266210
1.968657,-1.274912
1.929804,-1.283615
1.918171,-1.292317
1.878538,-1.301020
1.894754,-1.309722
1.867977,-1.318425
1.852061,-1.327127
1.836554,-1.335830
1.821441,-1.344532
1.806712,-1.353235
1.792354,-1.361937
1.778357,-1.370639
1.764710,-1.379342
1.751404,-1.388044
1.738428,-1.396747
1.725773,-1.405449
1.713431,-1.414152
1.701393,-1.422854
1.689650,-1.431557
1.678196,-1.440259
1.667021,-1.448962
1.656120,-1.457664
1.645485,-1.466367
1.635110,-1.475069
1.624987,-1.483772
1.615111,-1.492474
1.605476,-1.501177
1.596077,-1.509879
1.586906,-1.518582
1.577960,-1.527284
1.569234,-1.535986
1.560721,-1.544689
1.552418,-1.553391
1.544319,-1.562094
1.536422,-1.570796
