scan.pos:-2.378276,-0.978029,1.7352501.500241,1.562094
1.498129,1.553391
1.496136,1.544689
1.494262,1.535986
1.492507,1.527284
1.490868,1.518581
1.489347,1.509879
1.487942,1.501177
1.486653,1.492474
1.485479,1.483772
1.484420,1.475069
1.523569,1.466367
1.522716,1.457664
1.521979,1.448962
1.521360,1.440259
1.540867,1.431557
1.560481,1.422854
1.560202,1.414152
1.580043,1.405449
1.580001,1.396747
1.580080,1.388044
1.580279,1.379342
1.580599,1.370639
1.621065,1.361937
1.621641,1.353234
1.642369,1.344532
1.643202,1.335830
1.684263,1.327127
1.685376,1.318425
1.686618,1.309722
1.748277,1.301020
5.653499,1.292317
5.658972,1.283615
5.664888,1.274912
5.671248,1.266210
5.678056,1.257507
5.685314,1.248805
5.693024,1.240102
5.701190,1.231400
5.709815,1.222697
5.718902,1.213995
5.728456,1.205292
5.738478,1.196590
5.748975,1.187888
5.759949,1.179185
5.771406,1.170483
5.783350,1.161780
5.795785,1.153078
5.808718,1.144375
5.822152,1.135673
5.836095,1.126970
5.850551,1.118268
5.865526,1.109565
5.881028,1.100863
5.897062,1.092160
5.913635,1.083458
5.930754,1.074755
5.948427,1.066053
5.966662,1.057350
5.985466,1.048648
6.004848,1.039945
6.024815,1.031243
6.045378,1.022541
6.066545,1.013838
6.088327,1.005136
6.110732,0.996433
6.133772,0.987731
6.157457,0.979028
6.181798,0.970326
6.206807,0.961623
6.232495,0.952921
6.258876,0.944218
6.285962,0.935516
6.313766,0.926813
6.342302,0.918111
6.371584,0.909408
6.401628,0.900706
6.432450,0.892003
6.464064,0.883301
6.496487,0.874598
6.529737,0.865896
6.563831,0.857194
6.598789,0.848491
6.634629,0.839789
6.671371,0.831086
6.709036,0.822384
6.747646,0.813681
6.787223,0.804979
6.827789,0.796276
6.869370,0.787574
6.911990,0.778871
6.955675,0.770169
7.000452,0.761466
7.046350,0.752764
7.093397,0.744061
7.141623,0.735359
7.191062,0.726656
7.241745,0.717954
7.293708,0.709251
7.346985,0.700549
7.401613,0.691847
7.457633,0.683144
7.515083,0.674442
7.574007,0.665739
7.634448,0.657037
7.696452,0.648334
7.760068,0.639632
3.998498,0.456880
3.875357,0.448177
3.827205,0.439475
3.804172,0.430772
3.781700,0.422070
3.759778,0.413367
3.738390,0.404665
3.717527,0.395962
3.697175,0.387260
3.677323,0.378558
3.657960,0.369855
3.639076,0.361153
3.620660,0.352450
3.602702,0.343748
3.585194,0.335045
3.568125,0.326343
3.551487,0.317640
3.535271,0.308938
3.519470,0.300235
3.504075,0.291533
3.489079,0.282830
3.474474,0.274128
3.460253,0.265425
3.446409,0.256723
3.432936,0.248020
3.419828,0.239318
3.407078,0.230615
3.394680,0.221913
3.404187,0.213211
3.392402,0.204508
3.380955,0.195806
3.369841,0.187103
3.359054,0.178401
3.369797,0.169698
3.380730,0.160996
3.370775,0.152293
3.361133,0.143591
3.393724,0.134888
3.384584,0.126186
3.375750,0.117483
3.367217,0.108781
3.358983,0.100078
3.351043,0.091376
3.343395,0.082673
3.336035,0.073971
3.328960,0.065269
3.342688,0.056566
3.336135,0.047864
3.370743,0.039161
3.385076,0.030459
3.419984,0.021756
3.414365,0.013054
3.469934,0.004351
3.525597,-0.004351
3.621857,-0.013054
3.637258,-0.021756
3.975978,-0.030459
4.253673,-0.039161
4.510913,-0.047864
4.868584,-0.056566
5.225924,-0.065269
6.917602,-0.352450
6.830424,-0.361153
6.316710,-0.369855
6.066706,-0.378558
5.833556,-0.387260
5.609050,-0.395963
5.407413,-0.404665
5.217366,-0.413367
5.019620,-0.422070
5.031230,-0.430772
5.022516,-0.439475
5.034956,-0.448177
5.047844,-0.456880
5.019340,-0.465582
5.033024,-0.474285
5.047169,-0.482987
5.061780,-0.491690
5.076864,-0.500392
5.092427,-0.509095
5.108476,-0.517797
5.125018,-0.526500
5.142060,-0.535202
5.159610,-0.543905
5.177676,-0.552607
5.196266,-0.561310
5.215388,-0.570012
5.235052,-0.578714
5.255267,-0.587417
5.276041,-0.596119
5.297386,-0.604822
5.319310,-0.613524
5.341825,-0.622227
5.364943,-0.630929
5.388673,-0.639632
5.413028,-0.648334
5.438020,-0.657037
5.463662,-0.665739
5.489967,-0.674442
2.895216,-0.683144
2.802969,-0.691847
2.780806,-0.700549
2.736344,-0.709252
2.677926,-0.717954
2.659204,-0.726657
2.617664,-0.735359
2.576741,-0.744061
2.584404,-0.752764
2.544876,-0.761466
2.519197,-0.770169
2.481385,-0.778871
2.468596,-0.787574
2.431774,-0.796276
2.395326,-0.804979
2.326050,-0.813681
2.315877,-0.822384
2.280917,-0.831086
2.246211,-0.839789
2.231534,-0.848491
2.223915,-0.857194
2.190715,-0.865896
2.157674,-0.874599
2.151300,-0.883301
2.115309,-0.892003
2.110263,-0.900706
2.078554,-0.909408
2.074280,-0.918111
2.041476,-0.926813
2.010587,-0.935516
2.007768,-0.944218
2.003038,-0.952921
1.985831,-0.961623
1.969066,-0.970326
1.897655,-0.979028
1.882182,-0.987731
1.867101,-0.996433
1.852399,-1.005136
1.838066,-1.013838
1.824091,-1.022541
1.810463,-1.031243
1.797174,-1.039946
1.784213,-1.048648
1.771571,-1.057350
1.759241,-1.066053
1.747213,-1.074755
1.735479,-1.083458
1.724033,-1.092160
1.712866,-1.100863
1.701972,-1.109565
1.691343,-1.118268
1.680974,-1.126970
1.695103,-1.135673
1.709192,-1.144375
1.699284,-1.153078
1.689618,-1.161780
1.680188,-1.170483
1.694553,-1.179185
1.685454,-1.187888
1.676580,-1.196590
1.667924,-1.205293
1.659484,-1.213995
1.697176,-1.222697
1.688928,-1.231400
1.680887,-1.240102
1.673049,-1.248805
1.665411,-1.257507
1.680398,-1.266210
1.673048,-1.274912
1.665887,-1.283615
1.703203,-1.292317
1.696231,-1.301020
1.689445,-1.309722
1.726600,-1.318425
1.720007,-1.327127
1.713594,-1.335830
1.772266,-1.344532
1.765974,-1.353235
1.759861,-1.361937
1.796746,-1.370639
1.812181,-1.379342
1.848926,-1.388044
1.927994,-1.396747
1.964438,-1.405449
2.000814,-1.414152
2.079171,-1.422854
2.136283,-1.431557
2.227316,-1.440259
2.293286,-1.448962
2.375394,-1.457664
2.438133,-1.466367
2.481820,-1.475069
2.527437,-1.483772
2.617099,-1.492474
2.711469,-1.501177
2.808549,-1.509879
2.908694,-1.518582
3.053199,-1.527284
3.180080,-1.535986
3.298022,-1.544689
3.373945,-1.553391
3.669916,-1.562094
3.846739,-1.570796
