scan.pos:5.085640,6.000668,1.9184353.877600,1.562094
3.907936,1.553391
3.896099,1.544689
3.884629,1.535986
3.894539,1.527284
3.904690,1.518581
3.894177,1.509879
3.884015,1.501177
3.874200,1.492474
3.885476,1.483772
3.876294,1.475069
3.867450,1.466367
3.858939,1.457664
3.850758,1.448962
3.842904,1.440259
3.835373,1.431557
3.828163,1.422854
3.821270,1.414152
3.814692,1.405449
3.808426,1.396747
3.802470,1.388044
3.796821,1.379342
3.791477,1.370639
3.786436,1.361937
3.781696,1.353234
3.777256,1.344532
3.773112,1.335830
3.749139,1.327127
3.745604,1.318425
3.702182,1.309722
3.699261,1.301020
3.696626,1.292317
3.694276,1.283615
3.692209,1.274912
3.690426,1.266210
3.688926,1.257507
3.687707,1.248805
3.686770,1.240102
3.726119,1.231400
3.745740,1.222697
3.745644,1.213995
3.785836,1.205292
3.806319,1.196590
3.887121,1.187888
4.048312,1.179185
4.069771,1.170483
4.131615,1.161780
4.394224,1.153078
7.579090,0.952921
7.338018,0.944218
7.119371,0.935516
6.902308,0.926813
6.715422,0.918111
6.533817,0.909408
6.344218,0.900706
6.182684,0.892003
6.027660,0.883301
5.882640,0.874598
5.740767,0.865896
5.603937,0.857194
5.480474,0.848491
5.354077,0.839789
5.231637,0.831086
5.125768,0.822384
5.033462,0.813681
4.922632,0.804979
4.831427,0.796276
4.727433,0.787574
4.648022,0.778871
4.569156,0.770169
4.495639,0.761466
4.401955,0.752764
4.333600,0.744061
4.244571,0.735359
4.179816,0.726656
4.120516,0.717954
4.059959,0.709251
3.977911,0.700549
3.926493,0.691847
3.870919,0.683144
3.816600,0.674442
3.748755,0.665739
3.697405,0.657037
3.670836,0.648334
3.608885,0.639632
3.561264,0.630929
3.514520,0.622227
3.468604,0.613524
3.423470,0.604822
3.379075,0.596119
3.335376,0.587417
3.317240,0.578714
3.274979,0.570012
3.233304,0.561309
3.192177,0.552607
3.151565,0.543905
3.111434,0.535202
3.097703,0.526500
3.058628,0.517797
3.019946,0.509095
3.008160,0.500392
2.970378,0.491690
2.932906,0.482987
2.922879,0.474285
2.886165,0.465582
2.849685,0.456880
2.841255,0.448177
2.805403,0.439475
2.795212,0.430772
2.771204,0.422070
2.747812,0.413367
2.725017,0.404665
2.702801,0.395962
2.681147,0.387260
2.660039,0.378558
2.639459,0.369855
2.619394,0.361153
2.599828,0.352450
2.580747,0.343748
2.562138,0.335045
2.543987,0.326343
2.526283,0.317640
2.509014,0.308938
2.492167,0.300235
2.475732,0.291533
2.459699,0.282830
2.444057,0.274128
2.428797,0.265425
2.413908,0.256723
2.399383,0.248020
2.385212,0.239318
2.371387,0.230615
2.357900,0.221913
2.344743,0.213211
2.331908,0.204508
2.319389,0.195806
2.307179,0.187103
2.295270,0.178401
2.283656,0.169698
2.272332,0.160996
2.261291,0.152293
2.250527,0.143591
2.240035,0.134888
2.229809,0.126186
2.219844,0.117483
2.210136,0.108781
2.200679,0.100078
2.191469,0.091376
2.182501,0.082673
2.173771,0.073971
2.165275,0.065269
2.157009,0.056566
2.148968,0.047864
2.141150,0.039161
2.133550,0.030459
2.126166,0.021756
2.118993,0.013054
2.112029,0.004351
2.105270,-0.004351
2.098713,-0.013054
2.092356,-0.021756
2.086196,-0.030459
2.080230,-0.039161
2.074456,-0.047864
2.068871,-0.056566
2.063472,-0.065269
2.058258,-0.073971
2.053226,-0.082674
2.048374,-0.091376
2.043700,-0.100078
2.039203,-0.108781
2.034880,-0.117483
2.030729,-0.126186
2.026750,-0.134888
2.022940,-0.143591
2.019297,-0.152293
2.015821,-0.160996
2.012510,-0.169698
2.009363,-0.178401
2.006377,-0.187103
2.003554,-0.195806
2.000890,-0.204508
1.998385,-0.213211
1.996038,-0.221913
1.993849,-0.230616
1.991816,-0.239318
1.989938,-0.248021
1.988215,-0.256723
1.986646,-0.265425
1.985231,-0.274128
1.983969,-0.282830
1.982859,-0.291533
1.981902,-0.300235
1.981096,-0.308938
1.980442,-0.317640
1.979938,-0.326343
1.979586,-0.335045
1.979384,-0.343748
1.979334,-0.352450
1.979434,-0.361153
1.979685,-0.369855
1.980086,-0.378558
1.980639,-0.387260
1.981343,-0.395963
1.982198,-0.404665
1.983206,-0.413367
1.984365,-0.422070
1.985677,-0.430772
1.987143,-0.439475
1.988762,-0.448177
1.990535,-0.456880
1.992463,-0.465582
1.994548,-0.474285
1.996788,-0.482987
1.999187,-0.491690
2.001743,-0.500392
2.004459,-0.509095
2.007336,-0.517797
2.010374,-0.526500
2.013575,-0.535202
2.016940,-0.543905
2.020470,-0.552607
2.024167,-0.561310
2.028033,-0.570012
2.032068,-0.578714
2.036274,-0.587417
2.040654,-0.596119
2.045209,-0.604822
2.049941,-0.613524
2.054851,-0.622227
2.059942,-0.630929
2.065217,-0.639632
2.070676,-0.648334
2.076323,-0.657037
2.082160,-0.665739
2.088189,-0.674442
2.094413,-0.683144
2.100835,-0.691847
2.107457,-0.700549
2.114283,-0.709252
2.121315,-0.717954
2.128557,-0.726657
2.136012,-0.735359
2.143682,-0.744061
2.151573,-0.752764
2.159687,-0.761466
2.168028,-0.770169
2.176600,-0.778871
2.185407,-0.787574
2.194454,-0.796276
2.203744,-0.804979
2.213283,-0.813681
2.223074,-0.822384
2.233124,-0.831086
2.243436,-0.839789
2.254017,-0.848491
2.264871,-0.857194
2.276004,-0.865896
2.287422,-0.874599
2.299131,-0.883301
2.311138,-0.892003
2.323449,-0.900706
2.336071,-0.909408
2.349010,-0.918111
2.362274,-0.926813
2.375871,-0.935516
2.389808,-0.944218
2.404094,-0.952921
2.418737,-0.961623
2.433746,-0.970326
2.449130,-0.979028
2.464899,-0.987731
2.481062,-0.996433
2.497630,-1.005136
2.514614,-1.013838
2.532024,-1.022541
2.549873,-1.031243
2.568172,-1.039946
2.586934,-1.048648
2.606172,-1.057350
2.625900,-1.066053
2.646132,-1.074755
2.666883,-1.083458
2.688168,-1.092160
2.710003,-1.100863
2.732406,-1.109565
2.755394,-1.118268
2.778986,-1.126970
2.800375,-1.135673
2.807951,-1.144375
2.843939,-1.153078
2.880121,-1.161780
2.889213,-1.170483
2.926080,-1.179185
2.936337,-1.187888
2.973976,-1.196590
3.011932,-1.205293
3.023964,-1.213995
3.062834,-1.222697
3.102104,-1.231400
3.141806,-1.240102
3.181970,-1.248805
3.197277,-1.257507
3.238635,-1.266210
3.280553,-1.274912
3.323066,-1.283615
3.366212,-1.292317
3.410030,-1.301020
3.430170,-1.309722
3.475602,-1.318425
3.497730,-1.327127
3.473056,-1.335830
3.450088,-1.344532
3.428697,-1.353235
3.409930,-1.361937
3.391623,-1.370639
3.373768,-1.379342
3.356353,-1.388044
3.339371,-1.396747
3.322811,-1.405449
3.306666,-1.414152
3.290926,-1.422854
3.275583,-1.431557
3.260630,-1.440259
3.246059,-1.448962
3.231863,-1.457664
3.218034,-1.466367
3.204566,-1.475069
3.191452,-1.483772
3.178687,-1.492474
3.166263,-1.501177
3.154175,-1.509879
3.142417,-1.518582
3.130985,-1.527284
3.119872,-1.535986
3.109074,-1.544689
3.098585,-1.553391
3.088401,-1.562094
3.078517,-1.570796
