scan.pos:-2.015907,5.302664,1.6352505.996545,1.562094
5.993397,1.553391
5.990709,1.544689
5.988479,1.535986
5.986706,1.527284
5.985391,1.518581
5.984531,1.509879
5.984128,1.501177
5.984179,1.492474
5.984687,1.483772
5.985651,1.475069
5.987071,1.466367
5.988948,1.457664
5.991282,1.448962
5.994075,1.440259
5.997328,1.431557
6.001041,1.422854
6.005217,1.414152
6.009856,1.405449
6.014961,1.396747
6.020533,1.388044
6.026576,1.379342
6.033090,1.370639
6.040079,1.361937
6.047544,1.353234
6.055491,1.344532
6.063920,1.335830
6.072836,1.327127
6.082243,1.318425
6.092143,1.309722
6.102541,1.301020
6.113441,1.292317
6.124847,1.283615
6.136764,1.274912
6.149197,1.266210
6.162150,1.257507
6.175629,1.248805
6.189640,1.240102
6.204188,1.231400
3.710586,1.222697
3.580380,1.213995
3.487128,1.205292
3.404162,1.196590
3.301608,1.187888
3.221278,1.179185
3.143443,1.170483
3.045843,1.161780
2.970222,1.153078
2.916689,1.144375
2.829065,1.135673
2.795152,1.126970
2.761722,1.118268
2.706651,1.109565
2.607999,1.100863
2.574151,1.092160
2.540243,1.083458
2.462377,1.074755
2.428149,1.066053
2.415953,1.057350
2.314978,1.048648
2.302566,1.039945
2.267815,1.031243
2.210422,1.022541
2.175288,1.013838
2.162713,1.005136
2.104536,0.996433
2.091829,0.987731
2.033059,0.979028
2.020186,0.970326
2.007335,0.961623
1.947687,0.952921
1.958154,0.944218
1.968885,0.935516
1.956090,0.926813
1.943301,0.918111
1.882373,0.909408
1.869298,0.900706
1.856209,0.892003
1.843102,0.883301
1.854635,0.874598
1.816820,0.865896
1.803635,0.857194
1.815559,0.848491
1.827783,0.839789
1.814826,0.831086
1.827493,0.822384
1.814632,0.813681
1.827760,0.804979
1.814994,0.796276
1.802177,0.787574
1.789303,0.778871
1.803199,0.770169
1.812255,0.761466
1.810260,0.752764
1.781199,0.744061
1.779809,0.735359
1.806777,0.726656
1.806444,0.717954
1.796821,0.709251
1.809403,0.700549
1.821909,0.691847
1.834346,0.683144
1.819509,0.674442
1.832040,0.665739
1.817730,0.657037
1.856934,0.648334
1.869306,0.639632
1.907818,0.630929
1.919919,0.622227
1.957796,0.613524
1.944037,0.604822
1.981512,0.596119
1.993350,0.587417
2.030287,0.578714
2.041949,0.570012
2.028833,0.561309
2.040663,0.552607
2.028027,0.543905
2.064347,0.535202
2.052029,0.526500
2.040012,0.517797
2.052187,0.509095
2.040615,0.500392
2.076593,0.491690
2.088831,0.482987
2.101095,0.474285
2.090131,0.465582
2.102578,0.456880
2.161105,0.448177
2.196306,0.439475
2.208531,0.430772
2.266193,0.422070
2.300902,0.413367
2.312984,0.404665
2.355385,0.395962
2.384350,0.387260
2.436050,0.378558
2.466041,0.369855
2.544525,0.361153
2.576724,0.352450
2.631510,0.343748
2.686930,0.335045
2.729853,0.326343
2.788073,0.317640
2.890222,0.308938
2.885785,0.300235
2.875293,0.291533
2.854140,0.282830
2.856074,0.274128
2.838640,0.265425
2.844369,0.256723
2.831994,0.248020
2.822956,0.239318
2.816478,0.230615
2.812746,0.221913
2.791142,0.213211
2.784452,0.204508
2.792950,0.195806
2.784698,0.187103
2.780835,0.178401
2.763349,0.169698
2.749914,0.160996
2.744405,0.152293
2.739125,0.143591
2.734074,0.134888
2.729249,0.126186
2.724648,0.117483
2.720268,0.108781
2.716110,0.100078
2.712171,0.091376
2.708449,0.082673
2.704943,0.073971
2.701651,0.065269
2.698573,0.056566
2.695707,0.047864
2.693052,0.039161
2.690606,0.030459
2.688370,0.021756
2.686342,0.013054
2.684521,0.004351
2.682907,-0.004351
2.681499,-0.013054
2.680296,-0.021756
2.679298,-0.030459
2.678505,-0.039161
2.677916,-0.047864
2.677532,-0.056566
2.677351,-0.065269
2.677374,-0.073971
2.677602,-0.082674
2.678033,-0.091376
2.678668,-0.100078
2.679508,-0.108781
2.680552,-0.117483
2.681802,-0.126186
2.683257,-0.134888
2.684918,-0.143591
2.686787,-0.152293
2.688862,-0.160996
2.691146,-0.169698
2.693640,-0.178401
2.696343,-0.187103
2.699257,-0.195806
2.702384,-0.204508
2.705724,-0.213211
2.709280,-0.221913
2.713051,-0.230616
2.717040,-0.239318
2.721249,-0.248021
2.725678,-0.256723
2.730330,-0.265425
2.735207,-0.274128
2.740310,-0.282830
2.745642,-0.291533
2.751204,-0.300235
2.757000,-0.308938
2.763031,-0.317640
2.769299,-0.326343
2.775808,-0.335045
2.782560,-0.343748
2.789558,-0.352450
2.796805,-0.361153
2.804303,-0.369855
2.812057,-0.378558
2.820069,-0.387260
2.828343,-0.395963
2.836882,-0.404665
2.845690,-0.413367
2.854771,-0.422070
2.864129,-0.430772
2.873768,-0.439475
2.883693,-0.448177
2.893908,-0.456880
2.904417,-0.465582
2.915226,-0.474285
2.926339,-0.482987
2.937761,-0.491690
2.949499,-0.500392
2.961557,-0.509095
2.973942,-0.517797
2.986659,-0.526500
2.999715,-0.535202
3.013116,-0.543905
3.026869,-0.552607
3.040980,-0.561310
3.055457,-0.570012
3.070308,-0.578714
3.085540,-0.587417
3.101162,-0.596119
3.117181,-0.604822
3.133606,-0.613524
3.150446,-0.622227
3.167711,-0.630929
3.185410,-0.639632
3.203553,-0.648334
3.222151,-0.657037
3.241214,-0.665739
3.260754,-0.674442
3.280783,-0.683144
3.301312,-0.691847
3.322354,-0.700549
3.343922,-0.709252
3.366030,-0.717954
3.388693,-0.726657
3.411924,-0.735359
3.435739,-0.744061
3.460154,-0.752764
3.485187,-0.761466
3.510853,-0.770169
3.537172,-0.778871
3.564161,-0.787574
3.591841,-0.796276
3.620233,-0.804979
3.649357,-0.813681
3.679236,-0.822384
3.709893,-0.831086
3.741352,-0.839789
3.773640,-0.848491
3.789500,-0.857194
3.823264,-0.865896
3.856143,-0.874599
3.890249,-0.883301
3.922525,-0.892003
1.290218,-0.900706
1.280140,-0.909408
1.270314,-0.918111
1.260733,-0.926813
1.199026,-0.935516
1.190295,-0.944218
1.181781,-0.952921
1.173476,-0.961623
1.165375,-0.970326
1.157472,-0.979028
1.149763,-0.987731
1.142243,-0.996433
1.134906,-1.005136
1.127748,-1.013838
1.120764,-1.022541
1.113951,-1.031243
1.107304,-1.039946
1.100819,-1.048648
1.094493,-1.057350
1.088321,-1.066053
1.063504,-1.074755
1.057733,-1.083458
1.052105,-1.092160
1.046615,-1.100863
1.041261,-1.109565
1.036040,-1.118268
1.030949,-1.126970
1.025985,-1.135673
1.021147,-1.144375
1.016431,-1.153078
1.034320,-1.161780
1.052129,-1.170483
1.047572,-1.179185
1.043134,-1.187888
1.038812,-1.196590
1.034604,-1.205293
1.030509,-1.213995
1.026523,-1.222697
1.044405,-1.231400
1.040554,-1.240102
1.036810,-1.248805
1.033171,-1.257507
1.029636,-1.266210
1.026203,-1.274912
1.022870,-1.283615
1.019636,-1.292317
0.995323,-1.301020
0.992346,-1.309722
0.989463,-1.318425
0.986670,-1.327127
0.983969,-1.335830
0.981356,-1.344532
0.978832,-1.353235
0.976395,-1.361937
0.974044,-1.370639
0.971778,-1.379342
0.969596,-1.388044
0.967498,-1.396747
0.965482,-1.405449
0.963547,-1.414152
0.961694,-1.422854
0.919073,-1.431557
0.917451,-1.440259
0.915904,-1.448962
0.914432,-1.457664
0.913034,-1.466367
0.911710,-1.475069
0.910459,-1.483772
0.909280,-1.492474
0.908174,-1.501177
0.907139,-1.509879
0.906176,-1.518582
0.905283,-1.527284
0.904461,-1.535986
0.903709,-1.544689
0.903027,-1.553391
0.902415,-1.562094
0.901873,-1.570796
