scan.pos:4.895314,5.396663,-0.3647502.765255,1.562094
2.774606,1.553391
2.784233,1.544689
2.794141,1.535986
2.804333,1.527284
2.814816,1.518581
2.825593,1.509879
2.836670,1.501177
2.848052,1.492474
2.859744,1.483772
2.871753,1.475069
2.884082,1.466367
2.896740,1.457664
2.909732,1.448962
2.923065,1.440259
2.936745,1.431557
2.950780,1.422854
2.965176,1.414152
2.979942,1.405449
2.995084,1.396747
3.010612,1.388044
3.026533,1.379342
3.042856,1.370639
3.059591,1.361937
3.076746,1.353234
3.094332,1.344532
3.112358,1.335830
3.130836,1.327127
3.149775,1.318425
3.169188,1.309722
3.189086,1.301020
3.209481,1.292317
3.230387,1.283615
3.251816,1.274912
3.273782,1.266210
3.296299,1.257507
3.319383,1.248805
3.343050,1.240102
3.367314,1.231400
3.392193,1.222697
3.417705,1.213995
3.443867,1.205292
3.470700,1.196590
3.498222,1.187888
3.526455,1.179185
3.555421,1.170483
3.585142,1.161780
3.615641,1.153078
3.646944,1.144375
3.668843,1.135673
3.688987,1.126970
3.737615,1.118268
3.759282,1.109565
3.809031,1.100863
3.835200,1.092160
3.886701,1.083458
3.912240,1.074755
3.965138,1.066053
3.992546,1.057350
4.026453,1.048648
3.974950,1.039945
3.947107,1.031243
3.919947,1.022541
3.893453,1.013838
3.867608,1.005136
3.842394,0.996433
3.817795,0.987731
3.793797,0.979028
3.770383,0.970326
3.747540,0.961623
3.725255,0.952921
3.703514,0.944218
3.682303,0.935516
3.661611,0.926813
3.641427,0.918111
3.621737,0.909408
3.602533,0.900706
3.583803,0.892003
3.565536,0.883301
3.547724,0.874598
3.530356,0.865896
3.513424,0.857194
3.496918,0.848491
3.480831,0.839789
3.465153,0.831086
3.449878,0.822384
3.434997,0.813681
3.420504,0.804979
3.406390,0.796276
3.392650,0.787574
3.379277,0.778871
3.366263,0.770169
3.353605,0.761466
3.341294,0.752764
3.329326,0.744061
3.317696,0.735359
3.306397,0.726656
3.295425,0.717954
3.284775,0.709251
3.274442,0.700549
3.264422,0.691847
3.254710,0.683144
3.245302,0.674442
3.236194,0.665739
3.227382,0.657037
3.218862,0.648334
3.210631,0.639632
3.202686,0.630929
3.195022,0.622227
3.187637,0.613524
3.180528,0.604822
3.173691,0.596119
3.167125,0.587417
3.160825,0.578714
3.154791,0.570012
3.149019,0.561309
3.143507,0.552607
3.138253,0.543905
3.133255,0.535202
3.128510,0.526500
3.124017,0.517797
3.119775,0.509095
3.115781,0.500392
3.112034,0.491690
3.108532,0.482987
3.105274,0.474285
3.102259,0.465582
3.099486,0.456880
3.096953,0.448177
3.094661,0.439475
3.092606,0.430772
3.090790,0.422070
3.089211,0.413367
3.087868,0.404665
3.086762,0.395962
3.085891,0.387260
3.085256,0.378558
3.084856,0.369855
3.084691,0.361153
3.084761,0.352450
3.085066,0.343748
3.085606,0.335045
3.086381,0.326343
3.087391,0.317640
3.088638,0.308938
3.090121,0.300235
3.091841,0.291533
3.093799,0.282830
3.095995,0.274128
3.098430,0.265425
3.101106,0.256723
3.104023,0.248020
3.107182,0.239318
3.110584,0.230615
3.114232,0.221913
3.118126,0.213211
3.122267,0.204508
3.126658,0.195806
3.131301,0.187103
3.136196,0.178401
3.141346,0.169698
3.146753,0.160996
3.152420,0.152293
3.158347,0.143591
3.164539,0.134888
3.170996,0.126186
3.177723,0.117483
3.184721,0.108781
3.191994,0.100078
3.199544,0.091376
3.207375,0.082673
3.215490,0.073971
3.223892,0.065269
3.232585,0.056566
3.241573,0.047864
3.250859,0.039161
3.260447,0.030459
3.270342,0.021756
3.280547,0.013054
3.291068,0.004351
3.301909,-0.004351
3.313075,-0.013054
3.324570,-0.021756
3.336401,-0.030459
3.348572,-0.039161
3.361089,-0.047864
3.373957,-0.056566
3.387184,-0.065269
3.400774,-0.073971
3.414736,-0.082674
3.429075,-0.091376
3.443797,-0.100078
3.458912,-0.108781
3.474425,-0.117483
3.490345,-0.126186
3.506680,-0.134888
3.523439,-0.143591
3.540629,-0.152293
3.558260,-0.160996
3.576341,-0.169698
3.594882,-0.178401
3.613893,-0.187103
3.633384,-0.195806
3.653367,-0.204508
3.673851,-0.213211
3.694850,-0.221913
3.716375,-0.230616
3.738438,-0.239318
3.761053,-0.248021
3.784234,-0.256723
3.807993,-0.265425
3.832347,-0.274128
3.857309,-0.282830
3.882897,-0.291533
3.909126,-0.300235
3.936013,-0.308938
3.963578,-0.317640
3.991836,-0.326343
4.020809,-0.335045
4.050517,-0.343748
4.080980,-0.352450
4.112220,-0.361153
4.144260,-0.369855
4.177124,-0.378558
4.210836,-0.387260
4.245423,-0.395963
4.280911,-0.404665
4.317330,-0.413367
4.354708,-0.422070
4.382449,-0.430772
4.408501,-0.439475
4.463208,-0.448177
4.491131,-0.456880
4.547317,-0.465582
4.577236,-0.474285
4.635055,-0.482987
4.667108,-0.491690
4.726725,-0.500392
4.765965,-0.509095
4.828075,-0.517797
4.865386,-0.526500
4.929677,-0.535202
5.002619,-0.543905
5.069783,-0.552607
5.036129,-0.561310
5.003297,-0.570012
4.971266,-0.578714
4.940017,-0.587417
4.909530,-0.596119
4.879786,-0.604822
4.850767,-0.613524
4.774432,-0.622227
4.747088,-0.630929
4.696673,-0.639632
4.670782,-0.648334
4.645527,-0.657037
4.620894,-0.665739
4.596869,-0.674442
4.573439,-0.683144
4.550592,-0.691847
4.528315,-0.700549
4.506596,-0.709252
4.485424,-0.717954
4.464789,-0.726657
4.444680,-0.735359
4.425087,-0.744061
4.406000,-0.752764
4.387409,-0.761466
4.325134,-0.770169
4.307688,-0.778871
4.290708,-0.787574
4.274185,-0.796276
4.214624,-0.804979
4.199153,-0.813681
4.184113,-0.822384
4.169496,-0.831086
4.155296,-0.839789
4.141508,-0.848491
4.128123,-0.857194
4.115138,-0.865896
4.102544,-0.874599
4.090339,-0.883301
4.078516,-0.892003
4.067069,-0.900706
4.055995,-0.909408
4.045288,-0.918111
4.034944,-0.926813
4.024958,-0.935516
4.015326,-0.944218
4.006045,-0.952921
3.997111,-0.961623
3.988519,-0.970326
3.980267,-0.979028
3.972351,-0.987731
3.964767,-0.996433
3.038743,-1.005136
2.951899,-1.013838
2.906270,-1.022541
2.901641,-1.031243
2.856679,-1.039946
2.852577,-1.048648
2.828475,-1.057350
2.824854,-1.066053
2.821457,-1.074755
2.818282,-1.083458
2.815329,-1.092160
2.772367,-1.100863
2.769889,-1.109565
2.747546,-1.118268
2.745512,-1.126970
2.743689,-1.135673
2.701999,-1.144375
2.700618,-1.153078
2.659404,-1.161780
2.658451,-1.170483
2.637693,-1.179185
2.637150,-1.187888
2.636808,-1.196590
2.636667,-1.205293
2.636727,-1.213995
2.596982,-1.222697
2.597437,-1.231400
2.578078,-1.240102
2.578923,-1.248805
2.579964,-1.257507
2.581203,-1.266210
2.542547,-1.274912
2.544157,-1.283615
2.525889,-1.292317
2.507787,-1.301020
2.489846,-1.309722
2.451937,-1.318425
2.454432,-1.327127
2.457120,-1.335830
2.439810,-1.344532
2.442861,-1.353235
2.425862,-1.361937
2.409001,-1.370639
2.412578,-1.379342
2.375682,-1.388044
2.379583,-1.396747
2.368290,-1.405449
2.372170,-1.414152
2.362314,-1.422854
2.358396,-1.431557
2.359799,-1.440259
2.324792,-1.448962
2.314599,-1.457664
2.314470,-1.466367
2.292371,-1.475069
2.304828,-1.483772
2.268963,-1.492474
2.274892,-1.501177
2.281026,-1.509879
2.266350,-1.518582
2.272843,-1.527284
2.279546,-1.535986
2.286464,-1.544689
2.293599,-1.553391
2.300955,-1.562094
2.308535,-1.570796
