scan.pos:0.446483,7.228168,2.9184350.943393,1.562094
0.945301,1.553391
0.947289,1.544689
0.949358,1.535986
0.951508,1.527284
0.953741,1.518581
0.956058,1.509879
0.958459,1.501177
0.960946,1.492474
0.963519,1.483772
0.966179,1.475069
0.968929,1.466367
0.971768,1.457664
0.974698,1.448962
0.977721,1.440259
0.980838,1.431557
0.984049,1.422854
0.987357,1.414152
0.990764,1.405449
0.994269,1.396747
0.997876,1.388044
1.001586,1.379342
1.005400,1.370639
1.009321,1.361937
1.013350,1.353234
1.017488,1.344532
1.021739,1.335830
1.026104,1.327127
1.030586,1.318425
1.035186,1.309722
1.039906,1.301020
1.044750,1.292317
1.049720,1.283615
1.054817,1.274912
1.069458,1.266210
1.074867,1.257507
1.080415,1.248805
1.086103,1.240102
1.091935,1.231400
1.097914,1.222697
1.104043,1.213995
1.110327,1.205292
1.116767,1.196590
1.123369,1.187888
1.130136,1.179185
1.137072,1.170483
1.144182,1.161780
1.151469,1.153078
1.158939,1.144375
1.166595,1.135673
1.174443,1.126970
1.182488,1.118268
1.190736,1.109565
1.199191,1.100863
1.207860,1.092160
1.216749,1.083458
1.225863,1.074755
1.235210,1.066053
1.244796,1.057350
1.254628,1.048648
1.264713,1.039945
1.275061,1.031243
1.285677,1.022541
1.296571,1.013838
1.307752,1.005136
1.311606,0.996433
1.310052,0.987731
1.337738,0.979028
1.337048,0.970326
1.363882,0.961623
1.366347,0.952921
1.366862,0.944218
1.394279,0.935516
1.399500,0.926813
1.479854,0.918111
1.507394,0.909408
1.514920,0.900706
1.543139,0.892003
1.552794,0.883301
1.550403,0.874598
1.565182,0.865896
1.590004,0.857194
1.628584,0.848491
1.634141,0.839789
1.664619,0.831086
1.779033,0.822384
4.666836,0.813681
4.700824,0.804979
4.773959,0.796276
4.837564,0.787574
4.917603,0.778871
5.057611,0.770169
5.246427,0.761466
5.313254,0.752764
5.469506,0.744061
5.559035,0.735359
5.644096,0.726656
5.766378,0.717954
5.874603,0.709251
4.058347,0.430772
3.969148,0.422070
3.880572,0.413367
3.874017,0.404665
3.806812,0.395962
3.780690,0.387260
3.775194,0.378558
3.729533,0.369855
3.724693,0.361153
3.720149,0.352450
3.715898,0.343748
3.711939,0.335045
3.708271,0.326343
3.704892,0.317640
3.701800,0.308938
3.698995,0.300235
3.636313,0.291533
3.594031,0.282830
3.572102,0.274128
3.570488,0.265425
3.569147,0.256723
3.528061,0.248020
3.527275,0.239318
3.526757,0.230615
3.526507,0.221913
3.526527,0.213211
3.526815,0.204508
3.527371,0.195806
3.528197,0.187103
3.529291,0.178401
3.530656,0.169698
3.532290,0.160996
3.534196,0.152293
3.536372,0.143591
3.538821,0.134888
3.541544,0.126186
3.584746,0.117483
3.547813,0.108781
3.551362,0.100078
3.555189,0.091376
3.559296,0.082673
3.563684,0.073971
3.587883,0.065269
3.581060,0.056566
3.588029,0.047864
3.586549,0.039161
3.595324,0.030459
3.653643,0.021756
3.642989,0.013054
3.475134,0.004351
3.353504,-0.004351
3.236609,-0.013054
3.122352,-0.021756
3.016440,-0.030459
2.913662,-0.039161
2.813682,-0.047864
2.725826,-0.056566
2.653839,-0.065269
2.562958,-0.073971
2.494718,-0.082674
2.425650,-0.091376
2.362440,-0.100078
2.300490,-0.108781
2.239682,-0.117483
2.201165,-0.126186
2.148684,-0.134888
2.092313,-0.143591
2.036657,-0.152293
2.003184,-0.160996
1.960934,-0.169698
1.930125,-0.178401
1.878127,-0.187103
1.848360,-0.195806
1.814348,-0.204508
1.764608,-0.213211
1.737201,-0.221913
1.710155,-0.230616
1.682893,-0.239318
1.657463,-0.248021
1.609784,-0.256723
1.584741,-0.265425
1.563127,-0.274128
1.539371,-0.282830
1.515768,-0.291533
1.492299,-0.300235
1.475613,-0.308938
1.453186,-0.317640
1.430832,-0.326343
1.417627,-0.335045
1.396161,-0.343748
1.374717,-0.352450
1.353282,-0.361153
1.344007,-0.369855
1.323301,-0.378558
1.302562,-0.387260
1.271658,-0.395963
1.276047,-0.404665
1.255864,-0.413367
1.252146,-0.422070
1.232505,-0.430772
1.212758,-0.439475
1.186096,-0.448177
1.192297,-0.456880
1.172882,-0.465582
1.174120,-0.474285
1.155109,-0.482987
1.135933,-0.491690
1.112886,-0.500392
1.120675,-0.509095
1.101655,-0.517797
1.080239,-0.526500
1.088772,-0.535202
1.080438,-0.543905
1.061655,-0.552607
1.070810,-0.561310
1.069478,-0.570012
1.060357,-0.578714
1.051469,-0.587417
1.042809,-0.596119
1.034367,-0.604822
1.026139,-0.613524
1.018118,-0.622227
1.010298,-0.630929
1.002672,-0.639632
0.995236,-0.648334
0.987984,-0.657037
0.980911,-0.665739
0.974013,-0.674442
0.967284,-0.683144
0.960719,-0.691847
0.954316,-0.700549
0.948069,-0.709252
0.941975,-0.717954
0.936029,-0.726657
0.930228,-0.735359
0.924569,-0.744061
0.919048,-0.752764
0.913661,-0.761466
0.908406,-0.770169
0.903280,-0.778871
0.898279,-0.787574
0.893400,-0.796276
0.888642,-0.804979
0.884001,-0.813681
0.879475,-0.822384
0.875062,-0.831086
0.870758,-0.839789
0.866562,-0.848491
0.862472,-0.857194
0.858486,-0.865896
0.854600,-0.874599
0.850815,-0.883301
0.847127,-0.892003
0.843535,-0.900706
0.840036,-0.909408
0.836630,-0.918111
0.833315,-0.926813
0.830089,-0.935516
0.826951,-0.944218
0.823899,-0.952921
0.820931,-0.961623
0.818047,-0.970326
0.815245,-0.979028
0.812524,-0.987731
0.809882,-0.996433
0.807319,-1.005136
0.804833,-1.013838
0.802423,-1.022541
0.800088,-1.031243
0.797827,-1.039946
0.795640,-1.048648
0.793525,-1.057350
0.791481,-1.066053
0.789507,-1.074755
0.787604,-1.083458
0.785769,-1.092160
0.784002,-1.100863
0.782303,-1.109565
0.780670,-1.118268
0.779103,-1.126970
0.777602,-1.135673
0.776165,-1.144375
0.774793,-1.153078
0.773484,-1.161780
0.772238,-1.170483
0.771055,-1.179185
0.769934,-1.187888
0.768875,-1.196590
0.767877,-1.205293
0.766941,-1.213995
0.766064,-1.222697
0.765248,-1.231400
0.764492,-1.240102
0.763795,-1.248805
0.763158,-1.257507
0.762580,-1.266210
0.762060,-1.274912
0.761600,-1.283615
0.761197,-1.292317
0.760853,-1.301020
0.760568,-1.309722
0.760340,-1.318425
0.760171,-1.327127
0.760059,-1.335830
0.760005,-1.344532
0.760009,-1.353235
0.760072,-1.361937
0.760191,-1.370639
0.760369,-1.379342
0.760605,-1.388044
0.760899,-1.396747
0.761252,-1.405449
0.761662,-1.414152
0.762131,-1.422854
0.762659,-1.431557
0.763246,-1.440259
0.763892,-1.448962
0.764597,-1.457664
0.765362,-1.466367
0.766187,-1.475069
0.767072,-1.483772
0.768017,-1.492474
0.769024,-1.501177
0.770092,-1.509879
0.771222,-1.518582
0.772414,-1.527284
0.773668,-1.535986
0.774986,-1.544689
0.776368,-1.553391
0.777814,-1.562094
0.779324,-1.570796
