scan.pos:3.848995,5.796185,-0.3647502.337599,1.562094
2.345504,1.553391
2.353642,1.544689
2.362018,1.535986
2.370634,1.527284
2.379495,1.518581
2.388606,1.509879
2.397970,1.501177
2.407591,1.492474
2.417475,1.483772
2.427626,1.475069
2.438050,1.466367
2.448750,1.457664
2.459733,1.448962
2.471004,1.440259
2.482568,1.431557
2.494432,1.422854
2.506602,1.414152
2.519084,1.405449
2.531884,1.396747
2.545011,1.388044
2.558470,1.379342
2.572268,1.370639
2.586415,1.361937
2.600917,1.353234
2.615783,1.344532
2.631022,1.335830
2.646642,1.327127
2.662652,1.318425
2.679063,1.309722
2.695883,1.301020
2.713125,1.292317
2.730797,1.283615
2.748912,1.274912
2.767481,1.266210
2.786516,1.257507
2.806030,1.248805
2.826036,1.240102
2.846547,1.231400
2.867579,1.222697
2.889145,1.213995
2.911262,1.205292
2.933944,1.196590
2.957211,1.187888
2.981077,1.179185
3.005563,1.170483
3.030688,1.161780
3.056470,1.153078
3.082932,1.144375
3.091989,1.135673
3.125002,1.126970
3.159646,1.118268
3.195554,1.109565
3.203208,1.100863
3.238574,1.092160
3.277662,1.083458
3.318131,1.074755
3.329287,1.066053
3.367414,1.057350
3.411416,1.048648
3.451011,1.039945
3.472004,1.031243
3.513391,1.022541
3.562906,1.013838
3.606061,1.005136
3.658522,0.996433
3.703626,0.987731
3.734654,0.979028
3.782058,0.970326
3.830319,0.961623
3.866852,0.952921
3.917726,0.944218
3.982365,0.935516
4.035964,0.926813
4.090711,0.918111
4.137874,0.909408
4.219269,0.900706
4.278549,0.892003
4.332914,0.883301
4.396004,0.874598
4.460721,0.865896
4.546158,0.857194
4.615204,0.848491
4.661661,0.839789
4.645894,0.831086
4.633128,0.822384
4.600141,0.813681
4.580731,0.804979
4.561830,0.796276
4.543429,0.787574
4.525519,0.778871
4.508092,0.770169
4.491139,0.761466
4.474653,0.752764
4.458626,0.744061
4.443050,0.735359
4.427919,0.726656
4.413226,0.717954
4.398963,0.709251
4.385125,0.700549
4.371706,0.691847
4.358700,0.683144
4.346100,0.674442
4.333903,0.665739
4.322102,0.657037
4.310693,0.648334
4.299670,0.639632
4.289029,0.630929
4.278766,0.622227
4.268876,0.613524
4.259355,0.604822
4.250200,0.596119
4.241406,0.587417
4.232970,0.578714
4.224889,0.570012
4.217159,0.561309
4.209778,0.552607
4.202742,0.543905
4.196048,0.535202
4.189694,0.526500
4.183677,0.517797
4.177996,0.509095
4.172647,0.500392
4.167628,0.491690
4.162939,0.482987
4.158576,0.474285
4.154539,0.465582
4.150825,0.456880
4.147433,0.448177
4.144362,0.439475
4.141611,0.430772
4.139179,0.422070
4.137064,0.413367
4.135266,0.404665
4.133785,0.395962
4.132619,0.387260
4.131768,0.378558
4.131232,0.369855
4.131011,0.361153
4.131105,0.352450
4.131513,0.343748
4.132236,0.335045
4.133274,0.326343
4.134627,0.317640
4.136297,0.308938
4.138283,0.300235
4.140586,0.291533
4.143209,0.282830
4.146149,0.274128
4.149411,0.265425
4.152994,0.256723
4.156900,0.248020
4.161130,0.239318
4.165688,0.230615
4.170572,0.221913
4.175786,0.213211
4.181333,0.204508
4.187214,0.195806
4.193430,0.187103
4.199986,0.178401
4.206883,0.169698
4.214125,0.160996
4.221713,0.152293
4.229651,0.143591
4.237943,0.134888
4.246591,0.126186
4.255599,0.117483
4.264971,0.108781
4.274711,0.100078
4.284822,0.091376
4.295310,0.082673
4.306177,0.073971
4.317429,0.065269
4.329071,0.056566
4.341107,0.047864
4.353542,0.039161
4.366383,0.030459
4.379634,0.021756
4.393301,0.013054
4.407391,0.004351
4.421909,-0.004351
4.436862,-0.013054
4.452257,-0.021756
4.468100,-0.030459
4.484399,-0.039161
4.501162,-0.047864
4.518396,-0.056566
4.536109,-0.065269
4.554309,-0.073971
4.573007,-0.082674
4.592209,-0.091376
4.611926,-0.100078
4.632167,-0.108781
4.652942,-0.117483
4.674263,-0.126186
4.696138,-0.134888
4.718581,-0.143591
4.741602,-0.152293
4.765213,-0.160996
4.789428,-0.169698
4.814258,-0.178401
4.839717,-0.187103
4.865820,-0.195806
4.892581,-0.204508
4.920013,-0.213211
4.948135,-0.221913
4.976961,-0.230616
5.006508,-0.239318
5.036794,-0.248021
5.067837,-0.256723
5.099656,-0.265425
5.132270,-0.274128
5.165700,-0.282830
5.199967,-0.291533
5.235093,-0.300235
5.271101,-0.308938
5.308014,-0.317640
5.345858,-0.326343
5.384659,-0.335045
5.424443,-0.343748
5.465239,-0.352450
5.507075,-0.361153
5.549983,-0.369855
5.593994,-0.378558
5.639142,-0.387260
5.685461,-0.395963
5.732987,-0.404665
5.781758,-0.413367
5.831815,-0.422070
5.864698,-0.430772
5.926928,-0.439475
5.987920,-0.448177
6.048358,-0.456880
5.999591,-0.465582
5.952053,-0.474285
5.905709,-0.482987
5.860524,-0.491690
5.816464,-0.500392
5.721205,-0.509095
5.653726,-0.517797
5.613413,-0.526500
5.574092,-0.535202
5.535738,-0.543905
5.498323,-0.552607
5.461824,-0.561310
5.426217,-0.570012
5.391479,-0.578714
5.357588,-0.587417
5.324523,-0.596119
5.292265,-0.604822
5.260794,-0.613524
5.182066,-0.622227
5.152388,-0.630929
5.075954,-0.639632
5.047973,-0.648334
5.020679,-0.657037
4.994056,-0.665739
4.968091,-0.674442
4.942769,-0.683144
4.918077,-0.691847
4.894000,-0.700549
4.870527,-0.709252
4.847646,-0.717954
4.825345,-0.726657
4.803612,-0.735359
4.782436,-0.744061
3.670514,-0.752764
3.566318,-0.761466
3.551603,-0.770169
3.515280,-0.778871
3.501423,-0.787574
3.487940,-0.796276
3.431336,-0.804979
3.418740,-0.813681
3.384909,-0.822384
3.373084,-0.831086
3.275846,-0.839789
3.243610,-0.848491
3.233127,-0.857194
3.222957,-0.865896
3.170763,-0.874599
3.161330,-0.883301
3.152192,-0.892003
3.122363,-0.900706
3.113861,-0.909408
3.063901,-0.918111
3.014433,-0.926813
3.006973,-0.935516
2.937631,-0.944218
2.910174,-0.952921
2.903684,-0.961623
2.856288,-0.970326
2.850378,-0.979028
2.803722,-0.987731
2.798369,-0.996433
2.772832,-1.005136
2.767979,-1.013838
2.722658,-1.022541
2.698006,-1.031243
2.653352,-1.039946
2.609032,-1.048648
2.605489,-1.057350
2.602153,-1.066053
2.578846,-1.074755
2.575945,-1.083458
2.573245,-1.092160
2.570747,-1.100863
2.568449,-1.109565
2.566350,-1.118268
2.564450,-1.126970
2.562747,-1.135673
2.561242,-1.144375
2.559934,-1.153078
2.558821,-1.161780
2.557905,-1.170483
2.557183,-1.179185
2.576661,-1.187888
2.576326,-1.196590
2.576189,-1.205293
2.576247,-1.213995
2.576501,-1.222697
2.576952,-1.231400
2.577600,-1.240102
2.618479,-1.248805
2.619536,-1.257507
2.660864,-1.266210
2.682392,-1.274912
2.684090,-1.283615
2.726142,-1.292317
2.788554,-1.301020
2.891494,-1.309722
2.954590,-1.318425
3.018034,-1.327127
3.061675,-1.335830
3.085457,-1.344532
3.129749,-1.353235
3.174393,-1.361937
3.300490,-1.370639
3.305391,-1.379342
3.412228,-1.388044
3.601137,-1.396747
3.688946,-1.405449
3.777345,-1.414152
3.886836,-1.422854
3.976526,-1.431557
4.046320,-1.440259
4.116713,-1.448962
4.125779,-1.457664
4.197288,-1.466367
4.207216,-1.475069
4.259105,-1.483772
4.269880,-1.492474
4.281038,-1.501177
4.292581,-1.509879
4.304516,-1.518582
4.316846,-1.527284
4.329579,-1.535986
4.342718,-1.544689
4.356270,-1.553391
4.327565,-1.562094
4.341820,-1.570796
