scan.pos:5.589845,4.609202,1.9184354.253415,1.388044
4.247096,1.379342
4.200629,1.370639
4.195044,1.361937
4.189792,1.353234
4.184872,1.344532
4.180282,1.335830
4.176019,1.327127
4.172082,1.318425
4.168470,1.309722
4.165181,1.301020
4.162214,1.292317
4.159568,1.283615
4.157241,1.274912
4.155234,1.266210
4.153544,1.257507
4.152172,1.248805
4.151117,1.240102
4.150378,1.231400
4.149956,1.222697
4.149849,1.213995
4.150059,1.205292
4.190592,1.196590
4.191442,1.187888
4.192612,1.179185
4.194102,1.170483
4.235971,1.161780
4.238124,1.153078
4.240602,1.144375
4.243406,1.135673
4.266616,1.126970
4.270092,1.118268
4.273900,1.109565
4.278040,1.100863
4.282516,1.092160
4.287327,1.083458
4.292476,1.074755
4.297966,1.066053
4.303797,1.057350
4.309973,1.048648
4.316496,1.039945
4.323369,1.031243
4.330594,1.022541
4.338174,1.013838
4.346112,1.005136
4.354411,0.996433
4.342543,0.987731
4.310381,0.979028
4.319653,0.970326
4.329295,0.961623
4.339311,0.952921
4.349705,0.944218
4.360482,0.935516
4.371647,0.926813
4.383203,0.918111
4.416259,0.909408
4.449590,0.900706
4.525774,0.892003
4.645078,0.883301
7.795586,0.770169
7.642110,0.761466
7.511457,0.752764
7.386031,0.744061
7.264637,0.735359
7.127234,0.726656
7.036815,0.717954
6.904230,0.709251
6.797625,0.700549
6.700381,0.691847
6.600518,0.683144
6.503370,0.674442
6.408799,0.665739
6.326228,0.657037
6.237204,0.648334
6.150377,0.639632
6.077495,0.630929
5.995492,0.622227
5.915371,0.613524
5.861478,0.604822
5.775219,0.596119
5.700932,0.587417
5.628180,0.578714
5.573859,0.570012
5.504670,0.561309
5.436800,0.552607
5.389284,0.543905
5.324568,0.535202
5.286934,0.526500
5.219692,0.517797
5.158911,0.509095
5.125632,0.500392
5.063547,0.491690
5.006236,0.482987
4.974518,0.474285
4.919532,0.465582
4.865286,0.456880
4.838675,0.448177
4.786517,0.439475
4.760241,0.430772
4.719354,0.422070
4.679517,0.413367
4.640697,0.404665
4.602864,0.395962
4.565988,0.387260
4.530040,0.378558
4.494994,0.369855
4.460822,0.361153
4.427501,0.352450
4.395006,0.343748
4.363315,0.335045
4.332405,0.326343
4.302255,0.317640
4.272845,0.308938
4.244155,0.300235
4.216167,0.291533
4.188862,0.282830
4.162224,0.274128
4.136236,0.265425
4.110881,0.256723
4.086144,0.248020
4.062011,0.239318
4.038467,0.230615
4.015499,0.221913
3.993092,0.213211
3.971235,0.204508
3.949915,0.195806
3.929121,0.187103
3.908840,0.178401
3.889062,0.169698
3.869776,0.160996
3.850973,0.152293
3.832642,0.143591
3.814774,0.134888
3.797360,0.126186
3.780390,0.117483
3.763857,0.108781
3.747752,0.100078
3.732067,0.091376
3.716794,0.082673
3.701927,0.073971
3.687459,0.065269
3.673381,0.056566
3.659688,0.047864
3.646374,0.039161
3.633431,0.030459
3.620856,0.021756
3.608640,0.013054
3.596780,0.004351
3.585270,-0.004351
3.574104,-0.013054
3.563278,-0.021756
3.552788,-0.030459
3.542628,-0.039161
3.532794,-0.047864
3.523282,-0.056566
3.514088,-0.065269
3.505208,-0.073971
3.496639,-0.082674
3.488376,-0.091376
3.480417,-0.100078
3.472758,-0.108781
3.465396,-0.117483
3.458328,-0.126186
3.451551,-0.134888
3.445062,-0.143591
3.438859,-0.152293
3.432939,-0.160996
3.427300,-0.169698
3.421940,-0.178401
3.416857,-0.187103
3.412047,-0.195806
3.407511,-0.204508
3.403245,-0.213211
3.399249,-0.221913
3.395520,-0.230616
3.392058,-0.239318
3.388860,-0.248021
3.385926,-0.256723
3.383255,-0.265425
3.380845,-0.274128
3.378695,-0.282830
3.376805,-0.291533
3.375175,-0.300235
3.373802,-0.308938
3.372688,-0.317640
3.371831,-0.326343
3.371231,-0.335045
3.370888,-0.343748
3.370801,-0.352450
3.370971,-0.361153
3.371398,-0.369855
3.372082,-0.378558
3.373024,-0.387260
3.374223,-0.395963
3.375679,-0.404665
3.377395,-0.413367
3.379369,-0.422070
3.381604,-0.430772
3.384099,-0.439475
3.386857,-0.448177
3.389877,-0.456880
3.393161,-0.465582
3.396710,-0.474285
3.400526,-0.482987
3.404611,-0.491690
3.408965,-0.500392
3.413590,-0.509095
3.418489,-0.517797
3.423662,-0.526500
3.429114,-0.535202
3.434844,-0.543905
3.440856,-0.552607
3.447152,-0.561310
3.453735,-0.570012
3.460607,-0.578714
3.467771,-0.587417
3.475230,-0.596119
3.482987,-0.604822
3.491045,-0.613524
3.499407,-0.622227
3.508078,-0.630929
3.517060,-0.639632
3.526357,-0.648334
3.535974,-0.657037
3.545914,-0.665739
3.556182,-0.674442
3.566781,-0.683144
3.577718,-0.691847
3.588995,-0.700549
3.600620,-0.709252
3.612595,-0.717954
3.624928,-0.726657
3.637623,-0.735359
3.650687,-0.744061
3.664124,-0.752764
3.677942,-0.761466
3.692147,-0.770169
3.706745,-0.778871
3.721744,-0.787574
3.737150,-0.796276
3.752972,-0.804979
3.769216,-0.813681
3.785891,-0.822384
3.803005,-0.831086
3.820567,-0.839789
3.838585,-0.848491
3.857070,-0.857194
3.876030,-0.865896
3.895475,-0.874599
3.915416,-0.883301
3.935863,-0.892003
3.956829,-0.900706
3.978323,-0.909408
4.000358,-0.918111
4.022947,-0.926813
4.046103,-0.935516
4.069838,-0.944218
4.117139,-0.952921
4.134539,-0.961623
4.104682,-0.970326
4.042153,-0.979028
3.990322,-0.987731
3.939361,-0.996433
3.906902,-1.005136
3.858248,-1.013838
3.810325,-1.022541
3.782896,-1.031243
3.737017,-1.039946
3.691749,-1.048648
3.668978,-1.057350
3.625528,-1.066053
3.579187,-1.074755
3.537215,-1.083458
3.522843,-1.092160
3.480035,-1.100863
3.440001,-1.109565
3.427251,-1.118268
3.388617,-1.126970
3.375376,-1.135673
3.346385,-1.144375
3.318137,-1.153078
3.290611,-1.161780
3.263785,-1.170483
3.237637,-1.179185
3.212147,-1.187888
3.187296,-1.196590
3.163066,-1.205293
3.139439,-1.213995
3.116397,-1.222697
3.093926,-1.231400
3.072008,-1.240102
3.050629,-1.248805
3.029775,-1.257507
3.009432,-1.266210
2.989587,-1.274912
2.970226,-1.283615
2.951337,-1.292317
2.932909,-1.301020
2.914931,-1.309722
2.897391,-1.318425
2.880278,-1.327127
2.863584,-1.335830
2.847297,-1.344532
2.831409,-1.353235
2.815911,-1.361937
2.800794,-1.370639
2.786049,-1.379342
2.771668,-1.388044
2.757644,-1.396747
2.743969,-1.405449
2.730636,-1.414152
2.717638,-1.422854
2.704968,-1.431557
2.692620,-1.440259
2.680587,-1.448962
2.668864,-1.457664
2.657444,-1.466367
2.646322,-1.475069
2.635493,-1.483772
2.624951,-1.492474
2.614692,-1.501177
2.604710,-1.509879
2.595000,-1.518582
2.585559,-1.527284
2.576382,-1.535986
2.567465,-1.544689
2.558803,-1.553391
2.550394,-1.562094
2.542232,-1.570796
