scan.pos:-1.577480,7.262501,0.0852500.722624,1.562094
0.722113,1.553391
0.721658,1.544689
0.721258,1.535986
0.720913,1.527284
0.720624,1.518581
0.720390,1.509879
0.720210,1.501177
0.720086,1.492474
0.720016,1.483772
0.720001,1.475069
0.720042,1.466367
0.720136,1.457664
0.720286,1.448962
0.720491,1.440259
0.720751,1.431557
0.721066,1.422854
0.721436,1.414152
0.721861,1.405449
0.722342,1.396747
0.722879,1.388044
0.723472,1.379342
0.724121,1.370639
0.724826,1.361937
0.725588,1.353234
0.726407,1.344532
0.727283,1.335830
0.728217,1.327127
0.729209,1.318425
0.730260,1.309722
0.731369,1.301020
0.732537,1.292317
0.733765,1.283615
0.735053,1.274912
0.736402,1.266210
0.737813,1.257507
0.739285,1.248805
0.740819,1.240102
0.742417,1.231400
0.744078,1.222697
0.745803,1.213995
0.747594,1.205292
0.749450,1.196590
0.751374,1.187888
0.753364,1.179185
0.755423,1.170483
0.757551,1.161780
0.759749,1.153078
0.762018,1.144375
0.764358,1.135673
0.766772,1.126970
0.769260,1.118268
0.771823,1.109565
0.774463,1.100863
0.777180,1.092160
0.779975,1.083458
0.782851,1.074755
0.785808,1.066053
0.788848,1.057350
0.791972,1.048648
0.795181,1.039945
0.798478,1.031243
0.801864,1.022541
0.805340,1.013838
0.808908,1.005136
0.812570,0.996433
0.816327,0.987731
0.820183,0.979028
0.824138,0.970326
0.828194,0.961623
0.832355,0.952921
0.836622,0.944218
0.840997,0.935516
0.845482,0.926813
0.850081,0.918111
0.854796,0.909408
0.859629,0.900706
0.861580,0.892003
0.866641,0.883301
0.871828,0.874598
0.877145,0.865896
0.882595,0.857194
0.888181,0.848491
0.893906,0.839789
0.899775,0.831086
0.905791,0.822384
0.911958,0.813681
0.918280,0.804979
0.924761,0.796276
0.931405,0.787574
0.938218,0.778871
0.945203,0.770169
0.952367,0.761466
0.959713,0.752764
0.967248,0.744061
0.974977,0.735359
0.982906,0.726656
0.991041,0.717954
0.999389,0.709251
1.007956,0.700549
1.013555,0.691847
1.008756,0.683144
1.031933,0.674442
1.027354,0.665739
1.050297,0.657037
1.048541,0.648334
1.044918,0.639632
1.068177,0.630929
1.091255,0.622227
1.087909,0.613524
1.089918,0.604822
1.113425,0.596119
1.136798,0.587417
1.134537,0.578714
1.157859,0.570012
1.163681,0.561309
1.187533,0.552607
1.186473,0.543905
1.210360,0.535202
1.234203,0.526500
1.244222,0.517797
1.244519,0.509095
1.269199,0.500392
1.293895,0.491690
1.294806,0.482987
1.319714,0.474285
1.335437,0.465582
1.361274,0.456880
1.387216,0.448177
1.390098,0.439475
1.416425,0.430772
1.442912,0.422070
1.465301,0.413367
1.493055,0.404665
1.521054,0.395962
1.549322,0.387260
1.577886,0.378558
1.584447,0.369855
1.613782,0.361153
1.645877,0.352450
1.677064,0.343748
1.708732,0.335045
1.740922,0.326343
1.795467,0.317640
1.828751,0.308938
1.862698,0.300235
1.907912,0.291533
1.944692,0.282830
1.982364,0.274128
2.021000,0.265425
2.081950,0.256723
2.143900,0.248020
2.185815,0.239318
2.250332,0.230615
2.317892,0.221913
2.366063,0.213211
2.436976,0.204508
2.509794,0.195806
2.584716,0.187103
2.661967,0.178401
2.762493,0.169698
2.843064,0.160996
2.952536,0.152293
3.065699,0.143591
3.162496,0.134888
3.305009,0.126186
3.432309,0.117483
3.606440,0.108781
3.746582,0.100078
3.924254,0.091376
4.148013,0.082673
4.342245,0.073971
4.610257,0.065269
4.853094,0.056566
5.195028,0.047864
5.518535,0.039161
5.949488,0.030459
6.392122,0.021756
6.893067,0.013054
7.590799,0.004351
2.741172,-0.482987
2.681609,-0.491690
2.470937,-0.500392
2.326393,-0.509095
2.292598,-0.517797
2.238234,-0.526500
2.207299,-0.535202
2.154556,-0.543905
2.127144,-0.552607
2.100918,-0.561310
2.053246,-0.570012
2.029111,-0.578714
1.983208,-0.587417
1.965626,-0.596119
1.922135,-0.604822
1.902395,-0.613524
1.860236,-0.622227
1.841981,-0.630929
1.824475,-0.639632
1.784075,-0.648334
1.778230,-0.657037
1.739550,-0.665739
1.725237,-0.674442
1.687366,-0.683144
1.674085,-0.691847
1.661360,-0.700549
1.639428,-0.709252
1.628325,-0.717954
1.592797,-0.726657
1.582502,-0.735359
1.547420,-0.744061
1.556301,-0.752764
1.522285,-0.761466
1.514104,-0.770169
1.506327,-0.778871
1.472791,-0.787574
1.461224,-0.796276
1.454913,-0.804979
1.422212,-0.813681
1.416407,-0.822384
1.382608,-0.831086
1.405823,-0.839789
1.373408,-0.848491
1.368712,-0.857194
1.364335,-0.865896
1.358446,-0.874599
1.346791,-0.883301
1.335436,-0.892003
1.351890,-0.900706
1.368177,-0.909408
1.357229,-0.918111
1.346556,-0.926813
1.336151,-0.935516
1.326005,-0.944218
1.316112,-0.952921
1.306464,-0.961623
1.297055,-0.970326
1.287877,-0.979028
1.278926,-0.987731
1.270193,-0.996433
1.261675,-1.005136
1.253365,-1.013838
1.245258,-1.022541
1.237349,-1.031243
1.229633,-1.039946
1.222105,-1.048648
1.214760,-1.057350
1.207595,-1.066053
1.200604,-1.074755
1.217601,-1.083458
1.234499,-1.092160
1.227750,-1.100863
1.221168,-1.109565
1.214747,-1.118268
1.208485,-1.126970
1.202379,-1.135673
1.196425,-1.144375
1.213461,-1.153078
1.207693,-1.161780
1.202070,-1.170483
1.219115,-1.179185
1.236098,-1.187888
1.230700,-1.196590
1.225442,-1.205293
1.220321,-1.213995
1.215335,-1.222697
1.232440,-1.231400
1.227631,-1.240102
1.222951,-1.248805
1.283526,-1.257507
1.300494,-1.266210
1.295886,-1.274912
1.291408,-1.283615
1.287059,-1.292317
1.282837,-1.301020
1.363811,-1.309722
1.380773,-1.318425
1.454035,-1.327127
1.477932,-1.335830
1.494730,-1.344532
1.511546,-1.353235
1.737291,-1.361937
1.800826,-1.370639
1.844987,-1.379342
1.828602,-1.388044
1.835063,-1.396747
1.885060,-1.405449
1.957935,-1.414152
2.033262,-1.422854
2.090827,-1.431557
2.192537,-1.440259
2.272177,-1.448962
2.385685,-1.457664
2.426147,-1.466367
2.587423,-1.475069
2.738305,-1.483772
2.876427,-1.492474
3.043671,-1.501177
3.221356,-1.509879
5.716541,-1.518582
5.709858,-1.527284
5.743915,-1.535986
5.778337,-1.544689
5.913662,-1.553391
6.410789,-1.562094
6.967805,-1.570796
