scan.pos:-5.472423,-5.472876,0.7852503.574804,1.562094
3.591119,1.553391
3.636064,1.544689
3.653824,1.535986
3.701784,1.527284
3.721577,1.518581
3.769192,1.509879
3.790622,1.501177
3.843502,1.492474
3.867187,1.483772
3.917994,1.475069
3.969468,1.466367
4.001975,1.457664
4.055620,1.448962
4.084691,1.440259
4.140160,1.431557
4.179684,1.422854
4.237713,1.414152
4.272031,1.405449
4.332285,1.396747
4.393661,1.388044
4.443006,1.379342
4.507556,1.370639
4.573432,1.361937
4.616864,1.353234
4.699271,1.344532
4.746781,1.335830
4.819656,1.327127
4.894277,1.318425
4.970741,1.309722
5.042979,1.301020
5.124293,1.292317
5.184934,1.283615
5.270867,1.274912
5.359249,1.266210
5.450226,1.257507
5.543127,1.248805
5.640731,1.240102
5.741452,1.231400
5.845482,1.222697
5.953029,1.213995
6.068605,1.205292
6.184993,1.196590
6.305663,1.187888
6.452629,1.179185
6.582672,1.170483
6.717941,1.161780
6.870408,1.153078
7.018662,1.144375
7.194774,1.135673
7.377749,1.126970
7.546925,1.118268
7.745402,1.109565
2.377288,0.839789
2.155813,0.831086
2.154913,0.822384
2.114153,0.813681
2.113592,0.804979
2.113192,0.796276
2.112953,0.787574
2.112876,0.778871
2.112959,0.770169
2.113203,0.761466
2.113608,0.752764
2.114175,0.744061
2.074864,0.735359
2.075737,0.726656
2.076768,0.717954
2.057910,0.709251
2.059247,0.700549
2.060744,0.691847
2.062400,0.683144
2.064216,0.674442
2.066192,0.665739
2.068330,0.657037
2.070630,0.648334
2.073094,0.639632
2.075721,0.630929
2.078514,0.622227
2.081473,0.613524
2.084599,0.604822
2.087894,0.596119
2.091359,0.587417
2.094995,0.578714
2.086373,0.570012
2.102787,0.561309
2.106947,0.552607
2.111284,0.543905
2.115800,0.535202
2.120497,0.526500
2.125378,0.517797
2.130443,0.509095
2.114889,0.500392
2.099419,0.491690
2.104943,0.482987
2.110657,0.474285
2.116565,0.465582
2.122667,0.456880
2.128968,0.448177
2.135468,0.439475
2.142173,0.430772
2.149084,0.422070
2.156204,0.413367
2.163537,0.404665
2.171086,0.395962
2.178855,0.387260
2.186846,0.378558
2.195064,0.369855
2.203512,0.361153
2.212195,0.352450
2.221116,0.343748
2.230280,0.335045
2.239691,0.326343
2.249354,0.317640
2.259274,0.308938
2.269455,0.300235
2.279902,0.291533
2.290622,0.282830
2.301619,0.274128
2.312899,0.265425
2.324467,0.256723
2.336332,0.248020
2.348497,0.239318
2.360749,0.230615
2.373759,0.221913
2.386870,0.213211
2.400310,0.204508
2.414087,0.195806
2.428210,0.187103
2.442685,0.178401
2.457522,0.169698
2.472731,0.160996
2.611939,0.152293
2.703359,0.143591
7.493272,0.134888
7.405335,0.126186
7.249705,0.117483
7.169919,0.108781
7.090285,0.100078
7.088514,0.091376
7.035697,0.082673
7.035878,0.073971
6.987529,0.065269
6.961105,0.056566
6.988636,0.047864
6.990009,0.039161
7.046642,0.030459
7.104745,0.021756
7.164365,0.013054
7.225549,0.004351
7.286084,-0.004351
7.350218,-0.013054
7.415814,-0.021756
7.484660,-0.030459
7.502130,-0.039161
7.580584,-0.047864
7.657501,-0.056566
7.732986,-0.065269
5.194954,-0.204508
5.141480,-0.213211
5.112710,-0.221913
5.084645,-0.230616
5.057270,-0.239318
5.030569,-0.248021
5.004528,-0.256723
4.979131,-0.265425
4.954367,-0.274128
4.930222,-0.282830
4.906682,-0.291533
4.883737,-0.300235
4.861373,-0.308938
4.839580,-0.317640
4.818347,-0.326343
4.797664,-0.335045
4.777519,-0.343748
4.757904,-0.352450
4.738808,-0.361153
4.720223,-0.369855
4.702140,-0.378558
4.684551,-0.387260
4.667447,-0.395963
4.650820,-0.404665
4.623813,-0.413367
4.618968,-0.422070
4.603728,-0.430772
4.588937,-0.439475
4.574588,-0.448177
4.560675,-0.456880
4.547192,-0.465582
4.534132,-0.474285
4.521490,-0.482987
4.530174,-0.491690
4.539156,-0.500392
4.548436,-0.509095
4.641032,-0.517797
4.650714,-0.526500
4.660705,-0.535202
4.671004,-0.543905
4.866723,-0.552607
4.902255,-0.561310
5.019424,-0.570012
5.211599,-0.578714
5.645593,-0.587417
5.992967,-0.596119
6.628325,-0.604822
7.163839,-0.613524
7.738571,-1.118268
7.540415,-1.126970
7.371541,-1.135673
7.188842,-1.144375
7.012989,-1.153078
6.864978,-1.161780
6.712783,-1.170483
6.577725,-1.179185
6.447881,-1.187888
6.301098,-1.196590
6.180603,-1.205293
6.060129,-1.213995
5.948995,-1.222697
5.841594,-1.231400
5.737702,-1.240102
5.637112,-1.248805
5.539631,-1.257507
5.446878,-1.266210
5.356012,-1.274912
5.267734,-1.283615
5.181901,-1.292317
5.121358,-1.301020
5.023240,-1.309722
4.968010,-1.318425
4.891627,-1.327127
4.817084,-1.335830
4.744283,-1.344532
4.696848,-1.353235
4.614530,-1.361937
4.571168,-1.370639
4.505353,-1.379342
4.440861,-1.388044
4.391598,-1.396747
4.330276,-1.405449
4.270073,-1.414152
4.235811,-1.422854
4.177829,-1.431557
4.138375,-1.440259
4.082949,-1.448962
4.053927,-1.457664
4.000321,-1.466367
3.967877,-1.475069
3.916440,-1.483772
3.865669,-1.492474
3.842026,-1.501177
3.789196,-1.509879
3.767804,-1.518582
3.720220,-1.527284
3.700464,-1.535986
3.652550,-1.544689
3.634824,-1.553391
3.589905,-1.562094
3.573364,-1.570796
