scan.pos:-5.189538,-5.190075,0.7852503.974805,1.562094
3.987746,1.553391
4.029407,1.544689
4.071537,1.535986
4.114168,1.527284
4.130209,1.518581
4.201063,1.509879
4.218693,1.501177
4.263863,1.492474
4.314200,1.483772
4.361250,1.475069
4.414579,1.466367
4.437951,1.457664
4.494648,1.448962
4.546171,1.440259
4.606271,1.431557
4.660237,1.422854
4.723986,1.414152
4.755909,1.405449
4.813853,1.396747
4.883464,1.388044
4.944465,1.379342
5.018458,1.370639
5.082820,1.361937
5.137716,1.353234
5.205913,1.344532
5.289943,1.335830
5.362218,1.327127
5.436355,1.318425
5.528656,1.309722
5.607529,1.301020
5.683269,1.292317
5.790381,1.283615
5.876983,1.274912
5.963504,1.266210
6.078930,1.257507
6.174645,1.248805
6.273615,1.240102
6.398979,1.231400
6.507679,1.222697
6.641079,1.213995
6.756334,1.205292
6.897746,1.196590
7.021725,1.187888
7.172276,1.179185
7.318854,1.170483
7.478515,1.161780
7.643898,1.153078
1.915416,0.996433
1.911793,0.987731
1.908329,0.979028
1.864274,0.970326
1.861190,0.961623
1.858258,0.952921
1.855476,0.944218
1.852844,0.935516
1.850359,0.926813
1.848022,0.918111
1.845831,0.909408
1.843785,0.900706
1.801626,0.892003
1.799907,0.883301
1.798329,0.874598
1.796889,0.865896
1.775528,0.857194
1.774379,0.848491
1.773367,0.839789
1.772490,0.831086
1.771750,0.822384
1.771145,0.813681
1.770675,0.804979
1.770340,0.796276
1.770140,0.787574
1.770075,0.778871
1.770145,0.770169
1.770349,0.761466
1.770689,0.752764
1.771163,0.744061
1.771773,0.735359
1.772518,0.726656
1.773399,0.717954
1.774416,0.709251
1.775569,0.700549
1.776859,0.691847
1.778287,0.683144
1.779853,0.674442
1.781557,0.665739
1.783400,0.657037
1.785384,0.648334
1.787508,0.639632
1.789773,0.630929
1.792181,0.622227
1.794732,0.613524
1.756810,0.604822
1.759587,0.596119
1.762507,0.587417
1.765571,0.578714
1.768782,0.570012
1.772138,0.561309
1.775644,0.552607
1.779299,0.543905
1.783105,0.535202
1.787063,0.526500
1.791176,0.517797
1.795446,0.509095
1.799872,0.500392
1.804459,0.491690
1.809207,0.482987
1.814119,0.474285
1.819196,0.465582
1.824441,0.456880
1.829856,0.448177
1.835444,0.439475
1.841207,0.430772
1.847147,0.422070
1.853266,0.413367
1.859569,0.404665
1.866058,0.395962
1.872735,0.387260
1.879603,0.378558
1.886666,0.369855
1.893928,0.361153
1.901390,0.352450
1.909058,0.343748
1.916935,0.335045
1.925024,0.326343
1.933329,0.317640
1.941855,0.308938
1.950606,0.300235
1.959585,0.291533
1.968799,0.282830
1.978251,0.274128
1.987946,0.265425
1.997889,0.256723
2.008086,0.248020
2.018543,0.239318
2.029264,0.230615
2.040256,0.221913
2.051524,0.213211
2.063076,0.204508
2.074918,0.195806
2.135309,0.187103
2.220851,0.178401
2.307595,0.169698
2.321875,0.160996
7.164295,0.152293
7.110622,0.143591
7.016641,0.134888
6.864387,0.126186
6.788406,0.117483
6.720062,0.108781
6.671377,0.100078
6.629533,0.091376
6.609049,0.082673
6.594682,0.073971
6.586262,0.065269
6.583462,0.056566
6.608039,0.047864
6.606383,0.039161
6.659907,0.030459
6.714822,0.021756
6.771170,0.013054
6.828996,0.004351
6.886234,-0.004351
6.937642,-0.013054
6.991707,-0.021756
7.074485,-0.030459
7.108297,-0.039161
7.168942,-0.047864
7.237859,-0.056566
7.304168,-0.065269
7.380888,-0.073971
7.457634,-0.082674
7.537974,-0.091376
7.610934,-0.100078
7.679532,-0.108781
7.774390,-0.117483
4.923436,-0.213211
4.801040,-0.221913
4.751105,-0.230616
4.725525,-0.239318
4.700576,-0.248021
4.676242,-0.256723
4.652512,-0.265425
4.629373,-0.274128
4.606811,-0.282830
4.584816,-0.291533
4.563375,-0.300235
4.542479,-0.308938
4.511831,-0.317640
4.502275,-0.326343
4.482948,-0.335045
4.464125,-0.343748
4.445796,-0.352450
4.427954,-0.361153
4.410588,-0.369855
4.393692,-0.378558
4.377255,-0.387260
4.361273,-0.395963
4.345737,-0.404665
4.330640,-0.413367
4.315975,-0.422070
4.301735,-0.430772
4.287914,-0.439475
4.274507,-0.448177
4.261506,-0.456880
4.248907,-0.465582
4.236703,-0.474285
4.224891,-0.482987
4.213464,-0.491690
4.202418,-0.500392
4.191749,-0.509095
4.181450,-0.517797
4.171520,-0.526500
4.182609,-0.535202
4.173356,-0.543905
4.205594,-0.552607
4.258543,-0.561310
4.291118,-0.570012
4.323893,-0.578714
4.336466,-0.587417
4.471567,-0.596119
4.525191,-0.604822
4.619443,-0.613524
4.876114,-0.622227
5.517338,-0.630929
5.830159,-0.639632
6.932908,-0.648334
7.651351,-1.161780
7.482141,-1.170483
7.318785,-1.179185
7.174899,-1.187888
7.023353,-1.196590
6.876515,-1.205293
6.751805,-1.213995
6.614649,-1.222697
6.503472,-1.231400
6.394957,-1.240102
6.269730,-1.248805
6.170927,-1.257507
6.075337,-1.266210
5.960026,-1.274912
5.873650,-1.283615
5.787155,-1.292317
5.685499,-1.301020
5.604527,-1.309722
5.502532,-1.318425
5.433557,-1.327127
5.359505,-1.335830
5.273162,-1.344532
5.203377,-1.353235
5.135253,-1.361937
5.080453,-1.370639
5.016158,-1.379342
4.942249,-1.388044
4.881309,-1.396747
4.811777,-1.405449
4.753889,-1.414152
4.697143,-1.422854
4.658347,-1.431557
4.604431,-1.440259
4.544397,-1.448962
4.492921,-1.457664
4.436285,-1.466367
4.412962,-1.475069
4.359693,-1.483772
4.312682,-1.492474
4.262401,-1.501177
4.217268,-1.509879
4.172765,-1.518582
4.128855,-1.527284
4.112854,-1.535986
4.070256,-1.544689
4.028157,-1.553391
3.986527,-1.562094
3.973246,-1.570796
