scan.pos:0.411091,7.108899,-0.3647500.941969,1.562094
0.945155,1.553391
0.948434,1.544689
0.942184,1.535986
0.945621,1.527284
0.949156,1.518581
0.952790,1.509879
0.956525,1.501177
0.960363,1.492474
0.964306,1.483772
0.968355,1.475069
0.972513,1.466367
0.976781,1.457664
0.981162,1.448962
0.985658,1.440259
0.990271,1.431557
0.995003,1.422854
0.999858,1.414152
1.004837,1.405449
1.009943,1.396747
1.015178,1.388044
1.020547,1.379342
1.026051,1.370639
1.031694,1.361937
1.037479,1.353234
1.043409,1.344532
1.049487,1.335830
1.055718,1.327127
1.062104,1.318425
1.068650,1.309722
1.075360,1.301020
1.082237,1.292317
1.089287,1.283615
1.096513,1.274912
1.103920,1.266210
1.111512,1.257507
1.119296,1.248805
1.127277,1.240102
1.135458,1.231400
1.143848,1.222697
1.152450,1.213995
1.161272,1.205292
1.170320,1.196590
1.179601,1.187888
1.189121,1.179185
1.198888,1.170483
1.208910,1.161780
1.219195,1.153078
1.229750,1.144375
1.230351,1.135673
1.228630,1.126970
1.254807,1.118268
1.253417,1.109565
1.279481,1.100863
1.281318,1.092160
1.307816,1.083458
1.307656,1.074755
1.334136,1.066053
1.334381,1.057350
1.340351,1.048648
1.367505,1.039945
1.369025,1.031243
1.396286,1.022541
1.398290,1.013838
1.425710,1.005136
1.453148,0.996433
1.465059,0.987731
1.493311,0.979028
1.497194,0.970326
1.525769,0.961623
1.530303,0.952921
1.559266,0.944218
1.577253,0.935516
1.607307,0.926813
1.613957,0.918111
1.644575,0.909408
1.675444,0.900706
1.683354,0.892003
1.714924,0.883301
1.746824,0.874598
1.774426,0.865896
1.807953,0.857194
1.819251,0.848491
1.853804,0.839789
1.888872,0.831086
1.924495,0.822384
1.960717,0.813681
1.999512,0.804979
2.038114,0.796276
2.077492,0.787574
2.117705,0.778871
2.158817,0.770169
2.200894,0.761466
2.244010,0.752764
2.288245,0.744061
2.333683,0.735359
2.393098,0.726656
2.442665,0.717954
2.515104,0.709251
2.567879,0.700549
2.643664,0.691847
2.700221,0.683144
2.779992,0.674442
2.862009,0.665739
2.925566,0.657037
3.020201,0.648334
3.112697,0.639632
3.208609,0.630929
3.308294,0.622227
3.432827,0.613524
3.541287,0.604822
3.654921,0.596119
3.815403,0.587417
3.941219,0.578714
4.128829,0.570012
4.294752,0.561309
4.470355,0.552607
4.697728,0.543905
4.917400,0.535202
5.172056,0.526500
5.443809,0.517797
5.776145,0.509095
6.132275,0.500392
6.557321,0.491690
6.977170,0.482987
7.552108,0.474285
7.618782,0.465582
7.615553,0.456880
7.603428,0.448177
7.612041,0.439475
7.588342,0.430772
7.583885,0.422070
7.580010,0.413367
7.576716,0.404665
7.574002,0.395962
7.571866,0.387260
7.570307,0.378558
7.569325,0.369855
7.568920,0.361153
7.569092,0.352450
7.569839,0.343748
7.571164,0.335045
7.573066,0.326343
7.575546,0.317640
7.578605,0.308938
7.582244,0.300235
7.586464,0.291533
7.591268,0.282830
7.596657,0.274128
7.602632,0.265425
7.609197,0.256723
7.616354,0.248020
7.624105,0.239318
7.632454,0.230615
7.641405,0.221913
7.650959,0.213211
7.661121,0.204508
7.671896,0.195806
7.683286,0.187103
7.695298,0.178401
7.707935,0.169698
7.721202,0.160996
7.735106,0.152293
7.749650,0.143591
7.764843,0.134888
7.780688,0.126186
7.797193,0.117483
6.693498,-0.378558
6.611170,-0.387260
6.344368,-0.395963
6.190929,-0.404665
6.127882,-0.413367
5.783926,-0.422070
5.461864,-0.430772
5.387615,-0.439475
5.342636,-0.448177
5.298801,-0.456880
5.256077,-0.465582
5.214431,-0.474285
5.200576,-0.482987
5.160786,-0.491690
1.381482,-0.500392
1.371278,-0.509095
1.361325,-0.517797
1.300074,-0.526500
1.290968,-0.535202
1.282085,-0.543905
1.273419,-0.552607
1.264966,-0.561310
1.256719,-0.570012
1.248674,-0.578714
1.240825,-0.587417
1.233167,-0.596119
1.225696,-0.604822
1.170101,-0.613524
1.139260,-0.622227
1.132735,-0.630929
1.126370,-0.639632
1.120161,-0.648334
1.067140,-0.657037
1.061481,-0.665739
1.055963,-0.674442
1.050580,-0.683144
1.045332,-0.691847
1.040215,-0.700549
1.035226,-0.709252
1.030362,-0.717954
1.025622,-0.726657
1.021003,-0.735359
1.016502,-0.744061
0.989846,-0.752764
0.985669,-0.761466
0.981602,-0.770169
0.977643,-0.778871
0.973789,-0.787574
0.970039,-0.796276
0.966391,-0.804979
0.962844,-0.813681
0.959395,-0.822384
0.956044,-0.831086
0.952788,-0.839789
0.949626,-0.848491
0.903962,-0.857194
0.901119,-0.865896
0.898361,-0.874599
0.895689,-0.883301
0.893100,-0.892003
0.881257,-0.900706
0.878858,-0.909408
0.876538,-0.918111
0.874296,-0.926813
0.872133,-0.935516
0.870046,-0.944218
0.868035,-0.952921
0.866099,-0.961623
0.864237,-0.970326
0.862449,-0.979028
0.860734,-0.987731
0.818181,-0.996433
0.816684,-1.005136
0.815255,-1.013838
0.813892,-1.022541
0.812596,-1.031243
0.811366,-1.039946
0.810200,-1.048648
0.809100,-1.057350
0.808064,-1.066053
0.807092,-1.074755
0.806184,-1.083458
0.805339,-1.092160
0.804558,-1.100863
0.803838,-1.109565
0.803181,-1.118268
0.802587,-1.126970
0.802054,-1.135673
0.801583,-1.144375
0.801173,-1.153078
0.800825,-1.161780
0.800538,-1.170483
0.800313,-1.179185
0.800148,-1.187888
0.800044,-1.196590
0.800001,-1.205293
0.800019,-1.213995
0.800098,-1.222697
0.800238,-1.231400
0.800439,-1.240102
0.800702,-1.248805
0.801025,-1.257507
0.801409,-1.266210
0.801856,-1.274912
0.802363,-1.283615
0.802933,-1.292317
0.803564,-1.301020
0.804258,-1.309722
0.805015,-1.318425
0.805834,-1.327127
0.806717,-1.335830
0.807662,-1.344532
0.808672,-1.353235
0.809746,-1.361937
0.810885,-1.370639
0.812089,-1.379342
0.813359,-1.388044
0.814694,-1.396747
0.816097,-1.405449
0.817566,-1.414152
0.819104,-1.422854
0.820709,-1.431557
0.822384,-1.440259
0.824129,-1.448962
0.825944,-1.457664
0.827830,-1.466367
0.829788,-1.475069
0.831819,-1.483772
0.833923,-1.492474
0.836102,-1.501177
0.838357,-1.509879
0.840688,-1.518582
0.843096,-1.527284
0.845583,-1.535986
0.848149,-1.544689
0.850796,-1.553391
0.853524,-1.562094
0.856336,-1.570796
