scan.pos:-0.111086,7.097199,0.0352500.900559,1.562094
0.900317,1.553391
0.900143,1.544689
0.900037,1.535986
0.900000,1.527284
0.900032,1.518581
0.900132,1.509879
0.900300,1.501177
0.900538,1.492474
0.900844,1.483772
0.901219,1.475069
0.901663,1.466367
0.902176,1.457664
0.902759,1.448962
0.903411,1.440259
0.904133,1.431557
0.904925,1.422854
0.905787,1.414152
0.906721,1.405449
0.907725,1.396747
0.908801,1.388044
0.909949,1.379342
0.911169,1.370639
0.912462,1.361937
0.913829,1.353234
0.915269,1.344532
0.916784,1.335830
0.918374,1.327127
0.920039,1.318425
0.921781,1.309722
0.923601,1.301020
0.925497,1.292317
0.927473,1.283615
0.929528,1.274912
0.931663,1.266210
0.933879,1.257507
0.936177,1.248805
0.938559,1.240102
0.941024,1.231400
0.943574,1.222697
0.946211,1.213995
0.948934,1.205292
0.951746,1.196590
0.954648,1.187888
0.957640,1.179185
0.960725,1.170483
0.963903,1.161780
0.967177,1.153078
0.970547,1.144375
0.974014,1.135673
0.977582,1.126970
0.981251,1.118268
0.985022,1.109565
0.988898,1.100863
0.992881,1.092160
0.996972,1.083458
1.001174,1.074755
1.005488,1.066053
1.009917,1.057350
1.014462,1.048648
1.019127,1.039945
1.023913,1.031243
1.028823,1.022541
1.033859,1.013838
1.039025,1.005136
1.044322,0.996433
1.049754,0.987731
1.055323,0.979028
1.061033,0.970326
1.066887,0.961623
1.072888,0.952921
1.079039,0.944218
1.085345,0.935516
1.091808,0.926813
1.098433,0.918111
1.105224,0.909408
1.112184,0.900706
1.119318,0.892003
1.126631,0.883301
1.134126,0.874598
1.141810,0.865896
1.149687,0.857194
1.157762,0.848491
1.166040,0.839789
1.174528,0.831086
1.183231,0.822384
1.192156,0.813681
1.201308,0.804979
1.210695,0.796276
1.220324,0.787574
1.230201,0.778871
1.240335,0.770169
1.250733,0.761466
1.261403,0.752764
1.272355,0.744061
1.262255,0.735359
1.279375,0.726656
1.296305,0.717954
1.313055,0.709251
1.302498,0.700549
1.319128,0.691847
1.335598,0.683144
1.351917,0.674442
1.368092,0.665739
1.384131,0.657037
1.400041,0.648334
1.415829,0.639632
1.431503,0.630929
1.426229,0.622227
1.441916,0.613524
1.440624,0.604822
1.456838,0.596119
1.482252,0.587417
1.498878,0.578714
1.525875,0.570012
1.542978,0.561309
1.571663,0.552607
1.589314,0.543905
1.595953,0.535202
1.614364,0.526500
1.646925,0.517797
1.666045,0.509095
1.685218,0.500392
1.720621,0.491690
1.740643,0.482987
1.778376,0.474285
1.799367,0.465582
1.839635,0.456880
1.861734,0.448177
1.882219,0.439475
1.928136,0.430772
1.951769,0.422070
1.999026,0.413367
2.024184,0.404665
2.071780,0.395962
2.101840,0.387260
2.151109,0.378558
2.185389,0.369855
2.236631,0.361153
2.288331,0.352450
2.329165,0.343748
2.383348,0.335045
2.429692,0.326343
2.486814,0.317640
2.566107,0.308938
2.621217,0.300235
2.682905,0.291533
2.745844,0.282830
2.832746,0.274128
2.900467,0.265425
2.975527,0.256723
3.069974,0.248020
3.166566,0.239318
3.257261,0.230615
3.382219,0.221913
3.489537,0.213211
3.621047,0.204508
3.738856,0.195806
3.881782,0.187103
4.040103,0.178401
4.197800,0.169698
4.382771,0.160996
4.578259,0.152293
4.784994,0.143591
5.022822,0.134888
5.272372,0.126186
5.604835,0.117483
5.894459,0.108781
6.288264,0.100078
6.674934,0.091376
7.194895,0.082673
7.709449,0.073971
1.735093,-0.665739
1.731952,-0.674442
1.638321,-0.683144
1.611630,-0.691847
1.593119,-0.700549
1.593522,-0.709252
1.472712,-0.717954
1.396650,-0.726657
1.378007,-0.735359
1.381030,-0.744061
1.358854,-0.752764
1.341056,-0.761466
1.320118,-0.770169
1.275406,-0.778871
1.257539,-0.787574
1.240335,-0.796276
1.222938,-0.804979
1.149279,-0.813681
1.160054,-0.822384
1.150054,-0.831086
1.140312,-0.839789
1.130819,-0.848491
1.121568,-0.857194
1.112550,-0.865896
1.103760,-0.874599
1.041767,-0.883301
1.033819,-0.892003
1.026069,-0.900706
1.018511,-0.909408
1.011141,-0.918111
1.003952,-0.926813
0.996940,-0.935516
0.990100,-0.944218
0.983428,-0.952921
0.976919,-0.961623
0.970569,-0.970326
0.964374,-0.979028
0.958330,-0.987731
0.952433,-0.996433
0.946680,-1.005136
0.941068,-1.013838
0.935593,-1.022541
0.930251,-1.031243
0.925040,-1.039946
0.919957,-1.048648
0.914998,-1.057350
0.910162,-1.066053
0.905445,-1.074755
0.900845,-1.083458
0.896360,-1.092160
0.891986,-1.100863
0.887722,-1.109565
0.883566,-1.118268
0.879515,-1.126970
0.875568,-1.135673
0.871722,-1.144375
0.867975,-1.153078
0.864326,-1.161780
0.860773,-1.170483
0.857314,-1.179185
0.853947,-1.187888
0.850671,-1.196590
0.847485,-1.205293
0.844386,-1.213995
0.841374,-1.222697
0.838447,-1.231400
0.835603,-1.240102
0.832842,-1.248805
0.830162,-1.257507
0.827563,-1.266210
0.825042,-1.274912
0.822599,-1.283615
0.820232,-1.292317
0.817941,-1.301020
0.815725,-1.309722
0.813583,-1.318425
0.811514,-1.327127
0.809516,-1.335830
0.807590,-1.344532
0.805734,-1.353235
0.803948,-1.361937
0.802230,-1.370639
0.800581,-1.379342
0.798999,-1.388044
0.797484,-1.396747
0.796035,-1.405449
0.794652,-1.414152
0.793334,-1.422854
0.792081,-1.431557
0.790891,-1.440259
0.789766,-1.448962
0.788703,-1.457664
0.787704,-1.466367
0.786766,-1.475069
0.785891,-1.483772
0.785077,-1.492474
0.784325,-1.501177
0.783634,-1.509879
0.783003,-1.518582
0.782433,-1.527284
0.781924,-1.535986
0.781474,-1.544689
0.781085,-1.553391
0.780755,-1.562094
0.780485,-1.570796
