scan.pos:2.861897,6.764451,-2.9147503.719745,1.562094
3.732894,1.553391
3.725830,1.544689
3.759894,1.535986
3.814497,1.527284
3.909886,1.518581
3.944340,1.509879
4.019543,1.501177
4.013836,1.492474
4.048894,1.483772
4.063972,1.475069
4.099495,1.466367
4.175549,1.457664
4.184456,1.448962
4.240837,1.440259
4.277215,1.431557
4.325741,1.422854
4.397991,1.414152
4.515434,1.405449
4.593003,1.396747
4.650812,1.388044
4.668884,1.379342
4.767346,1.370639
4.846105,1.361937
4.865187,1.353234
4.924636,1.344532
4.964450,1.335830
4.964642,1.327127
5.025220,1.318425
5.026179,1.309722
5.067546,1.301020
5.069286,1.292317
5.071414,1.283615
5.073930,1.274912
5.076835,1.266210
5.080131,1.257507
5.083818,1.248805
5.087899,1.240102
5.052153,1.231400
5.056986,1.222697
5.062214,1.213995
5.067840,1.205292
5.073864,1.196590
5.080291,1.187888
5.087121,1.179185
5.094359,1.170483
5.102006,1.161780
5.110066,1.153078
5.118542,1.144375
5.127437,1.135673
5.136755,1.126970
5.146499,1.118268
5.156674,1.109565
5.167284,1.100863
5.178332,1.092160
5.169166,1.083458
5.181058,1.074755
5.193402,1.066053
5.206202,1.057350
5.219464,1.048648
5.233193,1.039945
5.247395,1.031243
5.262076,1.022541
5.277243,1.013838
5.292902,1.005136
5.309059,0.996433
5.325722,0.987731
5.300193,0.979028
5.317749,0.970326
5.335828,0.961623
5.354441,0.952921
5.373594,0.944218
5.393297,0.935516
5.413559,0.926813
5.434389,0.918111
5.455797,0.909408
5.477793,0.900706
5.500388,0.892003
5.523592,0.883301
3.160139,0.874598
3.113827,0.865896
3.070405,0.857194
3.004502,0.848491
2.962099,0.839789
2.920592,0.831086
2.879929,0.822384
2.822690,0.813681
2.784746,0.804979
2.747019,0.796276
2.709937,0.787574
2.659305,0.778871
2.624045,0.770169
2.589304,0.761466
2.555050,0.752764
2.521251,0.744061
2.549645,0.735359
2.542116,0.726656
2.510691,0.717954
2.479614,0.709251
2.465001,0.700549
2.460306,0.691847
2.456218,0.683144
2.427344,0.674442
2.392139,0.665739
2.364248,0.657037
2.362469,0.648334
2.356236,0.639632
2.329762,0.630929
2.303428,0.622227
2.277218,0.613524
2.251113,0.604822
2.203411,0.596119
2.221260,0.587417
2.200831,0.578714
2.175207,0.570012
2.149609,0.561309
2.152305,0.552607
2.133644,0.543905
2.115584,0.535202
2.097986,0.526500
2.080835,0.517797
2.064118,0.509095
2.047822,0.500392
2.031935,0.491690
2.016446,0.482987
2.001342,0.474285
1.986612,0.465582
1.972247,0.456880
1.932502,0.448177
1.919016,0.439475
1.855102,0.430772
1.842610,0.422070
1.830425,0.413367
1.818536,0.404665
1.806939,0.395962
1.795624,0.387260
1.784584,0.378558
1.773814,0.369855
1.763307,0.361153
1.753056,0.352450
1.743056,0.343748
1.733300,0.335045
1.723784,0.326343
1.714501,0.317640
1.705447,0.308938
1.696616,0.300235
1.688005,0.291533
1.725564,0.282830
1.717153,0.274128
1.708952,0.265425
1.700958,0.256723
1.693168,0.248020
1.708022,0.239318
1.700526,0.230615
1.693224,0.221913
1.708271,0.213211
1.723323,0.204508
1.716404,0.195806
1.709671,0.187103
1.724928,0.178401
1.740201,0.169698
1.795143,0.160996
1.792378,0.152293
1.786149,0.143591
1.780099,0.134888
1.865520,0.126186
1.922599,0.117483
1.913092,0.108781
1.910283,0.100078
1.929978,0.091376
1.930031,0.082673
1.973636,0.073971
1.976915,0.065269
1.982059,0.056566
2.020176,0.047864
2.073408,0.039161
2.108263,0.030459
2.145788,0.021756
2.206872,0.013054
2.209429,0.004351
2.218738,-0.004351
2.298303,-0.013054
2.337860,-0.021756
2.342130,-0.030459
2.393553,-0.039161
2.492788,-0.047864
2.620377,-0.056566
2.739444,-0.065269
2.911301,-0.073971
3.079365,-0.082674
3.283719,-0.091376
3.431229,-0.100078
6.333692,-0.169698
6.310529,-0.178401
6.227811,-0.187103
6.165642,-0.195806
6.143995,-0.204508
6.102821,-0.213211
6.102127,-0.221913
6.101897,-0.230616
6.102132,-0.239318
6.102832,-0.248021
6.103997,-0.256723
6.045591,-0.265425
5.987609,-0.274128
5.990122,-0.282830
5.953019,-0.291533
5.956428,-0.300235
5.960294,-0.308938
5.964621,-0.317640
5.969408,-0.326343
5.974658,-0.335045
5.980374,-0.343748
5.986557,-0.352450
5.993209,-0.361153
6.000334,-0.369855
6.007934,-0.378558
6.016012,-0.387260
6.033787,-0.395963
6.042491,-0.404665
6.056309,-0.413367
6.112607,-0.422070
6.065917,-0.430772
5.790652,-0.439475
5.570318,-0.448177
5.376186,-0.456880
5.162239,-0.465582
4.999044,-0.474285
4.823874,-0.482987
4.656412,-0.491690
4.516636,-0.500392
4.383215,-0.509095
4.247725,-0.517797
4.127475,-0.526500
4.011883,-0.535202
3.900542,-0.543905
3.814178,-0.552607
3.710347,-0.561310
3.609786,-0.570012
3.538895,-0.578714
3.445740,-0.587417
3.355069,-0.596119
3.288183,-0.604822
3.223557,-0.613524
3.139386,-0.622227
3.092744,-0.630929
3.013387,-0.639632
2.957420,-0.648334
2.903005,-0.657037
2.850040,-0.665739
2.798432,-0.674442
2.746980,-0.683144
2.698821,-0.691847
2.651749,-0.700549
2.605695,-0.709252
2.560594,-0.717954
2.539144,-0.726657
2.477499,-0.735359
2.458751,-0.744061
2.417853,-0.752764
2.377627,-0.761466
2.338028,-0.770169
2.307655,-0.778871
2.269979,-0.787574
2.256514,-0.796276
2.219929,-0.804979
2.183776,-0.813681
2.148022,-0.822384
2.125867,-0.831086
2.091555,-0.839789
2.082114,-0.848491
2.048537,-0.857194
2.040094,-0.865896
1.998973,-0.874599
1.992004,-0.883301
1.960170,-0.892003
1.928494,-0.900706
1.916646,-0.909408
1.885922,-0.918111
1.881398,-0.926813
1.851027,-0.935516
1.847211,-0.944218
1.813653,-0.952921
1.811005,-0.961623
1.781651,-0.970326
1.779626,-0.979028
1.750438,-0.987731
1.749000,-0.996433
1.719922,-1.005136
1.718960,-1.013838
1.704155,-1.022541
1.689731,-1.031243
1.675675,-1.039946
1.661976,-1.048648
1.648625,-1.057350
1.635609,-1.066053
1.622921,-1.074755
1.610549,-1.083458
1.598485,-1.092160
1.586720,-1.100863
1.575247,-1.109565
1.564056,-1.118268
1.553141,-1.126970
1.542494,-1.135673
1.532108,-1.144375
1.521975,-1.153078
1.512091,-1.161780
1.502447,-1.170483
1.493039,-1.179185
1.483860,-1.187888
1.474905,-1.196590
1.466168,-1.205293
1.457645,-1.213995
1.449329,-1.222697
1.441218,-1.231400
1.433305,-1.240102
1.425586,-1.248805
1.418058,-1.257507
1.410715,-1.266210
1.403555,-1.274912
1.396573,-1.283615
1.389765,-1.292317
1.383128,-1.301020
1.376658,-1.309722
1.370353,-1.318425
1.364208,-1.327127
1.358222,-1.335830
1.352390,-1.344532
1.346710,-1.353235
1.341179,-1.361937
1.335795,-1.370639
1.330555,-1.379342
1.325456,-1.388044
1.320497,-1.396747
1.315674,-1.405449
1.310986,-1.414152
1.306430,-1.422854
1.302005,-1.431557
1.297708,-1.440259
1.293537,-1.448962
1.289491,-1.457664
1.285568,-1.466367
1.281766,-1.475069
1.278084,-1.483772
1.274519,-1.492474
1.271071,-1.501177
1.267737,-1.509879
1.264517,-1.518582
1.261410,-1.527284
1.258412,-1.535986
1.255525,-1.544689
1.252746,-1.553391
1.250075,-1.562094
1.247509,-1.570796
