scan.pos:-5.008326,5.503728,2.9684357.651267,1.335830
7.502577,1.327127
7.353933,1.318425
7.217236,1.309722
7.085440,1.301020
6.958250,1.292317
6.813153,1.283615
6.716326,1.274912
6.579925,1.266210
6.469453,1.257507
6.362376,1.248805
6.261966,1.240102
6.162009,1.231400
6.064901,1.222697
5.970489,1.213995
5.878631,1.205292
5.796897,1.196590
5.710555,1.187888
5.649939,1.179185
5.567940,1.170483
5.474917,1.161780
5.421305,1.153078
5.345615,1.144375
5.271585,1.135673
5.212978,1.126970
5.142752,1.118268
5.073942,1.109565
5.031332,1.100863
4.957028,1.092160
4.892763,1.083458
4.854997,1.074755
4.793139,1.066053
4.751893,1.057350
4.692754,1.048648
4.634542,1.039945
4.598902,1.031243
4.543101,1.022541
4.514754,1.013838
4.457624,1.005136
4.431843,0.996433
4.379842,0.987731
4.328461,0.979028
4.304359,0.970326
4.254828,0.961623
4.234052,0.952921
4.200104,0.944218
4.164452,0.935516
4.129711,0.926813
4.095855,0.918111
4.062857,0.909408
4.030690,0.900706
3.999331,0.892003
3.968756,0.883301
3.938942,0.874598
3.909869,0.865896
3.881515,0.857194
3.853861,0.848491
3.826888,0.839789
3.800576,0.831086
3.774910,0.822384
3.749872,0.813681
3.725445,0.804979
3.701615,0.796276
3.678366,0.787574
3.655684,0.778871
3.633554,0.770169
3.611965,0.761466
3.590903,0.752764
3.570354,0.744061
3.550309,0.735359
3.530755,0.726656
3.511681,0.717954
3.493077,0.709251
3.474932,0.700549
3.457236,0.691847
3.439980,0.683144
3.423156,0.674442
3.406753,0.665739
3.390763,0.657037
3.375179,0.648334
3.359992,0.639632
3.345195,0.630929
3.330780,0.622227
3.316740,0.613524
3.303068,0.604822
3.289759,0.596119
3.276804,0.587417
3.264199,0.578714
3.251937,0.570012
3.240013,0.561309
3.228421,0.552607
3.217156,0.543905
3.206212,0.535202
3.195585,0.526500
3.185270,0.517797
3.175263,0.509095
3.165558,0.500392
3.156152,0.491690
3.147041,0.482987
3.138221,0.474285
3.129688,0.465582
3.121438,0.456880
3.113467,0.448177
3.105774,0.439475
3.098353,0.430772
3.091203,0.422070
3.084320,0.413367
3.077702,0.404665
3.071345,0.395962
3.065248,0.387260
3.059407,0.378558
3.053820,0.369855
3.048486,0.361153
3.043401,0.352450
3.038565,0.343748
3.033974,0.335045
3.029628,0.326343
3.025524,0.317640
3.021662,0.308938
3.018038,0.300235
3.014652,0.291533
3.011504,0.282830
3.008590,0.274128
3.005911,0.265425
3.003466,0.256723
3.001252,0.248020
2.999270,0.239318
2.997519,0.230615
2.995998,0.221913
2.994706,0.213211
2.993644,0.204508
2.992810,0.195806
2.992204,0.187103
2.991826,0.178401
2.991676,0.169698
2.991754,0.160996
2.992060,0.152293
2.992594,0.143591
2.993356,0.134888
2.994347,0.126186
2.995566,0.117483
2.997015,0.108781
2.998693,0.100078
3.000602,0.091376
3.002743,0.082673
3.005115,0.073971
3.007720,0.065269
3.010560,0.056566
3.013634,0.047864
3.016945,0.039161
3.020493,0.030459
3.024281,0.021756
3.028308,0.013054
3.032578,0.004351
3.037091,-0.004351
3.041850,-0.013054
3.046856,-0.021756
3.052111,-0.030459
3.057618,-0.039161
3.063379,-0.047864
3.069395,-0.056566
3.075670,-0.065269
3.082205,-0.073971
3.089005,-0.082674
3.096070,-0.091376
3.103405,-0.100078
3.111012,-0.108781
3.118895,-0.117483
3.127056,-0.126186
3.135500,-0.134888
3.144229,-0.143591
3.153248,-0.152293
3.162561,-0.160996
3.172171,-0.169698
3.182082,-0.178401
3.192300,-0.187103
3.202828,-0.195806
3.213671,-0.204508
3.224835,-0.213211
3.236323,-0.221913
3.248142,-0.230616
3.260297,-0.239318
3.272793,-0.248021
3.285637,-0.256723
3.298834,-0.265425
3.312390,-0.274128
3.326313,-0.282830
3.340609,-0.291533
3.355285,-0.300235
3.370348,-0.308938
3.385807,-0.317640
3.401668,-0.326343
3.417939,-0.335045
3.434630,-0.343748
3.451749,-0.352450
3.469305,-0.361153
3.487307,-0.369855
3.505766,-0.378558
3.524690,-0.387260
3.544092,-0.395963
3.563981,-0.404665
3.584370,-0.413367
3.605269,-0.422070
3.626691,-0.430772
3.648648,-0.439475
3.671154,-0.448177
3.694223,-0.456880
3.717869,-0.465582
3.742106,-0.474285
3.766949,-0.482987
3.792416,-0.491690
3.818522,-0.500392
3.845285,-0.509095
3.848017,-0.517797
3.835244,-0.526500
3.793577,-0.535202
3.758523,-0.543905
3.717845,-0.552607
3.686751,-0.561310
3.657082,-0.570012
3.624699,-0.578714
3.598799,-0.587417
3.545419,-0.596119
3.521889,-0.604822
3.500735,-0.613524
3.476516,-0.622227
3.447005,-0.630929
3.418250,-0.639632
3.390227,-0.648334
3.362913,-0.657037
3.336288,-0.665739
1.278364,-0.674442
1.215527,-0.683144
1.158639,-0.691847
1.150087,-0.700549
1.115798,-0.709252
1.107848,-0.717954
1.048927,-0.726657
1.041716,-0.735359
1.034680,-0.744061
1.027818,-0.752764
1.021122,-0.761466
1.014591,-0.770169
1.008218,-0.778871
1.002001,-0.787574
0.995936,-0.796276
0.990018,-0.804979
0.984245,-0.813681
0.978613,-0.822384
0.973119,-0.831086
0.967759,-0.839789
0.962531,-0.848491
0.957432,-0.857194
0.952458,-0.865896
0.947608,-0.874599
0.942878,-0.883301
0.938267,-0.892003
0.933771,-0.900706
0.929388,-0.909408
0.925117,-0.918111
0.920954,-0.926813
0.916898,-0.935516
0.912947,-0.944218
0.909099,-0.952921
0.905351,-0.961623
0.901703,-0.970326
0.898153,-0.979028
0.894698,-0.987731
0.891337,-0.996433
0.888068,-1.005136
0.884891,-1.013838
0.881803,-1.022541
0.878804,-1.031243
0.875891,-1.039946
0.873064,-1.048648
0.870321,-1.057350
0.867661,-1.066053
0.865083,-1.074755
0.862585,-1.083458
0.860168,-1.092160
0.857829,-1.100863
0.855568,-1.109565
0.853383,-1.118268
0.851274,-1.126970
0.849240,-1.135673
0.847281,-1.144375
0.845394,-1.153078
0.843580,-1.161780
0.841838,-1.170483
0.840166,-1.179185
0.838565,-1.187888
0.837034,-1.196590
0.835572,-1.205293
0.834178,-1.213995
0.832853,-1.222697
0.831594,-1.231400
0.830403,-1.240102
0.829278,-1.248805
0.828220,-1.257507
0.827226,-1.266210
0.826298,-1.274912
0.825435,-1.283615
0.824637,-1.292317
0.823902,-1.301020
0.823232,-1.309722
0.822625,-1.318425
0.822082,-1.327127
0.821602,-1.335830
0.821185,-1.344532
0.820831,-1.353235
0.820540,-1.361937
0.820311,-1.370639
0.820145,-1.379342
0.820042,-1.388044
0.820001,-1.396747
0.820022,-1.405449
0.820106,-1.414152
0.820252,-1.422854
0.820461,-1.431557
0.820733,-1.440259
0.821067,-1.448962
0.821464,-1.457664
0.821924,-1.466367
0.822447,-1.475069
0.823034,-1.483772
0.823684,-1.492474
0.824398,-1.501177
0.825177,-1.509879
0.826019,-1.518582
0.826927,-1.527284
0.827899,-1.535986
0.828937,-1.544689
0.830041,-1.553391
0.831212,-1.562094
0.832449,-1.570796
