scan.pos:-0.374339,7.203420,-0.4147500.852257,1.562094
0.855577,1.553391
0.858988,1.544689
0.862493,1.535986
0.866093,1.527284
0.869789,1.518581
0.873584,1.509879
0.877479,1.501177
0.881477,1.492474
0.885579,1.483772
0.889787,1.475069
0.894104,1.466367
0.898532,1.457664
0.903073,1.448962
0.907730,1.440259
0.912504,1.431557
0.917400,1.422854
0.922419,1.414152
0.927564,1.405449
0.932838,1.396747
0.938245,1.388044
0.943787,1.379342
0.949467,1.370639
0.955290,1.361937
0.961258,1.353234
0.967375,1.344532
0.969376,1.335830
0.975775,1.327127
0.982334,1.318425
0.989058,1.309722
0.995950,1.301020
1.003017,1.292317
1.010262,1.283615
1.017690,1.274912
1.025307,1.266210
1.033119,1.257507
1.041130,1.248805
1.049347,1.240102
1.057775,1.231400
1.066423,1.222697
1.075295,1.213995
1.084399,1.205292
1.093743,1.196590
1.095012,1.187888
1.089054,1.179185
1.111019,1.170483
1.107060,1.161780
1.129323,1.153078
1.151392,1.144375
1.146476,1.135673
1.172145,1.126970
1.168018,1.118268
1.190337,1.109565
1.212517,1.100863
1.214548,1.092160
1.237196,1.083458
1.234281,1.074755
1.256915,1.066053
1.262279,1.057350
1.285482,1.048648
1.308635,1.039945
1.307113,1.031243
1.340537,1.022541
1.340017,1.013838
1.363989,1.005136
1.387984,0.996433
1.400681,0.987731
1.425526,0.979028
1.426804,0.970326
1.451948,0.961623
1.477199,0.952921
1.495170,0.944218
1.521512,0.935516
1.548030,0.926813
1.574747,0.918111
1.601683,0.909408
1.625732,0.900706
1.654087,0.892003
1.682754,0.883301
1.711761,0.874598
1.741139,0.865896
1.772571,0.857194
1.803819,0.848491
1.835568,0.839789
1.867858,0.831086
1.900731,0.822384
1.941397,0.813681
1.976794,0.804979
2.034575,0.796276
2.071512,0.787574
2.130813,0.778871
2.169565,0.770169
2.224568,0.761466
2.267069,0.752764
2.332066,0.744061
2.398360,0.735359
2.445023,0.726656
2.514371,0.717954
2.590114,0.709251
2.665203,0.700549
2.742499,0.691847
2.843010,0.683144
2.904658,0.674442
3.031431,0.665739
3.118858,0.657037
3.234860,0.648334
3.355122,0.639632
3.480175,0.630929
3.631099,0.622227
3.767645,0.613524
3.952625,0.604822
4.129287,0.596119
4.315497,0.587417
4.553349,0.578714
4.783707,0.570012
5.069611,0.561309
5.353068,0.552607
5.725683,0.543905
6.106879,0.535202
6.581505,0.526500
7.076917,0.517797
7.744681,0.509095
2.004259,-0.187103
1.923980,-0.195806
1.892343,-0.204508
1.875996,-0.213211
1.671859,-0.221913
1.665359,-0.230616
1.634175,-0.239318
1.621027,-0.248021
1.616197,-0.256723
1.531719,-0.265425
1.516755,-0.274128
1.520823,-0.282830
1.517525,-0.291533
1.435376,-0.300235
1.405594,-0.308938
1.399338,-0.317640
1.397130,-0.326343
1.368007,-0.335045
1.366226,-0.343748
1.280459,-0.352450
1.279099,-0.361153
1.278032,-0.369855
1.271795,-0.378558
1.260940,-0.387260
1.250363,-0.395963
1.240056,-0.404665
1.230010,-0.413367
1.220218,-0.422070
1.210672,-0.430772
1.201365,-0.439475
1.192291,-0.448177
1.183441,-0.456880
1.174811,-0.465582
1.166394,-0.474285
1.158184,-0.482987
1.150176,-0.491690
1.142365,-0.500392
1.134745,-0.509095
1.127311,-0.517797
1.120058,-0.526500
1.112982,-0.535202
1.106079,-0.543905
1.099344,-0.552607
1.092774,-0.561310
1.086364,-0.570012
1.080110,-0.578714
1.074009,-0.587417
1.068058,-0.596119
1.062253,-0.604822
1.056590,-0.613524
1.051067,-0.622227
1.045681,-0.630929
1.040429,-0.639632
1.035307,-0.648334
1.030314,-0.657037
1.025446,-0.665739
1.020702,-0.674442
1.016078,-0.683144
1.011573,-0.691847
1.007184,-0.700549
1.002908,-0.709252
0.998745,-0.717954
0.994692,-0.726657
0.990746,-0.735359
0.986906,-0.744061
0.979449,-0.752764
0.975830,-0.761466
0.972312,-0.770169
0.968892,-0.778871
0.965569,-0.787574
0.962342,-0.796276
0.959210,-0.804979
0.956170,-0.813681
0.953222,-0.822384
0.950364,-0.831086
0.947595,-0.839789
0.944914,-0.848491
0.942320,-0.857194
0.939811,-0.865896
0.937387,-0.874599
0.935047,-0.883301
0.932788,-0.892003
0.930612,-0.900706
0.928516,-0.909408
0.926500,-0.918111
0.924563,-0.926813
0.922704,-0.935516
0.920923,-0.944218
0.919218,-0.952921
0.917589,-0.961623
0.916036,-0.970326
0.914558,-0.979028
0.913153,-0.987731
0.911823,-0.996433
0.910565,-1.005136
0.909380,-1.013838
0.908268,-1.022541
0.907227,-1.031243
0.906257,-1.039946
0.905358,-1.048648
0.904530,-1.057350
0.903772,-1.066053
0.903084,-1.074755
0.902466,-1.083458
0.901917,-1.092160
0.901438,-1.100863
0.901028,-1.109565
0.900686,-1.118268
0.900414,-1.126970
0.900210,-1.135673
0.900074,-1.144375
0.900008,-1.153078
0.900010,-1.161780
0.900080,-1.170483
0.900219,-1.179185
0.900426,-1.187888
0.900703,-1.196590
0.901048,-1.205293
0.901462,-1.213995
0.901945,-1.222697
0.902497,-1.231400
0.903119,-1.240102
0.903811,-1.248805
0.904573,-1.257507
0.905405,-1.266210
0.906307,-1.274912
0.907281,-1.283615
0.908325,-1.292317
0.909442,-1.301020
0.910631,-1.309722
0.911892,-1.318425
0.913227,-1.327127
0.914635,-1.335830
0.916118,-1.344532
0.917675,-1.353235
0.919308,-1.361937
0.921016,-1.370639
0.922802,-1.379342
0.924665,-1.388044
0.926606,-1.396747
0.928627,-1.405449
0.930727,-1.414152
0.932908,-1.422854
0.935170,-1.431557
0.937515,-1.440259
0.939944,-1.448962
0.984344,-1.457664
0.987059,-1.466367
0.989864,-1.475069
0.992760,-1.483772
0.995750,-1.492474
1.002468,-1.501177
1.005660,-1.509879
1.008949,-1.518582
1.012337,-1.527284
1.015825,-1.535986
1.019415,-1.544689
1.023110,-1.553391
1.026909,-1.562094
1.030815,-1.570796
