scan.pos:-2.253854,-1.727775,1.7352501.607839,1.562094
1.605575,1.553391
1.603439,1.544689
1.601431,1.535986
1.599550,1.527284
1.597794,1.518581
1.596164,1.509879
1.594658,1.501177
1.593276,1.492474
1.592018,1.483772
1.590883,1.475069
1.589870,1.466367
1.588980,1.457664
1.588212,1.448962
1.587565,1.440259
1.587039,1.431557
1.586635,1.422854
1.586352,1.414152
1.586189,1.405449
1.586148,1.396747
1.586227,1.388044
1.586427,1.379342
1.586748,1.370639
1.587189,1.361937
1.587752,1.353234
1.588437,1.344532
1.589243,1.335830
1.590171,1.327127
1.591222,1.318425
1.592395,1.309722
1.593691,1.301020
1.595111,1.292317
1.596656,1.283615
1.598325,1.274912
1.600119,1.266210
1.602040,1.257507
1.604088,1.248805
1.606263,1.240102
1.608567,1.231400
1.611001,1.222697
1.613565,1.213995
1.616260,1.205292
1.619088,1.196590
1.622049,1.187888
1.625146,1.179185
1.628378,1.170483
1.631748,1.161780
1.635257,1.153078
1.638906,1.144375
1.642696,1.135673
1.646630,1.126970
1.650709,1.118268
1.654934,1.109565
1.659308,1.100863
1.663831,1.092160
1.668508,1.083458
1.673338,1.074755
1.678324,1.066053
1.683469,1.057350
1.688774,1.048648
1.694243,1.039945
1.699877,1.031243
1.705678,1.022541
1.711651,1.013838
1.761116,1.005136
1.767597,0.996433
1.817905,0.987731
1.824925,0.979028
1.854131,0.970326
1.861632,0.961623
1.869337,0.952921
1.944050,0.944218
1.997189,0.935516
2.006023,0.926813
6.482672,0.918111
6.512603,0.909408
6.543312,0.900706
6.574815,0.892003
6.607129,0.883301
6.640270,0.874598
6.674255,0.865896
6.709105,0.857194
6.744836,0.848491
6.781469,0.839789
6.819025,0.831086
6.857523,0.822384
6.896988,0.813681
6.937440,0.804979
6.978905,0.796276
7.021406,0.787574
7.064969,0.778871
7.109621,0.770169
7.155389,0.761466
7.202302,0.752764
7.250391,0.744061
7.299685,0.735359
7.350218,0.726656
7.402023,0.717954
7.455135,0.709251
7.509591,0.700549
7.565429,0.691847
7.622688,0.683144
7.681410,0.674442
7.741638,0.665739
4.698332,0.387260
4.579356,0.378558
4.531929,0.369855
4.508533,0.361153
4.485717,0.352450
4.463470,0.343748
4.441778,0.335045
4.420630,0.326343
4.400017,0.317640
4.379928,0.308938
4.360351,0.300235
4.341278,0.291533
4.322699,0.282830
4.304604,0.274128
4.286985,0.265425
4.269835,0.256723
4.253142,0.248020
4.236902,0.239318
4.221106,0.230615
4.205745,0.221913
4.190814,0.213211
4.176306,0.204508
4.162214,0.195806
4.148531,0.187103
4.156525,0.178401
4.143578,0.169698
4.131024,0.160996
4.118859,0.152293
4.107077,0.143591
4.137597,0.134888
4.126453,0.126186
4.115683,0.117483
4.146876,0.108781
4.136735,0.100078
4.126957,0.091376
4.117538,0.082673
4.108474,0.073971
4.099761,0.065269
4.091396,0.056566
4.083376,0.047864
4.096138,0.039161
4.129568,0.030459
4.142825,0.021756
4.176689,0.013054
4.231065,0.004351
4.305871,-0.004351
4.380787,-0.013054
4.556922,-0.021756
4.773335,-0.030459
5.191276,-0.039161
5.487781,-0.047864
6.045718,-0.056566
7.684621,-0.317640
7.250571,-0.326343
6.893518,-0.335045
6.550569,-0.343748
6.232569,-0.352450
5.877280,-0.361153
5.724240,-0.369855
5.714258,-0.378558
5.725166,-0.387260
5.736553,-0.395963
5.707275,-0.404665
5.719547,-0.413367
5.732309,-0.422070
5.745567,-0.430772
5.759326,-0.439475
5.773592,-0.448177
5.788371,-0.456880
5.803668,-0.465582
5.819491,-0.474285
5.835846,-0.482987
5.852741,-0.491690
5.870181,-0.500392
5.888176,-0.509095
5.906733,-0.517797
5.925859,-0.526500
5.945564,-0.535202
5.965857,-0.543905
3.375262,-0.552607
3.345630,-0.561310
3.286165,-0.570012
3.206702,-0.578714
3.167376,-0.587417
3.136134,-0.596119
3.084446,-0.604822
3.011952,-0.613524
2.918284,-0.622227
2.870181,-0.630929
2.824136,-0.639632
2.779118,-0.648334
2.735063,-0.657037
2.695651,-0.665739
2.594818,-0.674442
2.584574,-0.683144
2.573658,-0.691847
2.518339,-0.700549
2.480438,-0.709252
2.372693,-0.717954
2.335540,-0.726657
2.309211,-0.735359
2.273790,-0.744061
2.238793,-0.752764
2.216786,-0.761466
2.183285,-0.770169
2.174549,-0.778871
2.141827,-0.787574
2.124910,-0.796276
2.143247,-0.804979
2.137392,-0.813681
2.106846,-0.822384
2.101897,-0.831086
2.097469,-0.839789
2.067790,-0.848491
2.064195,-0.857194
2.087231,-0.865896
2.058480,-0.874599
2.053238,-0.883301
2.054700,-0.892003
2.031388,-0.900706
2.047598,-0.909408
2.036847,-0.918111
2.026075,-0.926813
2.043118,-0.935516
2.032531,-0.944218
2.047714,-0.952921
2.049597,-0.961623
2.079718,-0.970326
2.082313,-0.979028
2.060134,-0.987731
2.064412,-0.996433
2.096057,-1.005136
2.101105,-1.013838
2.137189,-1.022541
2.143562,-1.031243
2.176542,-1.039946
2.209681,-1.048648
2.217297,-1.057350
2.257662,-1.066053
2.266781,-1.074755
2.301684,-1.083458
2.336870,-1.092160
2.356340,-1.100863
2.392896,-1.109565
2.405280,-1.118268
2.442761,-1.126970
2.480674,-1.135673
2.475140,-1.144375
2.546311,-1.153078
2.562657,-1.161780
2.603544,-1.170483
2.645049,-1.179185
2.655267,-1.187888
2.675754,-1.196590
2.720438,-1.205293
2.765932,-1.213995
2.812290,-1.222697
2.859567,-1.231400
2.904362,-1.240102
2.931930,-1.248805
2.983368,-1.257507
3.036010,-1.266210
3.112266,-1.274912
3.145223,-1.283615
3.204268,-1.292317
3.263622,-1.301020
3.324667,-1.309722
3.387516,-1.318425
3.474092,-1.327127
3.540855,-1.335830
3.618993,-1.344532
3.691630,-1.353235
3.766863,-1.361937
3.866297,-1.370639
3.920262,-1.379342
4.052710,-1.388044
4.136847,-1.396747
4.166530,-1.405449
4.158593,-1.414152
4.155775,-1.422854
4.221325,-1.431557
4.216428,-1.440259
4.286176,-1.448962
4.297433,-1.457664
4.370477,-1.466367
4.410257,-1.475069
4.412925,-1.483772
4.423817,-1.492474
4.517243,-1.501177
4.528546,-1.509879
4.560628,-1.518582
4.592933,-1.527284
4.605064,-1.535986
4.719348,-1.544689
4.752264,-1.553391
4.785436,-1.562094
4.818871,-1.570796
