scan.pos:-2.758091,1.310669,1.7352505.313600,1.562094
5.306118,1.553391
5.299060,1.544689
5.292423,1.535986
5.286204,1.527284
5.280403,1.518581
5.275014,1.509879
5.270038,1.501177
5.265472,1.492474
5.261314,1.483772
5.257563,1.475069
5.254217,1.466367
5.251275,1.457664
5.248735,1.448962
5.246598,1.440259
5.244861,1.431557
5.243525,1.422854
5.242589,1.414152
5.242052,1.405449
5.241914,1.396747
5.242175,1.388044
5.242836,1.379342
5.243896,1.370639
5.245357,1.361937
5.247217,1.353234
5.249479,1.344532
5.252144,1.335830
5.255211,1.327127
5.258682,1.318425
5.262560,1.309722
5.266844,1.301020
5.271537,1.292317
5.276640,1.283615
5.282157,1.274912
5.288087,1.266210
5.294436,1.257507
5.301203,1.248805
5.308392,1.240102
5.316006,1.231400
5.324049,1.222697
5.332521,1.213995
5.341429,1.205292
5.350775,1.196590
5.360562,1.187888
5.370795,1.179185
5.381478,1.170483
5.392615,1.161780
5.404210,1.153078
5.416269,1.144375
5.428796,1.135673
5.441796,1.126970
5.455276,1.118268
5.469239,1.109565
5.483694,1.100863
5.498644,1.092160
5.514098,1.083458
5.530060,1.074755
5.546539,1.066053
5.563542,1.057350
5.581076,1.048648
5.599148,1.039945
5.617766,1.031243
5.636940,1.022541
5.656677,1.013838
5.676987,1.005136
5.697879,0.996433
5.719362,0.987731
5.741446,0.979028
2.057683,0.970326
1.978484,0.961623
1.943915,0.952921
1.909946,0.944218
1.876556,0.935516
1.844621,0.926813
1.813140,0.918111
1.784922,0.909408
1.755145,0.900706
1.725707,0.892003
1.696579,0.883301
1.674054,0.874598
1.646299,0.865896
1.618765,0.857194
1.591430,0.848491
1.573820,0.839789
1.571333,0.831086
1.545374,0.822384
1.507371,0.813681
1.506376,0.804979
1.481445,0.796276
1.456569,0.787574
1.446535,0.778871
1.422444,0.770169
1.398356,0.761466
1.391219,0.752764
1.367806,0.744061
1.369756,0.735359
1.339928,0.726656
1.342813,0.717954
1.320035,0.709251
1.318375,0.700549
1.296103,0.691847
1.273711,0.683144
1.274522,0.674442
1.252564,0.665739
1.228051,0.657037
1.261028,0.648334
1.239511,0.639632
1.244737,0.630929
1.223568,0.622227
1.227760,0.613524
1.217213,0.604822
1.206937,0.596119
1.196923,0.587417
1.187164,0.578714
1.177651,0.570012
1.168378,0.561309
1.159338,0.552607
1.150523,0.543905
1.141928,0.535202
1.159624,0.526500
1.177151,0.517797
1.168811,0.509095
1.160676,0.500392
1.152740,0.491690
1.158433,0.482987
1.150793,0.474285
1.143339,0.465582
1.136067,0.456880
1.128973,0.448177
1.146443,0.439475
1.139544,0.430772
1.156915,0.422070
1.150208,0.413367
1.143665,0.404665
1.137282,0.395962
1.131056,0.387260
1.124983,0.378558
1.119060,0.369855
1.113282,0.361153
1.107648,0.352450
1.102155,0.343748
1.096799,0.335045
1.091577,0.326343
1.086487,0.317640
1.081526,0.308938
1.076692,0.300235
1.071982,0.291533
1.067395,0.282830
1.062927,0.274128
1.058576,0.265425
1.054341,0.256723
1.050219,0.248020
1.046209,0.239318
1.042308,0.230615
1.038516,0.221913
1.056388,0.213211
1.052731,0.204508
1.049178,0.195806
1.045729,0.187103
1.042382,0.178401
1.039135,0.169698
1.035987,0.160996
1.054016,0.152293
1.072021,0.143591
1.069045,0.134888
1.066166,0.126186
1.063383,0.117483
1.060695,0.108781
1.078848,0.100078
1.076298,0.091376
1.094492,0.082673
1.112689,0.073971
1.110329,0.065269
1.108063,0.056566
1.105891,0.047864
1.124252,0.039161
1.163036,0.030459
1.161033,0.021756
1.159125,0.013054
1.238526,0.004351
1.297506,-0.004351
1.315924,-0.013054
1.314173,-0.021756
1.312528,-0.030459
1.331154,-0.039161
1.410281,-0.047864
1.549726,-0.056566
1.648801,-0.065269
1.828181,-0.073971
2.007404,-0.082674
2.266749,-0.091376
2.525917,-0.100078
2.945253,-0.108781
6.297521,-0.117483
6.675296,-0.126186
6.673087,-0.134888
6.671387,-0.143591
6.670196,-0.152293
6.669512,-0.160996
6.669337,-0.169698
6.669670,-0.178401
6.670510,-0.187103
6.671859,-0.195806
6.673717,-0.204508
6.676085,-0.213211
6.678963,-0.221913
6.682353,-0.230616
6.686255,-0.239318
6.690672,-0.248021
6.695605,-0.256723
6.701056,-0.265425
6.707027,-0.274128
6.713521,-0.282830
6.720539,-0.291533
6.728085,-0.300235
6.736161,-0.308938
6.744771,-0.317640
6.753918,-0.326343
6.763606,-0.335045
6.773838,-0.343748
6.784618,-0.352450
6.795952,-0.361153
6.807842,-0.369855
6.820295,-0.378558
6.833314,-0.387260
6.846906,-0.395963
6.861075,-0.404665
6.875828,-0.413367
6.891171,-0.422070
6.907109,-0.430772
6.923650,-0.439475
6.940800,-0.448177
6.958566,-0.456880
6.976956,-0.465582
6.995978,-0.474285
7.015639,-0.482987
7.035949,-0.491690
7.056915,-0.500392
4.914086,-0.509095
4.803431,-0.517797
4.782791,-0.526500
4.745519,-0.535202
4.476047,-0.543905
4.381701,-0.552607
4.290758,-0.561310
4.202989,-0.570012
4.118183,-0.578714
4.036146,-0.587417
3.956700,-0.596119
3.879680,-0.604822
3.827106,-0.613524
3.754586,-0.622227
3.684068,-0.630929
3.615433,-0.639632
3.548565,-0.648334
3.506026,-0.657037
3.442489,-0.665739
3.380424,-0.674442
3.342741,-0.683144
3.269586,-0.691847
3.248676,-0.700549
3.191919,-0.709252
3.136251,-0.717954
3.105212,-0.726657
3.051662,-0.735359
3.070625,-0.744061
3.091263,-0.752764
3.089407,-0.761466
3.113188,-0.770169
3.138583,-0.778871
3.140991,-0.787574
3.144679,-0.796276
3.149631,-0.804979
3.155829,-0.813681
3.166231,-0.822384
3.187758,-0.831086
3.209826,-0.839789
3.232449,-0.848491
3.255643,-0.857194
3.279424,-0.865896
3.303808,-0.874599
3.328813,-0.883301
3.354457,-0.892003
3.380758,-0.900706
3.407737,-0.909408
3.435413,-0.918111
3.463809,-0.926813
3.492946,-0.935516
3.522848,-0.944218
3.550555,-0.952921
3.562805,-0.961623
3.603645,-0.970326
3.644858,-0.979028
3.659165,-0.987731
3.701437,-0.996433
3.744173,-1.005136
3.787402,-1.013838
3.808755,-1.022541
3.853783,-1.031243
3.899408,-1.039946
3.919777,-1.048648
3.966892,-1.057350
4.014715,-1.066053
4.063287,-1.074755
4.112650,-1.083458
4.171125,-1.092160
4.197906,-1.100863
4.250638,-1.109565
4.304356,-1.118268
4.359113,-1.126970
4.414964,-1.135673
4.471969,-1.144375
4.530190,-1.153078
4.708822,-1.161780
4.782615,-1.170483
4.835582,-1.179185
6.795320,-1.448962
6.653356,-1.457664
6.595592,-1.466367
6.559303,-1.475069
6.503031,-1.483772
6.468111,-1.492474
6.413271,-1.501177
6.297587,-1.509879
6.264762,-1.518582
6.212099,-1.527284
6.160101,-1.535986
6.129124,-1.544689
6.058046,-1.553391
2.008129,-1.562094
2.005145,-1.570796
