scan.pos:-0.973143,7.158060,0.2852500.875373,1.562094
0.873171,1.553391
0.871047,1.544689
0.869000,1.535986
0.867028,1.527284
0.865130,1.518581
0.863306,1.509879
0.861556,1.501177
0.859878,1.492474
0.858271,1.483772
0.856736,1.475069
0.855271,1.466367
0.853877,1.457664
0.852551,1.448962
0.851295,1.440259
0.850106,1.431557
0.848986,1.422854
0.847933,1.414152
0.846947,1.405449
0.846028,1.396747
0.845175,1.388044
0.844388,1.379342
0.843666,1.370639
0.843010,1.361937
0.842420,1.353234
0.841894,1.344532
0.841432,1.335830
0.841036,1.327127
0.840703,1.318425
0.840435,1.309722
0.840231,1.301020
0.840091,1.292317
0.840015,1.283615
0.840003,1.274912
0.840055,1.266210
0.840171,1.257507
0.840351,1.248805
0.840595,1.240102
0.840904,1.231400
0.841276,1.222697
0.841713,1.213995
0.842215,1.205292
0.842782,1.196590
0.843413,1.187888
0.844110,1.179185
0.844872,1.170483
0.845701,1.161780
0.846595,1.153078
0.847556,1.144375
0.848584,1.135673
0.849679,1.126970
0.850842,1.118268
0.852073,1.109565
0.853372,1.100863
0.854741,1.092160
0.856179,1.083458
0.857688,1.074755
0.859268,1.066053
0.860919,1.057350
0.862642,1.048648
0.864438,1.039945
0.866308,1.031243
0.868252,1.022541
0.870272,1.013838
0.872367,1.005136
0.874539,0.996433
0.876789,0.987731
0.879118,0.979028
0.881526,0.970326
0.884016,0.961623
0.886586,0.952921
0.889240,0.944218
0.891978,0.935516
0.894802,0.926813
0.897711,0.918111
0.900709,0.909408
0.903795,0.900706
0.906973,0.892003
0.910242,0.883301
0.913605,0.874598
0.917062,0.865896
0.920617,0.857194
0.924269,0.848491
0.928022,0.839789
0.931877,0.831086
0.935835,0.822384
0.939899,0.813681
0.944070,0.804979
0.948352,0.796276
0.952745,0.787574
0.957252,0.778871
0.961876,0.770169
0.966619,0.761466
0.971483,0.752764
0.955476,0.744061
0.960481,0.735359
0.965612,0.726656
0.970873,0.717954
0.976266,0.709251
0.981795,0.700549
0.987462,0.691847
0.993271,0.683144
0.999225,0.674442
1.005328,0.665739
1.011584,0.657037
1.017996,0.648334
1.024568,0.639632
1.031305,0.630929
1.038211,0.622227
1.045289,0.613524
1.052546,0.604822
1.059985,0.596119
1.067613,0.587417
1.075433,0.578714
1.083452,0.570012
1.091675,0.561309
1.100108,0.552607
1.108758,0.543905
1.117630,0.535202
1.126733,0.526500
1.136071,0.517797
1.145654,0.509095
1.155489,0.500392
1.160952,0.491690
1.156501,0.482987
1.180040,0.474285
1.175878,0.465582
1.201388,0.456880
1.198024,0.448177
1.221771,0.439475
1.218725,0.430772
1.246526,0.422070
1.244323,0.413367
1.268440,0.404665
1.292456,0.395962
1.296915,0.387260
1.295976,0.378558
1.320652,0.369855
1.345281,0.361153
1.344886,0.352450
1.378544,0.343748
1.379168,0.335045
1.404635,0.326343
1.430131,0.317640
1.431450,0.308938
1.469028,0.300235
1.471523,0.291533
1.498200,0.282830
1.524997,0.274128
1.528390,0.265425
1.570644,0.256723
1.575431,0.248020
1.603847,0.239318
1.632499,0.230615
1.661408,0.221913
1.690603,0.213211
1.716786,0.204508
1.747534,0.195806
1.778672,0.187103
1.787816,0.178401
1.842247,0.169698
1.852533,0.160996
1.888129,0.152293
1.922892,0.143591
1.980253,0.134888
2.016275,0.126186
2.053051,0.117483
2.090639,0.108781
2.138463,0.100078
2.179164,0.091376
2.242404,0.082673
2.285250,0.073971
2.329341,0.065269
2.396040,0.056566
2.460854,0.047864
2.510930,0.039161
2.583874,0.030459
2.658649,0.021756
2.714485,0.013054
2.814438,0.004351
2.895872,-0.004351
2.970088,-0.013054
3.080439,-0.021756
3.173435,-0.030459
3.270242,-0.039161
3.412486,-0.047864
3.518178,-0.056566
3.670200,-0.065269
3.798739,-0.073971
3.946824,-0.082674
4.143602,-0.091376
4.308528,-0.100078
4.544795,-0.108781
4.752222,-0.117483
5.034286,-0.126186
5.300556,-0.134888
5.585176,-0.143591
5.974329,-0.152293
6.351636,-0.160996
6.844428,-0.169698
7.360158,-0.178401
2.144584,-0.735359
2.159642,-0.744061
2.116127,-0.752764
2.028482,-0.761466
2.008939,-0.770169
1.876894,-0.778871
1.767445,-0.787574
1.731398,-0.796276
1.715022,-0.804979
1.699369,-0.813681
1.661160,-0.822384
1.646743,-0.831086
1.618348,-0.839789
1.605833,-0.848491
1.570135,-0.857194
1.558610,-0.865896
1.523585,-0.874599
1.512957,-0.883301
1.491962,-0.892003
1.482883,-0.900706
1.449640,-0.909408
1.441291,-0.918111
1.424792,-0.926813
1.392728,-0.935516
1.385980,-0.944218
1.379610,-0.952921
1.323005,-0.961623
1.336290,-0.970326
1.331333,-0.979028
1.326712,-0.987731
1.296058,-0.996433
1.288064,-1.005136
1.284716,-1.013838
1.254695,-1.022541
1.251740,-1.031243
1.247255,-1.039946
1.217738,-1.048648
1.215918,-1.057350
1.214378,-1.066053
1.210182,-1.074755
1.199815,-1.083458
1.189713,-1.092160
1.179869,-1.100863
1.170275,-1.109565
1.160924,-1.118268
1.151808,-1.126970
1.142920,-1.135673
1.134254,-1.144375
1.125804,-1.153078
1.117563,-1.161780
1.109526,-1.170483
1.101686,-1.179185
1.094040,-1.187888
1.086581,-1.196590
1.079305,-1.205293
1.072207,-1.213995
1.065282,-1.222697
1.058526,-1.231400
1.051935,-1.240102
1.045504,-1.248805
1.039230,-1.257507
1.033110,-1.266210
1.027138,-1.274912
1.021313,-1.283615
1.015630,-1.292317
1.010087,-1.301020
1.004680,-1.309722
0.999407,-1.318425
0.994263,-1.327127
0.989248,-1.335830
0.984357,-1.344532
0.979588,-1.353235
0.974940,-1.361937
0.970409,-1.370639
0.965993,-1.379342
0.961690,-1.388044
0.957498,-1.396747
0.953414,-1.405449
0.949437,-1.414152
0.945565,-1.422854
0.941796,-1.431557
0.938127,-1.440259
0.934559,-1.448962
0.931087,-1.457664
0.908186,-1.466367
0.904975,-1.475069
0.901854,-1.483772
0.920224,-1.492474
0.938542,-1.501177
0.935551,-1.509879
0.932649,-1.518582
0.929836,-1.527284
0.927110,-1.535986
0.924470,-1.544689
0.921916,-1.553391
0.919445,-1.562094
0.917057,-1.570796
