scan.pos:-3.319242,5.626193,-2.6147504.750345,1.562094
4.772576,1.553391
4.817857,1.544689
4.895335,1.535986
4.974373,1.527284
5.100093,1.518581
5.182052,1.509879
5.288122,1.501177
5.328981,1.492474
5.416574,1.483772
5.506268,1.475069
5.575755,1.466367
5.736386,1.457664
5.811272,1.448962
5.867313,1.440259
5.991645,1.431557
1.270354,1.318425
1.204871,1.309722
1.201971,1.301020
1.199177,1.292317
1.155228,1.283615
1.132144,1.274912
1.129787,1.266210
1.127524,1.257507
1.084435,1.248805
1.082436,1.240102
1.080527,1.231400
1.078706,1.222697
1.076974,1.213995
1.075329,1.205292
1.033251,1.196590
1.031834,1.187888
1.030499,1.179185
1.029246,1.170483
1.028075,1.161780
1.026984,1.153078
1.025974,1.144375
1.025043,1.135673
1.024192,1.126970
1.023421,1.118268
1.022728,1.109565
1.022114,1.100863
1.021579,1.092160
1.021122,1.083458
1.020743,1.074755
1.020442,1.066053
1.020218,1.057350
1.020073,1.048648
1.020005,1.039945
1.020015,1.031243
1.020103,1.022541
1.020268,1.013838
1.020512,1.005136
1.020833,0.996433
1.021232,0.987731
1.021709,0.979028
1.022264,0.970326
1.022898,0.961623
1.023611,0.952921
1.024403,0.944218
1.025274,0.935516
1.026225,0.926813
1.027256,0.918111
1.028368,0.909408
1.029560,0.900706
1.030834,0.892003
1.032189,0.883301
1.033628,0.874598
1.035149,0.865896
1.036753,0.857194
1.038442,0.848491
1.040215,0.839789
1.042074,0.831086
1.044020,0.822384
1.046052,0.813681
1.048173,0.804979
1.050382,0.796276
1.052681,0.787574
1.055070,0.778871
1.057551,0.770169
1.060125,0.761466
1.062792,0.752764
1.065554,0.744061
1.068413,0.735359
1.071368,0.726656
1.074422,0.717954
1.077575,0.709251
1.080830,0.700549
1.084187,0.691847
1.087648,0.683144
1.091215,0.674442
1.094889,0.665739
1.098671,0.657037
1.102564,0.648334
1.106570,0.639632
1.154246,0.630929
1.158647,0.622227
1.163171,0.613524
1.167820,0.604822
1.172596,0.596119
1.177501,0.587417
1.182538,0.578714
1.187709,0.570012
1.193017,0.561309
1.243688,0.552607
1.249488,0.543905
1.255439,0.535202
1.261542,0.526500
1.267803,0.517797
1.297391,0.509095
1.304094,0.500392
1.310968,0.491690
1.318015,0.482987
1.325240,0.474285
1.332647,0.465582
1.340239,0.456880
1.348022,0.448177
1.355999,0.439475
1.364176,0.430772
1.372558,0.422070
1.381148,0.413367
1.389954,0.404665
1.398980,0.395962
1.408231,0.387260
1.417715,0.378558
1.478416,0.369855
1.488738,0.361153
1.499320,0.352450
1.510170,0.343748
1.521294,0.335045
1.532701,0.326343
1.544399,0.317640
1.556396,0.308938
1.568702,0.300235
1.581325,0.291533
1.594275,0.282830
1.607562,0.274128
1.621198,0.265425
1.635192,0.256723
1.631567,0.248020
1.645557,0.239318
1.697358,0.230615
1.713278,0.221913
1.734688,0.213211
1.753432,0.204508
1.773114,0.195806
1.797547,0.187103
1.819663,0.178401
1.816595,0.169698
1.840916,0.160996
1.877975,0.152293
1.873448,0.143591
1.901667,0.134888
5.914721,0.126186
5.875337,0.117483
5.836917,0.108781
5.799434,0.100078
5.762866,0.091376
5.727190,0.082673
5.692383,0.073971
5.658425,0.065269
5.625296,0.056566
5.592976,0.047864
5.561446,0.039161
5.530689,0.030459
5.500687,0.021756
5.471422,0.013054
5.442880,0.004351
5.415044,-0.004351
5.387900,-0.013054
5.361433,-0.021756
5.335629,-0.030459
5.310474,-0.039161
5.285956,-0.047864
5.262063,-0.056566
5.238781,-0.065269
5.216101,-0.073971
5.194010,-0.082674
5.172497,-0.091376
5.151552,-0.100078
5.131166,-0.108781
5.111328,-0.117483
5.092029,-0.126186
5.073260,-0.134888
5.055012,-0.143591
5.037278,-0.152293
5.020048,-0.160996
5.003316,-0.169698
4.987073,-0.178401
4.971313,-0.187103
4.956028,-0.195806
4.941213,-0.204508
4.926859,-0.213211
4.912962,-0.221913
4.899515,-0.230616
4.886513,-0.239318
4.873950,-0.248021
4.861820,-0.256723
4.850119,-0.265425
4.838841,-0.274128
4.827983,-0.282830
4.817540,-0.291533
4.807507,-0.300235
4.797881,-0.308938
4.788656,-0.317640
4.779831,-0.326343
4.771400,-0.335045
4.763362,-0.343748
4.755712,-0.352450
4.748447,-0.361153
4.741566,-0.369855
4.735064,-0.378558
4.728940,-0.387260
4.723190,-0.395963
4.717814,-0.404665
4.712808,-0.413367
4.708171,-0.422070
4.703901,-0.430772
4.699996,-0.439475
4.696456,-0.448177
4.693277,-0.456880
4.690461,-0.465582
4.688004,-0.474285
4.685906,-0.482987
4.684167,-0.491690
4.682786,-0.500392
4.681761,-0.509095
4.681094,-0.517797
4.680783,-0.526500
4.680829,-0.535202
4.681231,-0.543905
4.681990,-0.552607
4.683105,-0.561310
4.684579,-0.570012
4.686410,-0.578714
4.688600,-0.587417
4.691149,-0.596119
4.694058,-0.604822
4.697330,-0.613524
4.700963,-0.622227
4.704962,-0.630929
4.709326,-0.639632
4.714057,-0.648334
4.719158,-0.657037
4.724630,-0.665739
4.730475,-0.674442
4.736696,-0.683144
4.743295,-0.691847
4.750275,-0.700549
4.757638,-0.709252
4.765387,-0.717954
4.773526,-0.726657
4.782057,-0.735359
4.790985,-0.744061
4.800312,-0.752764
4.810042,-0.761466
4.820180,-0.770169
4.830729,-0.778871
4.841695,-0.787574
4.853080,-0.796276
4.864891,-0.804979
4.877131,-0.813681
2.402721,-0.822384
2.304419,-0.831086
2.247772,-0.839789
2.212044,-0.848491
2.155150,-0.857194
2.098081,-0.865896
2.040823,-0.874599
2.004685,-0.883301
1.947070,-0.892003
1.910688,-0.900706
1.852661,-0.909408
1.837607,-0.918111
1.779191,-0.926813
1.742257,-0.935516
1.705179,-0.944218
1.689890,-0.952921
1.652576,-0.961623
1.615085,-0.970326
1.577407,-0.979028
1.561843,-0.987731
1.523853,-0.996433
1.508153,-1.005136
1.469814,-1.013838
1.453950,-1.022541
1.438048,-1.031243
1.422102,-1.039946
1.383058,-1.048648
1.366894,-1.057350
1.350669,-1.066053
1.334378,-1.074755
1.318015,-1.083458
1.301575,-1.092160
1.285052,-1.100863
1.268440,-1.109565
1.251734,-1.118268
1.234928,-1.126970
1.218014,-1.135673
1.200988,-1.144375
1.183841,-1.153078
1.166568,-1.161780
1.149162,-1.170483
1.131614,-1.179185
1.113919,-1.187888
1.121557,-1.196590
1.103720,-1.205293
1.085715,-1.213995
1.067534,-1.222697
1.075398,-1.231400
1.057035,-1.240102
1.038475,-1.248805
1.046542,-1.257507
1.027770,-1.266210
1.008776,-1.274912
1.017038,-1.283615
0.997797,-1.292317
0.978309,-1.301020
0.986754,-1.309722
0.984566,-1.318425
0.976178,-1.327127
0.968004,-1.335830
0.960038,-1.344532
0.952275,-1.353235
0.944707,-1.361937
0.937330,-1.370639
0.930137,-1.379342
0.923123,-1.388044
0.916284,-1.396747
0.909614,-1.405449
0.903109,-1.414152
0.896764,-1.422854
0.890575,-1.431557
0.884537,-1.440259
0.878647,-1.448962
0.872902,-1.457664
0.867296,-1.466367
0.861827,-1.475069
0.856492,-1.483772
0.851287,-1.492474
0.846209,-1.501177
0.841254,-1.509879
0.836421,-1.518582
0.831706,-1.527284
0.827106,-1.535986
0.822619,-1.544689
0.818243,-1.553391
0.813974,-1.562094
0.809811,-1.570796
