scan.pos:0.072859,7.172955,0.4352500.904314,1.562094
0.900694,1.553391
0.897170,1.544689
0.893742,1.535986
0.890407,1.527284
0.887164,1.518581
0.884012,1.509879
0.880950,1.501177
0.877975,1.492474
0.875086,1.483772
0.872283,1.475069
0.869563,1.466367
0.866926,1.457664
0.864371,1.448962
0.861896,1.440259
0.859501,1.431557
0.857184,1.422854
0.854945,1.414152
0.852781,1.405449
0.850694,1.396747
0.848681,1.388044
0.846742,1.379342
0.844876,1.370639
0.843082,1.361937
0.841360,1.353234
0.839708,1.344532
0.838127,1.335830
0.836615,1.327127
0.835172,1.318425
0.833798,1.309722
0.832491,1.301020
0.831252,1.292317
0.830080,1.283615
0.828973,1.274912
0.827933,1.266210
0.826958,1.257507
0.826049,1.248805
0.825204,1.240102
0.824423,1.231400
0.823707,1.222697
0.823055,1.213995
0.822466,1.205292
0.821941,1.196590
0.821478,1.187888
0.821079,1.179185
0.820743,1.170483
0.820469,1.161780
0.820258,1.153078
0.820110,1.144375
0.820024,1.135673
0.820000,1.126970
0.820039,1.118268
0.820141,1.109565
0.820305,1.100863
0.820531,1.092160
0.820820,1.083458
0.821172,1.074755
0.821587,1.066053
0.822065,1.057350
0.822606,1.048648
0.823211,1.039945
0.823879,1.031243
0.824611,1.022541
0.825407,1.013838
0.826268,1.005136
0.827194,0.996433
0.828185,0.987731
0.829242,0.979028
0.830364,0.970326
0.831553,0.961623
0.832809,0.952921
0.834133,0.944218
0.835524,0.935516
0.836984,0.926813
0.838513,0.918111
0.840111,0.909408
0.841780,0.900706
0.843520,0.892003
0.845332,0.883301
0.847216,0.874598
0.849173,0.865896
0.851205,0.857194
0.853311,0.848491
0.855493,0.839789
0.857752,0.831086
0.860088,0.822384
0.862503,0.813681
0.864997,0.804979
0.867573,0.796276
0.870230,0.787574
0.872970,0.778871
0.875795,0.770169
0.878704,0.761466
0.881701,0.752764
0.884786,0.744061
0.887960,0.735359
0.891225,0.726656
0.894583,0.717954
0.898035,0.709251
0.901582,0.700549
0.905227,0.691847
0.908971,0.683144
0.912816,0.674442
0.916764,0.665739
0.920816,0.657037
0.924975,0.648334
0.929243,0.639632
0.933622,0.630929
0.938114,0.622227
0.942721,0.613524
0.947447,0.604822
0.952293,0.596119
0.957262,0.587417
0.962358,0.578714
0.967581,0.570012
0.972936,0.561309
0.978426,0.552607
0.984054,0.543905
0.989822,0.535202
0.995735,0.526500
1.001795,0.517797
1.008007,0.509095
1.014374,0.500392
1.020900,0.491690
1.027590,0.482987
1.034447,0.474285
1.041476,0.465582
1.048682,0.456880
1.056069,0.448177
1.063643,0.439475
1.071408,0.430772
1.079370,0.422070
1.087535,0.413367
1.095908,0.404665
1.104496,0.395962
1.113305,0.387260
1.122342,0.378558
1.131614,0.369855
1.141127,0.361153
1.150891,0.352450
1.158402,0.343748
1.148445,0.335045
1.166519,0.326343
1.184379,0.317640
1.174717,0.308938
1.192399,0.300235
1.209891,0.291533
1.211170,0.282830
1.228619,0.274128
1.224182,0.265425
1.242015,0.256723
1.259699,0.248020
1.257639,0.239318
1.275756,0.230615
1.300921,0.221913
1.319340,0.213211
1.320895,0.204508
1.339840,0.195806
1.358707,0.187103
1.387450,0.178401
1.382371,0.169698
1.401794,0.160996
1.432898,0.152293
1.452872,0.143591
1.461964,0.134888
1.482711,0.126186
1.503485,0.117483
1.539204,0.108781
1.560750,0.100078
1.582376,0.091376
1.598012,0.082673
1.620688,0.073971
1.643503,0.065269
1.662983,0.056566
1.709667,0.047864
1.733821,0.039161
1.757488,0.030459
1.783102,0.021756
1.831260,0.013054
1.857414,0.004351
1.887249,-0.004351
1.937205,-0.013054
1.965560,-0.021756
2.001092,-0.030459
2.053384,-0.039161
2.084494,-0.047864
2.126677,-0.056566
2.181990,-0.065269
2.237983,-0.073971
2.294730,-0.082674
2.347131,-0.091376
2.386061,-0.100078
2.468488,-0.108781
2.530881,-0.117483
2.596475,-0.126186
2.663597,-0.134888
2.732402,-0.143591
2.811182,-0.152293
2.907000,-0.160996
3.005112,-0.169698
3.085080,-0.178401
3.206903,-0.187103
3.316607,-0.195806
3.450648,-0.204508
3.568325,-0.213211
3.701715,-0.221913
3.874442,-0.230616
4.033081,-0.239318
4.222952,-0.248021
4.402417,-0.256723
4.612377,-0.265425
4.874670,-0.274128
5.137661,-0.282830
5.457816,-0.291533
5.777997,-0.300235
6.203282,-0.308938
6.622251,-0.317640
7.166981,-0.326343
7.719515,-0.335045
6.945895,-1.153078
6.820100,-1.161780
1.646625,-1.170483
1.625468,-1.179185
1.547563,-1.187888
1.553873,-1.196590
1.531768,-1.205293
1.510957,-1.213995
1.515747,-1.222697
1.502720,-1.231400
1.406703,-1.240102
1.395026,-1.248805
1.329007,-1.257507
1.318352,-1.266210
1.307966,-1.274912
1.297840,-1.283615
1.287967,-1.292317
1.278339,-1.301020
1.268950,-1.309722
1.259794,-1.318425
1.225150,-1.327127
1.216619,-1.335830
1.208296,-1.344532
1.200177,-1.353235
1.192257,-1.361937
1.168427,-1.370639
1.111588,-1.379342
1.104642,-1.388044
1.097866,-1.396747
1.091255,-1.405449
1.084805,-1.414152
1.078512,-1.422854
1.072374,-1.431557
1.066386,-1.440259
1.060544,-1.448962
1.054846,-1.457664
1.002653,-1.466367
0.997474,-1.475069
0.992423,-1.483772
0.987498,-1.492474
0.982696,-1.501177
0.978014,-1.509879
0.973451,-1.518582
0.969003,-1.527284
0.964669,-1.535986
0.960447,-1.544689
0.956333,-1.553391
0.952327,-1.562094
0.948427,-1.570796
