scan.pos:-1.971479,-3.444522,1.5352502.009790,1.562094
1.970452,1.553391
1.951261,1.544689
1.952239,1.535986
1.913267,1.527284
1.874393,1.518581
1.875764,1.509879
1.877279,1.501177
1.878940,1.492474
1.880747,1.483772
1.882701,1.475069
1.884803,1.466367
1.887054,1.457664
1.889454,1.448962
1.892004,1.440259
1.894706,1.431557
1.897560,1.422854
1.900568,1.414152
1.903731,1.405449
1.907049,1.396747
1.910525,1.388044
1.914159,1.379342
1.917954,1.370639
1.921911,1.361937
1.926031,1.353234
1.930315,1.344532
1.934767,1.335830
1.939387,1.327127
1.944178,1.318425
1.949142,1.309722
1.954279,1.301020
1.959594,1.292317
1.965088,1.283615
1.970763,1.274912
1.976622,1.266210
1.982667,1.257507
1.988902,1.248805
1.995328,1.240102
2.001949,1.231400
2.008767,1.222697
2.015786,1.213995
2.023009,1.205292
2.030439,1.196590
2.038079,1.187888
2.045934,1.179185
2.054006,1.170483
2.062300,1.161780
2.070820,1.153078
2.079569,1.144375
2.088552,1.135673
2.097774,1.126970
2.107239,1.118268
2.116951,1.109565
2.126916,1.100863
2.137139,1.092160
2.147625,1.083458
2.158380,1.074755
2.169409,1.066053
2.180717,1.057350
2.192313,1.048648
2.204201,1.039945
2.216388,1.031243
2.228882,1.022541
2.241689,1.013838
2.254817,1.005136
2.268273,0.996433
2.282065,0.987731
2.296203,0.979028
2.310693,0.970326
2.325546,0.961623
2.340770,0.952921
2.356376,0.944218
2.372373,0.935516
2.388772,0.926813
2.405584,0.918111
2.422820,0.909408
2.440491,0.900706
2.458611,0.892003
2.477192,0.883301
2.496248,0.874598
2.515792,0.865896
2.535840,0.857194
2.556405,0.848491
2.577505,0.839789
2.599156,0.831086
2.621375,0.822384
2.642660,0.813681
2.645333,0.804979
2.676399,0.796276
2.707612,0.787574
2.738996,0.778871
2.743460,0.770169
2.778477,0.761466
2.811214,0.752764
2.844209,0.744061
2.877485,0.735359
2.884973,0.726656
2.924635,0.717954
2.959611,0.709251
2.994970,0.700549
3.182946,0.691847
6.367129,0.482987
6.318276,0.474285
6.182063,0.465582
6.157284,0.456880
6.133168,0.448177
6.109703,0.439475
6.086879,0.430772
6.064685,0.422070
6.043111,0.413367
6.022147,0.404665
6.001783,0.395962
5.982011,0.387260
5.962821,0.378558
5.944205,0.369855
5.926155,0.361153
5.908662,0.352450
5.891720,0.343748
5.875321,0.335045
5.859458,0.326343
5.864979,0.317640
5.850115,0.308938
5.835770,0.300235
5.863341,0.291533
5.849920,0.282830
5.878222,0.274128
5.865717,0.265425
5.853711,0.256723
5.842198,0.248020
5.831173,0.239318
5.841039,0.230615
5.830943,0.221913
5.882338,0.213211
5.913709,0.204508
5.985986,0.195806
6.159744,0.187103
6.495254,0.178401
6.850583,0.169698
7.286250,0.160996
7.432841,-0.082674
7.380109,-0.091376
7.368175,-0.100078
7.376973,-0.108781
7.345907,-0.117483
7.355822,-0.126186
7.366326,-0.134888
7.377423,-0.143591
7.389117,-0.152293
7.401412,-0.160996
7.414314,-0.169698
4.800907,-0.178401
4.712171,-0.187103
4.441758,-0.195806
4.221802,-0.204508
4.086543,-0.213211
3.806375,-0.221913
3.711607,-0.230616
3.575161,-0.239318
3.583993,-0.248021
3.530554,-0.256723
3.477106,-0.265425
3.486562,-0.274128
3.433236,-0.282830
3.400963,-0.291533
3.411073,-0.300235
3.379062,-0.308938
3.368399,-0.317640
3.379282,-0.326343
3.390496,-0.335045
3.359041,-0.343748
3.370778,-0.352450
3.382856,-0.361153
3.395280,-0.369855
3.408056,-0.378558
3.421191,-0.387260
3.434689,-0.395963
3.448558,-0.404665
3.462805,-0.413367
3.477435,-0.422070
3.492457,-0.430772
3.507877,-0.439475
3.523704,-0.448177
3.539945,-0.456880
3.556609,-0.465582
3.573703,-0.474285
3.591238,-0.482987
3.609221,-0.491690
3.627664,-0.500392
3.646574,-0.509095
3.665964,-0.517797
3.685843,-0.526500
3.682500,-0.535202
3.703258,-0.543905
3.724536,-0.552607
3.746348,-0.561310
3.768705,-0.570012
3.791621,-0.578714
3.815110,-0.587417
3.839186,-0.596119
3.863863,-0.604822
3.889159,-0.613524
3.915087,-0.622227
3.941666,-0.630929
3.968913,-0.639632
3.996845,-0.648334
4.025482,-0.657037
4.054843,-0.665739
4.084949,-0.674442
4.115822,-0.683144
4.147483,-0.691847
4.179955,-0.700549
4.213264,-0.709252
4.247433,-0.717954
4.282490,-0.726657
4.318462,-0.735359
1.177280,-0.744061
1.175138,-0.752764
1.137005,-0.761466
1.127393,-0.770169
1.118025,-0.778871
1.108896,-0.787574
1.099998,-0.796276
1.091325,-0.804979
1.082868,-0.813681
1.074623,-0.822384
1.066583,-0.831086
1.058743,-0.839789
1.051096,-0.848491
1.043638,-0.857194
1.036364,-0.865896
1.029268,-0.874599
1.022346,-0.883301
1.015593,-0.892003
1.009005,-0.900706
1.002578,-0.909408
0.996307,-0.918111
0.990190,-0.926813
0.984222,-0.935516
0.978399,-0.944218
0.972718,-0.952921
0.967176,-0.961623
0.961770,-0.970326
0.956497,-0.979028
0.951353,-0.987731
0.946335,-0.996433
0.941442,-1.005136
0.936670,-1.013838
0.932016,-1.022541
0.927479,-1.031243
0.923056,-1.039946
0.918745,-1.048648
0.914543,-1.057350
0.910448,-1.066053
0.906458,-1.074755
0.902572,-1.083458
0.898787,-1.092160
0.895101,-1.100863
0.891514,-1.109565
0.888022,-1.118268
0.884624,-1.126970
0.881320,-1.135673
0.878106,-1.144375
0.874983,-1.153078
0.871947,-1.161780
0.868999,-1.170483
0.866136,-1.179185
0.863357,-1.187888
0.860662,-1.196590
0.845910,-1.205293
0.843413,-1.213995
0.840995,-1.222697
0.838654,-1.231400
0.836390,-1.240102
0.834201,-1.248805
0.832087,-1.257507
0.830047,-1.266210
0.828079,-1.274912
0.826184,-1.283615
0.824360,-1.292317
0.822606,-1.301020
0.820922,-1.309722
0.819308,-1.318425
0.817761,-1.327127
0.816283,-1.335830
0.814872,-1.344532
0.813528,-1.353235
0.812250,-1.361937
0.811037,-1.370639
0.809890,-1.379342
0.808808,-1.388044
0.807790,-1.396747
0.806835,-1.405449
0.805945,-1.414152
0.805117,-1.422854
0.804353,-1.431557
0.803651,-1.440259
0.803011,-1.448962
0.802434,-1.457664
0.801918,-1.466367
0.801464,-1.475069
0.801071,-1.483772
0.800740,-1.492474
0.800470,-1.501177
0.800261,-1.509879
0.800113,-1.518582
0.800026,-1.527284
0.800000,-1.535986
0.800035,-1.544689
0.800131,-1.553391
0.800288,-1.562094
0.800506,-1.570796
