scan.pos:-2.763054,1.394727,1.2852505.457950,1.562094
5.472178,1.553391
5.486898,1.544689
5.502118,1.535986
5.517844,1.527284
5.534083,1.518581
5.550842,1.509879
5.568128,1.501177
5.585948,1.492474
5.604311,1.483772
5.623225,1.475069
5.642698,1.466367
5.662740,1.457664
1.952293,1.448962
1.909618,1.440259
1.875696,1.431557
1.842407,1.422854
1.787660,1.414152
1.752980,1.405449
1.722257,1.396747
1.714288,1.388044
1.662076,1.379342
1.656595,1.370639
1.628441,1.361937
1.577850,1.353234
1.572981,1.344532
1.527783,1.335830
1.524445,1.327127
1.498340,1.318425
1.472396,1.309722
1.455007,1.301020
1.430121,1.292317
1.405329,1.283615
1.391374,1.274912
1.367481,1.266210
1.367709,1.257507
1.344017,1.248805
1.334093,1.240102
1.311139,1.231400
1.288162,1.222697
1.281085,1.213995
1.258739,1.205292
1.236327,1.196590
1.231914,1.187888
1.210040,1.179185
1.213746,1.170483
1.191832,1.161780
1.190698,1.153078
1.195475,1.144375
1.174053,1.135673
1.175502,1.126970
1.154466,1.118268
1.157702,1.109565
1.137014,1.100863
1.116126,1.092160
1.121640,1.083458
1.101047,1.074755
1.108438,1.066053
1.103620,1.057350
1.094232,1.048648
1.085084,1.039945
1.076170,1.031243
1.094669,1.022541
1.085984,1.013838
1.104278,1.005136
1.095818,0.996433
1.087569,0.987731
1.098789,0.979028
1.090803,0.970326
1.083015,0.961623
1.075418,0.952921
1.068009,0.944218
1.060780,0.935516
1.053729,0.926813
1.046850,0.918111
1.064904,0.909408
1.082810,0.900706
1.076118,0.892003
1.069589,0.883301
1.063220,0.874598
1.057006,0.865896
1.050943,0.857194
1.045029,0.848491
1.039260,0.839789
1.033633,0.831086
1.028144,0.822384
1.022790,0.813681
1.017569,0.804979
1.012478,0.796276
1.007513,0.787574
1.002674,0.778871
0.997956,0.770169
0.993357,0.761466
0.988876,0.752764
0.984510,0.744061
0.980256,0.735359
0.976113,0.726656
0.972078,0.717954
0.968150,0.709251
0.964327,0.700549
0.960607,0.691847
0.956988,0.683144
0.975139,0.674442
0.971639,0.665739
0.968238,0.657037
0.964935,0.648334
0.961726,0.639632
0.958612,0.630929
0.955590,0.622227
0.952660,0.613524
0.970926,0.604822
0.989159,0.596119
0.986377,0.587417
0.983685,0.578714
0.981082,0.570012
0.978567,0.561309
0.996908,0.552607
0.994516,0.543905
0.992212,0.535202
1.031242,0.526500
1.029019,0.517797
1.026884,0.509095
1.024835,0.500392
1.022873,0.491690
1.041415,0.482987
1.080354,0.474285
1.078542,0.465582
1.076817,0.456880
1.156326,0.448177
1.195173,0.439475
1.234002,0.430772
1.232415,0.422070
1.230925,0.413367
1.229533,0.404665
1.308777,0.395962
1.428191,0.387260
1.547490,0.378558
1.706862,0.369855
1.866114,0.361153
2.145597,0.352450
2.404850,0.343748
2.864299,0.335045
6.592266,0.326343
6.589866,0.317640
6.587969,0.308938
6.586575,0.300235
6.585683,0.291533
6.585292,0.282830
6.585403,0.274128
6.586016,0.265425
6.587130,0.256723
6.588747,0.248020
6.590866,0.239318
6.593489,0.230615
6.596616,0.221913
6.600250,0.213211
6.604391,0.204508
6.609040,0.195806
6.614201,0.187103
6.619873,0.178401
6.626060,0.169698
6.632765,0.160996
6.639990,0.152293
6.647737,0.143591
6.656009,0.134888
6.664811,0.126186
6.674144,0.117483
6.684013,0.108781
6.694423,0.100078
6.705376,0.091376
6.716877,0.082673
6.728932,0.073971
6.741544,0.065269
6.754718,0.056566
6.768461,0.047864
6.782777,0.039161
6.797673,0.030459
6.813155,0.021756
6.829228,0.013054
6.845900,0.004351
6.863177,-0.004351
6.881067,-0.013054
6.899578,-0.021756
6.918716,-0.030459
6.938492,-0.039161
6.958911,-0.047864
6.979985,-0.056566
4.882424,-0.065269
4.754347,-0.073971
4.694669,-0.082674
4.660771,-0.091376
4.555795,-0.100078
4.336457,-0.108781
4.249608,-0.117483
4.165736,-0.126186
4.078944,-0.134888
4.023539,-0.143591
3.926627,-0.152293
3.812703,-0.160996
3.781924,-0.169698
3.714310,-0.178401
3.670949,-0.187103
3.608516,-0.195806
3.547112,-0.204508
3.487215,-0.213211
3.432972,-0.221913
3.376695,-0.230616
3.321657,-0.239318
3.274575,-0.248021
3.222623,-0.256723
3.168105,-0.265425
3.121727,-0.274128
3.082653,-0.282830
3.035214,-0.291533
3.012511,-0.300235
3.003105,-0.308938
3.031611,-0.317640
3.012901,-0.326343
3.034128,-0.335045
3.042795,-0.343748
3.068583,-0.352450
3.105322,-0.361153
3.068064,-0.369855
3.074696,-0.378558
3.115767,-0.387260
3.132646,-0.395963
3.136792,-0.404665
3.159528,-0.413367
3.182840,-0.422070
3.206745,-0.430772
3.231260,-0.439475
3.256402,-0.448177
3.282191,-0.456880
3.308645,-0.465582
3.335785,-0.474285
3.363633,-0.482987
3.392210,-0.491690
3.421539,-0.500392
3.430995,-0.509095
3.461121,-0.517797
3.491568,-0.526500
3.522358,-0.535202
3.580701,-0.543905
3.612027,-0.552607
3.643768,-0.561310
3.675948,-0.570012
3.708591,-0.578714
3.741721,-0.587417
3.775364,-0.596119
3.835333,-0.604822
3.869902,-0.613524
3.905070,-0.622227
3.940869,-0.630929
4.002416,-0.639632
4.039402,-0.648334
4.101884,-0.657037
4.140209,-0.665739
4.203797,-0.674442
4.243622,-0.683144
4.308498,-0.691847
4.374022,-0.700549
4.416362,-0.709252
4.483481,-0.717954
4.659870,-0.726657
4.728828,-0.735359
4.790699,-0.744061
4.856737,-0.752764
6.711532,-1.013838
6.633273,-1.022541
6.576558,-1.031243
6.541225,-1.039946
6.485964,-1.048648
6.451967,-1.057350
6.398102,-1.066053
6.283561,-1.074755
6.251607,-1.083458
6.199859,-1.092160
6.148759,-1.100863
6.077978,-1.109565
6.068738,-1.118268
6.039729,-1.126970
6.031491,-1.135673
5.983326,-1.144375
2.202603,-1.153078
1.998549,-1.161780
1.936038,-1.170483
1.934147,-1.179185
1.892212,-1.187888
1.870574,-1.196590
1.869178,-1.205293
1.827822,-1.213995
1.826738,-1.222697
1.825794,-1.231400
1.824990,-1.240102
1.804311,-1.248805
1.803792,-1.257507
1.803410,-1.266210
1.803166,-1.274912
1.803059,-1.283615
1.803089,-1.292317
1.803257,-1.301020
1.803562,-1.309722
1.804005,-1.318425
1.804585,-1.327127
1.805303,-1.335830
1.806160,-1.344532
1.807155,-1.353235
1.808288,-1.361937
1.809561,-1.370639
1.810974,-1.379342
1.812527,-1.388044
1.814222,-1.396747
1.816057,-1.405449
1.818035,-1.414152
1.840346,-1.422854
1.842636,-1.431557
1.845073,-1.440259
1.847657,-1.448962
1.850389,-1.457664
1.853271,-1.466367
1.856303,-1.475069
1.859487,-1.483772
1.862824,-1.492474
1.866315,-1.501177
1.869963,-1.509879
1.873767,-1.518582
1.877730,-1.527284
1.881854,-1.535986
1.886140,-1.544689
1.869849,-1.553391
1.874414,-1.562094
1.879144,-1.570796
