scan.pos:-1.750543,7.213310,0.2852500.812846,1.562094
0.810802,1.553391
0.808830,1.544689
0.806928,1.535986
0.805097,1.527284
0.803335,1.518581
0.801642,1.509879
0.800016,1.501177
0.798458,1.492474
0.796966,1.483772
0.795541,1.475069
0.794181,1.466367
0.792885,1.457664
0.791655,1.448962
0.790488,1.440259
0.789384,1.431557
0.788344,1.422854
0.787366,1.414152
0.786451,1.405449
0.785597,1.396747
0.784805,1.388044
0.784074,1.379342
0.783405,1.370639
0.782795,1.361937
0.782247,1.353234
0.781758,1.344532
0.781330,1.335830
0.780962,1.327127
0.780653,1.318425
0.780404,1.309722
0.780215,1.301020
0.780085,1.292317
0.780014,1.283615
0.780003,1.274912
0.780051,1.266210
0.780159,1.257507
0.780326,1.248805
0.780553,1.240102
0.780839,1.231400
0.781185,1.222697
0.781591,1.213995
0.782057,1.205292
0.782583,1.196590
0.783169,1.187888
0.783816,1.179185
0.784524,1.170483
0.785294,1.161780
0.786124,1.153078
0.787016,1.144375
0.787971,1.135673
0.788988,1.126970
0.790067,1.118268
0.791210,1.109565
0.792417,1.100863
0.793688,1.092160
0.795024,1.083458
0.796425,1.074755
0.797891,1.066053
0.799425,1.057350
0.801025,1.048648
0.802693,1.039945
0.804429,1.031243
0.806234,1.022541
0.808109,1.013838
0.810055,1.005136
0.812072,0.996433
0.814161,0.987731
0.816324,0.979028
0.818560,0.970326
0.820872,0.961623
0.823259,0.952921
0.825723,0.944218
0.828266,0.935516
0.830887,0.926813
0.833589,0.918111
0.836372,0.909408
0.839239,0.900706
0.842189,0.892003
0.845225,0.883301
0.848347,0.874598
0.851558,0.865896
0.854858,0.857194
0.858250,0.848491
0.861735,0.839789
0.865314,0.831086
0.868990,0.822384
0.872763,0.813681
0.876637,0.804979
0.880612,0.796276
0.884692,0.787574
0.888877,0.778871
0.893171,0.770169
0.897575,0.761466
0.902091,0.752764
0.906723,0.744061
0.911472,0.735359
0.916342,0.726656
0.921334,0.717954
0.926452,0.709251
0.931698,0.700549
0.937076,0.691847
0.942589,0.683144
0.948239,0.674442
0.954031,0.665739
0.959967,0.657037
0.966052,0.648334
0.972289,0.639632
0.978682,0.630929
0.985236,0.622227
0.991953,0.613524
0.998840,0.604822
1.005899,0.596119
1.013137,0.587417
1.020559,0.578714
1.028168,0.570012
1.035972,0.561309
1.043975,0.552607
1.052183,0.543905
1.060603,0.535202
1.069241,0.526500
1.078103,0.517797
1.068645,0.509095
1.077819,0.500392
1.081522,0.491690
1.072918,0.482987
1.092282,0.474285
1.113057,0.465582
1.105197,0.456880
1.124628,0.448177
1.146995,0.439475
1.139903,0.430772
1.163622,0.422070
1.157297,0.413367
1.177250,0.404665
1.202739,0.395962
1.197248,0.387260
1.217489,0.378558
1.237613,0.369855
1.240286,0.361153
1.260918,0.352450
1.281467,0.343748
1.286752,0.335045
1.307892,0.326343
1.328985,0.317640
1.337048,0.308938
1.358828,0.300235
1.380603,0.291533
1.391653,0.282830
1.414228,0.274128
1.436847,0.265425
1.459524,0.256723
1.474693,0.248020
1.498347,0.239318
1.522118,0.230615
1.546021,0.221913
1.565867,0.213211
1.590975,0.204508
1.616289,0.195806
1.641830,0.187103
1.667082,0.178401
1.716439,0.169698
1.743706,0.160996
1.771328,0.152293
1.802859,0.143591
1.832373,0.134888
1.884239,0.126186
1.914678,0.117483
1.953799,0.108781
1.986668,0.100078
2.041792,0.091376
2.076059,0.082673
2.132555,0.073971
2.183342,0.065269
2.243019,0.056566
2.282485,0.047864
2.344299,0.039161
2.407645,0.030459
2.473867,0.021756
2.541633,0.013054
2.611099,0.004351
2.703280,-0.004351
2.766733,-0.013054
2.865648,-0.021756
2.967154,-0.030459
3.050911,-0.039161
3.179193,-0.047864
3.274346,-0.056566
3.413734,-0.065269
3.537437,-0.073971
3.687088,-0.082674
3.863020,-0.091376
4.030721,-0.100078
4.227349,-0.108781
4.433855,-0.117483
4.692412,-0.126186
4.932534,-0.134888
5.208103,-0.143591
5.564251,-0.152293
5.924243,-0.160996
6.394219,-0.169698
6.860122,-0.178401
7.488025,-0.187103
2.849137,-0.648334
2.496405,-0.657037
2.458905,-0.665739
2.401726,-0.674442
2.346185,-0.683144
2.306563,-0.691847
2.255219,-0.700549
2.205153,-0.709252
2.178283,-0.717954
2.110745,-0.726657
2.082135,-0.735359
2.059738,-0.744061
2.016024,-0.752764
1.974255,-0.761466
1.955617,-0.770169
1.915181,-0.778871
1.875376,-0.787574
1.863811,-0.796276
1.826104,-0.804979
1.788884,-0.813681
1.775364,-0.822384
1.747216,-0.831086
1.712164,-0.839789
1.701073,-0.848491
1.666798,-0.857194
1.644016,-0.865896
1.635059,-0.874599
1.602435,-0.883301
1.583463,-0.892003
1.576402,-0.900706
1.545172,-0.909408
1.538835,-0.918111
1.508972,-0.926813
1.493800,-0.935516
1.489567,-0.944218
1.452846,-0.952921
1.449226,-0.961623
1.445965,-0.970326
1.463673,-0.979028
1.461818,-0.987731
1.460307,-0.996433
1.428747,-1.005136
1.428214,-1.013838
1.401030,-1.022541
1.398615,-1.031243
1.371921,-1.039946
1.372735,-1.048648
1.345150,-1.057350
1.346843,-1.066053
1.344519,-1.074755
1.333001,-1.083458
1.321778,-1.092160
1.310841,-1.100863
1.300182,-1.109565
1.289793,-1.118268
1.279665,-1.126970
1.269791,-1.135673
1.260163,-1.144375
1.303256,-1.153078
1.293716,-1.161780
1.284412,-1.170483
1.275337,-1.179185
1.266485,-1.187888
1.257851,-1.196590
1.274585,-1.205293
1.266202,-1.213995
1.258024,-1.222697
1.250046,-1.231400
1.266781,-1.240102
1.259037,-1.248805
1.275705,-1.257507
1.268191,-1.266210
1.260861,-1.274912
1.277516,-1.283615
1.270408,-1.292317
1.287017,-1.301020
1.280128,-1.309722
1.319997,-1.318425
1.336379,-1.327127
1.329637,-1.335830
1.323064,-1.344532
1.341939,-1.353235
1.359618,-1.361937
1.374861,-1.370639
1.393435,-1.379342
1.411487,-1.388044
1.453397,-1.396747
1.472957,-1.405449
1.495058,-1.414152
1.515842,-1.422854
1.563326,-1.431557
1.738496,-1.440259
1.723567,-1.448962
1.746903,-1.457664
1.792163,-1.466367
1.826708,-1.475069
1.852298,-1.483772
1.848934,-1.492474
1.834382,-1.501177
1.884468,-1.509879
1.931835,-1.518582
1.984696,-1.527284
2.038590,-1.535986
2.094041,-1.544689
2.130159,-1.553391
2.216594,-1.562094
2.278234,-1.570796
