scan.pos:3.699521,5.853259,-0.3647502.276505,1.562094
2.284204,1.553391
2.292129,1.544689
2.300286,1.535986
2.308677,1.527284
2.317307,1.518581
2.326179,1.509879
2.335298,1.501177
2.344668,1.492474
2.354294,1.483772
2.364180,1.475069
2.374331,1.466367
2.384751,1.457664
2.395447,1.448962
2.406423,1.440259
2.417686,1.431557
2.429240,1.422854
2.441091,1.414152
2.453247,1.405449
2.465713,1.396747
2.478496,1.388044
2.491603,1.379342
2.505042,1.370639
2.518818,1.361937
2.532942,1.353234
2.547419,1.344532
2.562259,1.335830
2.577471,1.327127
2.593063,1.318425
2.609045,1.309722
2.625426,1.301020
2.642216,1.292317
2.659427,1.283615
2.677068,1.274912
2.695152,1.266210
2.713690,1.257507
2.732694,1.248805
2.752177,1.240102
2.772152,1.231400
2.792634,1.222697
2.813637,1.213995
2.835175,1.205292
2.857265,1.196590
2.879923,1.187888
2.903166,1.179185
2.927012,1.170483
2.951480,1.161780
2.976589,1.153078
3.002359,1.144375
3.011887,1.135673
3.045653,1.126970
3.079650,1.118268
3.086512,1.109565
3.121266,1.100863
3.156320,1.092160
3.191699,1.083458
3.227430,1.074755
3.263539,1.066053
3.273906,1.057350
3.337001,1.048648
3.348638,1.039945
3.386721,1.031243
3.425322,1.022541
3.464473,1.013838
3.504207,1.005136
3.544559,0.996433
3.585563,0.987731
3.651856,0.979028
3.669682,0.970326
3.723797,0.961623
3.768398,0.952921
3.825994,0.944218
3.872998,0.935516
3.934357,0.926813
3.984013,0.918111
4.049455,0.909408
4.102047,0.900706
4.171933,0.892003
4.227784,0.883301
4.279520,0.874598
4.361998,0.865896
4.419277,0.857194
4.482905,0.848491
4.570893,0.839789
4.637074,0.831086
4.729628,0.822384
4.780519,0.813681
4.767455,0.804979
4.738470,0.796276
4.707826,0.787574
4.689269,0.778871
4.671211,0.770169
4.653645,0.761466
4.636562,0.752764
4.619955,0.744061
4.603815,0.735359
4.588137,0.726656
4.572911,0.717954
4.558133,0.709251
4.543794,0.700549
4.529890,0.691847
4.516413,0.683144
4.503357,0.674442
4.490719,0.665739
4.478491,0.657037
4.466669,0.648334
4.455247,0.639632
4.444221,0.630929
4.433587,0.622227
4.423339,0.613524
4.413474,0.604822
4.403987,0.596119
4.394875,0.587417
4.386134,0.578714
4.377760,0.570012
4.369751,0.561309
4.362102,0.552607
4.354811,0.543905
4.347875,0.535202
4.341291,0.526500
4.335057,0.517797
4.329170,0.509095
4.323627,0.500392
4.318428,0.491690
4.313568,0.482987
4.309048,0.474285
4.304864,0.465582
4.301016,0.456880
4.297502,0.448177
4.294320,0.439475
4.291469,0.430772
4.288949,0.422070
4.286757,0.413367
4.284894,0.404665
4.283360,0.395962
4.282151,0.387260
4.281270,0.378558
4.280715,0.369855
4.280486,0.361153
4.280582,0.352450
4.281005,0.343748
4.281754,0.335045
4.282830,0.326343
4.284233,0.317640
4.285963,0.308938
4.288021,0.300235
4.290407,0.291533
4.293124,0.282830
4.296171,0.274128
4.299551,0.265425
4.303264,0.256723
4.307311,0.248020
4.311695,0.239318
4.316416,0.230615
4.321478,0.221913
4.326881,0.213211
4.332628,0.204508
4.338722,0.195806
4.345163,0.187103
4.351956,0.178401
4.359103,0.169698
4.366606,0.160996
4.374469,0.152293
4.382695,0.143591
4.391286,0.134888
4.400248,0.126186
4.409582,0.117483
4.419293,0.108781
4.429385,0.100078
4.439862,0.091376
4.450729,0.082673
4.461989,0.073971
4.473649,0.065269
4.485712,0.056566
4.498183,0.047864
4.511069,0.039161
4.524374,0.030459
4.538105,0.021756
4.552266,0.013054
4.566866,0.004351
4.581909,-0.004351
4.597403,-0.013054
4.613355,-0.021756
4.629772,-0.030459
4.646660,-0.039161
4.664030,-0.047864
4.681887,-0.056566
4.700241,-0.065269
4.719100,-0.073971
4.738473,-0.082674
4.758371,-0.091376
4.778801,-0.100078
4.799775,-0.108781
4.821302,-0.117483
4.843394,-0.126186
4.866061,-0.134888
4.889316,-0.143591
4.913170,-0.152293
4.937635,-0.160996
4.962726,-0.169698
4.988455,-0.178401
5.014835,-0.187103
5.041883,-0.195806
5.069611,-0.204508
5.098037,-0.213211
5.127176,-0.221913
5.157044,-0.230616
5.187661,-0.239318
5.219043,-0.248021
5.251209,-0.256723
5.284179,-0.265425
5.317973,-0.274128
5.352613,-0.282830
5.388120,-0.291533
5.424516,-0.300235
5.461827,-0.308938
5.500076,-0.317640
5.539290,-0.326343
5.579494,-0.335045
5.620718,-0.343748
5.662990,-0.352450
5.706340,-0.361153
5.750801,-0.369855
5.796404,-0.378558
5.843185,-0.387260
5.891181,-0.395963
5.940426,-0.404665
5.990963,-0.413367
6.048717,-0.422070
6.085958,-0.430772
6.145661,-0.439475
6.177208,-0.448177
6.126527,-0.456880
6.077129,-0.465582
6.028977,-0.474285
5.982034,-0.482987
5.936265,-0.491690
5.838953,-0.500392
5.769675,-0.509095
5.727800,-0.517797
5.686960,-0.526500
5.647124,-0.535202
5.608267,-0.543905
5.570362,-0.552607
5.533384,-0.561310
5.497311,-0.570012
5.462118,-0.578714
5.427783,-0.587417
5.394285,-0.596119
5.313009,-0.604822
5.281414,-0.613524
5.202566,-0.622227
5.172770,-0.630929
5.143703,-0.639632
5.115348,-0.648334
5.087690,-0.657037
5.060712,-0.665739
5.034400,-0.674442
5.008740,-0.683144
4.983718,-0.691847
4.959321,-0.700549
4.935534,-0.709252
4.912348,-0.717954
3.783895,-0.726657
3.676985,-0.735359
3.660776,-0.744061
3.622714,-0.752764
3.607428,-0.761466
3.592544,-0.770169
3.534059,-0.778871
3.498218,-0.787574
3.484747,-0.796276
3.384668,-0.804979
3.372244,-0.813681
3.338579,-0.822384
3.326916,-0.831086
3.272711,-0.839789
3.261851,-0.848491
3.230012,-0.857194
3.219851,-0.865896
3.167667,-0.874599
3.158243,-0.883301
3.107031,-0.892003
3.035364,-0.900706
3.027099,-0.909408
2.998238,-0.918111
2.948938,-0.926813
2.941640,-0.935516
2.893171,-0.944218
2.886483,-0.952921
2.859424,-0.961623
2.812124,-0.970326
2.785771,-0.979028
2.739243,-0.987731
2.693105,-0.996433
2.688177,-1.005136
2.683472,-1.013838
2.658639,-1.022541
2.654405,-1.031243
2.650386,-1.039946
2.646580,-1.048648
2.642985,-1.057350
2.639601,-1.066053
2.636427,-1.074755
2.633460,-1.083458
2.630701,-1.092160
2.628146,-1.100863
2.625797,-1.109565
2.623652,-1.118268
2.621709,-1.126970
2.640020,-1.135673
2.638469,-1.144375
2.637121,-1.153078
2.635976,-1.161780
2.635031,-1.170483
2.634288,-1.179185
2.673753,-1.187888
2.673406,-1.196590
2.673263,-1.205293
2.713325,-1.213995
2.733595,-1.222697
2.774086,-1.231400
2.774782,-1.240102
2.835744,-1.248805
2.937017,-1.257507
2.998533,-1.266210
3.060341,-1.274912
3.102397,-1.283615
3.124672,-1.292317
3.167309,-1.301020
3.210257,-1.309722
3.273652,-1.318425
3.337421,-1.327127
3.401580,-1.335830
3.445952,-1.344532
3.632212,-1.353235
3.718011,-1.361937
3.804328,-1.370639
3.911488,-1.379342
3.917603,-1.388044
4.025873,-1.396747
4.073607,-1.405449
4.142260,-1.414152
4.150049,-1.422854
4.219738,-1.431557
4.228349,-1.440259
4.278525,-1.448962
4.287948,-1.457664
4.297740,-1.466367
4.307906,-1.475069
4.318449,-1.483772
4.329375,-1.492474
4.340688,-1.501177
4.352392,-1.509879
4.364493,-1.518582
4.334841,-1.527284
4.347626,-1.535986
4.360820,-1.544689
4.374429,-1.553391
4.388458,-1.562094
4.402914,-1.570796
