scan.pos:0.132679,7.198025,0.1852500.813926,1.562094
0.812628,1.553391
0.811396,1.544689
0.810229,1.535986
0.809127,1.527284
0.808090,1.518581
0.807116,1.509879
0.806206,1.501177
0.805360,1.492474
0.804577,1.483772
0.803856,1.475069
0.803197,1.466367
0.802601,1.457664
0.802067,1.448962
0.801594,1.440259
0.801183,1.431557
0.800833,1.422854
0.800545,1.414152
0.800318,1.405449
0.800151,1.396747
0.800046,1.388044
0.800002,1.379342
0.800018,1.370639
0.800096,1.361937
0.800234,1.353234
0.800434,1.344532
0.800694,1.335830
0.801016,1.327127
0.801399,1.318425
0.801844,1.309722
0.802350,1.301020
0.802918,1.292317
0.803548,1.283615
0.804240,1.274912
0.804995,1.266210
0.805813,1.257507
0.806693,1.248805
0.807638,1.240102
0.808646,1.231400
0.809718,1.222697
0.810856,1.213995
0.812058,1.205292
0.813326,1.196590
0.814660,1.187888
0.816060,1.179185
0.817528,1.170483
0.819064,1.161780
0.820668,1.153078
0.822341,1.144375
0.824084,1.135673
0.825897,1.126970
0.827781,1.118268
0.829737,1.109565
0.831766,1.100863
0.833869,1.092160
0.836046,1.083458
0.838299,1.074755
0.840628,1.066053
0.843034,1.057350
0.845519,1.048648
0.848083,1.039945
0.850728,1.031243
0.853454,1.022541
0.856263,1.013838
0.859157,1.005136
0.862136,0.996433
0.865202,0.987731
0.868356,0.979028
0.871600,0.970326
0.874935,0.961623
0.878363,0.952921
0.881886,0.944218
0.885504,0.935516
0.889220,0.926813
0.893036,0.918111
0.896953,0.909408
0.900974,0.900706
0.905100,0.892003
0.909334,0.883301
0.913677,0.874598
0.918132,0.865896
0.922702,0.857194
0.927388,0.848491
0.932194,0.839789
0.937121,0.831086
0.942173,0.822384
0.947352,0.813681
0.952661,0.804979
0.958104,0.796276
0.963682,0.787574
0.969401,0.778871
0.975262,0.770169
0.981270,0.761466
0.987428,0.752764
0.993740,0.744061
1.000210,0.735359
1.006842,0.726656
1.013640,0.717954
1.020609,0.709251
1.027753,0.700549
1.035077,0.691847
1.042587,0.683144
1.050286,0.674442
1.058182,0.665739
1.066278,0.657037
1.074582,0.648334
1.083100,0.639632
1.091838,0.630929
1.100802,0.622227
1.110000,0.613524
1.119438,0.604822
1.129126,0.596119
1.123826,0.587417
1.142132,0.578714
1.107832,0.570012
1.126186,0.561309
1.146692,0.552607
1.138171,0.543905
1.156632,0.535202
1.178777,0.526500
1.197385,0.517797
1.194567,0.509095
1.213564,0.500392
1.232417,0.491690
1.231990,0.482987
1.251289,0.474285
1.270474,0.465582
1.272537,0.456880
1.292234,0.448177
1.311849,0.439475
1.341133,0.430772
1.336737,0.422070
1.356895,0.413367
1.388518,0.404665
1.385202,0.395962
1.406034,0.387260
1.440232,0.378558
1.461726,0.369855
1.483261,0.361153
1.496830,0.352450
1.519295,0.343748
1.541853,0.335045
1.558982,0.326343
1.582629,0.317640
1.606434,0.308938
1.630413,0.300235
1.675164,0.291533
1.700386,0.282830
1.725868,0.274128
1.751634,0.265425
1.779612,0.256723
1.829152,0.248020
1.856907,0.239318
1.890220,0.230615
1.920010,0.221913
1.972084,0.213211
2.002913,0.204508
2.044321,0.195806
2.099287,0.187103
2.133452,0.178401
2.189833,0.169698
2.241254,0.160996
2.300897,0.152293
2.361557,0.143591
2.423339,0.134888
2.487552,0.126186
2.553866,0.117483
2.621775,0.108781
2.712311,0.100078
2.772646,0.091376
2.869556,0.082673
2.968880,0.073971
3.070897,0.065269
3.175450,0.056566
3.286976,0.047864
3.423042,0.039161
3.543039,0.030459
3.702065,0.021756
3.837086,0.013054
3.999429,0.004351
4.210341,-0.004351
4.389570,-0.013054
4.638226,-0.021756
4.887386,-0.030459
5.192107,-0.039161
5.474274,-0.047864
5.868396,-0.056566
6.249172,-0.065269
6.703830,-0.073971
7.280797,-0.082674
6.985949,-0.909408
6.790756,-0.918111
6.558851,-0.926813
6.436092,-0.935516
6.157678,-0.944218
5.711614,-0.952921
1.602078,-0.961623
1.608007,-0.970326
1.542486,-0.979028
1.529377,-0.987731
1.516603,-0.996433
1.504154,-1.005136
1.492021,-1.013838
1.480194,-1.022541
1.468664,-1.031243
1.404329,-1.039946
1.314727,-1.048648
1.305011,-1.057350
1.295535,-1.066053
1.286294,-1.074755
1.277279,-1.083458
1.268487,-1.092160
1.259910,-1.100863
1.251542,-1.109565
1.243379,-1.118268
1.210658,-1.126970
1.203045,-1.135673
1.195616,-1.144375
1.188370,-1.153078
1.181299,-1.161780
1.174402,-1.170483
1.167673,-1.179185
1.092221,-1.187888
1.086197,-1.196590
1.080321,-1.205293
1.074590,-1.213995
1.069000,-1.222697
1.063549,-1.231400
1.058233,-1.240102
1.053050,-1.248805
1.047996,-1.257507
1.043070,-1.266210
1.038269,-1.274912
0.988652,-1.283615
0.984291,-1.292317
0.980043,-1.301020
0.975906,-1.309722
0.971877,-1.318425
0.967954,-1.327127
0.964136,-1.335830
0.960421,-1.344532
0.956807,-1.353235
0.953293,-1.361937
0.949876,-1.370639
0.946556,-1.379342
0.943330,-1.388044
0.940198,-1.396747
0.937157,-1.405449
0.934207,-1.414152
0.931346,-1.422854
0.928573,-1.431557
0.925887,-1.440259
0.923287,-1.448962
0.920771,-1.457664
0.918338,-1.466367
0.915988,-1.475069
0.913719,-1.483772
0.911531,-1.492474
0.909422,-1.501177
0.907392,-1.509879
0.905440,-1.518582
0.903565,-1.527284
0.901766,-1.535986
0.900042,-1.544689
0.898394,-1.553391
0.896819,-1.562094
0.895319,-1.570796
