scan.pos:-0.968077,6.993827,-2.6147500.802670,1.562094
0.798647,1.553391
0.794724,1.544689
0.790899,1.535986
0.787170,1.527284
0.767920,1.518581
0.764449,1.509879
0.761067,1.501177
0.757772,1.492474
0.754563,1.483772
0.773539,1.475069
0.792418,1.466367
0.789282,1.457664
0.786231,1.448962
0.783262,1.440259
0.780375,1.431557
0.777568,1.422854
0.774840,1.414152
0.772190,1.405449
0.769616,1.396747
0.767118,1.388044
0.764693,1.379342
0.762342,1.370639
0.760063,1.361937
0.757856,1.353234
0.755718,1.344532
0.753649,1.335830
0.751649,1.327127
0.749717,1.318425
0.747851,1.309722
0.746051,1.301020
0.744317,1.292317
0.742646,1.283615
0.741040,1.274912
0.739497,1.266210
0.738016,1.257507
0.736597,1.248805
0.735239,1.240102
0.733943,1.231400
0.732706,1.222697
0.731529,1.213995
0.730412,1.205292
0.729353,1.196590
0.728353,1.187888
0.727411,1.179185
0.726527,1.170483
0.725700,1.161780
0.724930,1.153078
0.724217,1.144375
0.723560,1.135673
0.722959,1.126970
0.722415,1.118268
0.721926,1.109565
0.761575,1.100863
0.761176,1.092160
0.760836,1.083458
0.760553,1.074755
0.760329,1.066053
0.760163,1.057350
0.760054,1.048648
0.760004,1.039945
0.760011,1.031243
0.760077,1.022541
0.780205,1.013838
0.780391,1.005136
0.780637,0.996433
0.780942,0.987731
0.781307,0.979028
0.821820,0.970326
0.822330,0.961623
0.822903,0.952921
0.823540,0.944218
0.824240,0.935516
0.825005,0.926813
0.845976,0.918111
0.846891,0.909408
0.928623,0.900706
0.929772,0.892003
0.930995,0.883301
0.932292,0.874598
4.899012,0.622227
4.713198,0.613524
4.639234,0.604822
4.545532,0.596119
4.453892,0.587417
4.386484,0.578714
4.298652,0.570012
4.235001,0.561309
4.173112,0.552607
4.090168,0.543905
4.031405,0.535202
3.974123,0.526500
3.918241,0.517797
3.863681,0.509095
3.787084,0.500392
3.734835,0.491690
3.683702,0.482987
3.633625,0.474285
3.584545,0.465582
3.536409,0.456880
3.489165,0.448177
3.442763,0.439475
3.397157,0.430772
3.352303,0.422070
3.332820,0.413367
3.339139,0.404665
3.321753,0.395962
3.280152,0.387260
3.264438,0.378558
3.224117,0.369855
3.235637,0.361153
3.222511,0.352450
3.210210,0.343748
3.224947,0.335045
3.242228,0.326343
3.240345,0.317640
3.238683,0.308938
3.237242,0.300235
3.263292,0.291533
3.290016,0.282830
3.317437,0.274128
3.345576,0.265425
3.374455,0.256723
3.391381,0.248020
3.429454,0.239318
3.440189,0.230615
3.480953,0.221913
3.520791,0.213211
3.561032,0.204508
3.574924,0.195806
3.620064,0.187103
3.715155,0.178401
3.757632,0.169698
3.852659,0.160996
3.927594,0.152293
3.971871,0.143591
4.016846,0.134888
4.138375,0.126186
4.184359,0.117483
4.214772,0.108781
4.263181,0.100078
4.312515,0.091376
4.407768,0.082673
4.479086,0.073971
4.533723,0.065269
4.592267,0.056566
7.770664,-0.091376
7.739199,-0.100078
7.708572,-0.108781
7.678770,-0.117483
7.649776,-0.126186
7.621580,-0.134888
7.594167,-0.143591
7.567524,-0.152293
7.541640,-0.160996
7.516503,-0.169698
7.492102,-0.178401
7.468425,-0.187103
7.445463,-0.195806
7.423205,-0.204508
7.401642,-0.213211
7.380764,-0.221913
7.360563,-0.230616
7.341029,-0.239318
7.322155,-0.248021
7.303933,-0.256723
7.286355,-0.265425
7.269413,-0.274128
7.253100,-0.282830
2.564743,-0.291533
2.559402,-0.300235
2.533776,-0.308938
2.487983,-0.317640
2.442551,-0.326343
2.377081,-0.335045
2.373076,-0.343748
2.348944,-0.352450
2.345356,-0.361153
2.341957,-0.369855
2.338746,-0.378558
2.295309,-0.387260
2.292519,-0.395963
2.289909,-0.404665
2.287480,-0.413367
2.285229,-0.422070
2.283156,-0.430772
2.281261,-0.439475
2.279543,-0.448177
2.278000,-0.456880
2.276633,-0.465582
2.275440,-0.474285
2.274422,-0.482987
2.273578,-0.491690
2.272907,-0.500392
2.232402,-0.509095
2.212082,-0.517797
2.211935,-0.526500
2.171956,-0.535202
2.152141,-0.543905
2.152490,-0.552607
2.153003,-0.561310
2.153680,-0.570012
2.154522,-0.578714
2.115461,-0.587417
2.116611,-0.596119
2.117924,-0.604822
2.119400,-0.613524
2.121040,-0.622227
2.122844,-0.630929
2.124813,-0.639632
2.126948,-0.648334
2.129249,-0.657037
2.131718,-0.665739
2.134355,-0.674442
2.137162,-0.683144
2.140139,-0.691847
2.143289,-0.700549
2.146611,-0.709252
2.150107,-0.717954
2.153779,-0.726657
2.157629,-0.735359
2.161657,-0.744061
2.165865,-0.752764
2.170255,-0.761466
2.174829,-0.770169
2.179589,-0.778871
2.184537,-0.787574
2.231146,-0.796276
2.236576,-0.804979
2.200525,-0.813681
2.206244,-0.822384
2.212162,-0.831086
2.218281,-0.839789
2.224604,-0.848491
2.231133,-0.857194
2.237872,-0.865896
2.244823,-0.874599
2.251990,-0.883301
2.259375,-0.892003
2.266981,-0.900706
2.274813,-0.909408
2.282874,-0.918111
2.291167,-0.926813
2.316481,-0.935516
2.358297,-0.944218
2.379939,-0.952921
2.333441,-0.961623
2.270429,-0.970326
2.252532,-0.979028
2.213319,-0.987731
2.152449,-0.996433
2.138536,-1.005136
2.102362,-1.013838
2.066777,-1.022541
2.031741,-1.031243
1.997214,-1.039946
1.963160,-1.048648
1.936256,-1.057350
1.903867,-1.066053
1.871839,-1.074755
1.863678,-1.083458
1.832415,-1.092160
1.812121,-1.100863
1.782157,-1.109565
1.752415,-1.118268
1.722871,-1.126970
1.717865,-1.135673
1.678714,-1.144375
1.675027,-1.153078
1.646942,-1.161780
1.618950,-1.170483
1.608332,-1.179185
1.581180,-1.187888
1.579553,-1.196590
1.552631,-1.205293
1.545846,-1.213995
1.519620,-1.222697
1.519593,-1.231400
1.493486,-1.240102
1.490281,-1.248805
1.464751,-1.257507
1.439132,-1.266210
1.440671,-1.274912
1.413381,-1.283615
1.415837,-1.292317
1.390660,-1.301020
1.393516,-1.309722
1.387074,-1.318425
1.375257,-1.327127
1.363741,-1.335830
1.352519,-1.344532
1.341582,-1.353235
1.330920,-1.361937
1.320527,-1.370639
1.310393,-1.379342
1.300513,-1.388044
1.290877,-1.396747
1.281481,-1.405449
1.272316,-1.414152
1.263377,-1.422854
1.254657,-1.431557
1.246152,-1.440259
1.237854,-1.448962
1.229759,-1.457664
1.221862,-1.466367
1.214158,-1.475069
1.206641,-1.483772
1.199308,-1.492474
1.192154,-1.501177
1.185174,-1.509879
1.178365,-1.518582
1.171722,-1.527284
1.165241,-1.535986
1.158920,-1.544689
1.152755,-1.553391
1.146741,-1.562094
1.140877,-1.570796
