scan.pos:-0.525105,7.245476,-2.9147500.964715,1.562094
0.962812,1.553391
0.960990,1.544689
0.959248,1.535986
0.957584,1.527284
0.956000,1.518581
0.954493,1.509879
0.953063,1.501177
0.951710,1.492474
0.950433,1.483772
0.949231,1.475069
0.948105,1.466367
0.947053,1.457664
0.946076,1.448962
0.945173,1.440259
0.944343,1.431557
0.943587,1.422854
0.942903,1.414152
0.942292,1.405449
0.941754,1.396747
0.941288,1.388044
0.940893,1.379342
0.940571,1.370639
0.940321,1.361937
0.940142,1.353234
0.940035,1.344532
0.940000,1.335830
0.940036,1.327127
0.940144,1.318425
0.940323,1.309722
0.940575,1.301020
0.940898,1.292317
0.941292,1.283615
0.941759,1.274912
0.942299,1.266210
0.942910,1.257507
0.943595,1.248805
0.944352,1.240102
0.945183,1.231400
0.946087,1.222697
0.987366,1.213995
0.988463,1.205292
0.989638,1.196590
0.990891,1.187888
0.997768,1.179185
0.999187,1.170483
1.000687,1.161780
1.002268,1.153078
1.003930,1.144375
1.005675,1.135673
1.007503,1.126970
1.009414,1.118268
1.011410,1.109565
1.013491,1.100863
1.015658,1.092160
1.017911,1.083458
1.020253,1.074755
1.022684,1.066053
1.025205,1.057350
1.027816,1.048648
1.030520,1.039945
1.033316,1.031243
1.036207,1.022541
1.039194,1.013838
1.042278,1.005136
1.045459,0.996433
1.048741,0.987731
1.052123,0.979028
1.055608,0.970326
1.059197,0.961623
1.106034,0.952921
1.109990,0.944218
1.114060,0.935516
1.118245,0.926813
1.122548,0.918111
1.148950,0.909408
1.153582,0.900706
1.202658,0.892003
1.207732,0.883301
1.235290,0.874598
1.240736,0.865896
5.167365,0.857194
5.095792,0.848491
4.999937,0.839789
4.931426,0.831086
4.841816,0.822384
4.770659,0.813681
4.699529,0.804979
4.636217,0.796276
4.565808,0.787574
4.504712,0.778871
4.445014,0.770169
4.375665,0.761466
4.317793,0.752764
4.272762,0.744061
4.216634,0.735359
4.161598,0.726656
4.117468,0.717954
4.063877,0.709251
4.019963,0.700549
3.967643,0.691847
3.923809,0.683144
3.872595,0.674442
3.822140,0.665739
3.804180,0.657037
3.806618,0.648334
3.763239,0.639632
3.741257,0.630929
3.724232,0.622227
3.703670,0.613524
3.713928,0.604822
3.694924,0.596119
3.704169,0.587417
3.687175,0.578714
3.726662,0.570012
3.737267,0.561309
3.741455,0.552607
3.756665,0.543905
3.800647,0.535202
3.817477,0.526500
3.862557,0.517797
3.908119,0.509095
3.927285,0.500392
3.974123,0.491690
4.021545,0.482987
4.069588,0.474285
4.092184,0.465582
4.141775,0.456880
4.243572,0.448177
4.396538,0.439475
4.447419,0.430772
4.499196,0.422070
4.551916,0.413367
4.680267,0.404665
4.709828,0.395962
4.789940,0.387260
4.846498,0.378558
4.937418,0.369855
5.009098,0.361153
5.073852,0.352450
3.060899,0.056566
3.053125,0.047864
3.024867,0.039161
2.934859,0.030459
2.928125,0.021756
2.859808,0.013054
2.853709,0.004351
2.827327,-0.004351
2.780780,-0.013054
2.775517,-0.021756
2.770485,-0.030459
2.765682,-0.039161
2.761104,-0.047864
2.756752,-0.056566
2.752622,-0.065269
2.748714,-0.073971
2.745026,-0.082674
2.741556,-0.091376
2.738303,-0.100078
2.735266,-0.108781
2.692185,-0.117483
2.669504,-0.126186
2.626976,-0.134888
2.624871,-0.143591
2.602908,-0.152293
2.601222,-0.160996
2.599735,-0.169698
2.558394,-0.178401
2.557323,-0.187103
2.556447,-0.195806
2.555767,-0.204508
2.555281,-0.213211
2.554991,-0.221913
2.554894,-0.230616
2.554993,-0.239318
2.555286,-0.248021
2.555774,-0.256723
2.556456,-0.265425
2.557334,-0.274128
2.558408,-0.282830
2.559677,-0.291533
2.561142,-0.300235
2.562805,-0.308938
2.564665,-0.317640
2.566724,-0.326343
2.568981,-0.335045
2.571439,-0.343748
2.614398,-0.352450
2.617303,-0.361153
2.580021,-0.369855
2.583289,-0.378558
2.586762,-0.387260
2.590442,-0.395963
2.594331,-0.404665
2.598429,-0.413367
2.602739,-0.422070
2.607262,-0.430772
2.612000,-0.439475
2.620141,-0.448177
2.629640,-0.456880
2.632708,-0.465582
2.638841,-0.474285
2.651128,-0.482987
2.686661,-0.491690
2.712072,-0.500392
2.629908,-0.509095
2.549097,-0.517797
2.484754,-0.526500
2.408346,-0.535202
2.353822,-0.543905
2.300425,-0.552607
2.228204,-0.561310
2.181455,-0.570012
2.133168,-0.578714
2.063974,-0.587417
2.024926,-0.596119
1.979214,-0.604822
1.945087,-0.613524
1.901204,-0.622227
1.857460,-0.630929
1.829103,-0.639632
1.786789,-0.648334
1.740231,-0.657037
1.721085,-0.665739
1.679907,-0.674442
1.659794,-0.683144
1.619539,-0.691847
1.602441,-0.700549
1.562944,-0.709252
1.545912,-0.717954
1.532496,-0.726657
1.493490,-0.735359
1.493685,-0.744061
1.454965,-0.752764
1.439177,-0.761466
1.423336,-0.770169
1.407436,-0.778871
1.391474,-0.787574
1.351729,-0.796276
1.335490,-0.804979
1.319169,-0.813681
1.302759,-0.822384
1.286255,-0.831086
1.269650,-0.839789
1.252938,-0.848491
1.236113,-0.857194
1.219168,-0.865896
1.227139,-0.874599
1.210100,-0.883301
1.192924,-0.892003
1.175603,-0.900706
1.158131,-0.909408
1.140498,-0.918111
1.122697,-0.926813
1.131023,-0.935516
1.113059,-0.944218
1.094906,-0.952921
1.103469,-0.961623
1.085123,-0.970326
1.066565,-0.979028
1.047785,-0.987731
1.056576,-0.996433
1.037555,-1.005136
1.046466,-1.013838
1.037453,-1.022541
1.028671,-1.031243
1.020114,-1.039946
1.011775,-1.048648
1.003647,-1.057350
0.995723,-1.066053
0.987999,-1.074755
0.980467,-1.083458
0.973123,-1.092160
0.965961,-1.100863
0.958976,-1.109565
0.952163,-1.118268
0.945518,-1.126970
0.939037,-1.135673
0.932714,-1.144375
0.926545,-1.153078
0.920528,-1.161780
0.914657,-1.170483
0.908929,-1.179185
0.903341,-1.187888
0.897890,-1.196590
0.892571,-1.205293
0.887382,-1.213995
0.882320,-1.222697
0.877382,-1.231400
0.872565,-1.240102
0.867866,-1.248805
0.863283,-1.257507
0.858813,-1.266210
0.854454,-1.274912
0.850203,-1.283615
0.846058,-1.292317
0.842018,-1.301020
0.838080,-1.309722
0.834241,-1.318425
0.830500,-1.327127
0.826856,-1.335830
0.823305,-1.344532
0.819848,-1.353235
0.816481,-1.361937
0.813203,-1.370639
0.810013,-1.379342
0.806909,-1.388044
0.803890,-1.396747
0.800954,-1.405449
0.798100,-1.414152
0.795326,-1.422854
0.792632,-1.431557
0.790016,-1.440259
0.787477,-1.448962
0.785014,-1.457664
0.782626,-1.466367
0.780311,-1.475069
0.778069,-1.483772
0.775899,-1.492474
0.773800,-1.501177
0.771771,-1.509879
0.769810,-1.518582
0.767919,-1.527284
0.766094,-1.535986
0.764336,-1.544689
0.762645,-1.553391
0.761018,-1.562094
0.759456,-1.570796
