scan.pos:5.998660,3.480987,1.9184351.499567,1.562094
1.512950,1.553391
1.527280,1.544689
1.558493,1.535986
1.575056,1.527284
1.570684,1.518581
1.559779,1.509879
1.603214,1.501177
1.606575,1.492474
1.611818,1.483772
1.598411,1.475069
1.649288,1.466367
1.661228,1.457664
1.696439,1.448962
1.693529,1.440259
1.694043,1.431557
1.693015,1.422854
1.705991,1.414152
1.709607,1.405449
1.747469,1.396747
1.744736,1.388044
1.742144,1.379342
1.759937,1.370639
1.777815,1.361937
1.815974,1.353234
1.834010,1.344532
1.892439,1.335830
1.950887,1.327127
6.447985,1.161780
5.389187,1.153078
4.991321,1.144375
4.918254,1.135673
4.616807,1.126970
4.580378,1.118268
4.584463,1.109565
4.588904,1.100863
4.593704,1.092160
4.598865,1.083458
4.604389,1.074755
4.610277,1.066053
4.616532,1.057350
4.623158,1.048648
4.630154,1.039945
4.637527,1.031243
4.645276,1.022541
4.653407,1.013838
4.661922,1.005136
4.670825,0.996433
4.680118,0.987731
4.689806,0.979028
4.699894,0.970326
4.710384,0.961623
4.762709,0.952921
4.774117,0.944218
4.785946,0.935516
4.839936,0.926813
4.852730,0.918111
4.865964,0.909408
4.900682,0.900706
4.914873,0.892003
4.929522,0.883301
4.944637,0.874598
4.960224,0.865896
4.976289,0.857194
4.992840,0.848491
5.009885,0.839789
5.027430,0.831086
5.045485,0.822384
5.064056,0.813681
5.083153,0.804979
5.080879,0.796276
5.100968,0.787574
5.077444,0.778871
5.098462,0.770169
5.120047,0.761466
5.142208,0.752764
5.164957,0.744061
5.188305,0.735359
5.212265,0.726656
5.305173,0.717954
7.728438,0.596119
7.625276,0.587417
7.540664,0.578714
7.442700,0.570012
7.372055,0.561309
7.278327,0.552607
7.186495,0.543905
7.122233,0.535202
7.034111,0.526500
6.968850,0.517797
6.910975,0.509095
6.828455,0.500392
6.774095,0.491690
6.694559,0.482987
6.641080,0.474285
6.564778,0.465582
6.517251,0.456880
6.443453,0.448177
6.398787,0.439475
6.353507,0.430772
6.298935,0.422070
6.245765,0.413367
6.193952,0.404665
6.143456,0.395962
6.094237,0.387260
6.046257,0.378558
5.999481,0.369855
5.953872,0.361153
5.909399,0.352450
5.866027,0.343748
5.823729,0.335045
5.782473,0.326343
5.742232,0.317640
5.702978,0.308938
5.664686,0.300235
5.627330,0.291533
5.590887,0.282830
5.555333,0.274128
5.520646,0.265425
5.486805,0.256723
5.453789,0.248020
5.421578,0.239318
5.390154,0.230615
5.359498,0.221913
5.329591,0.213211
5.300419,0.204508
5.271963,0.195806
5.244208,0.187103
5.217140,0.178401
5.190742,0.169698
5.165002,0.160996
5.139905,0.152293
5.115438,0.143591
5.091590,0.134888
5.068347,0.126186
5.045697,0.117483
5.023631,0.108781
5.002135,0.100078
4.981200,0.091376
4.960816,0.082673
4.940973,0.073971
4.921661,0.065269
4.902872,0.056566
4.884596,0.047864
4.866826,0.039161
4.849551,0.030459
4.832766,0.021756
4.816463,0.013054
4.800632,0.004351
4.785270,-0.004351
4.770367,-0.013054
4.755918,-0.021756
4.741916,-0.030459
4.728355,-0.039161
4.715230,-0.047864
4.702535,-0.056566
4.690263,-0.065269
4.678411,-0.073971
4.666974,-0.082674
4.655946,-0.091376
4.645323,-0.100078
4.635100,-0.108781
4.625274,-0.117483
4.615840,-0.126186
4.606794,-0.134888
4.598134,-0.143591
4.589855,-0.152293
4.581954,-0.160996
4.574428,-0.169698
4.567273,-0.178401
4.560488,-0.187103
4.554070,-0.195806
4.548015,-0.204508
4.542321,-0.213211
4.536987,-0.221913
4.532011,-0.230616
4.527389,-0.239318
4.523121,-0.248021
4.519206,-0.256723
4.515640,-0.265425
4.512423,-0.274128
4.509554,-0.282830
4.507032,-0.291533
4.504855,-0.300235
4.503024,-0.308938
4.501536,-0.317640
4.500392,-0.326343
4.499591,-0.335045
4.499133,-0.343748
4.499018,-0.352450
4.499245,-0.361153
4.499815,-0.369855
4.500728,-0.378558
4.501985,-0.387260
4.503584,-0.395963
4.505529,-0.404665
4.507819,-0.413367
4.510454,-0.422070
4.513437,-0.430772
4.516767,-0.439475
4.520447,-0.448177
4.524478,-0.456880
4.528862,-0.465582
4.533599,-0.474285
4.538692,-0.482987
4.544144,-0.491690
4.549955,-0.500392
4.556129,-0.509095
4.562666,-0.517797
4.569572,-0.526500
4.576848,-0.535202
4.584496,-0.543905
4.592521,-0.552607
4.600924,-0.561310
4.609710,-0.570012
4.618882,-0.578714
4.628444,-0.587417
4.638399,-0.596119
4.648752,-0.604822
4.659507,-0.613524
4.670669,-0.622227
4.682241,-0.630929
4.694230,-0.639632
4.706639,-0.648334
4.719474,-0.657037
4.732741,-0.665739
4.746446,-0.674442
4.760593,-0.683144
4.775190,-0.691847
4.790243,-0.700549
4.805758,-0.709252
4.821742,-0.717954
4.838202,-0.726657
4.855491,-0.735359
4.880319,-0.744061
4.909864,-0.752764
4.915748,-0.761466
4.823744,-0.770169
4.734815,-0.778871
4.648768,-0.787574
4.565426,-0.796276
4.483671,-0.804979
4.406248,-0.813681
4.331046,-0.822384
4.257937,-0.831086
4.186800,-0.839789
4.121266,-0.848491
4.054615,-0.857194
3.989600,-0.865896
3.926128,-0.874599
3.887344,-0.883301
3.811439,-0.892003
3.752898,-0.900706
3.719176,-0.909408
3.663126,-0.918111
3.608162,-0.926813
3.566078,-0.935516
3.513855,-0.944218
3.462536,-0.952921
3.436509,-0.961623
3.386997,-0.970326
3.353778,-0.979028
3.306458,-0.987731
3.259803,-0.996433
3.239011,-1.005136
3.186720,-1.013838
3.168114,-1.022541
3.124611,-1.031243
3.107535,-1.039946
3.060219,-1.048648
3.018750,-1.057350
3.004192,-1.066053
2.960254,-1.074755
2.947482,-1.083458
2.908266,-1.092160
2.896696,-1.100863
2.856804,-1.109565
2.846863,-1.118268
2.809503,-1.126970
2.798048,-1.135673
2.774015,-1.144375
2.750599,-1.153078
2.727782,-1.161780
2.705543,-1.170483
2.683868,-1.179185
2.662738,-1.187888
2.642137,-1.196590
2.622051,-1.205293
2.602466,-1.213995
2.583365,-1.222697
2.564737,-1.231400
2.546568,-1.240102
2.528846,-1.248805
2.511559,-1.257507
2.494695,-1.266210
2.478244,-1.274912
2.462195,-1.283615
2.446537,-1.292317
2.431261,-1.301020
2.416358,-1.309722
2.401818,-1.318425
2.387632,-1.327127
2.373793,-1.335830
2.360292,-1.344532
2.347122,-1.353235
2.334274,-1.361937
2.321743,-1.370639
2.309520,-1.379342
2.297599,-1.388044
2.285974,-1.396747
2.274637,-1.405449
2.263585,-1.414152
2.252810,-1.422854
2.242307,-1.431557
2.232071,-1.440259
2.222096,-1.448962
2.212378,-1.457664
2.202912,-1.466367
2.193692,-1.475069
2.184715,-1.483772
2.175977,-1.492474
2.167472,-1.501177
2.159197,-1.509879
2.151149,-1.518582
2.143322,-1.527284
2.135715,-1.535986
2.128323,-1.544689
2.121143,-1.553391
2.114171,-1.562094
2.107406,-1.570796
