scan.pos:-3.561273,5.485408,-2.6147501.180011,1.562094
1.174096,1.553391
1.122511,1.544689
1.094311,1.535986
1.043770,1.527284
1.038951,1.518581
1.034255,1.509879
1.029679,1.501177
0.980646,1.492474
0.976493,1.483772
0.972449,1.475069
0.968511,1.466367
0.964678,1.457664
0.960949,1.448962
0.957320,1.440259
0.953792,1.431557
0.950361,1.422854
0.947027,1.414152
0.943788,1.405449
0.940642,1.396747
0.937588,1.388044
0.934625,1.379342
0.931752,1.370639
0.928966,1.361937
0.926268,1.353234
0.923655,1.344532
0.921127,1.335830
0.918683,1.327127
0.916321,1.318425
0.914040,1.309722
0.911840,1.301020
0.909720,1.292317
0.907679,1.283615
0.905715,1.274912
0.903829,1.266210
0.902019,1.257507
0.900285,1.248805
0.898626,1.240102
0.897041,1.231400
0.895530,1.222697
0.894092,1.213995
0.892726,1.205292
0.891432,1.196590
0.890210,1.187888
0.889058,1.179185
0.887977,1.170483
0.886967,1.161780
0.886025,1.153078
0.885154,1.144375
0.884351,1.135673
0.883617,1.126970
0.882951,1.118268
0.882354,1.109565
0.881824,1.100863
0.881362,1.092160
0.880968,1.083458
0.880641,1.074755
0.880381,1.066053
0.880189,1.057350
0.880063,1.048648
0.880005,1.039945
0.880013,1.031243
0.880089,1.022541
0.880231,1.013838
0.880441,1.005136
0.880718,0.996433
0.881063,0.987731
0.881474,0.979028
0.881953,0.970326
0.882500,0.961623
0.883115,0.952921
0.883799,0.944218
0.884550,0.935516
0.885371,0.926813
0.886260,0.918111
0.887219,0.909408
0.888248,0.900706
0.889347,0.892003
0.890516,0.883301
0.891757,0.874598
0.893069,0.865896
0.894454,0.857194
0.895911,0.848491
0.938233,0.839789
0.939910,0.831086
0.941665,0.822384
0.943498,0.813681
0.945411,0.804979
0.947403,0.796276
0.949477,0.787574
0.951632,0.778871
0.953870,0.770169
0.956191,0.761466
0.958597,0.752764
0.961088,0.744061
0.963666,0.735359
1.008346,0.726656
1.011220,0.717954
1.014188,0.709251
1.017252,0.700549
1.020411,0.691847
1.023669,0.683144
1.027026,0.674442
1.051952,0.665739
1.055586,0.657037
1.059327,0.648334
1.063175,0.639632
1.067133,0.630929
1.071202,0.622227
1.075385,0.613524
1.079683,0.604822
1.084098,0.596119
1.088633,0.587417
1.093290,0.578714
1.098071,0.570012
1.102978,0.561309
1.108013,0.552607
1.113181,0.543905
1.118482,0.535202
1.123920,0.526500
1.129497,0.517797
1.135217,0.509095
1.141083,0.500392
1.147097,0.491690
1.153263,0.482987
1.206915,0.474285
1.213660,0.465582
1.220575,0.456880
1.227663,0.448177
1.234928,0.439475
1.242375,0.430772
1.250008,0.422070
1.257831,0.413367
1.265851,0.404665
1.274071,0.395962
1.282496,0.387260
1.291133,0.378558
1.306879,0.369855
1.316003,0.361153
1.325357,0.352450
1.334948,0.343748
1.344781,0.335045
1.354865,0.326343
1.365205,0.317640
1.375811,0.308938
1.386688,0.300235
1.397847,0.291533
1.409294,0.282830
1.421040,0.274128
1.433093,0.265425
1.445464,0.256723
1.473575,0.248020
1.494815,0.239318
1.487949,0.230615
1.510636,0.221913
1.536490,0.213211
1.531663,0.204508
1.560535,0.195806
1.557176,0.187103
1.589140,0.178401
1.613469,0.169698
1.617110,0.160996
5.726647,0.152293
5.686413,0.143591
5.647167,0.134888
5.608883,0.126186
5.571537,0.117483
5.535103,0.108781
5.499558,0.100078
5.464881,0.091376
5.431049,0.082673
5.398043,0.073971
5.365840,0.065269
5.334424,0.056566
5.303776,0.047864
5.273876,0.039161
5.244709,0.030459
5.216258,0.021756
5.188507,0.013054
5.161441,0.004351
5.135044,-0.004351
5.109303,-0.013054
5.084205,-0.021756
5.059735,-0.030459
5.035881,-0.039161
5.012631,-0.047864
4.989973,-0.056566
4.967896,-0.065269
4.946388,-0.073971
4.925439,-0.082674
4.905038,-0.091376
4.885177,-0.100078
4.865844,-0.108781
4.847032,-0.117483
4.828731,-0.126186
4.810933,-0.134888
4.793629,-0.143591
4.776811,-0.152293
4.760473,-0.160996
4.744606,-0.169698
4.729203,-0.178401
4.714258,-0.187103
4.699763,-0.195806
4.685714,-0.204508
4.672102,-0.213211
4.658924,-0.221913
4.646172,-0.230616
4.633842,-0.239318
4.621928,-0.248021
4.610426,-0.256723
4.599330,-0.265425
4.588636,-0.274128
4.578339,-0.282830
4.568436,-0.291533
4.558922,-0.300235
4.549793,-0.308938
4.541046,-0.317640
4.532676,-0.326343
4.524682,-0.335045
4.517059,-0.343748
4.509804,-0.352450
4.502916,-0.361153
4.496390,-0.369855
4.490224,-0.378558
4.484416,-0.387260
4.478965,-0.395963
4.473866,-0.404665
4.469120,-0.413367
4.464722,-0.422070
4.460673,-0.430772
4.456970,-0.439475
4.453612,-0.448177
4.450599,-0.456880
4.447927,-0.465582
4.445597,-0.474285
4.443608,-0.482987
4.441959,-0.491690
4.440649,-0.500392
4.439678,-0.509095
4.439045,-0.517797
4.438750,-0.526500
4.438793,-0.535202
4.439175,-0.543905
4.439895,-0.552607
4.440953,-0.561310
4.442349,-0.570012
4.444086,-0.578714
4.446163,-0.587417
4.448580,-0.596119
4.451339,-0.604822
4.454441,-0.613524
4.457887,-0.622227
4.461679,-0.630929
4.465817,-0.639632
4.470304,-0.648334
4.475141,-0.657037
4.480330,-0.665739
4.485873,-0.674442
4.491772,-0.683144
4.498030,-0.691847
4.504648,-0.700549
4.511631,-0.709252
4.518980,-0.717954
4.526697,-0.726657
4.534788,-0.735359
4.543253,-0.744061
4.552098,-0.752764
4.561326,-0.761466
4.570940,-0.770169
4.580943,-0.778871
4.591341,-0.787574
4.602138,-0.796276
4.613338,-0.804979
4.624946,-0.813681
4.636966,-0.822384
4.649403,-0.831086
4.662264,-0.839789
4.675553,-0.848491
4.689276,-0.857194
4.703439,-0.865896
4.718049,-0.874599
4.733110,-0.883301
4.748632,-0.892003
4.764619,-0.900706
2.225598,-0.909408
2.179911,-0.918111
2.134494,-0.926813
2.089311,-0.935516
2.044328,-0.944218
2.016778,-0.952921
1.973282,-0.961623
1.929862,-0.970326
1.886493,-0.979028
1.865463,-0.987731
1.822220,-0.996433
1.801467,-1.005136
1.760627,-1.013838
1.740987,-1.022541
1.721459,-1.031243
1.679094,-1.039946
1.659641,-1.048648
1.640262,-1.057350
1.605191,-1.066053
1.586612,-1.074755
1.568059,-1.083458
1.549524,-1.092160
1.530996,-1.100863
1.499985,-1.109565
1.482060,-1.118268
1.464104,-1.126970
1.446110,-1.135673
1.428067,-1.144375
1.409969,-1.153078
1.407676,-1.161780
1.390158,-1.170483
1.372555,-1.179185
1.354860,-1.187888
1.337063,-1.196590
1.312917,-1.205293
1.295416,-1.213995
1.277784,-1.222697
1.286241,-1.231400
1.264343,-1.240102
1.246972,-1.248805
1.229436,-1.257507
1.211726,-1.266210
1.221097,-1.274912
1.209450,-1.283615
1.191813,-1.292317
1.201923,-1.301020
1.184105,-1.309722
1.181479,-1.318425
1.171413,-1.327127
1.161605,-1.335830
1.152046,-1.344532
1.142730,-1.353235
1.133649,-1.361937
1.124796,-1.370639
1.116164,-1.379342
1.107748,-1.388044
1.099541,-1.396747
1.091537,-1.405449
1.083731,-1.414152
1.076116,-1.422854
1.068689,-1.431557
1.061445,-1.440259
1.054377,-1.448962
1.047482,-1.457664
1.040755,-1.466367
1.034193,-1.475069
1.027791,-1.483772
1.021544,-1.492474
1.015450,-1.501177
1.009505,-1.509879
1.003705,-1.518582
0.998047,-1.527284
0.992527,-1.535986
0.987143,-1.544689
0.981891,-1.553391
0.976769,-1.562094
0.971774,-1.570796
