scan.pos:2.578466,6.281318,-0.3647501.818303,1.562094
1.824451,1.553391
1.830782,1.544689
1.837297,1.535986
1.843999,1.527284
1.850892,1.518581
1.857978,1.509879
1.865262,1.501177
1.872746,1.492474
1.880434,1.483772
1.888330,1.475069
1.896438,1.466367
1.904761,1.457664
1.913304,1.448962
1.922071,1.440259
1.931067,1.431557
1.940295,1.422854
1.949762,1.414152
1.959471,1.405449
1.969428,1.396747
1.979638,1.388044
1.990107,1.379342
2.000840,1.370639
2.011844,1.361937
2.023125,1.353234
2.034688,1.344532
2.046542,1.335830
2.058692,1.327127
2.071145,1.318425
2.083910,1.309722
2.096994,1.301020
2.110405,1.292317
2.124152,1.283615
2.138242,1.274912
2.152686,1.266210
2.167493,1.257507
2.182672,1.248805
2.198233,1.240102
2.214188,1.231400
2.230548,1.222697
2.247323,1.213995
2.264526,1.205292
2.282170,1.196590
2.300268,1.187888
2.318833,1.179185
2.337879,1.170483
2.357422,1.161780
2.377477,1.153078
2.398060,1.144375
2.401083,1.135673
2.427901,1.126970
2.456184,1.118268
2.485559,1.109565
2.486503,1.100863
2.514974,1.092160
2.546978,1.083458
2.580166,1.074755
2.583837,1.066053
2.614267,1.057350
2.650354,1.048648
2.681806,1.039945
2.694420,1.031243
2.727183,1.022541
2.767819,1.013838
2.801831,1.005136
2.844873,0.996433
2.880272,0.987731
2.901296,0.979028
2.938384,0.970326
2.976005,0.961623
3.001560,0.952921
3.041102,0.944218
3.094040,0.935516
3.135553,0.926813
3.177809,0.918111
3.212057,0.909408
3.280096,0.900706
3.325554,0.892003
3.365610,0.883301
3.413878,0.874598
3.463235,0.865896
3.532746,0.857194
3.585269,0.848491
3.637143,0.839789
3.715792,0.831086
3.773387,0.822384
3.855777,0.813681
3.917608,0.804979
3.981287,0.796276
4.050983,0.787574
4.141744,0.778871
4.212781,0.770169
4.315475,0.761466
4.392677,0.752764
4.494286,0.744061
4.588558,0.735359
4.697578,0.726656
4.809994,0.717954
4.926081,0.709251
5.042065,0.700549
5.168119,0.691847
5.298918,0.683144
5.436119,0.674442
5.600614,0.665739
5.666589,0.657037
5.642850,0.648334
5.622398,0.639632
5.611164,0.630929
5.594741,0.622227
5.581809,0.613524
5.569360,0.604822
5.557389,0.596119
5.545891,0.587417
5.534861,0.578714
5.524294,0.570012
5.514187,0.561309
5.504535,0.552607
5.495335,0.543905
5.486582,0.535202
5.478274,0.526500
5.470407,0.517797
5.462977,0.509095
5.455984,0.500392
5.449422,0.491690
5.443290,0.482987
5.437585,0.474285
5.432306,0.465582
5.427450,0.456880
5.423015,0.448177
5.419000,0.439475
5.415403,0.430772
5.412222,0.422070
5.409457,0.413367
5.407106,0.404665
5.405169,0.395962
5.403645,0.387260
5.402533,0.378558
5.401832,0.369855
5.401543,0.361153
5.401665,0.352450
5.402199,0.343748
5.403144,0.335045
5.404501,0.326343
5.406271,0.317640
5.408454,0.308938
5.411051,0.300235
5.414063,0.291533
5.417491,0.282830
5.421337,0.274128
5.425601,0.265425
5.430286,0.256723
5.435394,0.248020
5.440926,0.239318
5.446884,0.230615
5.453271,0.221913
5.460090,0.213211
5.467342,0.204508
5.475031,0.195806
5.483160,0.187103
5.491732,0.178401
5.500750,0.169698
5.510219,0.160996
5.520141,0.152293
5.530520,0.143591
5.541362,0.134888
5.552670,0.126186
5.564449,0.117483
5.576704,0.108781
5.589439,0.100078
5.602660,0.091376
5.616373,0.082673
5.630583,0.073971
5.645296,0.065269
5.660518,0.056566
5.676255,0.047864
5.692516,0.039161
5.709306,0.030459
5.726632,0.021756
5.744503,0.013054
5.762926,0.004351
5.781909,-0.004351
5.801461,-0.013054
5.821590,-0.021756
5.842307,-0.030459
5.863619,-0.039161
5.885537,-0.047864
5.908071,-0.056566
5.931232,-0.065269
5.955030,-0.073971
5.979478,-0.082674
6.004586,-0.091376
6.030367,-0.100078
6.056834,-0.108781
6.083999,-0.117483
6.111876,-0.126186
6.140481,-0.134888
6.169826,-0.143591
6.199927,-0.152293
6.230800,-0.160996
6.262462,-0.169698
6.294929,-0.178401
6.328218,-0.187103
6.362349,-0.195806
6.397340,-0.204508
6.433210,-0.213211
6.469981,-0.221913
6.507672,-0.230616
6.546307,-0.239318
6.585908,-0.248021
6.626498,-0.256723
6.668103,-0.265425
6.710748,-0.274128
6.754460,-0.282830
6.799266,-0.291533
6.845195,-0.300235
6.892277,-0.308938
6.940544,-0.317640
6.990027,-0.326343
7.040761,-0.335045
7.092782,-0.343748
7.163611,-0.352450
7.221884,-0.361153
7.283655,-0.369855
7.267690,-0.378558
7.199348,-0.387260
7.132312,-0.395963
7.066526,-0.404665
6.945363,-0.413367
6.853498,-0.422070
6.799515,-0.430772
6.741753,-0.439475
6.685468,-0.448177
6.630616,-0.456880
6.577154,-0.465582
6.525040,-0.474285
6.474235,-0.482987
6.423058,-0.491690
6.323716,-0.500392
6.277003,-0.509095
6.179533,-0.517797
6.135471,-0.526500
6.092494,-0.535202
6.050572,-0.543905
6.009677,-0.552607
4.640746,-0.561310
4.585579,-0.570012
4.556223,-0.578714
4.478387,-0.587417
4.426303,-0.596119
4.302296,-0.604822
4.252558,-0.613524
4.179715,-0.622227
4.155777,-0.630929
4.108684,-0.639632
4.038815,-0.648334
3.899567,-0.657037
3.855532,-0.665739
3.789014,-0.674442
3.723467,-0.683144
3.681863,-0.691847
3.595170,-0.700549
3.486808,-0.709252
3.470427,-0.717954
3.431893,-0.726657
3.412679,-0.735359
3.401376,-0.744061
3.386704,-0.752764
3.372414,-0.761466
3.358499,-0.770169
3.344952,-0.778871
3.331767,-0.787574
3.318936,-0.796276
3.328199,-0.804979
3.315982,-0.813681
3.304105,-0.822384
3.292562,-0.831086
3.302787,-0.839789
3.313193,-0.848491
3.302485,-0.857194
3.313327,-0.865896
3.345519,-0.874599
3.335565,-0.883301
3.368006,-0.892003
3.379536,-0.900706
3.412184,-0.909408
3.507527,-0.918111
3.498558,-0.926813
3.552194,-0.935516
3.605840,-0.944218
3.618174,-0.952921
3.626145,-0.961623
3.614239,-0.970326
3.670525,-0.979028
3.651443,-0.987731
3.701430,-0.996433
3.757168,-1.005136
3.788845,-1.013838
3.791139,-1.022541
3.847108,-1.031243
3.895853,-1.039946
3.951062,-1.048648
4.067061,-1.057350
4.142661,-1.066053
4.137678,-1.074755
4.213641,-1.083458
4.209225,-1.092160
4.285594,-1.100863
4.342051,-1.109565
4.378662,-1.118268
4.435614,-1.126970
4.452721,-1.135673
4.490185,-1.144375
4.487891,-1.153078
4.525982,-1.161780
4.544374,-1.170483
4.583108,-1.179185
4.582165,-1.187888
4.581570,-1.196590
4.581325,-1.205293
4.581429,-1.213995
4.581882,-1.222697
4.582683,-1.231400
4.583835,-1.240102
4.585336,-1.248805
4.587187,-1.257507
4.549319,-1.266210
4.551851,-1.274912
4.554734,-1.283615
4.557967,-1.292317
4.561552,-1.301020
4.565491,-1.309722
4.569785,-1.318425
4.574436,-1.327127
4.579445,-1.335830
4.584816,-1.344532
4.590548,-1.353235
4.577413,-1.361937
4.603110,-1.370639
4.609944,-1.379342
4.617151,-1.388044
4.624733,-1.396747
4.632694,-1.405449
4.641036,-1.414152
4.629285,-1.422854
4.638360,-1.431557
4.647825,-1.440259
4.657685,-1.448962
4.667943,-1.457664
4.678602,-1.466367
4.689669,-1.475069
4.701147,-1.483772
4.713041,-1.492474
4.725357,-1.501177
4.738098,-1.509879
4.751271,-1.518582
4.764882,-1.527284
4.778936,-1.535986
4.793439,-1.544689
4.765858,-1.553391
4.781142,-1.562094
4.796891,-1.570796
