scan.pos:2.765308,6.209975,-0.3647501.894670,1.562094
1.901077,1.553391
1.907673,1.544689
1.914461,1.535986
1.921445,1.527284
1.928628,1.518581
1.936012,1.509879
1.943601,1.501177
1.951400,1.492474
1.959411,1.483772
1.967639,1.475069
1.976087,1.466367
1.984760,1.457664
1.993661,1.448962
2.002797,1.440259
2.012170,1.431557
2.021786,1.422854
2.031650,1.414152
2.041767,1.405449
2.052142,1.396747
2.062781,1.388044
2.073690,1.379342
2.084874,1.370639
2.096340,1.361937
2.108094,1.353234
2.120144,1.344532
2.132495,1.335830
2.145155,1.327127
2.158132,1.318425
2.171433,1.309722
2.185066,1.301020
2.199040,1.292317
2.213364,1.283615
2.228047,1.274912
2.243097,1.266210
2.258526,1.257507
2.274342,1.248805
2.290557,1.240102
2.307182,1.231400
2.324229,1.222697
2.341709,1.213995
2.359635,1.205292
2.378019,1.196590
2.396877,1.187888
2.416222,1.179185
2.436068,1.170483
2.456432,1.161780
2.477329,1.153078
2.498777,1.144375
2.506623,1.135673
2.539292,1.126970
2.545840,1.118268
2.579483,1.109565
2.613283,1.100863
2.623184,1.092160
2.658081,1.083458
2.666665,1.074755
2.706632,1.066053
2.742995,1.057350
2.753706,1.048648
2.796830,1.039945
2.809307,1.031243
2.847942,1.022541
2.886996,1.013838
2.909503,1.005136
2.950204,0.996433
2.991425,0.987731
3.018363,0.979028
3.061463,0.970326
3.105201,0.961623
3.149617,0.952921
3.182872,0.944218
3.229535,0.935516
3.277022,0.926813
3.315798,0.918111
3.365873,0.909408
3.416943,0.900706
3.469067,0.892003
3.515951,0.883301
3.571220,0.874598
3.627761,0.865896
3.685652,0.857194
3.742089,0.848491
3.803845,0.839789
3.867235,0.831086
3.932360,0.822384
4.000244,0.813681
4.070187,0.804979
4.142244,0.796276
4.238550,0.787574
4.315173,0.778871
4.400661,0.770169
4.483766,0.761466
4.591501,0.752764
4.680669,0.744061
4.773241,0.735359
4.882141,0.726656
5.005083,0.717954
5.132168,0.709251
5.242507,0.700549
5.376618,0.691847
5.520146,0.683144
5.501150,0.674442
5.489420,0.665739
5.464558,0.657037
5.441517,0.648334
5.427603,0.639632
5.414171,0.630929
5.401215,0.622227
5.388731,0.613524
5.376712,0.604822
5.365156,0.596119
5.354055,0.587417
5.343406,0.578714
5.333205,0.570012
5.323447,0.561309
5.314129,0.552607
5.305247,0.543905
5.296797,0.535202
5.288777,0.526500
5.281182,0.517797
5.274010,0.509095
5.267258,0.500392
5.260923,0.491690
5.255003,0.482987
5.249496,0.474285
5.244399,0.465582
5.239711,0.456880
5.235430,0.448177
5.231553,0.439475
5.228081,0.430772
5.225010,0.422070
5.222341,0.413367
5.220071,0.404665
5.218201,0.395962
5.216729,0.387260
5.215655,0.378558
5.214979,0.369855
5.214700,0.361153
5.214818,0.352450
5.215333,0.343748
5.216246,0.335045
5.217556,0.326343
5.219265,0.317640
5.221372,0.308938
5.223879,0.300235
5.226787,0.291533
5.230097,0.282830
5.233809,0.274128
5.237926,0.265425
5.242449,0.256723
5.247380,0.248020
5.252720,0.239318
5.258472,0.230615
5.264639,0.221913
5.271222,0.213211
5.278223,0.204508
5.285646,0.195806
5.293494,0.187103
5.301769,0.178401
5.310476,0.169698
5.319617,0.160996
5.329195,0.152293
5.339216,0.143591
5.349683,0.134888
5.360600,0.126186
5.371971,0.117483
5.383802,0.108781
5.396097,0.100078
5.408861,0.091376
5.422099,0.082673
5.435817,0.073971
5.450021,0.065269
5.464716,0.056566
5.479910,0.047864
5.495608,0.039161
5.511817,0.030459
5.528544,0.021756
5.545797,0.013054
5.563582,0.004351
5.581909,-0.004351
5.600785,-0.013054
5.620218,-0.021756
5.640217,-0.030459
5.660792,-0.039161
5.681952,-0.047864
5.703707,-0.056566
5.726067,-0.065269
5.749042,-0.073971
5.772644,-0.082674
5.796884,-0.091376
5.821773,-0.100078
5.847324,-0.108781
5.873549,-0.117483
5.900463,-0.126186
5.928077,-0.134888
5.956407,-0.143591
5.985467,-0.152293
6.015273,-0.160996
6.045839,-0.169698
6.077183,-0.178401
6.109321,-0.187103
6.142272,-0.195806
6.176052,-0.204508
6.210681,-0.213211
6.246180,-0.221913
6.282568,-0.230616
6.319866,-0.239318
6.358097,-0.248021
6.397284,-0.256723
6.437449,-0.265425
6.478619,-0.274128
6.520819,-0.282830
6.564075,-0.291533
6.608415,-0.300235
6.653869,-0.308938
6.700466,-0.317640
6.748238,-0.326343
6.797217,-0.335045
6.847438,-0.343748
6.898935,-0.352450
6.956018,-0.361153
7.013363,-0.369855
7.071599,-0.378558
7.081797,-0.387260
7.012032,-0.395963
6.942408,-0.404665
6.875541,-0.413367
6.838029,-0.422070
6.727405,-0.430772
6.642404,-0.439475
6.586949,-0.448177
6.532906,-0.456880
6.480231,-0.465582
6.428885,-0.474285
6.378829,-0.482987
6.330023,-0.491690
6.282434,-0.500392
6.221212,-0.509095
6.138854,-0.517797
6.043538,-0.526500
6.001204,-0.535202
5.959911,-0.543905
5.919629,-0.552607
5.880333,-0.561310
5.841998,-0.570012
4.591690,-0.578714
4.464437,-0.587417
4.412438,-0.596119
4.385706,-0.604822
4.311319,-0.613524
4.262145,-0.622227
4.142236,-0.630929
4.095220,-0.639632
4.072644,-0.648334
4.003660,-0.657037
3.959073,-0.665739
3.892016,-0.674442
3.825944,-0.683144
3.737824,-0.691847
3.696636,-0.700549
3.633346,-0.709252
3.570932,-0.717954
3.531935,-0.726657
3.448627,-0.735359
3.343954,-0.744061
3.329530,-0.752764
3.293304,-0.761466
3.279716,-0.770169
3.244927,-0.778871
3.253610,-0.787574
3.241081,-0.796276
3.228893,-0.804979
3.217040,-0.813681
3.205517,-0.822384
3.194319,-0.831086
3.183441,-0.839789
3.194243,-0.848491
3.183920,-0.857194
3.173904,-0.865896
3.164192,-0.874599
3.154778,-0.883301
3.187742,-0.892003
3.178795,-0.900706
3.211990,-0.909408
3.203511,-0.918111
3.216136,-0.926813
3.228941,-0.935516
3.241930,-0.944218
3.296439,-0.952921
3.350952,-0.961623
3.384903,-0.970326
3.439503,-0.979028
3.494143,-0.987731
3.487473,-0.996433
3.521926,-1.005136
3.515762,-1.013838
3.550580,-1.022541
3.545919,-1.031243
3.587007,-1.039946
3.639904,-1.048648
3.658281,-1.057350
3.689089,-1.066053
3.760722,-1.074755
3.796747,-1.083458
3.855537,-1.092160
3.972477,-1.100863
3.968926,-1.109565
4.046001,-1.118268
4.103199,-1.126970
4.200733,-1.135673
4.218305,-1.144375
4.296267,-1.153078
4.314421,-1.161780
4.352902,-1.170483
4.371682,-1.179185
4.410789,-1.187888
4.410218,-1.196590
4.469982,-1.205293
4.470083,-1.213995
4.510530,-1.222697
4.511319,-1.231400
4.512452,-1.240102
4.513930,-1.248805
4.515752,-1.257507
4.517921,-1.266210
4.520436,-1.274912
4.523298,-1.283615
4.526509,-1.292317
4.530069,-1.301020
4.493768,-1.309722
4.497995,-1.318425
4.502573,-1.327127
4.507504,-1.335830
4.512789,-1.344532
4.518431,-1.353235
4.524433,-1.361937
4.530796,-1.370639
4.537523,-1.379342
4.544617,-1.388044
4.552080,-1.396747
4.559915,-1.405449
4.568126,-1.414152
4.576716,-1.422854
4.585688,-1.431557
4.595046,-1.440259
4.604793,-1.448962
4.614934,-1.457664
4.625473,-1.466367
4.615669,-1.475069
4.626966,-1.483772
4.638673,-1.492474
4.650794,-1.501177
4.663334,-1.509879
4.676300,-1.518582
4.689695,-1.527284
4.703527,-1.535986
4.717802,-1.544689
4.732524,-1.553391
4.747702,-1.562094
4.763341,-1.570796
