scan.pos:-0.505240,7.247506,-3.1147500.947847,1.562094
0.947661,1.553391
0.947548,1.544689
0.947506,1.535986
0.947537,1.527284
0.947640,1.518581
0.947815,1.509879
0.948062,1.501177
0.948381,1.492474
0.948774,1.483772
0.949238,1.475069
0.949776,1.466367
0.950387,1.457664
0.951070,1.448962
0.951828,1.440259
0.952659,1.431557
0.953564,1.422854
0.954544,1.414152
0.955599,1.405449
0.956729,1.396747
0.998375,1.388044
0.999711,1.379342
1.001127,1.370639
1.002623,1.361937
1.004200,1.353234
1.005859,1.344532
1.007601,1.335830
1.009426,1.327127
1.011334,1.318425
1.013327,1.309722
1.015405,1.301020
1.017569,1.292317
1.019821,1.283615
1.022160,1.274912
1.024589,1.266210
1.027107,1.257507
1.029716,1.248805
1.032418,1.240102
1.035213,1.231400
1.038102,1.222697
1.041087,1.213995
1.044169,1.205292
1.047349,1.196590
1.050629,1.187888
1.054010,1.179185
1.057493,1.170483
1.061081,1.161780
1.064775,1.153078
1.068576,1.144375
1.072486,1.135673
1.120112,1.126970
1.124414,1.118268
1.128835,1.109565
1.155438,1.100863
1.160195,1.092160
1.209571,1.083458
1.214779,1.074755
1.220125,1.066053
5.214542,1.057350
5.142076,1.048648
5.048977,1.039945
4.976108,1.031243
4.885713,1.022541
4.819985,1.013838
4.749015,1.005136
4.685810,0.996433
4.615584,0.987731
4.554616,0.979028
4.471356,0.970326
4.425927,0.961623
4.368219,0.952921
4.299300,0.944218
4.243215,0.935516
4.188230,0.926813
4.144205,0.918111
4.090680,0.909408
4.046886,0.900706
3.994646,0.892003
3.950945,0.883301
3.899825,0.874598
3.875015,0.865896
3.831651,0.857194
3.834176,0.848491
3.817056,0.839789
3.769096,0.831086
3.752233,0.822384
3.731799,0.813681
3.742215,0.804979
3.723353,0.796276
3.707415,0.787574
3.717409,0.778871
3.728740,0.770169
3.741411,0.761466
3.741660,0.752764
3.758276,0.744061
3.802232,0.735359
3.819016,0.726656
3.864067,0.717954
3.909598,0.709251
3.928715,0.700549
3.975520,0.691847
4.022907,0.683144
4.070912,0.674442
4.093454,0.665739
4.143004,0.657037
4.244788,0.648334
4.346629,0.639632
4.437212,0.630929
4.500324,0.622227
4.552990,0.613524
4.656431,0.604822
4.710811,0.596119
4.790873,0.587417
4.847364,0.578714
4.927072,0.570012
4.986322,0.561309
5.061868,0.552607
5.130052,0.543905
3.082269,0.256723
3.074420,0.248020
3.046085,0.239318
2.997409,0.230615
2.949188,0.221913
2.880794,0.213211
2.854060,0.204508
2.848184,0.195806
2.801571,0.187103
2.796251,0.178401
2.791162,0.169698
2.786305,0.160996
2.781676,0.152293
2.777273,0.143591
2.773095,0.134888
2.769140,0.126186
2.765407,0.117483
2.761894,0.108781
2.758599,0.100078
2.755522,0.091376
2.712399,0.082673
2.689681,0.073971
2.647115,0.065269
2.644978,0.056566
2.622983,0.047864
2.621267,0.039161
2.619753,0.030459
2.578383,0.021756
2.577288,0.013054
2.576389,0.004351
2.575688,-0.004351
2.575182,-0.013054
2.574873,-0.021756
2.574760,-0.030459
2.574843,-0.039161
2.575123,-0.047864
2.575598,-0.056566
2.576270,-0.065269
2.577139,-0.073971
2.578204,-0.082674
2.579467,-0.091376
2.580928,-0.100078
2.582587,-0.108781
2.584446,-0.117483
2.586504,-0.126186
2.588763,-0.134888
2.591223,-0.143591
2.634182,-0.152293
2.637093,-0.160996
2.599822,-0.169698
2.603098,-0.178401
2.606581,-0.187103
2.610273,-0.195806
2.614175,-0.204508
2.618288,-0.213211
2.622613,-0.221913
2.627154,-0.230616
2.631911,-0.239318
2.644824,-0.248021
2.644369,-0.256723
2.647535,-0.265425
2.653518,-0.274128
2.665926,-0.282830
2.706918,-0.291533
2.726899,-0.300235
2.624086,-0.308938
2.556219,-0.317640
2.478954,-0.326343
2.402650,-0.335045
2.346445,-0.343748
2.294771,-0.352450
2.243801,-0.361153
2.175862,-0.369855
2.127672,-0.378558
2.065407,-0.387260
2.019499,-0.395963
1.983687,-0.404665
1.939727,-0.413367
1.895933,-0.422070
1.844452,-0.430772
1.823900,-0.439475
1.776197,-0.448177
1.757076,-0.456880
1.716032,-0.465582
1.694866,-0.474285
1.654806,-0.482987
1.614425,-0.491690
1.597516,-0.500392
1.559804,-0.509095
1.543756,-0.517797
1.527695,-0.526500
1.508674,-0.535202
1.493083,-0.543905
1.454367,-0.552607
1.438573,-0.561310
1.422727,-0.570012
1.406822,-0.578714
1.390855,-0.587417
1.351115,-0.596119
1.334873,-0.604822
1.318547,-0.613524
1.302134,-0.622227
1.285625,-0.630929
1.269017,-0.639632
1.252302,-0.648334
1.235473,-0.657037
1.218525,-0.665739
1.226481,-0.674442
1.209439,-0.683144
1.192260,-0.691847
1.174937,-0.700549
1.157463,-0.709252
1.139829,-0.717954
1.148120,-0.726657
1.130335,-0.735359
1.112370,-0.744061
1.094216,-0.752764
1.102761,-0.761466
1.084415,-0.770169
1.065857,-0.778871
1.047077,-0.787574
1.055849,-0.796276
1.036829,-0.804979
1.045825,-0.813681
1.038180,-0.822384
1.029380,-0.831086
1.020805,-0.839789
1.012448,-0.848491
1.004303,-0.857194
0.996363,-0.865896
0.988622,-0.874599
0.981075,-0.883301
0.973716,-0.892003
0.966539,-0.900706
0.959540,-0.909408
0.952714,-0.918111
0.946055,-0.926813
0.939560,-0.935516
0.933224,-0.944218
0.927044,-0.952921
0.921014,-0.961623
0.915131,-0.970326
0.909392,-0.979028
0.903793,-0.987731
0.898330,-0.996433
0.893001,-1.005136
0.887801,-1.013838
0.882729,-1.022541
0.877781,-1.031243
0.872954,-1.039946
0.868245,-1.048648
0.863653,-1.057350
0.859174,-1.066053
0.854806,-1.074755
0.850546,-1.083458
0.846393,-1.092160
0.842344,-1.100863
0.838397,-1.109565
0.834551,-1.118268
0.830802,-1.126970
0.827150,-1.135673
0.823592,-1.144375
0.820127,-1.153078
0.816752,-1.161780
0.813467,-1.170483
0.810270,-1.179185
0.807159,-1.187888
0.804133,-1.196590
0.801190,-1.205293
0.798330,-1.213995
0.795550,-1.222697
0.792849,-1.231400
0.790227,-1.240102
0.787682,-1.248805
0.785212,-1.257507
0.782818,-1.266210
0.780498,-1.274912
0.778250,-1.283615
0.776074,-1.292317
0.773969,-1.301020
0.771934,-1.309722
0.769968,-1.318425
0.768071,-1.327127
0.766241,-1.335830
0.764477,-1.344532
0.762780,-1.353235
0.761149,-1.361937
0.759581,-1.370639
0.758078,-1.379342
0.756639,-1.388044
0.755262,-1.396747
0.753948,-1.405449
0.752695,-1.414152
0.751504,-1.422854
0.750373,-1.431557
0.749303,-1.440259
0.748293,-1.448962
0.747342,-1.457664
0.746451,-1.466367
0.745618,-1.475069
0.744844,-1.483772
0.744128,-1.492474
0.743470,-1.501177
0.742870,-1.509879
0.742327,-1.518582
0.741842,-1.527284
0.741413,-1.535986
0.741041,-1.544689
0.740727,-1.553391
0.740468,-1.562094
0.740267,-1.570796
