scan.pos:-1.635392,7.247078,0.2852500.771162,1.562094
0.769222,1.553391
0.767351,1.544689
0.765547,1.535986
0.763810,1.527284
0.762138,1.518581
0.760532,1.509879
0.758990,1.501177
0.757511,1.492474
0.756096,1.483772
0.754744,1.475069
0.753453,1.466367
0.752225,1.457664
0.751057,1.448962
0.749950,1.440259
0.748903,1.431557
0.747916,1.422854
0.746989,1.414152
0.746120,1.405449
0.745310,1.396747
0.744559,1.388044
0.743865,1.379342
0.743230,1.370639
0.742652,1.361937
0.742132,1.353234
0.741668,1.344532
0.741262,1.335830
0.740912,1.327127
0.740619,1.318425
0.740383,1.309722
0.740203,1.301020
0.740080,1.292317
0.740013,1.283615
0.740003,1.274912
0.740049,1.266210
0.740151,1.257507
0.740309,1.248805
0.740524,1.240102
0.740796,1.231400
0.741124,1.222697
0.741509,1.213995
0.741951,1.205292
0.742450,1.196590
0.743007,1.187888
0.743621,1.179185
0.744292,1.170483
0.745022,1.161780
0.745810,1.153078
0.746656,1.144375
0.747562,1.135673
0.748527,1.126970
0.749551,1.118268
0.750635,1.109565
0.751780,1.100863
0.752986,1.092160
0.754253,1.083458
0.755582,1.074755
0.756974,1.066053
0.758429,1.057350
0.759947,1.048648
0.761529,1.039945
0.763176,1.031243
0.764889,1.022541
0.766668,1.013838
0.768514,1.005136
0.770427,0.996433
0.772410,0.987731
0.774461,0.979028
0.776583,0.970326
0.778776,0.961623
0.781040,0.952921
0.783378,0.944218
0.785790,0.935516
0.788278,0.926813
0.790841,0.918111
0.793482,0.909408
0.796201,0.900706
0.799000,0.892003
0.801880,0.883301
0.804842,0.874598
0.807888,0.865896
0.811019,0.857194
0.814237,0.848491
0.817543,0.839789
0.820939,0.831086
0.824426,0.822384
0.828006,0.813681
0.831681,0.804979
0.835453,0.796276
0.839323,0.787574
0.843294,0.778871
0.847367,0.770169
0.851545,0.761466
0.855830,0.752764
0.860224,0.744061
0.864730,0.735359
0.869350,0.726656
0.874086,0.717954
0.878941,0.709251
0.883919,0.700549
0.889021,0.691847
0.894251,0.683144
0.899612,0.674442
0.905106,0.665739
0.910738,0.657037
0.916511,0.648334
0.922428,0.639632
0.928493,0.630929
0.925771,0.622227
0.932083,0.613524
0.938554,0.604822
0.945188,0.596119
0.951989,0.587417
0.958962,0.578714
0.966112,0.570012
0.973445,0.561309
0.980965,0.552607
0.988678,0.543905
0.996589,0.535202
1.004706,0.526500
1.013033,0.517797
1.021578,0.509095
1.030348,0.500392
1.034563,0.491690
1.028496,0.482987
1.050389,0.474285
1.044548,0.465582
1.068346,0.456880
1.063235,0.448177
1.085198,0.439475
1.106970,0.430772
1.106269,0.422070
1.128404,0.413367
1.124334,0.404665
1.146358,0.395962
1.148777,0.387260
1.171249,0.378558
1.168284,0.369855
1.190718,0.361153
1.196433,0.352450
1.219418,0.343748
1.242342,0.335045
1.240699,0.326343
1.274326,0.317640
1.273661,0.308938
1.297360,0.300235
1.321069,0.291533
1.344800,0.282830
1.358608,0.274128
1.359670,0.265425
1.384481,0.256723
1.409385,0.248020
1.434400,0.239318
1.453618,0.230615
1.479758,0.221913
1.506081,0.213211
1.532607,0.204508
1.559360,0.195806
1.586362,0.187103
1.590682,0.178401
1.641647,0.169698
1.648326,0.160996
1.677703,0.152293
1.707494,0.143591
1.764301,0.134888
1.796067,0.126186
1.828399,0.117483
1.861342,0.108781
1.894944,0.100078
1.950807,0.091376
1.997825,0.082673
2.035074,0.073971
2.073286,0.065269
2.133803,0.056566
2.195318,0.047864
2.236799,0.039161
2.301023,0.030459
2.368142,0.021756
2.415871,0.013054
2.507228,0.004351
2.579532,-0.004351
2.653935,-0.013054
2.730660,-0.021756
2.825958,-0.030459
2.910920,-0.039161
3.040453,-0.047864
3.132472,-0.056566
3.269746,-0.065269
3.391141,-0.073971
3.513103,-0.082674
3.691032,-0.091376
3.835357,-0.100078
4.049018,-0.108781
4.231530,-0.117483
4.485999,-0.126186
4.712890,-0.134888
4.971728,-0.143591
5.322044,-0.152293
5.655209,-0.160996
6.097388,-0.169698
6.554507,-0.178401
7.156363,-0.187103
7.774589,-0.195806
2.809429,-0.665739
2.748488,-0.674442
2.537688,-0.683144
2.392744,-0.691847
2.336064,-0.700549
2.280850,-0.709252
2.245077,-0.717954
2.193657,-0.726657
2.165576,-0.735359
2.116477,-0.744061
2.090758,-0.752764
2.043693,-0.761466
2.004400,-0.770169
1.977785,-0.778871
1.956948,-0.787574
1.914112,-0.796276
1.894928,-0.804979
1.859885,-0.813681
1.843016,-0.822384
1.803512,-0.831086
1.787961,-0.839789
1.773086,-0.848491
1.745550,-0.857194
1.708691,-0.865896
1.696173,-0.874599
1.660052,-0.883301
1.648502,-0.892003
1.627207,-0.900706
1.617267,-0.909408
1.583041,-0.918111
1.573896,-0.926813
1.557185,-0.935516
1.524215,-0.944218
1.516757,-0.952921
1.509708,-0.961623
1.477265,-0.970326
1.465458,-0.979028
1.459904,-0.987731
1.428353,-0.996433
1.401739,-1.005136
1.415322,-1.013838
1.384507,-1.022541
1.380790,-1.031243
1.377399,-1.039946
1.400646,-1.048648
1.398623,-1.057350
1.396922,-1.066053
1.392144,-1.074755
1.380218,-1.083458
1.368597,-1.092160
1.357273,-1.100863
1.346237,-1.109565
1.335479,-1.118268
1.324993,-1.126970
1.314769,-1.135673
1.304800,-1.144375
1.295079,-1.153078
1.285599,-1.161780
1.276353,-1.170483
1.267335,-1.179185
1.258539,-1.187888
1.249959,-1.196590
1.241588,-1.205293
1.233423,-1.213995
1.225457,-1.222697
1.242357,-1.231400
1.234621,-1.240102
1.251443,-1.248805
1.243934,-1.257507
1.236607,-1.266210
1.229460,-1.274912
1.222487,-1.283615
1.215685,-1.292317
1.232594,-1.301020
1.225996,-1.309722
1.219560,-1.318425
1.213284,-1.327127
1.230221,-1.335830
1.247083,-1.344532
1.241042,-1.353235
1.235152,-1.361937
1.252031,-1.370639
1.246333,-1.379342
1.240781,-1.388044
1.257690,-1.396747
1.274549,-1.405449
1.291362,-1.414152
1.308135,-1.422854
1.302921,-1.431557
1.297846,-1.440259
1.314692,-1.448962
1.309809,-1.457664
1.348308,-1.466367
1.365087,-1.475069
1.424798,-1.483772
1.469103,-1.492474
1.509618,-1.501177
1.545244,-1.509879
1.714580,-1.518582
1.756448,-1.527284
1.798788,-1.535986
1.842855,-1.544689
1.849541,-1.553391
1.833757,-1.562094
1.869023,-1.570796
