scan.pos:-7.178397,6.712892,1.6184350.840954,1.562094
0.840636,1.553391
0.840383,1.544689
0.840193,1.535986
0.840068,1.527284
0.840007,1.518581
0.840009,1.509879
0.840076,1.501177
0.840207,1.492474
0.840401,1.483772
0.840660,1.475069
0.840983,1.466367
0.841370,1.457664
0.841822,1.448962
0.842339,1.440259
0.842920,1.431557
0.843566,1.422854
0.844278,1.414152
0.845056,1.405449
0.845899,1.396747
0.846809,1.388044
0.847785,1.379342
0.848828,1.370639
0.849938,1.361937
0.851117,1.353234
0.852363,1.344532
0.853678,1.335830
0.855063,1.327127
0.856518,1.318425
0.858042,1.309722
0.859638,1.301020
0.861306,1.292317
0.863046,1.283615
0.864859,1.274912
0.866745,1.266210
0.868707,1.257507
0.870743,1.248805
0.872856,1.240102
0.875046,1.231400
0.877314,1.222697
0.879660,1.213995
0.882087,1.205292
0.884595,1.196590
0.887185,1.187888
0.889858,1.179185
0.892615,1.170483
0.895458,1.161780
0.898388,1.153078
0.901405,1.144375
0.904513,1.135673
0.907711,1.126970
0.911001,1.118268
0.914385,1.109565
0.917865,1.100863
0.921441,1.092160
0.925117,1.083458
0.928893,1.074755
0.932771,1.066053
0.936753,1.057350
0.940841,1.048648
0.945038,1.039945
0.949344,1.031243
0.953764,1.022541
0.958297,1.013838
0.962948,1.005136
0.967718,0.996433
0.972610,0.987731
0.977627,0.979028
0.982771,0.970326
0.988045,0.961623
0.971694,0.952921
0.977115,0.944218
0.982673,0.935516
0.988370,0.926813
0.994209,0.918111
1.000195,0.909408
1.006330,0.900706
1.012618,0.892003
1.019064,0.883301
1.025671,0.874598
1.032443,0.865896
1.039385,0.857194
1.046501,0.848491
1.053796,0.839789
1.061275,0.831086
1.068942,0.822384
1.076804,0.813681
1.084866,0.804979
1.093133,0.796276
1.101611,0.787574
1.110308,0.778871
1.119229,0.770169
1.128380,0.761466
1.137771,0.752764
1.147406,0.744061
1.157296,0.735359
1.159168,0.726656
1.154278,0.717954
1.177325,0.709251
1.174473,0.700549
1.197853,0.691847
1.221056,0.683144
1.217298,0.674442
1.244149,0.665739
1.241223,0.657037
1.264763,0.648334
1.262183,0.639632
1.291500,0.630929
1.289808,0.622227
1.313858,0.613524
1.337847,0.604822
1.336670,0.596119
1.344276,0.587417
1.369042,0.578714
1.393804,0.570012
1.418577,0.561309
1.429811,0.552607
1.431201,0.543905
1.456988,0.535202
1.482853,0.526500
1.485039,0.517797
1.477818,0.509095
1.505067,0.500392
1.485694,0.491690
1.490254,0.482987
1.472098,0.474285
1.471917,0.465582
1.455862,0.456880
1.463326,0.448177
1.438163,0.439475
1.431511,0.430772
1.425028,0.422070
1.418711,0.413367
1.412557,0.404665
1.406563,0.395962
1.400726,0.387260
1.395043,0.378558
1.389511,0.369855
1.384128,0.361153
1.378891,0.352450
1.373798,0.343748
1.368846,0.335045
1.364033,0.326343
1.359357,0.317640
1.354816,0.308938
1.350407,0.300235
1.346130,0.291533
1.341981,0.282830
1.337959,0.274128
1.334063,0.265425
1.330290,0.256723
1.326639,0.248020
1.323109,0.239318
1.319698,0.230615
1.316404,0.221913
1.313226,0.213211
1.310164,0.204508
1.307214,0.195806
1.304378,0.187103
1.301652,0.178401
1.299036,0.169698
1.296530,0.160996
1.294131,0.152293
1.291840,0.143591
1.289655,0.134888
1.287575,0.126186
1.285599,0.117483
1.283727,0.108781
1.281958,0.100078
1.280291,0.091376
1.278726,0.082673
1.277262,0.073971
1.275898,0.065269
1.274634,0.056566
1.273469,0.047864
1.272404,0.039161
1.271437,0.030459
1.270568,0.021756
1.269797,0.013054
1.269123,0.004351
1.268547,-0.004351
1.268067,-0.013054
1.267685,-0.021756
1.267399,-0.030459
1.267210,-0.039161
1.267118,-0.047864
1.267122,-0.056566
1.267222,-0.065269
1.267419,-0.073971
1.267713,-0.082674
1.268103,-0.091376
1.268590,-0.100078
1.269175,-0.108781
1.269856,-0.117483
1.270635,-0.126186
1.271512,-0.134888
1.272488,-0.143591
1.273561,-0.152293
1.274734,-0.160996
1.276006,-0.169698
1.277378,-0.178401
1.278850,-0.187103
1.280424,-0.195806
1.282099,-0.204508
1.283877,-0.213211
1.285757,-0.221913
1.287741,-0.230616
1.289830,-0.239318
1.292024,-0.248021
1.294324,-0.256723
1.296731,-0.265425
1.299247,-0.274128
1.301871,-0.282830
1.304606,-0.291533
1.307452,-0.300235
1.310410,-0.308938
1.313482,-0.317640
1.316669,-0.326343
1.319973,-0.335045
1.323394,-0.343748
1.326934,-0.352450
1.330595,-0.361153
1.334377,-0.369855
1.338284,-0.378558
1.342316,-0.387260
1.346475,-0.395963
1.350764,-0.404665
1.355183,-0.413367
1.359735,-0.422070
1.364422,-0.430772
1.369246,-0.439475
1.374210,-0.448177
1.379315,-0.456880
1.384564,-0.465582
1.389959,-0.474285
1.395503,-0.482987
1.401199,-0.491690
1.407049,-0.500392
1.413056,-0.509095
1.419223,-0.517797
1.425553,-0.526500
1.432050,-0.535202
1.438715,-0.543905
1.445554,-0.552607
1.452570,-0.561310
1.459766,-0.570012
1.467145,-0.578714
1.474712,-0.587417
1.482472,-0.596119
1.490427,-0.604822
1.498583,-0.613524
1.506945,-0.622227
1.515516,-0.630929
1.524302,-0.639632
1.533307,-0.648334
1.542539,-0.657037
1.552000,-0.665739
1.561699,-0.674442
1.571639,-0.683144
1.581828,-0.691847
1.592273,-0.700549
1.602979,-0.709252
1.613953,-0.717954
1.625204,-0.726657
1.639909,-0.735359
1.663804,-0.744061
1.662256,-0.752764
1.687504,-0.761466
1.686930,-0.770169
1.710351,-0.778871
1.738290,-0.787574
1.739805,-0.796276
1.767471,-0.804979
1.770497,-0.813681
1.662198,-0.822384
1.580548,-0.831086
1.574238,-0.839789
1.532893,-0.848491
1.520039,-0.857194
1.507512,-0.865896
1.495302,-0.874599
1.483401,-0.883301
1.418201,-0.892003
1.407301,-0.900706
1.396674,-0.909408
1.386310,-0.918111
1.376203,-0.926813
1.366346,-0.935516
1.356731,-0.944218
1.347353,-0.952921
1.287629,-0.961623
1.279042,-0.970326
1.270665,-0.979028
1.262492,-0.987731
1.254519,-0.996433
1.246740,-1.005136
1.239151,-1.013838
1.231747,-1.022541
1.224523,-1.031243
1.217476,-1.039946
1.210601,-1.048648
1.203895,-1.057350
1.197353,-1.066053
1.190972,-1.074755
1.184749,-1.083458
1.178679,-1.092160
1.172760,-1.100863
1.166989,-1.109565
1.161362,-1.118268
1.155877,-1.126970
1.150531,-1.135673
1.145320,-1.144375
1.140244,-1.153078
1.135298,-1.161780
1.130480,-1.170483
1.125789,-1.179185
1.121221,-1.187888
1.116775,-1.196590
1.092353,-1.205293
1.088219,-1.213995
1.084200,-1.222697
1.080292,-1.231400
1.076494,-1.240102
1.072803,-1.248805
1.069219,-1.257507
1.065740,-1.266210
1.062364,-1.274912
1.059090,-1.283615
1.055916,-1.292317
1.052841,-1.301020
1.049864,-1.309722
1.046982,-1.318425
1.085964,-1.327127
1.083164,-1.335830
1.080461,-1.344532
1.077853,-1.353235
1.075339,-1.361937
1.072918,-1.370639
1.070590,-1.379342
1.088898,-1.388044
1.107214,-1.396747
1.105078,-1.405449
1.123460,-1.414152
1.121471,-1.422854
1.119573,-1.431557
1.117768,-1.440259
1.116053,-1.448962
1.114428,-1.457664
1.112892,-1.466367
1.111445,-1.475069
1.110086,-1.483772
1.108815,-1.492474
1.107631,-1.501177
1.106534,-1.509879
1.105523,-1.518582
1.104598,-1.527284
1.103758,-1.535986
1.103004,-1.544689
1.102334,-1.553391
1.141813,-1.562094
1.141295,-1.570796
