scan.pos:0.182126,7.196058,-0.3147500.841331,1.562094
0.843761,1.553391
0.846269,1.544689
0.848857,1.535986
0.851525,1.527284
0.854276,1.518581
0.857111,1.509879
0.860029,1.501177
0.863034,1.492474
0.866126,1.483772
0.869306,1.475069
0.872577,1.466367
0.875940,1.457664
0.879395,1.448962
0.882946,1.440259
0.886593,1.431557
0.890338,1.422854
0.894184,1.414152
0.898131,1.405449
0.902183,1.396747
0.906341,1.388044
0.910607,1.379342
0.914983,1.370639
0.919472,1.361937
0.924076,1.353234
0.928797,1.344532
0.933638,1.335830
0.938602,1.327127
0.943691,1.318425
0.948909,1.309722
0.954257,1.301020
0.959739,1.292317
0.965359,1.283615
0.971120,1.274912
0.977024,1.266210
0.983076,1.257507
0.989279,1.248805
0.995637,1.240102
1.002155,1.231400
1.008835,1.222697
1.015684,1.213995
1.022704,1.205292
1.029901,1.196590
1.037279,1.187888
1.044844,1.179185
1.052601,1.170483
1.060555,1.161780
1.068713,1.153078
1.077079,1.144375
1.085661,1.135673
1.072496,1.126970
1.081347,1.118268
1.090430,1.109565
1.099750,1.100863
1.108080,1.092160
1.099632,1.083458
1.119218,1.074755
1.112540,1.066053
1.132413,1.057350
1.152081,1.048648
1.147669,1.039945
1.167673,1.031243
1.187502,1.022541
1.185408,1.013838
1.205627,1.005136
1.225703,0.996433
1.226005,0.987731
1.246533,0.979028
1.266951,0.970326
1.269752,0.961623
1.290693,0.952921
1.311559,0.944218
1.316993,0.935516
1.338467,0.926813
1.359903,0.918111
1.368138,0.909408
1.390279,0.900706
1.412426,0.892003
1.434593,0.883301
1.446639,0.874598
1.469663,0.865896
1.492756,0.857194
1.508156,0.848491
1.532252,0.839789
1.556477,0.831086
1.580851,0.822384
1.600968,0.813681
1.626573,0.804979
1.652402,0.796276
1.678477,0.787574
1.704045,0.778871
1.731650,0.770169
1.759600,0.761466
1.810076,0.752764
1.841974,0.744061
1.872136,0.735359
1.902808,0.726656
1.934031,0.717954
1.987569,0.709251
2.028998,0.700549
2.063353,0.691847
2.119996,0.683144
2.155936,0.674442
2.228660,0.665739
2.267979,0.657037
2.329671,0.648334
2.371342,0.639632
2.456435,0.630929
2.502711,0.622227
2.571663,0.613524
2.663277,0.604822
2.735857,0.596119
2.820868,0.587417
2.900377,0.578714
3.003344,0.570012
3.109274,0.561309
3.218517,0.552607
3.335094,0.543905
3.455637,0.535202
3.581134,0.526500
3.753120,0.517797
3.910910,0.509095
4.058789,0.500392
4.277856,0.491690
4.466202,0.482987
4.727020,0.474285
4.981041,0.465582
5.285768,0.456880
5.603560,0.448177
6.005842,0.439475
6.417043,0.430772
6.864200,0.422070
7.488523,0.413367
7.798983,0.326343
7.798132,0.317640
7.798213,0.300235
7.799144,0.291533
6.936969,-0.413367
6.863597,-0.422070
6.564637,-0.430772
6.497501,-0.439475
6.272313,-0.448177
5.935606,-0.456880
5.625120,-0.465582
1.605681,-0.474285
1.591866,-0.482987
1.578407,-0.491690
1.565291,-0.500392
1.497846,-0.509095
1.485825,-0.517797
1.474108,-0.526500
1.462684,-0.535202
1.451546,-0.543905
1.440685,-0.552607
1.351808,-0.561310
1.342044,-0.570012
1.281075,-0.578714
1.272144,-0.587417
1.263433,-0.596119
1.254935,-0.604822
1.246645,-0.613524
1.238558,-0.622227
1.230668,-0.630929
1.222970,-0.639632
1.215460,-0.648334
1.208133,-0.657037
1.176870,-0.665739
1.170037,-0.674442
1.163370,-0.683144
1.156866,-0.691847
1.150522,-0.700549
1.144334,-0.709252
1.138298,-0.717954
1.132412,-0.726657
1.126671,-0.735359
1.056686,-0.744061
1.051542,-0.752764
1.046526,-0.761466
1.041637,-0.770169
1.036873,-0.778871
1.032230,-0.787574
1.027706,-0.796276
1.023299,-0.804979
1.019007,-0.813681
1.014828,-0.822384
1.010760,-0.831086
0.963027,-0.839789
0.959342,-0.848491
0.955758,-0.857194
0.952272,-0.865896
0.948884,-0.874599
0.945592,-0.883301
0.942394,-0.892003
0.939289,-0.900706
0.936275,-0.909408
0.933352,-0.918111
0.930517,-0.926813
0.927770,-0.935516
0.925109,-0.944218
0.922534,-0.952921
0.920043,-0.961623
0.917635,-0.970326
0.915309,-0.979028
0.913064,-0.987731
0.910899,-0.996433
0.908814,-1.005136
0.906807,-1.013838
0.904877,-1.022541
0.903025,-1.031243
0.901248,-1.039946
0.899547,-1.048648
0.897920,-1.057350
0.896368,-1.066053
0.894889,-1.074755
0.893483,-1.083458
0.892148,-1.092160
0.890886,-1.100863
0.889695,-1.109565
0.888575,-1.118268
0.887525,-1.126970
0.886545,-1.135673
0.885634,-1.144375
0.884793,-1.153078
0.884020,-1.161780
0.883316,-1.170483
0.882680,-1.179185
0.882113,-1.187888
0.881613,-1.196590
0.881181,-1.205293
0.880816,-1.213995
0.880518,-1.222697
0.880288,-1.231400
0.880125,-1.240102
0.880029,-1.248805
0.880000,-1.257507
0.880038,-1.266210
0.880143,-1.274912
0.880315,-1.283615
0.880555,-1.292317
0.880861,-1.301020
0.881235,-1.309722
0.881676,-1.318425
0.882185,-1.327127
0.882762,-1.335830
0.883407,-1.344532
0.884121,-1.353235
0.884902,-1.361937
0.885753,-1.370639
0.886673,-1.379342
0.887663,-1.388044
0.888722,-1.396747
0.889852,-1.405449
0.891053,-1.414152
0.892325,-1.422854
0.893669,-1.431557
0.895085,-1.440259
0.896574,-1.448962
0.898136,-1.457664
0.899773,-1.466367
0.901484,-1.475069
0.903271,-1.483772
0.905134,-1.492474
0.907074,-1.501177
0.909091,-1.509879
0.927815,-1.518582
0.930030,-1.527284
0.932327,-1.535986
0.934707,-1.544689
0.937170,-1.553391
0.939718,-1.562094
0.942352,-1.570796
