scan.pos:-7.129118,5.911091,2.0684351.001466,1.562094
0.996778,1.553391
0.992210,1.544689
0.987758,1.535986
0.983420,1.527284
0.979195,1.518581
0.975080,1.509879
0.971072,1.501177
0.967171,1.492474
0.963374,1.483772
0.959680,1.475069
0.956087,1.466367
0.952592,1.457664
0.949195,1.448962
0.945894,1.440259
0.942687,1.431557
0.939574,1.422854
0.936552,1.414152
0.933620,1.405449
0.930777,1.396747
0.928022,1.388044
0.925353,1.379342
0.922770,1.370639
0.920271,1.361937
0.917855,1.353234
0.915521,1.344532
0.913269,1.335830
0.911097,1.327127
0.909004,1.318425
0.906990,1.309722
0.905053,1.301020
0.903194,1.292317
0.901410,1.283615
0.899702,1.274912
0.898068,1.266210
0.896509,1.257507
0.895023,1.248805
0.893610,1.240102
0.892269,1.231400
0.891000,1.222697
0.889803,1.213995
0.888676,1.205292
0.887619,1.196590
0.886633,1.187888
0.885716,1.179185
0.884868,1.170483
0.884089,1.161780
0.883379,1.153078
0.882736,1.144375
0.882162,1.135673
0.881656,1.126970
0.881218,1.118268
0.880847,1.109565
0.880543,1.100863
0.880307,1.092160
0.880137,1.083458
0.880035,1.074755
0.880000,1.066053
0.880032,1.057350
0.880131,1.048648
0.880297,1.039945
0.880530,1.031243
0.880830,1.022541
0.881198,1.013838
0.881633,1.005136
0.882135,0.996433
0.882706,0.987731
0.883344,0.979028
0.884051,0.970326
0.884827,0.961623
0.885671,0.952921
0.886585,0.944218
0.887568,0.935516
0.888621,0.926813
0.889744,0.918111
0.890938,0.909408
0.892204,0.900706
0.893541,0.892003
0.894950,0.883301
0.896432,0.874598
0.897988,0.865896
0.899618,0.857194
0.901322,0.848491
0.903102,0.839789
0.904958,0.831086
0.906890,0.822384
0.908901,0.813681
0.910989,0.804979
0.913157,0.796276
0.915406,0.787574
0.917735,0.778871
0.920147,0.770169
0.922642,0.761466
0.925221,0.752764
0.927885,0.744061
0.930636,0.735359
0.933474,0.726656
0.936401,0.717954
0.939419,0.709251
0.942528,0.700549
0.945730,0.691847
0.949026,0.683144
0.952418,0.674442
0.955908,0.665739
0.959496,0.657037
0.963186,0.648334
0.966977,0.639632
0.970873,0.630929
0.974875,0.622227
0.978985,0.613524
0.983204,0.604822
0.987536,0.596119
0.991982,0.587417
0.996545,0.578714
1.001226,0.570012
1.006029,0.561309
1.010955,0.552607
1.016007,0.543905
1.021189,0.535202
1.026502,0.526500
1.031949,0.517797
1.037534,0.509095
1.043260,0.500392
1.049130,0.491690
1.055147,0.482987
1.061314,0.474285
1.067636,0.465582
1.074116,0.456880
1.080758,0.448177
1.087566,0.439475
1.094544,0.430772
1.101697,0.422070
1.109028,0.413367
1.116544,0.404665
1.124248,0.395962
1.132147,0.387260
1.140244,0.378558
1.148546,0.369855
1.157059,0.361153
1.153709,0.352450
1.162569,0.343748
1.171655,0.335045
1.180976,0.326343
1.190537,0.317640
1.200346,0.308938
1.210411,0.300235
1.220741,0.291533
1.231828,0.282830
1.223456,0.274128
1.243168,0.265425
1.264155,0.256723
1.256632,0.248020
1.278976,0.239318
1.299190,0.230615
1.292544,0.221913
1.316643,0.213211
1.337145,0.204508
1.331414,0.195806
1.357388,0.187103
1.378271,0.178401
1.373509,0.169698
1.401500,0.160996
1.422871,0.152293
1.427323,0.143591
1.449324,0.134888
1.471305,0.126186
1.478566,0.117483
1.501271,0.108781
1.523999,0.100078
1.546763,0.091376
1.557827,0.082673
1.581465,0.073971
1.605191,0.065269
1.619576,0.056566
1.644316,0.047864
1.669205,0.039161
1.687222,0.030459
1.713293,0.021756
1.739584,0.013054
1.766118,0.004351
1.812053,-0.004351
1.839933,-0.013054
1.868149,-0.021756
1.895866,-0.030459
1.925806,-0.039161
1.956198,-0.047864
1.987075,-0.056566
2.043706,-0.065269
2.076661,-0.073971
2.110258,-0.082674
2.166356,-0.091376
2.209004,-0.100078
2.224336,-0.108781
2.240730,-0.117483
2.236751,-0.126186
2.225613,-0.134888
2.225893,-0.143591
2.206435,-0.152293
2.209968,-0.160996
2.192017,-0.169698
2.200992,-0.178401
2.191003,-0.187103
2.169462,-0.195806
2.163587,-0.204508
2.157907,-0.213211
2.152421,-0.221913
2.147125,-0.230616
2.142019,-0.239318
2.137099,-0.248021
2.132363,-0.256723
2.127810,-0.265425
2.123438,-0.274128
2.119245,-0.282830
2.115229,-0.291533
2.111389,-0.300235
2.107723,-0.308938
2.104229,-0.317640
2.100907,-0.326343
2.097755,-0.335045
2.094771,-0.343748
2.091956,-0.352450
2.089306,-0.361153
2.086822,-0.369855
2.084503,-0.378558
2.082347,-0.387260
2.080353,-0.395963
2.078522,-0.404665
2.076852,-0.413367
2.075343,-0.422070
2.073993,-0.430772
2.072803,-0.439475
2.071772,-0.448177
2.070900,-0.456880
2.070186,-0.465582
2.069630,-0.474285
2.069232,-0.482987
2.068992,-0.491690
2.068909,-0.500392
2.068984,-0.509095
2.069216,-0.517797
2.069607,-0.526500
2.070154,-0.535202
2.070860,-0.543905
2.071725,-0.552607
2.072747,-0.561310
2.073929,-0.570012
2.075271,-0.578714
2.076772,-0.587417
2.078434,-0.596119
2.080257,-0.604822
2.082242,-0.613524
2.084390,-0.622227
2.086701,-0.630929
2.089177,-0.639632
2.091818,-0.648334
2.094625,-0.657037
2.097600,-0.665739
2.100744,-0.674442
2.104057,-0.683144
2.107542,-0.691847
2.111199,-0.700549
2.115031,-0.709252
2.119038,-0.717954
2.123222,-0.726657
2.127585,-0.735359
2.132129,-0.744061
2.136855,-0.752764
2.141766,-0.761466
2.146863,-0.770169
2.152149,-0.778871
2.157626,-0.787574
2.163296,-0.796276
2.169161,-0.804979
2.175224,-0.813681
2.181488,-0.822384
2.187955,-0.831086
2.194628,-0.839789
2.201511,-0.848491
2.208605,-0.857194
2.215914,-0.865896
2.223442,-0.874599
2.231192,-0.883301
2.239167,-0.892003
2.267334,-0.900706
2.258738,-0.909408
2.281190,-0.918111
2.283175,-0.926813
2.286444,-0.935516
2.310939,-0.944218
2.317747,-0.952921
2.325680,-0.961623
2.334705,-0.970326
2.346548,-0.979028
2.358586,-0.987731
2.371611,-0.996433
2.184284,-1.005136
2.107176,-1.013838
2.006950,-1.022541
1.976040,-1.031243
1.953302,-1.039946
1.830071,-1.048648
1.824019,-1.057350
1.765136,-1.066053
1.751223,-1.074755
1.748672,-1.083458
1.709156,-1.092160
1.682057,-1.100863
1.679501,-1.109565
1.652795,-1.118268
1.641585,-1.126970
1.615776,-1.135673
1.590024,-1.144375
1.581861,-1.153078
1.556885,-1.161780
1.531916,-1.170483
1.526609,-1.179185
1.502312,-1.187888
1.499058,-1.196590
1.475371,-1.205293
1.478110,-1.213995
1.504380,-1.222697
1.481571,-1.231400
1.485785,-1.240102
1.460992,-1.248805
1.466131,-1.257507
1.470596,-1.266210
1.476884,-1.274912
1.483505,-1.283615
1.471215,-1.292317
1.486565,-1.301020
1.474192,-1.309722
1.462134,-1.318425
1.450382,-1.327127
1.438925,-1.335830
1.427756,-1.344532
1.416866,-1.353235
1.406247,-1.361937
1.395892,-1.370639
1.385793,-1.379342
1.401683,-1.388044
1.391895,-1.396747
1.407733,-1.405449
1.398249,-1.414152
1.388996,-1.422854
1.379970,-1.431557
1.371164,-1.440259
1.362573,-1.448962
1.378611,-1.457664
1.350673,-1.466367
1.367092,-1.475069
1.371678,-1.483772
1.388699,-1.492474
1.381944,-1.501177
1.365951,-1.509879
1.360397,-1.518582
1.347205,-1.527284
1.366108,-1.535986
1.385001,-1.544689
1.375547,-1.553391
1.372550,-1.562094
1.388942,-1.570796
