scan.pos:-7.127565,7.133958,0.3184350.905524,1.562094
0.902961,1.553391
0.900480,1.544689
0.898082,1.535986
0.895764,1.527284
0.893526,1.518581
0.891367,1.509879
0.889286,1.501177
0.887282,1.492474
0.885354,1.483772
0.883502,1.475069
0.881724,1.466367
0.880021,1.457664
0.878391,1.448962
0.876833,1.440259
0.875348,1.431557
0.873934,1.422854
0.872591,1.414152
0.871318,1.405449
0.870115,1.396747
0.868982,1.388044
0.867917,1.379342
0.866922,1.370639
0.865994,1.361937
0.865134,1.353234
0.864341,1.344532
0.863616,1.335830
0.862958,1.327127
0.862366,1.318425
0.861840,1.309722
0.861381,1.301020
0.860988,1.292317
0.860661,1.283615
0.860399,1.274912
0.860203,1.266210
0.860073,1.257507
0.860008,1.248805
0.860009,1.240102
0.860075,1.231400
0.860206,1.222697
0.860404,1.213995
0.860667,1.205292
0.860995,1.196590
0.861390,1.187888
0.861850,1.179185
0.862377,1.170483
0.862970,1.161780
0.863630,1.153078
0.864357,1.144375
0.865150,1.135673
0.866012,1.126970
0.866941,1.118268
0.867938,1.109565
0.869004,1.100863
0.870139,1.092160
0.871343,1.083458
0.872617,1.074755
0.873961,1.066053
0.875377,1.057350
0.876864,1.048648
0.878423,1.039945
0.880054,1.031243
0.881759,1.022541
0.883538,1.013838
0.885392,1.005136
0.887321,0.996433
0.889327,0.987731
0.891409,0.979028
0.893570,0.970326
0.895810,0.961623
0.898129,0.952921
0.900529,0.944218
0.903011,0.935516
0.905576,0.926813
0.908225,0.918111
0.910959,0.909408
0.913779,0.900706
0.916687,0.892003
0.919684,0.883301
0.922770,0.874598
0.925949,0.865896
0.929220,0.857194
0.932586,0.848491
0.936048,0.839789
0.939607,0.831086
0.943266,0.822384
0.947025,0.813681
0.950888,0.804979
0.954855,0.796276
0.958929,0.787574
0.963111,0.778871
0.967404,0.770169
0.971810,0.761466
0.976330,0.752764
0.980968,0.744061
0.985726,0.735359
0.990606,0.726656
0.995611,0.717954
1.000743,0.709251
1.006005,0.700549
1.011400,0.691847
1.016932,0.683144
1.022602,0.674442
1.028415,0.665739
1.034374,0.657037
1.040481,0.648334
1.046742,0.639632
1.053159,0.630929
1.059736,0.622227
1.066478,0.613524
1.073388,0.604822
1.080471,0.596119
1.087732,0.587417
1.095175,0.578714
1.102805,0.570012
1.110627,0.561309
1.118647,0.552607
1.126870,0.543905
1.135301,0.535202
1.143948,0.526500
1.152816,0.517797
1.161912,0.509095
1.171242,0.500392
1.180814,0.491690
1.190635,0.482987
1.200713,0.474285
1.211056,0.465582
1.210847,0.456880
1.228428,0.448177
1.218121,0.439475
1.235533,0.430772
1.252754,0.422070
1.269795,0.413367
1.286664,0.404665
1.276770,0.395962
1.293521,0.387260
1.310120,0.378558
1.326574,0.369855
1.342892,0.361153
1.359080,0.352450
1.375146,0.343748
1.391097,0.335045
1.406938,0.326343
1.422677,0.317640
1.438320,0.308938
1.453873,0.300235
1.371386,0.291533
1.363033,0.282830
1.330690,0.274128
1.274777,0.265425
1.267436,0.256723
1.260275,0.248020
1.229642,0.239318
1.222957,0.230615
1.216435,0.221913
1.210075,0.213211
1.203872,0.204508
1.197823,0.195806
1.191924,0.187103
1.186174,0.178401
1.180568,0.169698
1.129907,0.160996
1.124787,0.152293
1.119798,0.143591
1.114937,0.134888
1.110203,0.126186
1.105592,0.117483
1.101104,0.108781
1.096734,0.100078
1.092482,0.091376
1.088346,0.082673
1.084323,0.073971
1.080411,0.065269
1.076609,0.056566
1.029999,0.047864
1.026556,0.039161
1.023212,0.030459
1.019969,0.021756
1.016822,0.013054
1.013772,0.004351
1.010817,-0.004351
1.007956,-0.013054
1.005187,-0.021756
1.002510,-0.030459
0.999923,-0.039161
0.997424,-0.047864
0.995014,-0.056566
0.992691,-0.065269
0.990454,-0.073971
0.988302,-0.082674
0.986235,-0.091376
0.984250,-0.100078
0.982349,-0.108781
0.980529,-0.117483
0.978791,-0.126186
0.977132,-0.134888
0.975554,-0.143591
0.974055,-0.152293
0.972634,-0.160996
0.971291,-0.169698
0.970026,-0.178401
0.968838,-0.187103
0.967726,-0.195806
0.966691,-0.204508
0.965731,-0.213211
0.964846,-0.221913
0.964037,-0.230616
0.963301,-0.239318
0.962641,-0.248021
0.962054,-0.256723
0.961542,-0.265425
0.961103,-0.274128
0.960737,-0.282830
0.960445,-0.291533
0.960227,-0.300235
0.960081,-0.308938
0.960009,-0.317640
0.960010,-0.326343
0.960083,-0.335045
0.960230,-0.343748
0.960451,-0.352450
0.960744,-0.361153
0.961111,-0.369855
0.961551,-0.378558
0.962065,-0.387260
0.962653,-0.395963
0.963315,-0.404665
0.964052,-0.413367
0.964863,-0.422070
0.965749,-0.430772
1.006990,-0.439475
1.008071,-0.448177
1.009230,-0.456880
1.010470,-0.465582
1.011789,-0.474285
1.013189,-0.482987
1.014671,-0.491690
1.056884,-0.500392
1.078953,-0.509095
1.080785,-0.517797
1.082707,-0.526500
1.084718,-0.535202
1.086819,-0.543905
1.089012,-0.552607
1.091297,-0.561310
1.093675,-0.570012
1.096147,-0.578714
1.098714,-0.587417
1.101377,-0.596119
1.104137,-0.604822
1.106996,-0.613524
1.109955,-0.622227
1.113014,-0.630929
1.116175,-0.639632
1.161683,-0.648334
1.165180,-0.657037
1.168787,-0.665739
1.172506,-0.674442
1.176339,-0.683144
1.180288,-0.691847
1.205887,-0.700549
1.253366,-0.709252
1.257906,-0.717954
1.262576,-0.726657
1.267377,-0.735359
1.316185,-0.744061
1.321431,-0.752764
1.348934,-0.761466
1.354562,-0.770169
1.360341,-0.778871
1.411070,-0.787574
1.417359,-0.796276
1.446414,-0.804979
1.498554,-0.813681
4.677940,-0.892003
4.593494,-0.900706
4.531843,-0.909408
4.469193,-0.918111
4.419131,-0.926813
4.379661,-0.935516
4.314797,-0.944218
4.273664,-0.952921
4.231761,-0.961623
4.230879,-0.970326
4.158126,-0.979028
4.186579,-0.987731
4.138806,-0.996433
4.116506,-1.005136
4.068186,-1.013838
4.071885,-1.022541
4.023145,-1.031243
3.973976,-1.039946
3.977973,-1.048648
3.955317,-1.057350
3.905363,-1.066053
3.882358,-1.074755
3.831581,-1.083458
3.808166,-1.092160
3.784642,-1.100863
3.764829,-1.109565
3.732686,-1.118268
3.701367,-1.126970
3.670847,-1.135673
3.641100,-1.144375
3.612105,-1.153078
3.583839,-1.161780
3.582880,-1.170483
3.555807,-1.179185
3.581813,-1.187888
3.555685,-1.196590
3.581852,-1.205293
3.556634,-1.213995
3.582966,-1.222697
3.583918,-1.231400
3.560003,-1.240102
3.601203,-1.248805
3.647720,-1.257507
3.704591,-1.266210
3.728757,-1.274912
3.789173,-1.283615
3.791947,-1.292317
3.808209,-1.301020
3.862532,-1.309722
3.907353,-1.318425
3.964670,-1.327127
4.023203,-1.335830
4.180277,-1.344532
4.253137,-1.353235
4.332536,-1.361937
4.397650,-1.370639
4.459517,-1.379342
4.528914,-1.388044
4.736404,-1.396747
4.806793,-1.405449
4.882465,-1.414152
4.982450,-1.422854
5.063673,-1.431557
