scan.pos:-1.938616,4.105156,1.6352501.002081,1.562094
1.001555,1.553391
1.001106,1.544689
1.000733,1.535986
1.000437,1.527284
1.000217,1.518581
1.000073,1.509879
1.000006,1.501177
1.000014,1.492474
1.000099,1.483772
1.000260,1.475069
1.000498,1.466367
1.000811,1.457664
1.001201,1.448962
1.001668,1.440259
1.002212,1.431557
1.002832,1.422854
1.003530,1.414152
1.004305,1.405449
1.005158,1.396747
1.006089,1.388044
1.007099,1.379342
1.008188,1.370639
1.009356,1.361937
1.010603,1.353234
1.011931,1.344532
1.013340,1.335830
1.014830,1.327127
1.016402,1.318425
1.018056,1.309722
1.060585,1.301020
1.062480,1.292317
1.064462,1.283615
1.066533,1.274912
1.068694,1.266210
1.070945,1.257507
1.073288,1.248805
1.075723,1.240102
1.078251,1.231400
1.080874,1.222697
1.083592,1.213995
1.107300,1.205292
1.110268,1.196590
1.113338,1.187888
1.116510,1.179185
1.119786,1.170483
1.123167,1.161780
1.169169,1.153078
1.172900,1.144375
1.198141,1.135673
1.245108,1.126970
1.249408,1.118268
1.253833,1.109565
1.323476,1.100863
6.599957,1.092160
6.625117,1.083458
6.650977,1.074755
6.677551,1.066053
6.704850,1.057350
6.732889,1.048648
6.761680,1.039945
6.791238,1.031243
6.821577,1.022541
6.852713,1.013838
6.884660,1.005136
6.917437,0.996433
6.951058,0.987731
6.985543,0.979028
7.020909,0.970326
4.313281,0.961623
4.256499,0.952921
4.184218,0.944218
4.125915,0.935516
4.077181,0.926813
4.028858,0.918111
3.956840,0.909408
3.920364,0.900706
3.872328,0.892003
3.810164,0.883301
3.761935,0.874598
3.722890,0.865896
3.674523,0.857194
3.634179,0.848491
3.610892,0.839789
3.569357,0.831086
3.520604,0.822384
3.471915,0.813681
3.454500,0.804979
3.405524,0.796276
3.360711,0.787574
3.337786,0.778871
3.318368,0.770169
3.271226,0.761466
3.248050,0.752764
3.225165,0.744061
3.176020,0.735359
3.153625,0.726656
3.130291,0.717954
3.115609,0.709251
3.089058,0.700549
3.063186,0.691847
3.037973,0.683144
3.013400,0.674442
2.989447,0.665739
2.966096,0.657037
2.943329,0.648334
2.921130,0.639632
2.899482,0.630929
2.878371,0.622227
2.857780,0.613524
2.837697,0.604822
2.818107,0.596119
2.824198,0.587417
2.838897,0.578714
2.821942,0.570012
2.815131,0.561309
2.785890,0.552607
2.759181,0.543905
2.759356,0.535202
2.761829,0.526500
2.742611,0.517797
2.773866,0.509095
2.770276,0.500392
2.805457,0.491690
2.772440,0.482987
2.797479,0.474285
2.777108,0.465582
2.804646,0.456880
2.810359,0.448177
2.789110,0.439475
2.821282,0.430772
2.830670,0.422070
2.862772,0.413367
2.849828,0.404665
2.881986,0.395962
2.936372,0.387260
3.034903,0.378558
3.088636,0.369855
3.120152,0.361153
3.107800,0.352450
3.117622,0.343748
3.149363,0.335045
3.137751,0.326343
3.148061,0.317640
3.180062,0.308938
3.212082,0.300235
3.201372,0.291533
3.276215,0.282830
3.372069,0.274128
3.467583,0.265425
3.541668,0.256723
3.678742,0.248020
3.752333,0.239318
3.867671,0.230615
4.045322,0.221913
4.034917,0.213211
4.037445,0.204508
4.034613,0.195806
4.016000,0.187103
4.002825,0.178401
3.997750,0.169698
4.000386,0.160996
3.990003,0.152293
3.967559,0.143591
3.974999,0.134888
3.952211,0.126186
3.947520,0.117483
3.936980,0.108781
3.930962,0.100078
3.925260,0.091376
3.919873,0.082673
3.914799,0.073971
3.910036,0.065269
3.905581,0.056566
3.901432,0.047864
3.897589,0.039161
3.894050,0.030459
3.890814,0.021756
3.887878,0.013054
3.885243,0.004351
3.882907,-0.004351
3.880869,-0.013054
3.879128,-0.021756
3.877684,-0.030459
3.876536,-0.039161
3.875684,-0.047864
3.875128,-0.056566
3.874866,-0.065269
3.874900,-0.073971
3.875229,-0.082674
3.875853,-0.091376
3.876772,-0.100078
3.877988,-0.108781
3.879499,-0.117483
3.881308,-0.126186
3.883414,-0.134888
3.885818,-0.143591
3.888522,-0.152293
3.891526,-0.160996
3.894832,-0.169698
3.898440,-0.178401
3.902352,-0.187103
3.906570,-0.195806
3.911096,-0.204508
3.915930,-0.213211
3.921076,-0.221913
3.926534,-0.230616
3.932307,-0.239318
3.938398,-0.248021
3.944809,-0.256723
3.951542,-0.265425
3.958600,-0.274128
3.965986,-0.282830
3.973702,-0.291533
3.981752,-0.300235
3.990140,-0.308938
3.998868,-0.317640
4.007941,-0.326343
4.017361,-0.335045
4.027133,-0.343748
4.037261,-0.352450
4.047749,-0.361153
4.058601,-0.369855
4.069823,-0.378558
4.081419,-0.387260
4.093393,-0.395963
4.105751,-0.404665
4.118499,-0.413367
4.131642,-0.422070
4.145185,-0.430772
4.159136,-0.439475
4.173500,-0.448177
4.188283,-0.456880
2.132477,-0.465582
2.087744,-0.474285
2.044065,-0.482987
2.023309,-0.491690
1.978002,-0.500392
1.938206,-0.509095
1.899166,-0.517797
1.883138,-0.526500
1.890365,-0.535202
1.900020,-0.543905
1.864939,-0.552607
1.853084,-0.561310
1.841917,-0.570012
1.808476,-0.578714
1.758257,-0.587417
1.726318,-0.596119
1.694707,-0.604822
1.593169,-0.613524
1.561752,-0.622227
1.532005,-0.630929
1.516769,-0.639632
1.501478,-0.648334
1.498532,-0.657037
1.482023,-0.665739
1.453432,-0.674442
1.424931,-0.683144
1.421162,-0.691847
1.408801,-0.700549
1.381335,-0.709252
1.379028,-0.717954
1.351743,-0.726657
1.343152,-0.735359
1.316524,-0.744061
1.315692,-0.752764
1.289131,-0.761466
1.284024,-0.770169
1.257992,-0.778871
1.258472,-0.787574
1.256066,-0.796276
1.230572,-0.804979
1.232186,-0.813681
1.206593,-0.822384
1.207354,-0.831086
1.182112,-0.839789
1.184852,-0.848491
1.179676,-0.857194
1.169623,-0.865896
1.159827,-0.874599
1.150281,-0.883301
1.140976,-0.892003
1.131907,-0.900706
1.123065,-0.909408
1.114445,-0.918111
1.106040,-0.926813
1.097843,-0.935516
1.089850,-0.944218
1.082053,-0.952921
1.074449,-0.961623
1.067032,-0.970326
1.059796,-0.979028
1.052738,-0.987731
1.045852,-0.996433
1.039134,-1.005136
1.032580,-1.013838
1.026186,-1.022541
1.019948,-1.031243
1.013862,-1.039946
1.007924,-1.048648
1.002132,-1.057350
0.996481,-1.066053
0.990968,-1.074755
0.985591,-1.083458
0.980346,-1.092160
0.975231,-1.100863
0.948704,-1.109565
0.943947,-1.118268
0.939309,-1.126970
0.934787,-1.135673
0.930378,-1.144375
0.926082,-1.153078
0.921894,-1.161780
0.917814,-1.170483
0.913840,-1.179185
0.909968,-1.187888
0.906198,-1.196590
0.902527,-1.205293
0.898955,-1.213995
0.895478,-1.222697
0.892096,-1.231400
0.888806,-1.240102
0.885608,-1.248805
0.882500,-1.257507
0.879481,-1.266210
0.876548,-1.274912
0.873701,-1.283615
0.870939,-1.292317
0.868261,-1.301020
0.865664,-1.309722
0.863148,-1.318425
0.860713,-1.327127
0.858356,-1.335830
0.856077,-1.344532
0.853875,-1.353235
0.851749,-1.361937
0.849698,-1.370639
0.847721,-1.379342
0.845818,-1.388044
0.843988,-1.396747
0.842229,-1.405449
0.840541,-1.414152
0.838924,-1.422854
0.837377,-1.431557
0.835900,-1.440259
0.834490,-1.448962
0.833149,-1.457664
0.831876,-1.466367
0.830669,-1.475069
0.829529,-1.483772
0.828455,-1.492474
0.827447,-1.501177
0.826504,-1.509879
0.825627,-1.518582
0.824813,-1.527284
0.824064,-1.535986
0.823380,-1.544689
0.822758,-1.553391
0.822201,-1.562094
0.821706,-1.570796
