scan.pos:-7.159349,6.313346,1.6184350.860977,1.562094
0.860651,1.553391
0.860392,1.544689
0.860198,1.535986
0.860070,1.527284
0.860007,1.518581
0.860010,1.509879
0.860078,1.501177
0.860211,1.492474
0.860411,1.483772
0.860676,1.475069
0.861006,1.466367
0.861403,1.457664
0.861866,1.448962
0.862394,1.440259
0.862990,1.431557
0.863651,1.422854
0.864380,1.414152
0.865176,1.405449
0.866039,1.396747
0.866971,1.388044
0.867970,1.379342
0.869038,1.370639
0.870175,1.361937
0.871381,1.353234
0.872658,1.344532
0.874004,1.335830
0.875422,1.327127
0.876911,1.318425
0.878472,1.309722
0.880106,1.301020
0.881813,1.292317
0.883594,1.283615
0.885450,1.274912
0.887382,1.266210
0.889390,1.257507
0.891475,1.248805
0.893638,1.240102
0.895880,1.231400
0.898202,1.222697
0.900605,1.213995
0.903089,1.205292
0.905657,1.196590
0.908308,1.187888
0.911045,1.179185
0.913868,1.170483
0.916778,1.161780
0.919778,1.153078
0.922867,1.144375
0.926049,1.135673
0.929323,1.126970
0.932692,1.118268
0.936156,1.109565
0.939719,1.100863
0.943381,1.092160
0.947143,1.083458
0.951009,1.074755
0.954980,1.066053
0.959057,1.057350
0.963242,1.048648
0.967539,1.039945
0.971948,1.031243
0.976472,1.022541
0.981114,1.013838
0.985875,1.005136
0.990759,0.996433
0.995768,0.987731
1.000904,0.979028
1.006170,0.970326
1.011569,0.961623
1.017105,0.952921
1.022780,0.944218
1.028597,0.935516
1.034560,0.926813
1.040673,0.918111
1.046938,0.909408
1.053360,0.900706
1.059942,0.892003
1.066689,0.883301
1.073605,0.874598
1.080693,0.865896
1.087960,0.857194
1.095408,0.848491
1.103044,0.839789
1.110872,0.831086
1.118898,0.822384
1.127128,0.813681
1.135566,0.804979
1.144220,0.796276
1.153094,0.787574
1.162197,0.778871
1.171535,0.770169
1.181114,0.761466
1.190943,0.752764
1.201029,0.744061
1.211381,0.735359
1.210522,0.726656
1.228104,0.717954
1.245483,0.709251
1.235219,0.700549
1.252442,0.691847
1.269484,0.683144
1.286354,0.674442
1.276468,0.665739
1.319612,0.657037
1.309820,0.648334
1.326276,0.639632
1.342596,0.630929
1.358786,0.622227
1.374853,0.613524
1.390806,0.604822
1.406649,0.596119
1.398525,0.587417
1.414344,0.578714
1.415044,0.570012
1.431409,0.561309
1.458469,0.552607
1.475283,0.543905
1.504015,0.535202
1.521349,0.526500
1.528098,0.517797
1.569804,0.509095
1.587738,0.500392
1.597482,0.491690
1.616258,0.482987
1.651654,0.474285
1.671247,0.465582
1.708963,0.456880
1.729494,0.448177
1.750153,0.439475
1.791342,0.430772
1.813128,0.422070
1.857184,0.413367
1.835673,0.404665
1.859205,0.395962
1.863611,0.387260
1.844841,0.378558
1.831648,0.369855
1.837288,0.361153
1.821774,0.352450
1.815454,0.343748
1.802824,0.335045
1.812626,0.326343
1.787992,0.317640
1.782018,0.308938
1.776220,0.300235
1.770593,0.291533
1.765136,0.282830
1.759846,0.274128
1.754721,0.265425
1.749759,0.256723
1.744957,0.248020
1.740314,0.239318
1.735827,0.230615
1.731494,0.221913
1.727315,0.213211
1.723286,0.204508
1.719407,0.195806
1.715676,0.187103
1.712091,0.178401
1.708650,0.169698
1.705353,0.160996
1.702199,0.152293
1.699185,0.143591
1.696310,0.134888
1.693574,0.126186
1.690976,0.117483
1.688514,0.108781
1.686187,0.100078
1.683995,0.091376
1.681936,0.082673
1.680010,0.073971
1.678216,0.065269
1.676553,0.056566
1.675022,0.047864
1.673620,0.039161
1.672348,0.030459
1.671205,0.021756
1.670191,0.013054
1.669305,0.004351
1.668547,-0.004351
1.667916,-0.013054
1.667413,-0.021756
1.667038,-0.030459
1.666789,-0.039161
1.666667,-0.047864
1.666672,-0.056566
1.666804,-0.065269
1.667064,-0.073971
1.667450,-0.082674
1.667963,-0.091376
1.668604,-0.100078
1.669373,-0.108781
1.670269,-0.117483
1.671294,-0.126186
1.672447,-0.134888
1.673730,-0.143591
1.675142,-0.152293
1.676685,-0.160996
1.678358,-0.169698
1.680163,-0.178401
1.682099,-0.187103
1.684169,-0.195806
1.686372,-0.204508
1.688710,-0.213211
1.691184,-0.221913
1.693793,-0.230616
1.696541,-0.239318
1.699426,-0.248021
1.702452,-0.256723
1.705618,-0.265425
1.708927,-0.274128
1.712379,-0.282830
1.715976,-0.291533
1.719719,-0.300235
1.723611,-0.308938
1.727652,-0.317640
1.731844,-0.326343
1.736189,-0.335045
1.740688,-0.343748
1.745345,-0.352450
1.750160,-0.361153
1.755135,-0.369855
1.760274,-0.378558
1.765577,-0.387260
1.771048,-0.395963
1.776689,-0.404665
1.782501,-0.413367
1.788489,-0.422070
1.794654,-0.430772
1.800999,-0.439475
1.807528,-0.448177
1.814242,-0.456880
1.821146,-0.465582
1.828243,-0.474285
1.835535,-0.482987
1.843027,-0.491690
1.850721,-0.500392
1.858622,-0.509095
1.866734,-0.517797
1.875060,-0.526500
1.883605,-0.535202
1.892373,-0.543905
1.901369,-0.552607
1.910596,-0.561310
1.927654,-0.570012
1.946856,-0.578714
1.950994,-0.587417
1.972381,-0.596119
1.980036,-0.604822
1.979882,-0.613524
2.003964,-0.622227
2.016225,-0.630929
2.018297,-0.639632
2.033683,-0.648334
2.037347,-0.657037
2.055783,-0.665739
1.863804,-0.674442
1.809563,-0.683144
1.789580,-0.691847
1.761734,-0.700549
1.691742,-0.709252
1.665193,-0.717954
1.645973,-0.726657
1.620957,-0.735359
1.602180,-0.744061
1.526191,-0.752764
1.503187,-0.761466
1.511425,-0.770169
1.489946,-0.778871
1.472066,-0.787574
1.451855,-0.796276
1.434216,-0.804979
1.442914,-0.813681
1.424985,-0.822384
1.408111,-0.831086
1.379433,-0.839789
1.367662,-0.848491
1.356193,-0.857194
1.345016,-0.865896
1.334123,-0.874599
1.323504,-0.883301
1.313153,-0.892003
1.303061,-0.900706
1.293220,-0.909408
1.283624,-0.918111
1.274266,-0.926813
1.265138,-0.935516
1.256236,-0.944218
1.247552,-0.952921
1.239082,-0.961623
1.230818,-0.970326
1.222757,-0.979028
1.214892,-0.987731
1.207219,-0.996433
1.224218,-1.005136
1.241101,-1.013838
1.233685,-1.022541
1.226451,-1.031243
1.219392,-1.039946
1.212507,-1.048648
1.229433,-1.057350
1.246267,-1.066053
1.239625,-1.074755
1.233147,-1.083458
1.249977,-1.092160
1.243701,-1.100863
1.237580,-1.109565
1.231613,-1.118268
1.225796,-1.126970
1.220127,-1.135673
1.214601,-1.144375
1.209217,-1.153078
1.203972,-1.161780
1.198863,-1.170483
1.193888,-1.179185
1.189044,-1.187888
1.184329,-1.196590
1.179741,-1.205293
1.197041,-1.213995
1.214304,-1.222697
1.209927,-1.231400
1.205673,-1.240102
1.201540,-1.248805
1.197526,-1.257507
1.193629,-1.266210
1.189848,-1.274912
1.186181,-1.283615
1.203744,-1.292317
1.200239,-1.301020
1.217842,-1.309722
1.235439,-1.318425
1.232152,-1.327127
1.228975,-1.335830
1.225907,-1.344532
1.222948,-1.353235
1.220096,-1.361937
1.258616,-1.370639
1.255884,-1.379342
1.253260,-1.388044
1.250742,-1.396747
1.268793,-1.405449
1.266446,-1.414152
1.264203,-1.422854
1.262065,-1.431557
1.260029,-1.440259
1.258096,-1.448962
1.296788,-1.457664
1.295002,-1.466367
1.293318,-1.475069
1.291737,-1.483772
1.310418,-1.492474
1.325523,-1.501177
1.308684,-1.509879
1.353076,-1.518582
1.356862,-1.527284
1.346750,-1.535986
1.344074,-1.544689
1.422361,-1.553391
1.421606,-1.562094
1.420961,-1.570796
