scan.pos:-7.186863,7.076638,1.1684350.891170,1.562094
0.894526,1.553391
0.897976,1.544689
0.901522,1.535986
0.905165,1.527284
0.908907,1.518581
0.912750,1.509879
0.916696,1.501177
0.920747,1.492474
0.924904,1.483772
0.929170,1.475069
0.933547,1.466367
0.938037,1.457664
0.942643,1.448962
0.947366,1.440259
0.952211,1.431557
0.957178,1.422854
0.962271,1.414152
0.967492,1.405449
0.972845,1.396747
0.978333,1.388044
0.983958,1.379342
0.989724,1.370639
0.995634,1.361937
1.001692,1.353234
1.007901,1.344532
1.014265,1.335830
1.020789,1.327127
1.027476,1.318425
1.034330,1.309722
1.041356,1.301020
1.048559,1.292317
1.055943,1.283615
1.063513,1.274912
1.071275,1.266210
1.079234,1.257507
1.087395,1.248805
1.095765,1.240102
1.104349,1.231400
1.113155,1.222697
1.122188,1.213995
1.131455,1.205292
1.140965,1.196590
1.150724,1.187888
1.158572,1.179185
1.148611,1.170483
1.166684,1.161780
1.184544,1.153078
1.174877,1.144375
1.192559,1.135673
1.210051,1.126970
1.200680,1.118268
1.218022,1.109565
1.208915,1.100863
1.200033,1.092160
1.191372,1.083458
1.182923,1.074755
1.174683,1.066053
1.166645,1.057350
1.158803,1.048648
1.151154,1.039945
1.143691,1.031243
1.136411,1.022541
1.129308,1.013838
1.122378,1.005136
1.115617,0.996433
1.109021,0.987731
1.102587,0.979028
1.096309,0.970326
1.090185,0.961623
1.084211,0.952921
1.078384,0.944218
1.072700,0.935516
1.067157,0.926813
1.061752,0.918111
1.056481,0.909408
1.051341,0.900706
1.046331,0.892003
1.041447,0.883301
1.036687,0.874598
1.032049,0.865896
1.027530,0.857194
1.023128,0.848491
1.018840,0.839789
1.014666,0.831086
1.010602,0.822384
1.006647,0.813681
1.002798,0.804979
0.999055,0.796276
0.995416,0.787574
0.991878,0.778871
0.988440,0.770169
0.985100,0.761466
0.981858,0.752764
0.978711,0.744061
0.975658,0.735359
0.972698,0.726656
0.969830,0.717954
0.967052,0.709251
0.964363,0.700549
0.961762,0.691847
0.959248,0.683144
0.956819,0.674442
0.954476,0.665739
0.952216,0.657037
0.950039,0.648334
0.947944,0.639632
0.945930,0.630929
0.943996,0.622227
0.942142,0.613524
0.940367,0.604822
0.938669,0.596119
0.937049,0.587417
0.935506,0.578714
0.934039,0.570012
0.932647,0.561309
0.931330,0.552607
0.930088,0.543905
0.928920,0.535202
0.927825,0.526500
0.926803,0.517797
0.925854,0.509095
0.924977,0.500392
0.924172,0.491690
0.923439,0.482987
0.922777,0.474285
0.922187,0.465582
0.921667,0.456880
0.921218,0.448177
0.920839,0.439475
0.920531,0.430772
0.920293,0.422070
0.920126,0.413367
0.920028,0.404665
0.920000,0.395962
0.920043,0.387260
0.920156,0.378558
0.920338,0.369855
0.920591,0.361153
0.920914,0.352450
0.921308,0.343748
0.921772,0.335045
0.922307,0.326343
0.922913,0.317640
0.923590,0.308938
0.924339,0.300235
0.925159,0.291533
0.926051,0.282830
0.927016,0.274128
0.928053,0.265425
0.929164,0.256723
0.930348,0.248020
0.931606,0.239318
0.932939,0.230615
0.934347,0.221913
0.935830,0.213211
0.937390,0.204508
0.939027,0.195806
0.940741,0.187103
0.942533,0.178401
0.944404,0.169698
0.946355,0.160996
0.948386,0.152293
0.950499,0.143591
0.952693,0.134888
0.954971,0.126186
0.957333,0.117483
0.959779,0.108781
0.962312,0.100078
0.964932,0.091376
0.967640,0.082673
0.970437,0.073971
0.973325,0.065269
0.976305,0.056566
0.979377,0.047864
0.982545,0.039161
0.985808,0.030459
0.989168,0.021756
0.992628,0.013054
0.996187,0.004351
0.999849,-0.004351
1.003614,-0.013054
1.007485,-0.021756
1.011464,-0.030459
1.015551,-0.039161
1.019750,-0.047864
1.024061,-0.056566
1.028488,-0.065269
1.033033,-0.073971
1.037697,-0.082674
1.042483,-0.091376
1.047394,-0.100078
1.052432,-0.108781
1.057599,-0.117483
1.062899,-0.126186
1.068334,-0.134888
1.073907,-0.143591
1.079621,-0.152293
1.085479,-0.160996
1.091485,-0.169698
1.097641,-0.178401
1.103952,-0.187103
1.110422,-0.195806
1.117052,-0.204508
1.123849,-0.213211
1.130816,-0.221913
1.137956,-0.230616
1.145275,-0.239318
1.152778,-0.248021
1.160468,-0.256723
1.168351,-0.265425
1.176432,-0.274128
1.184717,-0.282830
1.193210,-0.291533
1.201918,-0.300235
1.210848,-0.308938
1.220004,-0.317640
1.229395,-0.326343
1.239026,-0.335045
1.248905,-0.343748
1.259040,-0.352450
1.269438,-0.361153
1.280107,-0.369855
1.291057,-0.378558
1.299861,-0.387260
1.288686,-0.395963
1.305575,-0.404665
1.322281,-0.413367
1.338814,-0.422070
1.355181,-0.430772
1.371391,-0.439475
1.387453,-0.448177
1.376895,-0.456880
1.392880,-0.465582
1.408735,-0.474285
1.424466,-0.482987
1.440081,-0.491690
1.455585,-0.500392
1.470987,-0.509095
1.486291,-0.517797
1.501505,-0.526500
1.541497,-0.535202
1.457570,-0.543905
1.448460,-0.552607
1.415172,-0.561310
1.358143,-0.570012
1.350113,-0.578714
1.342279,-0.587417
1.310804,-0.596119
1.303482,-0.604822
1.296339,-0.613524
1.289372,-0.622227
1.282577,-0.630929
1.275949,-0.639632
1.269486,-0.648334
1.263183,-0.657037
1.211328,-0.665739
1.205555,-0.674442
1.199928,-0.683144
1.194444,-0.691847
1.189100,-0.700549
1.183893,-0.709252
1.178821,-0.717954
1.173881,-0.726657
1.169071,-0.735359
1.164389,-0.744061
1.159832,-0.752764
1.155398,-0.761466
1.107648,-0.770169
1.103613,-0.778871
1.099690,-0.787574
1.095879,-0.796276
1.092176,-0.804979
1.088581,-0.813681
1.085092,-0.822384
1.081708,-0.831086
1.078426,-0.839789
1.075246,-0.848491
1.072166,-0.857194
1.069185,-0.865896
1.066301,-0.874599
1.063514,-0.883301
1.060821,-0.892003
1.058223,-0.900706
1.055718,-0.909408
1.053304,-0.918111
1.050981,-0.926813
1.048748,-0.935516
1.046605,-0.944218
1.044549,-0.952921
1.042581,-0.961623
1.040699,-0.970326
1.038903,-0.979028
1.037192,-0.987731
1.035565,-0.996433
1.034022,-1.005136
1.032562,-1.013838
1.031185,-1.022541
1.029889,-1.031243
1.028675,-1.039946
1.027542,-1.048648
1.026490,-1.057350
1.025518,-1.066053
1.024626,-1.074755
1.023813,-1.083458
1.023079,-1.092160
1.022424,-1.100863
1.021848,-1.109565
1.021350,-1.118268
1.020931,-1.126970
1.020589,-1.135673
1.020325,-1.144375
1.020139,-1.153078
1.020031,-1.161780
1.020000,-1.170483
1.020048,-1.179185
1.020172,-1.187888
1.020375,-1.196590
1.020656,-1.205293
1.021014,-1.213995
1.061507,-1.222697
1.062042,-1.231400
1.062658,-1.240102
1.063357,-1.248805
1.064137,-1.257507
1.064999,-1.266210
1.106168,-1.274912
1.107235,-1.283615
1.128541,-1.292317
1.129804,-1.301020
1.131156,-1.309722
1.132598,-1.318425
1.134129,-1.327127
1.135752,-1.335830
1.137466,-1.344532
1.139272,-1.353235
1.141171,-1.361937
1.143163,-1.370639
1.145250,-1.379342
1.147431,-1.388044
1.149709,-1.396747
1.152084,-1.405449
1.154557,-1.414152
1.157129,-1.422854
1.201222,-1.431557
1.204094,-1.440259
1.207072,-1.448962
1.210157,-1.457664
1.213350,-1.466367
1.216653,-1.475069
1.241103,-1.483772
1.286884,-1.492474
1.290713,-1.501177
1.294665,-1.509879
1.298740,-1.518582
1.345659,-1.527284
1.350128,-1.535986
1.376234,-1.544689
1.381047,-1.553391
1.386000,-1.562094
1.391094,-1.570796
