scan.pos:-0.243359,7.165291,2.8184350.906946,1.562094
0.909639,1.553391
0.912418,1.544689
0.915283,1.535986
0.918237,1.527284
0.921281,1.518581
0.924415,1.509879
0.927642,1.501177
0.930962,1.492474
0.934378,1.483772
0.937890,1.475069
0.941501,1.466367
0.945212,1.457664
0.993166,1.448962
0.997265,1.440259
1.001474,1.431557
1.005797,1.422854
1.010233,1.414152
1.014787,1.405449
1.019460,1.396747
1.030276,1.388044
1.035224,1.379342
1.040299,1.370639
1.045504,1.361937
1.050842,1.353234
1.056315,1.344532
1.061927,1.335830
1.067681,1.327127
1.073579,1.318425
1.079626,1.309722
1.085824,1.301020
1.092178,1.292317
1.098691,1.283615
1.105366,1.274912
1.112209,1.266210
1.119222,1.257507
1.126410,1.248805
1.133779,1.240102
1.191761,1.231400
1.199846,1.222697
1.233695,1.213995
1.242370,1.205292
1.303115,1.196590
4.134470,1.187888
4.101638,1.179185
4.064423,1.170483
4.031248,1.161780
3.994655,1.153078
3.933915,1.144375
3.926942,1.135673
3.946006,1.126970
3.883984,1.118268
3.877028,1.109565
3.869990,1.100863
3.835836,1.092160
3.858974,1.083458
3.826888,1.074755
3.850296,1.066053
3.846498,1.057350
3.869957,1.048648
3.866645,1.039945
3.896803,1.031243
3.945119,1.022541
3.964943,1.013838
4.012714,1.005136
4.056124,0.996433
4.113409,0.987731
4.141064,0.979028
4.196130,0.970326
4.261328,0.961623
4.287227,0.952921
4.413255,0.944218
4.539347,0.935516
4.627240,0.926813
4.681814,0.918111
4.834063,0.909408
4.890525,0.900706
4.961213,0.892003
5.021043,0.883301
5.110715,0.874598
5.195991,0.865896
5.279452,0.857194
3.307827,0.552607
3.280521,0.543905
3.192120,0.535202
3.186085,0.526500
3.119089,0.517797
3.113687,0.509095
3.088201,0.500392
3.042724,0.491690
3.038172,0.482987
3.033864,0.474285
3.029799,0.465582
3.025976,0.456880
3.022391,0.448177
3.019045,0.439475
3.015936,0.430772
3.013062,0.422070
3.010422,0.413367
3.008017,0.404665
3.005843,0.395962
2.943757,0.387260
2.942080,0.378558
2.880548,0.369855
2.879348,0.361153
2.878367,0.352450
2.877607,0.343748
2.837060,0.335045
2.836743,0.326343
2.836641,0.317640
2.836756,0.308938
2.837087,0.300235
2.837634,0.291533
2.838397,0.282830
2.839377,0.274128
2.840575,0.265425
2.841989,0.256723
2.843622,0.248020
2.845474,0.239318
2.847544,0.230615
2.849836,0.221913
2.852348,0.213211
2.855082,0.204508
2.858039,0.195806
2.861221,0.187103
2.864628,0.178401
2.908708,0.169698
2.872124,0.160996
2.876216,0.152293
2.880539,0.143591
2.885095,0.134888
2.889886,0.126186
2.894914,0.117483
2.900181,0.108781
2.917561,0.100078
2.929338,0.091376
2.926366,0.082673
2.928569,0.073971
2.935468,0.065269
2.988062,0.056566
2.990766,0.047864
2.928781,0.039161
2.827859,0.030459
2.750171,0.021756
2.674684,0.013054
2.599625,0.004351
2.529828,-0.004351
2.482759,-0.013054
2.416033,-0.021756
2.350614,-0.030459
2.293381,-0.039161
2.253174,-0.047864
2.192546,-0.056566
2.154340,-0.065269
2.108130,-0.073971
2.051209,-0.082674
2.016690,-0.091376
1.982867,-0.100078
1.949691,-0.108781
1.891890,-0.117483
1.860830,-0.126186
1.830256,-0.134888
1.800130,-0.143591
1.770419,-0.152293
1.742904,-0.160996
1.714850,-0.169698
1.687102,-0.178401
1.659633,-0.187103
1.637788,-0.195806
1.611651,-0.204508
1.585708,-0.213211
1.559940,-0.221913
1.542988,-0.230616
1.518301,-0.239318
1.493721,-0.248021
1.469232,-0.256723
1.456573,-0.265425
1.432968,-0.274128
1.409398,-0.282830
1.410270,-0.291533
1.377023,-0.300235
1.378924,-0.308938
1.356233,-0.317640
1.333506,-0.326343
1.328320,-0.335045
1.306194,-0.343748
1.283993,-0.352450
1.281416,-0.361153
1.259731,-0.369855
1.264047,-0.378558
1.242316,-0.387260
1.216483,-0.395963
1.221689,-0.404665
1.200232,-0.413367
1.176145,-0.422070
1.182189,-0.430772
1.160909,-0.439475
1.166264,-0.448177
1.145297,-0.456880
1.151860,-0.465582
1.141944,-0.474285
1.132282,-0.482987
1.122867,-0.491690
1.113692,-0.500392
1.104749,-0.509095
1.096031,-0.517797
1.087532,-0.526500
1.079245,-0.535202
1.071165,-0.543905
1.063285,-0.552607
1.055600,-0.561310
1.048104,-0.570012
1.047552,-0.578714
1.040374,-0.587417
1.033372,-0.596119
1.026541,-0.604822
1.019877,-0.613524
1.013376,-0.622227
1.007033,-0.630929
1.000845,-0.639632
0.994808,-0.648334
0.988918,-0.657037
0.983171,-0.665739
0.977566,-0.674442
0.972097,-0.683144
0.966762,-0.691847
0.961559,-0.700549
0.956483,-0.709252
0.951533,-0.717954
0.946706,-0.726657
0.941999,-0.735359
0.937409,-0.744061
0.932935,-0.752764
0.928573,-0.761466
0.924323,-0.770169
0.920180,-0.778871
0.916144,-0.787574
0.912213,-0.796276
0.908384,-0.804979
0.904655,-0.813681
0.901026,-0.822384
0.897493,-0.831086
0.894056,-0.839789
0.890713,-0.848491
0.887462,-0.857194
0.884302,-0.865896
0.881231,-0.874599
0.878247,-0.883301
0.875351,-0.892003
0.872540,-0.900706
0.869812,-0.909408
0.867168,-0.918111
0.864605,-0.926813
0.862123,-0.935516
0.859720,-0.944218
0.857396,-0.952921
0.855149,-0.961623
0.852979,-0.970326
0.850885,-0.979028
0.848865,-0.987731
0.846919,-0.996433
0.845046,-1.005136
0.843246,-1.013838
0.841517,-1.022541
0.839859,-1.031243
0.838271,-1.039946
0.836753,-1.048648
0.835304,-1.057350
0.833923,-1.066053
0.832610,-1.074755
0.831364,-1.083458
0.830186,-1.092160
0.829073,-1.100863
0.828027,-1.109565
0.827046,-1.118268
0.826131,-1.126970
0.825280,-1.135673
0.824493,-1.144375
0.823771,-1.153078
0.823113,-1.161780
0.822518,-1.170483
0.821987,-1.179185
0.821519,-1.187888
0.821114,-1.196590
0.820772,-1.205293
0.820492,-1.213995
0.820275,-1.222697
0.820121,-1.231400
0.820029,-1.240102
0.820000,-1.248805
0.820033,-1.257507
0.820129,-1.266210
0.820287,-1.274912
0.820508,-1.283615
0.820791,-1.292317
0.821137,-1.301020
0.821546,-1.309722
0.822018,-1.318425
0.822553,-1.327127
0.823152,-1.335830
0.823814,-1.344532
0.824540,-1.353235
0.825331,-1.361937
0.826186,-1.370639
0.827105,-1.379342
0.828090,-1.388044
0.829141,-1.396747
0.830257,-1.405449
0.831440,-1.414152
0.832690,-1.422854
0.834007,-1.431557
0.835392,-1.440259
0.836845,-1.448962
0.838368,-1.457664
0.839960,-1.466367
0.841622,-1.475069
0.843355,-1.483772
0.845160,-1.492474
0.847038,-1.501177
0.848988,-1.509879
0.851013,-1.518582
0.853112,-1.527284
0.855287,-1.535986
0.857538,-1.544689
0.859868,-1.553391
0.862275,-1.562094
0.864762,-1.570796
