scan.pos:2.653203,6.252781,-0.3647501.848850,1.562094
1.855102,1.553391
1.861538,1.544689
1.868163,1.535986
1.874977,1.527284
1.881986,1.518581
1.889192,1.509879
1.896598,1.501177
1.904208,1.492474
1.912025,1.483772
1.920054,1.475069
1.928298,1.466367
1.936761,1.457664
1.945447,1.448962
1.954361,1.440259
1.963508,1.431557
1.972892,1.422854
1.982517,1.414152
1.992389,1.405449
2.002513,1.396747
2.012895,1.388044
2.023540,1.379342
2.034454,1.370639
2.045643,1.361937
2.057113,1.353234
2.068871,1.344532
2.080923,1.335830
2.093277,1.327127
2.105940,1.318425
2.118919,1.309722
2.132223,1.301020
2.145859,1.292317
2.159837,1.283615
2.174164,1.274912
2.188851,1.266210
2.203906,1.257507
2.219340,1.248805
2.235163,1.240102
2.251386,1.231400
2.268020,1.222697
2.285077,1.213995
2.302570,1.205292
2.320510,1.196590
2.338912,1.187888
2.357788,1.179185
2.377155,1.170483
2.397026,1.161780
2.417418,1.153078
2.438347,1.144375
2.443299,1.135673
2.472457,1.126970
2.503093,1.118268
2.505567,1.109565
2.538165,1.100863
2.569040,1.092160
2.576723,1.083458
2.608681,1.074755
2.640857,1.066053
2.678178,1.057350
2.685420,1.048648
2.725037,1.039945
2.759555,1.031243
2.794420,1.022541
2.811948,1.013838
2.848299,1.005136
2.893714,0.996433
2.906769,0.987731
2.945236,0.979028
2.994571,0.970326
3.034727,0.961623
3.075498,0.952921
3.105038,0.944218
3.147914,0.935516
3.191537,0.926813
3.226366,0.918111
3.272406,0.909408
3.319347,0.900706
3.383296,0.892003
3.432913,0.883301
3.483622,0.874598
3.530829,0.865896
3.584796,0.857194
3.640082,0.848491
3.717365,0.839789
3.776369,0.831086
3.836976,0.822384
3.900201,0.813681
3.987510,0.804979
4.054504,0.796276
4.123581,0.787574
4.200033,0.778871
4.296663,0.770169
4.373950,0.761466
4.462694,0.752764
4.568515,0.744061
4.655868,0.735359
4.768084,0.726656
4.876579,0.717954
4.997717,0.709251
5.123056,0.700549
5.250567,0.691847
5.387167,0.683144
5.529214,0.674442
5.593266,0.665739
5.585781,0.657037
5.562293,0.648334
5.547610,0.639632
5.530565,0.630929
5.517331,0.622227
5.504578,0.613524
5.492301,0.604822
5.480496,0.596119
5.469156,0.587417
5.458279,0.578714
5.447858,0.570012
5.437891,0.561309
5.428373,0.552607
5.419300,0.543905
5.410668,0.535202
5.402475,0.526500
5.394717,0.517797
5.387390,0.509095
5.380493,0.500392
5.374022,0.491690
5.367975,0.482987
5.362350,0.474285
5.357143,0.465582
5.352355,0.456880
5.347981,0.448177
5.344021,0.439475
5.340474,0.430772
5.337337,0.422070
5.334610,0.413367
5.332293,0.404665
5.330382,0.395962
5.328878,0.387260
5.327782,0.378558
5.327091,0.369855
5.326806,0.361153
5.326926,0.352450
5.327453,0.343748
5.328385,0.335045
5.329723,0.326343
5.331469,0.317640
5.333622,0.308938
5.336183,0.300235
5.339153,0.291533
5.342534,0.282830
5.346326,0.274128
5.350531,0.265425
5.355152,0.256723
5.360188,0.248020
5.365644,0.239318
5.371520,0.230615
5.377818,0.221913
5.384542,0.213211
5.391694,0.204508
5.399277,0.195806
5.407293,0.187103
5.415747,0.178401
5.424641,0.169698
5.433978,0.160996
5.443763,0.152293
5.453999,0.143591
5.464691,0.134888
5.475842,0.126186
5.487458,0.117483
5.499543,0.108781
5.512102,0.100078
5.525140,0.091376
5.538663,0.082673
5.552676,0.073971
5.567186,0.065269
5.582197,0.056566
5.597717,0.047864
5.613753,0.039161
5.630310,0.030459
5.647397,0.021756
5.665020,0.013054
5.683188,0.004351
5.701909,-0.004351
5.721190,-0.013054
5.741042,-0.021756
5.761471,-0.030459
5.782488,-0.039161
5.804103,-0.047864
5.826325,-0.056566
5.849166,-0.065269
5.872635,-0.073971
5.896744,-0.082674
5.921505,-0.091376
5.946929,-0.100078
5.973030,-0.108781
5.999819,-0.117483
6.027311,-0.126186
6.055519,-0.134888
6.084458,-0.143591
6.114143,-0.152293
6.144589,-0.160996
6.175813,-0.169698
6.207830,-0.178401
6.240660,-0.187103
6.274318,-0.195806
6.308825,-0.204508
6.344199,-0.213211
6.380460,-0.221913
6.417631,-0.230616
6.455731,-0.239318
6.494783,-0.248021
6.534812,-0.256723
6.575841,-0.265425
6.617897,-0.274128
6.661003,-0.282830
6.705189,-0.291533
6.750483,-0.300235
6.796914,-0.308938
6.844512,-0.317640
6.893312,-0.326343
6.943344,-0.335045
6.994644,-0.343748
7.047249,-0.352450
7.109489,-0.361153
7.166470,-0.369855
7.203441,-0.378558
7.134283,-0.387260
7.066418,-0.395963
7.027546,-0.404665
6.962340,-0.413367
6.841704,-0.422070
6.759435,-0.430772
6.702013,-0.439475
6.646060,-0.448177
6.591532,-0.456880
6.538385,-0.465582
6.486578,-0.474285
6.436072,-0.482987
6.386829,-0.491690
6.286130,-0.500392
6.239695,-0.509095
6.142495,-0.517797
6.098698,-0.526500
6.055978,-0.535202
6.014307,-0.543905
5.973658,-0.552607
5.934004,-0.561310
4.574945,-0.570012
4.520903,-0.578714
4.492485,-0.587417
4.415868,-0.596119
4.364817,-0.604822
4.242248,-0.613524
4.193477,-0.622227
4.169460,-0.630929
4.098550,-0.639632
4.052347,-0.648334
3.983472,-0.657037
3.915634,-0.665739
3.802332,-0.674442
3.736716,-0.683144
3.672044,-0.691847
3.654068,-0.700549
3.568203,-0.709252
3.483422,-0.717954
3.422259,-0.726657
3.384379,-0.735359
3.369460,-0.744061
3.354655,-0.752764
3.340770,-0.761466
3.326986,-0.770169
3.313566,-0.778871
3.300504,-0.787574
3.287794,-0.796276
3.275430,-0.804979
3.263407,-0.813681
3.273304,-0.822384
3.261869,-0.831086
3.250761,-0.839789
3.239973,-0.848491
3.229502,-0.857194
3.261804,-0.865896
3.251822,-0.874599
3.263250,-0.883301
3.295900,-0.892003
3.286650,-0.900706
3.319551,-0.909408
3.310788,-0.918111
3.364772,-0.926813
3.460270,-0.935516
3.451990,-0.944218
3.506014,-0.952921
3.560059,-0.961623
3.552407,-0.970326
3.586126,-0.979028
3.564496,-0.987731
3.624423,-0.996433
3.610117,-1.005136
3.645268,-1.013838
3.710460,-1.022541
3.738169,-1.031243
3.752030,-1.039946
3.801733,-1.048648
3.849351,-1.057350
3.911819,-1.066053
4.028179,-1.074755
4.104265,-1.083458
4.099963,-1.092160
4.176438,-1.100863
4.172705,-1.109565
4.249614,-1.118268
4.346791,-1.126970
4.343905,-1.135673
4.401473,-1.144375
4.419253,-1.153078
4.457374,-1.161780
4.455777,-1.170483
4.494536,-1.179185
4.513615,-1.187888
4.553031,-1.196590
4.552788,-1.205293
4.552891,-1.213995
4.553341,-1.222697
4.554138,-1.231400
4.555282,-1.240102
4.556773,-1.248805
4.558613,-1.257507
4.560802,-1.266210
4.563341,-1.274912
4.526112,-1.283615
4.529325,-1.292317
4.532887,-1.301020
4.536802,-1.309722
4.541069,-1.318425
4.545691,-1.327127
4.550669,-1.335830
4.556005,-1.344532
4.561701,-1.353235
4.567760,-1.361937
4.574184,-1.370639
4.580976,-1.379342
4.588137,-1.388044
4.595672,-1.396747
4.603582,-1.405449
4.611872,-1.414152
4.620544,-1.422854
4.629602,-1.431557
4.618490,-1.440259
4.628287,-1.448962
4.638480,-1.457664
4.649072,-1.466367
4.660069,-1.475069
4.671475,-1.483772
4.683294,-1.492474
4.695531,-1.501177
4.708192,-1.509879
4.704125,-1.518582
4.734807,-1.527284
4.748773,-1.535986
4.763184,-1.544689
4.778048,-1.553391
4.772034,-1.562094
4.766345,-1.570796
