scan.pos:-1.832475,6.491021,-2.6147501.443483,1.562094
1.464612,1.553391
1.481006,1.544689
1.503156,1.535986
1.522380,1.527284
1.568268,1.518581
1.591634,1.509879
1.614951,1.501177
1.639692,1.492474
1.664685,1.483772
1.692749,1.475069
1.719388,1.466367
1.773279,1.457664
1.801723,1.448962
1.830631,1.440259
1.868544,1.431557
1.921359,1.422854
1.927438,1.414152
1.998040,1.405449
2.054046,1.396747
2.083503,1.388044
2.142722,1.379342
2.202898,1.370639
2.263215,1.361937
2.327449,1.353234
2.393054,1.344532
2.444121,1.335830
2.535974,1.327127
2.588026,1.318425
2.674773,1.309722
4.985095,1.301020
4.968214,1.292317
5.003602,1.283615
4.992778,1.274912
4.982380,1.266210
4.972403,1.257507
4.962843,1.248805
4.994544,1.240102
5.006122,1.231400
4.997688,1.222697
5.050622,1.213995
5.124064,1.205292
5.359756,1.196590
5.696351,1.187888
5.951660,1.179185
6.247144,1.170483
6.522249,1.161780
7.787539,0.770169
3.942303,0.761466
3.836828,0.752764
3.724936,0.744061
3.616069,0.735359
3.528597,0.726656
3.426924,0.717954
3.348552,0.709251
3.254199,0.700549
3.181455,0.691847
3.110408,0.683144
3.027429,0.674442
2.960777,0.665739
2.906191,0.657037
2.843331,0.648334
2.781486,0.639632
2.713595,0.630929
2.676563,0.622227
2.618495,0.613524
2.579552,0.604822
2.523930,0.596119
2.467341,0.587417
2.458351,0.578714
2.472561,0.570012
2.444147,0.561309
2.393146,0.552607
2.368396,0.543905
2.364533,0.535202
2.352227,0.526500
2.340849,0.517797
2.352704,0.509095
2.318285,0.500392
2.330504,0.491690
2.319496,0.482987
2.332210,0.474285
2.321447,0.465582
2.310740,0.456880
2.324159,0.448177
2.337913,0.439475
2.303291,0.430772
2.317442,0.422070
2.331947,0.413367
2.346814,0.404665
2.362053,0.395962
2.377674,0.387260
2.393686,0.378558
2.410100,0.369855
2.426927,0.361153
2.444178,0.352450
2.461864,0.343748
2.479999,0.335045
2.498595,0.326343
2.517664,0.317640
2.537222,0.308938
2.557282,0.300235
2.577860,0.291533
2.598972,0.282830
2.620633,0.274128
2.642861,0.265425
2.665674,0.256723
2.654847,0.248020
2.747754,0.239318
2.769224,0.230615
2.874940,0.221913
2.923787,0.213211
2.948209,0.204508
2.973863,0.195806
3.023548,0.187103
3.051026,0.178401
3.127353,0.169698
3.156576,0.160996
3.212972,0.152293
3.238412,0.143591
3.271140,0.134888
3.297900,0.126186
3.391269,0.117483
3.403276,0.108781
3.460187,0.100078
3.477074,0.091376
3.551177,0.082673
3.598107,0.073971
7.455731,0.065269
7.412079,0.056566
7.369493,0.047864
7.327949,0.039161
7.287422,0.030459
7.247890,0.021756
7.209330,0.013054
7.171721,0.004351
7.135044,-0.004351
7.099278,-0.013054
7.064404,-0.021756
7.030404,-0.030459
6.997259,-0.039161
6.964954,-0.047864
6.933471,-0.056566
6.902795,-0.065269
6.872910,-0.073971
6.843801,-0.082674
6.815455,-0.091376
6.787858,-0.100078
6.760996,-0.108781
6.734857,-0.117483
6.709428,-0.126186
6.684698,-0.134888
6.660654,-0.143591
6.637287,-0.152293
6.614584,-0.160996
6.592537,-0.169698
6.571136,-0.178401
6.550369,-0.187103
6.530230,-0.195806
6.510708,-0.204508
6.491796,-0.213211
6.473484,-0.221913
6.455766,-0.230616
6.438633,-0.239318
6.422080,-0.248021
6.406097,-0.256723
6.390679,-0.265425
6.375820,-0.274128
6.361514,-0.282830
6.347753,-0.291533
6.334533,-0.300235
6.321848,-0.308938
6.309694,-0.317640
6.298066,-0.326343
6.286957,-0.335045
6.276366,-0.343748
6.266286,-0.352450
6.256714,-0.361153
6.247646,-0.369855
6.239079,-0.378558
6.231010,-0.387260
6.223434,-0.395963
6.216350,-0.404665
6.209754,-0.413367
6.203645,-0.422070
6.198019,-0.430772
6.192873,-0.439475
1.853720,-0.448177
1.631878,-0.456880
1.643399,-0.465582
1.642539,-0.474285
1.641804,-0.482987
1.621180,-0.491690
1.620702,-0.500392
1.620347,-0.509095
1.580113,-0.517797
1.540008,-0.526500
1.540023,-0.535202
1.540156,-0.543905
1.520400,-0.552607
1.520762,-0.561310
1.481208,-0.570012
1.481787,-0.578714
1.482479,-0.587417
1.463241,-0.596119
1.464149,-0.604822
1.465169,-0.613524
1.466302,-0.622227
1.467549,-0.630929
1.428666,-0.639632
1.430102,-0.648334
1.431649,-0.657037
1.433309,-0.665739
1.435083,-0.674442
1.436970,-0.683144
1.438972,-0.691847
1.441089,-0.700549
1.443323,-0.709252
1.445674,-0.717954
1.448143,-0.726657
1.450731,-0.735359
1.453439,-0.744061
1.456269,-0.752764
1.459221,-0.761466
1.462296,-0.770169
1.465497,-0.778871
1.468823,-0.787574
1.472277,-0.796276
1.475860,-0.804979
1.479574,-0.813681
1.483419,-0.822384
1.487398,-0.831086
1.470505,-0.839789
1.453629,-0.848491
1.457896,-0.857194
1.441106,-0.865896
1.445583,-0.874599
1.450197,-0.883301
1.433557,-0.892003
1.416915,-0.900706
1.421810,-0.909408
1.405229,-0.918111
1.410334,-0.926813
1.415584,-0.935516
1.420982,-0.944218
1.426531,-0.952921
1.432232,-0.961623
1.415965,-0.970326
1.399671,-0.979028
1.405658,-0.987731
1.411805,-0.996433
1.418114,-1.005136
1.424589,-1.013838
1.431232,-1.022541
1.438048,-1.031243
1.445040,-1.039946
1.452211,-1.048648
1.459565,-1.057350
1.467106,-1.066053
1.474839,-1.074755
1.482767,-1.083458
1.490895,-1.092160
1.499227,-1.100863
1.507769,-1.109565
1.516524,-1.118268
1.525499,-1.126970
1.534698,-1.135673
1.544127,-1.144375
1.553792,-1.153078
1.563698,-1.161780
1.558269,-1.170483
1.568574,-1.179185
1.579137,-1.187888
1.589966,-1.196590
1.601067,-1.205293
1.612447,-1.213995
1.624115,-1.222697
1.636079,-1.231400
1.674773,-1.240102
1.660927,-1.248805
1.673830,-1.257507
1.687064,-1.266210
1.700639,-1.274912
1.714566,-1.283615
1.728856,-1.292317
1.743521,-1.301020
1.758571,-1.309722
1.757890,-1.318425
1.775956,-1.327127
1.795244,-1.335830
1.813662,-1.344532
1.834316,-1.353235
1.853133,-1.361937
1.845138,-1.370639
1.894480,-1.379342
1.966492,-1.388044
1.964002,-1.396747
1.957618,-1.405449
1.931688,-1.414152
1.926822,-1.422854
1.896914,-1.431557
1.900470,-1.440259
1.872421,-1.448962
1.878584,-1.457664
1.852394,-1.466367
1.851555,-1.475069
1.836897,-1.483772
1.813305,-1.492474
1.814613,-1.501177
1.804345,-1.509879
1.783391,-1.518582
1.786930,-1.527284
1.759348,-1.535986
1.749804,-1.544689
1.740494,-1.553391
1.731415,-1.562094
1.722560,-1.570796
