scan.pos:-2.397922,-0.859648,1.7352501.479968,1.562094
1.477884,1.553391
1.516354,1.544689
1.514455,1.535986
1.512675,1.527284
1.511015,1.518581
1.549726,1.509879
1.548264,1.501177
1.546923,1.492474
1.545701,1.483772
1.564659,1.475069
1.563663,1.466367
1.562787,1.457664
1.562032,1.448962
1.601431,1.440259
1.600901,1.431557
1.620499,1.422854
1.620210,1.414152
1.660045,1.405449
1.660002,1.396747
1.660084,1.388044
1.660294,1.379342
1.720652,1.370639
5.605763,1.361937
5.607752,1.353234
5.610169,1.344532
5.613016,1.335830
5.616294,1.327127
5.620005,1.318425
5.624148,1.309722
5.628726,1.301020
5.633742,1.292317
5.639196,1.283615
5.645092,1.274912
5.651430,1.266210
5.658214,1.257507
5.665446,1.248805
5.673130,1.240102
5.681267,1.231400
5.689862,1.222697
5.698917,1.213995
5.708437,1.205292
5.718425,1.196590
5.728884,1.187888
5.739820,1.179185
5.751237,1.170483
5.763139,1.161780
5.775531,1.153078
5.788419,1.144375
5.801806,1.135673
5.815700,1.126970
5.830105,1.118268
5.845029,1.109565
5.860476,1.100863
5.876454,1.092160
5.892969,1.083458
5.910028,1.074755
5.927640,1.066053
5.945811,1.057350
5.964549,1.048648
5.983863,1.039945
6.003761,1.031243
6.024252,1.022541
6.045345,1.013838
6.067050,1.005136
6.089378,0.996433
6.112337,0.987731
6.135939,0.979028
6.160195,0.970326
6.185116,0.961623
6.210715,0.952921
6.237003,0.944218
6.263995,0.935516
6.291701,0.926813
6.320138,0.918111
6.349319,0.909408
6.379258,0.900706
6.409971,0.892003
6.441474,0.883301
6.473784,0.874598
6.506918,0.865896
6.540894,0.857194
6.575729,0.848491
6.611444,0.839789
6.648057,0.831086
6.685591,0.822384
6.724066,0.813681
6.763504,0.804979
6.803929,0.796276
6.845365,0.787574
6.887836,0.778871
6.931367,0.770169
6.975988,0.761466
7.021726,0.752764
7.068608,0.744061
7.116667,0.735359
7.165933,0.726656
7.216439,0.717954
7.268219,0.709251
7.321310,0.700549
7.375748,0.691847
7.431571,0.683144
7.488821,0.674442
7.547539,0.665739
7.607769,0.657037
7.669556,0.648334
7.732950,0.639632
7.797998,0.630929
3.902249,0.474285
3.876974,0.465582
3.753527,0.456880
3.705544,0.448177
3.682825,0.439475
3.660661,0.430772
3.639037,0.422070
3.617941,0.413367
3.597361,0.404665
3.577285,0.395962
3.557700,0.387260
3.538597,0.378558
3.519965,0.369855
3.501793,0.361153
3.484072,0.352450
3.466792,0.343748
3.449944,0.335045
3.433519,0.326343
3.417509,0.317640
3.401905,0.308938
3.386700,0.300235
3.371885,0.291533
3.357455,0.282830
3.343401,0.274128
3.329716,0.265425
3.316395,0.256723
3.303430,0.248020
3.290816,0.239318
3.278547,0.230615
3.288252,0.221913
3.276579,0.213211
3.265235,0.204508
3.254217,0.195806
3.243520,0.187103
3.254411,0.178401
3.265480,0.169698
3.255586,0.160996
3.245999,0.152293
3.257734,0.143591
3.269651,0.134888
3.260845,0.126186
3.252334,0.117483
3.244113,0.108781
3.236180,0.100078
3.228530,0.091376
3.221162,0.082673
3.214071,0.073971
3.207255,0.065269
3.221231,0.056566
3.214916,0.047864
3.249752,0.039161
3.264303,0.030459
3.299419,0.021756
3.293998,0.013054
3.349755,0.004351
3.405597,-0.004351
3.502026,-0.013054
3.638894,-0.021756
3.836264,-0.030459
4.093954,-0.039161
4.351369,-0.047864
4.689076,-0.056566
5.026478,-0.065269
7.031849,-0.352450
6.771828,-0.361153
6.412176,-0.369855
6.153921,-0.378558
5.913158,-0.387260
5.687862,-0.395963
5.496883,-0.404665
5.297631,-0.413367
5.130023,-0.422070
4.908628,-0.430772
4.920383,-0.439475
4.911757,-0.448177
4.924330,-0.456880
4.937344,-0.465582
4.908845,-0.474285
4.922641,-0.482987
4.936892,-0.491690
4.951603,-0.500392
4.966783,-0.509095
4.982435,-0.517797
4.998569,-0.526500
5.015191,-0.535202
5.032308,-0.543905
5.049928,-0.552607
5.068059,-0.561310
5.086709,-0.570012
5.105888,-0.578714
5.125604,-0.587417
5.145866,-0.596119
5.166684,-0.604822
5.188068,-0.613524
5.210028,-0.622227
5.232574,-0.630929
5.255719,-0.639632
5.279473,-0.648334
5.303849,-0.657037
5.328858,-0.665739
5.354515,-0.674442
5.380831,-0.683144
5.407821,-0.691847
5.435499,-0.700549
2.797230,-0.709252
2.774312,-0.717954
2.681612,-0.726657
2.660322,-0.735359
2.616108,-0.744061
2.572530,-0.752764
2.553690,-0.761466
2.524742,-0.770169
2.483706,-0.778871
2.492324,-0.787574
2.452512,-0.796276
2.415347,-0.804979
2.399161,-0.813681
2.385892,-0.822384
2.347882,-0.831086
2.329260,-0.839789
2.292519,-0.848491
2.230067,-0.857194
2.219724,-0.865896
2.183616,-0.874599
2.174198,-0.883301
2.165320,-0.892003
2.127129,-0.900706
2.119589,-0.909408
2.085173,-0.918111
2.078411,-0.926813
2.044296,-0.935516
2.038261,-0.944218
2.030783,-0.952921
2.013338,-0.961623
1.996341,-0.970326
1.979777,-0.979028
1.963635,-0.987731
1.947901,-0.996433
1.932563,-1.005136
1.917609,-1.013838
1.903029,-1.022541
1.888812,-1.031243
1.822790,-1.039946
1.809644,-1.048648
1.796823,-1.057350
1.784316,-1.066053
1.772117,-1.074755
1.740272,-1.083458
1.748607,-1.092160
1.737281,-1.100863
1.726231,-1.109565
1.715451,-1.118268
1.704934,-1.126970
1.694673,-1.135673
1.684663,-1.144375
1.674897,-1.153078
1.665369,-1.161780
1.656075,-1.170483
1.647009,-1.179185
1.638165,-1.187888
1.652853,-1.196590
1.667513,-1.205293
1.659075,-1.213995
1.650846,-1.222697
1.642823,-1.231400
1.635002,-1.240102
1.650013,-1.248805
1.642480,-1.257507
1.635138,-1.266210
1.627986,-1.274912
1.643256,-1.283615
1.658522,-1.292317
1.651733,-1.301020
1.645125,-1.309722
1.638694,-1.318425
1.654233,-1.327127
1.648065,-1.335830
1.642068,-1.344532
1.657797,-1.353235
1.673543,-1.361937
1.667896,-1.370639
1.662413,-1.379342
1.699638,-1.388044
1.694343,-1.396747
1.710352,-1.405449
1.747476,-1.414152
1.742478,-1.422854
1.737640,-1.431557
1.753865,-1.440259
1.853541,-1.448962
1.890451,-1.457664
1.927323,-1.466367
2.046955,-1.475069
2.083585,-1.483772
2.140814,-1.492474
2.280206,-1.501177
2.337113,-1.509879
2.393970,-1.518582
2.471231,-1.527284
2.548397,-1.535986
2.645853,-1.544689
2.722847,-1.553391
2.982917,-1.562094
3.123640,-1.570796
