scan.pos:-2.476504,-0.386125,1.7352502.480696,1.562094
2.611714,1.553391
2.769083,1.544689
2.937486,1.535986
5.570171,1.527284
5.564057,1.518581
5.558380,1.509879
5.553136,1.501177
5.548325,1.492474
5.543944,1.483772
5.539991,1.475069
5.536465,1.466367
5.533365,1.457664
5.530689,1.448962
5.528437,1.440259
5.526607,1.431557
5.525198,1.422854
5.524212,1.414152
5.523646,1.405449
5.523501,1.396747
5.523777,1.388044
5.524473,1.379342
5.525590,1.370639
5.527129,1.361937
5.529089,1.353234
5.531473,1.344532
5.534280,1.335830
5.537512,1.327127
5.541171,1.318425
5.545256,1.309722
5.549770,1.301020
5.554716,1.292317
5.560093,1.283615
5.565906,1.274912
5.572155,1.266210
5.578844,1.257507
5.585975,1.248805
5.593550,1.240102
5.601573,1.231400
5.610048,1.222697
5.618976,1.213995
5.628363,1.205292
5.638210,1.196590
5.648523,1.187888
5.659306,1.179185
5.670562,1.170483
5.682298,1.161780
5.694516,1.153078
5.707222,1.144375
5.720422,1.135673
5.734121,1.126970
5.748324,1.118268
5.763038,1.109565
5.778269,1.100863
5.794023,1.092160
5.810306,1.083458
5.827127,1.074755
5.844491,1.066053
5.862407,1.057350
5.880882,1.048648
5.899925,1.039945
5.919544,1.031243
5.939747,1.022541
5.960545,1.013838
5.981946,1.005136
6.003960,0.996433
6.026597,0.987731
6.049868,0.979028
6.073783,0.970326
6.098355,0.961623
6.123595,0.952921
6.149515,0.944218
6.176127,0.935516
6.203445,0.926813
6.231483,0.918111
6.260254,0.909408
6.289773,0.900706
6.320056,0.892003
6.351117,0.883301
6.382974,0.874598
6.415643,0.865896
6.449142,0.857194
6.483489,0.848491
6.518703,0.839789
6.554803,0.831086
6.591810,0.822384
6.629745,0.813681
6.668630,0.804979
6.708488,0.796276
6.749342,0.787574
6.791217,0.778871
6.834139,0.770169
6.878133,0.761466
6.923229,0.752764
6.969454,0.744061
7.016839,0.735359
7.065413,0.726656
7.115211,0.717954
7.166265,0.709251
7.218611,0.700549
7.272285,0.691847
7.327326,0.683144
7.383773,0.674442
7.441667,0.665739
7.501052,0.657037
7.561973,0.648334
7.624476,0.639632
7.688613,0.630929
7.754433,0.622227
3.475872,0.535202
3.346043,0.526500
3.296021,0.517797
3.272668,0.509095
3.249890,0.500392
3.227670,0.491690
3.205995,0.482987
3.184850,0.474285
3.164221,0.465582
3.144096,0.456880
3.124462,0.448177
3.105306,0.439475
3.086617,0.430772
3.068384,0.422070
3.050597,0.413367
3.033244,0.404665
3.016315,0.395962
2.999802,0.387260
2.983695,0.378558
2.967984,0.369855
2.952662,0.361153
2.937720,0.352450
2.923150,0.343748
2.908943,0.335045
2.895094,0.326343
2.881595,0.317640
2.868438,0.308938
2.855617,0.300235
2.843126,0.291533
2.830958,0.282830
2.819108,0.274128
2.807569,0.265425
2.818302,0.256723
2.807285,0.248020
2.796566,0.239318
2.786139,0.230615
2.776000,0.221913
2.766145,0.213211
2.799538,0.204508
2.790091,0.195806
2.780919,0.187103
2.772018,0.178401
2.784590,0.169698
2.797296,0.160996
2.789058,0.152293
2.781080,0.143591
2.773358,0.134888
2.765889,0.126186
2.758670,0.117483
2.751697,0.108781
2.744968,0.100078
2.738480,0.091376
2.732229,0.082673
2.746820,0.073971
2.740995,0.065269
2.735403,0.056566
2.770999,0.047864
2.765788,0.039161
2.781211,0.030459
2.817159,0.021756
2.812530,0.013054
2.869040,0.004351
3.006691,-0.004351
3.022702,-0.013054
3.018681,-0.021756
3.176442,-0.030459
3.434907,-0.039161
3.693047,-0.047864
4.031425,-0.056566
4.369447,-0.065269
7.419326,-0.073971
7.513838,-0.082674
6.448867,-0.378558
6.336237,-0.387260
6.269028,-0.395963
5.825831,-0.404665
5.621459,-0.413367
5.431171,-0.422070
5.250944,-0.430772
5.100553,-0.439475
4.937656,-0.448177
4.795578,-0.456880
4.649114,-0.465582
4.529695,-0.474285
4.500089,-0.482987
4.479537,-0.491690
4.492886,-0.500392
4.506659,-0.509095
4.520861,-0.517797
4.492774,-0.526500
4.507714,-0.535202
4.523099,-0.543905
4.538936,-0.552607
4.555233,-0.561310
4.571996,-0.570012
4.589234,-0.578714
4.606955,-0.587417
4.625167,-0.596119
4.643878,-0.604822
4.663098,-0.613524
4.682836,-0.622227
4.703101,-0.630929
4.723904,-0.639632
4.745255,-0.648334
4.767164,-0.657037
4.789642,-0.665739
4.812702,-0.674442
4.836356,-0.683144
4.860614,-0.691847
4.885492,-0.700549
4.911001,-0.709252
4.937156,-0.717954
4.963971,-0.726657
4.991461,-0.735359
5.019642,-0.744061
5.048530,-0.752764
5.078141,-0.761466
5.108492,-0.770169
5.139602,-0.778871
5.171490,-0.787574
5.204175,-0.796276
5.237677,-0.804979
5.272017,-0.813681
5.307217,-0.822384
5.343300,-0.831086
2.435432,-0.839789
2.426959,-0.848491
2.367204,-0.857194
2.354643,-0.865896
2.321772,-0.874599
2.289073,-0.883301
2.283258,-0.892003
2.248144,-0.900706
2.216537,-0.909408
2.212395,-0.918111
2.179754,-0.926813
2.176900,-0.935516
2.174546,-0.944218
2.170012,-0.952921
2.151370,-0.961623
2.133208,-0.970326
2.115509,-0.979028
2.098260,-0.987731
2.081447,-0.996433
2.065057,-1.005136
2.049078,-1.013838
2.033499,-1.022541
1.992035,-1.031243
1.977413,-1.039946
1.963152,-1.048648
1.949243,-1.057350
1.935676,-1.066053
1.922441,-1.074755
1.909531,-1.083458
1.896937,-1.092160
1.884650,-1.100863
1.872664,-1.109565
1.860969,-1.118268
1.849560,-1.126970
1.838428,-1.135673
1.827569,-1.144375
1.816974,-1.153078
1.806639,-1.161780
1.796556,-1.170483
1.786720,-1.179185
1.777127,-1.187888
1.767769,-1.196590
1.758643,-1.205293
1.749743,-1.213995
1.741065,-1.222697
1.732604,-1.231400
1.724355,-1.240102
1.716314,-1.248805
1.708478,-1.257507
1.700842,-1.266210
1.693402,-1.274912
1.686155,-1.283615
1.634808,-1.292317
1.628117,-1.301020
1.621603,-1.309722
1.615264,-1.318425
1.609096,-1.327127
1.603097,-1.335830
1.597263,-1.344532
1.591593,-1.353235
1.586083,-1.361937
1.580731,-1.370639
1.575534,-1.379342
1.570491,-1.388044
1.565599,-1.396747
1.560856,-1.405449
1.556259,-1.414152
1.531643,-1.422854
1.547499,-1.431557
1.543331,-1.440259
1.539303,-1.448962
1.535412,-1.457664
1.531657,-1.466367
1.528037,-1.475069
1.524550,-1.483772
1.541799,-1.492474
1.559091,-1.501177
1.555910,-1.509879
1.552860,-1.518582
1.549940,-1.527284
1.547148,-1.535986
1.564852,-1.544689
1.562281,-1.553391
1.559837,-1.562094
1.557518,-1.570796
