scan.pos:6.312085,2.616021,1.9184350.850901,1.562094
0.848251,1.553391
0.845682,1.544689
0.843192,1.535986
0.840781,1.527284
0.838447,1.518581
0.836190,1.509879
0.834008,1.501177
0.831900,1.492474
0.829866,1.483772
0.827905,1.475069
0.826016,1.466367
0.824199,1.457664
0.822451,1.448962
0.820774,1.440259
0.819165,1.431557
0.838066,1.422854
0.856961,1.414152
0.855486,1.405449
0.854080,1.396747
0.852745,1.388044
0.851478,1.379342
0.850279,1.370639
0.849149,1.361937
0.848086,1.353234
0.867259,1.344532
0.866308,1.335830
0.865424,1.327127
0.884715,1.318425
0.904039,1.309722
0.903326,1.301020
0.902683,1.292317
0.902109,1.283615
0.901604,1.274912
0.941221,1.266210
0.940838,1.257507
0.940527,1.248805
0.940288,1.240102
0.940121,1.231400
1.000027,1.222697
1.000001,1.213995
1.000051,1.205292
1.120200,1.196590
1.120427,1.187888
1.120740,1.179185
1.181199,1.170483
1.181709,1.161780
1.262466,1.153078
1.263204,1.144375
1.264039,1.135673
1.264972,1.126970
1.286098,1.118268
1.287245,1.109565
1.288492,1.100863
1.350301,1.092160
1.452700,1.083458
1.454445,1.074755
1.516984,1.066053
1.600058,1.057350
1.602354,1.048648
1.665720,1.039945
1.668373,1.031243
1.711921,1.022541
1.735333,1.013838
1.738508,1.005136
1.782812,0.996433
1.847958,0.987731
1.851784,0.979028
1.917626,0.970326
2.025234,0.961623
2.029919,0.952921
2.055545,0.944218
2.102267,0.935516
2.149385,0.926813
2.155067,0.918111
5.110827,0.909408
5.125195,0.900706
5.140035,0.892003
5.155355,0.883301
5.171163,0.874598
5.187464,0.865896
5.204265,0.857194
5.221574,0.848491
5.239400,0.839789
5.257749,0.831086
5.276630,0.822384
5.339534,0.813681
5.359670,0.804979
5.424183,0.796276
5.445630,0.787574
5.467664,0.778871
5.512472,0.770169
5.535809,0.761466
5.559770,0.752764
5.584367,0.744061
5.609611,0.735359
5.635516,0.726656
5.662094,0.717954
5.689359,0.709251
5.699983,0.700549
5.746008,0.691847
5.775422,0.683144
5.782231,0.674442
5.766077,0.665739
5.797399,0.657037
5.829510,0.648334
5.862428,0.639632
5.896171,0.630929
5.979054,0.622227
7.772910,0.456880
7.697392,0.448177
7.623214,0.439475
7.575010,0.430772
7.509947,0.422070
7.446555,0.413367
7.384781,0.404665
7.324577,0.395962
7.265895,0.387260
7.208691,0.378558
7.152921,0.369855
7.098544,0.361153
7.045519,0.352450
6.993810,0.343748
6.943379,0.335045
6.894192,0.326343
6.846214,0.317640
6.799414,0.308938
6.753759,0.300235
6.709222,0.291533
6.665772,0.282830
6.623383,0.274128
6.582027,0.265425
6.541679,0.256723
6.502316,0.248020
6.463912,0.239318
6.426447,0.230615
6.389897,0.221913
6.354241,0.213211
6.319459,0.204508
6.285533,0.195806
6.252442,0.187103
6.220170,0.178401
6.188697,0.169698
6.158008,0.160996
6.128086,0.152293
6.098916,0.143591
6.070482,0.134888
6.042770,0.126186
6.015767,0.117483
5.989457,0.108781
5.963829,0.100078
5.938869,0.091376
5.914566,0.082673
5.890908,0.073971
5.867884,0.065269
5.845482,0.056566
5.823692,0.047864
5.802505,0.039161
5.781910,0.030459
5.761898,0.021756
5.742459,0.013054
5.723586,0.004351
5.705270,-0.004351
5.687502,-0.013054
5.670275,-0.021756
5.653581,-0.030459
5.637413,-0.039161
5.621764,-0.047864
5.606628,-0.056566
5.591998,-0.065269
5.577868,-0.073971
5.564231,-0.082674
5.551083,-0.091376
5.538417,-0.100078
5.526229,-0.108781
5.514513,-0.117483
5.503266,-0.126186
5.492482,-0.134888
5.482156,-0.143591
5.472285,-0.152293
5.462865,-0.160996
5.453892,-0.169698
5.445362,-0.178401
5.437273,-0.187103
5.429620,-0.195806
5.422401,-0.204508
5.415613,-0.213211
5.409254,-0.221913
5.403320,-0.230616
5.397810,-0.239318
5.392722,-0.248021
5.388053,-0.256723
5.383801,-0.265425
5.379966,-0.274128
5.376546,-0.282830
5.373538,-0.291533
5.370944,-0.300235
5.368760,-0.308938
5.366986,-0.317640
5.365623,-0.326343
5.364667,-0.335045
5.364121,-0.343748
5.363984,-0.352450
5.364255,-0.361153
5.364935,-0.369855
5.366023,-0.378558
5.367521,-0.387260
5.369429,-0.395963
5.371747,-0.404665
5.374477,-0.413367
5.377619,-0.422070
5.381175,-0.430772
5.385146,-0.439475
5.389534,-0.448177
5.394340,-0.456880
5.399565,-0.465582
5.405214,-0.474285
5.411286,-0.482987
5.417786,-0.491690
5.424714,-0.500392
5.432075,-0.509095
5.439870,-0.517797
5.448103,-0.526500
5.456777,-0.535202
5.465896,-0.543905
5.475463,-0.552607
5.485482,-0.561310
5.495957,-0.570012
5.506893,-0.578714
5.518293,-0.587417
5.530162,-0.596119
5.542506,-0.604822
5.555329,-0.613524
5.576540,-0.622227
5.588625,-0.630929
5.602407,-0.639632
5.613384,-0.648334
5.506134,-0.657037
5.340859,-0.665739
5.205408,-0.674442
5.075075,-0.683144
4.953459,-0.691847
4.833801,-0.700549
4.718083,-0.709252
4.627438,-0.717954
4.507442,-0.726657
4.403245,-0.735359
4.323552,-0.744061
4.239122,-0.752764
4.144202,-0.761466
4.073427,-0.770169
3.982911,-0.778871
3.913395,-0.787574
3.849919,-0.796276
3.766004,-0.804979
3.706012,-0.813681
3.648566,-0.822384
3.570051,-0.831086
3.518256,-0.839789
3.465832,-0.848491
3.414637,-0.857194
3.347086,-0.865896
3.298871,-0.874599
3.251667,-0.883301
3.213385,-0.892003
3.168837,-0.900706
3.111075,-0.909408
3.092535,-0.918111
3.027255,-0.926813
2.998253,-0.935516
2.958791,-0.944218
2.919931,-0.952921
2.895717,-0.961623
2.858681,-0.970326
2.822135,-0.979028
2.777398,-0.987731
2.742294,-0.996433
2.725266,-1.005136
2.691630,-1.013838
2.651846,-1.022541
2.619385,-1.031243
2.613156,-1.039946
2.576501,-1.048648
2.545519,-1.057350
2.537381,-1.066053
2.507512,-1.074755
2.474920,-1.083458
2.445873,-1.092160
2.415056,-1.100863
2.414352,-1.109565
2.385451,-1.118268
2.358026,-1.126970
2.355430,-1.135673
2.335199,-1.144375
2.315487,-1.153078
2.296278,-1.161780
2.277558,-1.170483
2.259311,-1.179185
2.241524,-1.187888
2.224182,-1.196590
2.207274,-1.205293
2.190786,-1.213995
2.174707,-1.222697
2.159026,-1.231400
2.143731,-1.240102
2.128813,-1.248805
2.114260,-1.257507
2.100064,-1.266210
2.086215,-1.274912
2.072705,-1.283615
2.059524,-1.292317
2.046664,-1.301020
2.034118,-1.309722
2.021878,-1.318425
2.009937,-1.327127
1.998287,-1.335830
1.986922,-1.344532
1.975835,-1.353235
1.965020,-1.361937
1.954470,-1.370639
1.944181,-1.379342
1.934146,-1.388044
1.924359,-1.396747
1.914817,-1.405449
1.905513,-1.414152
1.896442,-1.422854
1.887601,-1.431557
1.878984,-1.440259
1.870587,-1.448962
1.862406,-1.457664
1.854437,-1.466367
1.846676,-1.475069
1.839119,-1.483772
1.831763,-1.492474
1.824603,-1.501177
1.817638,-1.509879
1.810862,-1.518582
1.804274,-1.527284
1.797870,-1.535986
1.791647,-1.544689
1.785603,-1.553391
1.779734,-1.562094
1.774039,-1.570796
