scan.pos:5.617100,4.533988,1.9184354.263031,1.361937
4.217309,1.353234
4.212357,1.344532
4.207736,1.335830
4.203445,1.327127
4.199483,1.318425
4.195847,1.309722
4.192536,1.301020
4.189550,1.292317
4.186886,1.283615
4.184545,1.274912
4.182524,1.266210
4.180823,1.257507
4.179442,1.248805
4.178380,1.240102
4.177636,1.231400
4.177211,1.222697
4.177104,1.213995
4.177315,1.205292
4.177844,1.196590
4.178692,1.187888
4.219885,1.179185
4.221385,1.170483
4.223207,1.161780
4.225353,1.153078
4.267925,1.144375
4.270747,1.135673
4.273899,1.126970
4.277381,1.118268
4.301309,1.109565
4.305476,1.100863
4.309979,1.092160
4.314821,1.083458
4.320004,1.074755
4.325529,1.066053
4.331398,1.057350
4.337613,1.048648
4.344178,1.039945
4.351095,1.031243
4.358366,1.022541
4.365994,1.013838
4.373983,1.005136
4.382336,0.996433
4.391056,0.987731
4.379570,0.979028
4.388991,0.970326
4.357456,0.961623
4.367537,0.952921
4.377999,0.944218
4.388846,0.935516
4.400084,0.926813
4.411716,0.918111
4.423747,0.909408
4.436182,0.900706
4.491228,0.892003
4.525777,0.883301
4.582109,0.874598
7.679576,0.752764
7.552238,0.744061
7.429016,0.735359
7.287016,0.726656
7.194032,0.717954
7.063597,0.709251
6.955466,0.700549
6.850439,0.691847
6.748354,0.683144
6.657026,0.674442
6.561181,0.665739
6.467840,0.657037
6.387208,0.648334
6.299272,0.639632
6.213475,0.630929
6.142319,0.622227
6.061235,0.613524
5.981986,0.604822
5.904483,0.596119
5.844178,0.587417
5.770639,0.578714
5.690501,0.570012
5.645676,0.561309
5.577137,0.552607
5.503406,0.543905
5.437915,0.535202
5.399538,0.526500
5.331584,0.517797
5.270121,0.509095
5.236188,0.500392
5.173478,0.491690
5.115569,0.482987
5.083281,0.474285
5.027751,0.465582
4.972988,0.456880
4.945883,0.448177
4.893259,0.439475
4.866458,0.430772
4.824659,0.422070
4.783934,0.413367
4.744248,0.404665
4.705571,0.395962
4.667871,0.387260
4.631122,0.378558
4.595293,0.369855
4.560359,0.361153
4.526294,0.352450
4.493074,0.343748
4.460676,0.335045
4.429076,0.326343
4.398253,0.317640
4.368187,0.308938
4.338857,0.300235
4.310245,0.291533
4.282331,0.282830
4.255098,0.274128
4.228530,0.265425
4.202610,0.256723
4.177321,0.248020
4.152649,0.239318
4.128580,0.230615
4.105099,0.221913
4.082192,0.213211
4.059847,0.204508
4.038052,0.195806
4.016793,0.187103
3.996060,0.178401
3.975841,0.169698
3.956125,0.160996
3.936902,0.152293
3.918162,0.143591
3.899895,0.134888
3.882092,0.126186
3.864744,0.117483
3.847842,0.108781
3.831377,0.100078
3.815342,0.091376
3.799729,0.082673
3.784530,0.073971
3.769739,0.065269
3.755347,0.056566
3.741349,0.047864
3.727737,0.039161
3.714506,0.030459
3.701649,0.021756
3.689162,0.013054
3.677037,0.004351
3.665270,-0.004351
3.653855,-0.013054
3.642787,-0.021756
3.632063,-0.030459
3.621676,-0.039161
3.611623,-0.047864
3.601899,-0.056566
3.592500,-0.065269
3.583422,-0.073971
3.574661,-0.082674
3.566214,-0.091376
3.558078,-0.100078
3.550248,-0.108781
3.542721,-0.117483
3.535495,-0.126186
3.528567,-0.134888
3.521933,-0.143591
3.515592,-0.152293
3.509540,-0.160996
3.503776,-0.169698
3.498296,-0.178401
3.493099,-0.187103
3.488182,-0.195806
3.483545,-0.204508
3.479184,-0.213211
3.475098,-0.221913
3.471286,-0.230616
3.467746,-0.239318
3.464478,-0.248021
3.461478,-0.256723
3.458747,-0.265425
3.456283,-0.274128
3.454086,-0.282830
3.452154,-0.291533
3.450487,-0.300235
3.449084,-0.308938
3.447944,-0.317640
3.447068,-0.326343
3.446455,-0.335045
3.446104,-0.343748
3.446016,-0.352450
3.446190,-0.361153
3.446626,-0.369855
3.447326,-0.378558
3.448288,-0.387260
3.449513,-0.395963
3.451003,-0.404665
3.452756,-0.413367
3.454775,-0.422070
3.457060,-0.430772
3.459611,-0.439475
3.462429,-0.448177
3.465517,-0.456880
3.468874,-0.465582
3.472503,-0.474285
3.476404,-0.482987
3.480579,-0.491690
3.485031,-0.500392
3.489759,-0.509095
3.494767,-0.517797
3.500057,-0.526500
3.505629,-0.535202
3.511487,-0.543905
3.517634,-0.552607
3.524071,-0.561310
3.530800,-0.570012
3.537825,-0.578714
3.545149,-0.587417
3.552774,-0.596119
3.560704,-0.604822
3.568942,-0.613524
3.577492,-0.622227
3.586355,-0.630929
3.595538,-0.639632
3.605043,-0.648334
3.614874,-0.657037
3.625036,-0.665739
3.635533,-0.674442
3.646369,-0.683144
3.657549,-0.691847
3.669079,-0.700549
3.680962,-0.709252
3.693205,-0.717954
3.705813,-0.726657
3.718791,-0.735359
3.732146,-0.744061
3.745883,-0.752764
3.760010,-0.761466
3.774532,-0.770169
3.789456,-0.778871
3.804789,-0.787574
3.820539,-0.796276
3.836714,-0.804979
3.853320,-0.813681
3.870368,-0.822384
3.887864,-0.831086
3.905817,-0.839789
3.924238,-0.848491
3.943135,-0.857194
3.962517,-0.865896
3.982397,-0.874599
4.002783,-0.883301
4.023686,-0.892003
4.045119,-0.900706
4.067093,-0.909408
4.089621,-0.918111
4.112713,-0.926813
4.158693,-0.935516
4.174858,-0.944218
4.144399,-0.952921
4.104924,-0.961623
4.053092,-0.970326
4.002198,-0.979028
3.943540,-0.987731
3.894928,-0.996433
3.864785,-1.005136
3.818417,-1.013838
3.766264,-1.022541
3.721786,-1.031243
3.703878,-1.039946
3.655871,-1.048648
3.613852,-1.057350
3.594980,-1.066053
3.554668,-1.074755
3.511916,-1.083458
3.472982,-1.092160
3.432543,-1.100863
3.422470,-1.109565
3.384446,-1.118268
3.348138,-1.126970
3.336888,-1.135673
3.308227,-1.144375
3.280302,-1.153078
3.253089,-1.161780
3.226569,-1.170483
3.200719,-1.179185
3.175519,-1.187888
3.150952,-1.196590
3.126998,-1.205293
3.103641,-1.213995
3.080862,-1.222697
3.058646,-1.231400
3.036979,-1.240102
3.015844,-1.248805
2.995228,-1.257507
2.975116,-1.266210
2.955497,-1.274912
2.936357,-1.283615
2.917684,-1.292317
2.899466,-1.301020
2.881693,-1.309722
2.864352,-1.318425
2.847435,-1.327127
2.830931,-1.335830
2.814830,-1.344532
2.799124,-1.353235
2.783802,-1.361937
2.768857,-1.370639
2.754280,-1.379342
2.740063,-1.388044
2.726199,-1.396747
2.712680,-1.405449
2.699499,-1.414152
2.686650,-1.422854
2.674124,-1.431557
2.661917,-1.440259
2.650021,-1.448962
2.638432,-1.457664
2.627142,-1.466367
2.616147,-1.475069
2.605441,-1.483772
2.595020,-1.492474
2.584877,-1.501177
2.575009,-1.509879
2.565410,-1.518582
2.556077,-1.527284
2.547004,-1.535986
2.538189,-1.544689
2.529626,-1.553391
2.521312,-1.562094
2.513243,-1.570796
