scan.pos:7.168731,4.355773,-1.1147500.913343,1.562094
0.909484,1.553391
0.905727,1.544689
0.902069,1.535986
0.898508,1.527284
0.895044,1.518581
0.891673,1.509879
0.888396,1.501177
0.885209,1.492474
0.882113,1.483772
0.879104,1.475069
0.876182,1.466367
0.873347,1.457664
0.870595,1.448962
0.867927,1.440259
0.865340,1.431557
0.862835,1.422854
0.860409,1.414152
0.858063,1.405449
0.855793,1.396747
0.853601,1.388044
0.851485,1.379342
0.849443,1.370639
0.847476,1.361937
0.845582,1.353234
0.843761,1.344532
0.842011,1.335830
0.840333,1.327127
0.838724,1.318425
0.837186,1.309722
0.835717,1.301020
0.834317,1.292317
0.832984,1.283615
0.831719,1.274912
0.830521,1.266210
0.829389,1.257507
0.828324,1.248805
0.827324,1.240102
0.826390,1.231400
0.825520,1.222697
0.824715,1.213995
0.823974,1.205292
0.823297,1.196590
0.822684,1.187888
0.822134,1.179185
0.821648,1.170483
0.821225,1.161780
0.820864,1.153078
0.820567,1.144375
0.820332,1.135673
0.820159,1.126970
0.820050,1.118268
0.820002,1.109565
0.820017,1.100863
0.820095,1.092160
0.820235,1.083458
0.820437,1.074755
0.820702,1.066053
0.821030,1.057350
0.821421,1.048648
0.821875,1.039945
0.822391,1.031243
0.822972,1.022541
0.823615,1.013838
0.824323,1.005136
0.825095,0.996433
0.825931,0.987731
0.826832,0.979028
0.827798,0.970326
0.828829,0.961623
0.829926,0.952921
0.831090,0.944218
0.832320,0.935516
0.833618,0.926813
0.834983,0.918111
0.836416,0.909408
0.837919,0.900706
0.839491,0.892003
0.841133,0.883301
0.842845,0.874598
0.844629,0.865896
0.846485,0.857194
0.848415,0.848491
0.850418,0.839789
0.852495,0.831086
0.854648,0.822384
0.856877,0.813681
0.859184,0.804979
0.861568,0.796276
0.864032,0.787574
0.866577,0.778871
0.869202,0.770169
0.871911,0.761466
0.874703,0.752764
0.877580,0.744061
0.880543,0.735359
0.883594,0.726656
0.886734,0.717954
0.889964,0.709251
0.893286,0.700549
0.896701,0.691847
0.900212,0.683144
0.903819,0.674442
0.907525,0.665739
0.911331,0.657037
0.915239,0.648334
0.919251,0.639632
0.923369,0.630929
0.927595,0.622227
0.931931,0.613524
0.936379,0.604822
0.940942,0.596119
0.945623,0.587417
0.950422,0.578714
0.955344,0.570012
0.960391,0.561309
0.965565,0.552607
0.970869,0.543905
0.976307,0.535202
0.981881,0.526500
0.987595,0.517797
0.993452,0.509095
0.999456,0.500392
1.005609,0.491690
1.011916,0.482987
1.018381,0.474285
1.025008,0.465582
1.031800,0.456880
1.038763,0.448177
1.045900,0.439475
1.053217,0.430772
1.060719,0.422070
1.068410,0.413367
1.076296,0.404665
1.084382,0.395962
1.092675,0.387260
1.101180,0.378558
1.109904,0.369855
1.118853,0.361153
1.128034,0.352450
1.137454,0.343748
1.147121,0.335045
1.157042,0.326343
1.140166,0.317640
1.158615,0.308938
1.150570,0.300235
1.169318,0.291533
1.190212,0.282830
1.182100,0.274128
1.200988,0.265425
1.223555,0.256723
1.242613,0.248020
1.240237,0.239318
1.259710,0.230615
1.279052,0.221913
1.279106,0.213211
1.298924,0.204508
1.318642,0.195806
1.321232,0.187103
1.341495,0.178401
1.361692,0.169698
1.366952,0.160996
1.387777,0.152293
1.408572,0.143591
1.440835,0.134888
1.438194,0.126186
1.459727,0.117483
1.494630,0.108781
1.516871,0.100078
1.539178,0.091376
1.553522,0.082673
1.576813,0.073971
1.600227,0.065269
1.618216,0.056566
1.642781,0.047864
1.667536,0.039161
1.692502,0.030459
1.738252,0.021756
1.764536,0.013054
1.791123,0.004351
1.818037,-0.004351
1.847177,-0.013054
1.897962,-0.021756
1.927013,-0.030459
1.961641,-0.039161
1.992839,-0.047864
2.046386,-0.056566
2.100420,-0.065269
2.121728,-0.073971
2.178379,-0.082674
2.214308,-0.091376
2.272542,-0.100078
2.325861,-0.108781
2.387549,-0.117483
2.450363,-0.126186
2.514415,-0.134888
2.580966,-0.143591
2.649811,-0.152293
2.720399,-0.160996
2.813778,-0.169698
2.877059,-0.178401
2.977178,-0.187103
3.079924,-0.195806
3.061575,-0.204508
3.067106,-0.213211
3.059837,-0.221913
3.036846,-0.230616
3.039756,-0.239318
3.041485,-0.248021
3.038141,-0.256723
3.032810,-0.265425
3.027727,-0.274128
3.022892,-0.282830
3.018301,-0.291533
3.013953,-0.300235
3.009847,-0.308938
3.005980,-0.317640
3.002352,-0.326343
2.958649,-0.335045
2.955535,-0.343748
2.952653,-0.352450
2.929904,-0.361153
2.927497,-0.369855
2.925317,-0.378558
2.923362,-0.387260
2.921633,-0.395963
2.920128,-0.404665
2.918846,-0.413367
2.917788,-0.422070
2.916952,-0.430772
2.916339,-0.439475
2.915949,-0.448177
2.915780,-0.456880
2.915834,-0.465582
2.916109,-0.474285
2.916607,-0.482987
2.917327,-0.491690
2.918270,-0.500392
2.919436,-0.509095
2.920825,-0.517797
2.922438,-0.526500
2.924276,-0.535202
2.926339,-0.543905
2.928628,-0.552607
2.931145,-0.561310
2.933889,-0.570012
2.936862,-0.578714
2.940065,-0.587417
2.943500,-0.596119
2.947167,-0.604822
2.910585,-0.613524
2.914665,-0.622227
2.918980,-0.630929
2.923530,-0.639632
2.928319,-0.648334
2.933346,-0.657037
2.897741,-0.665739
2.903176,-0.674442
2.908854,-0.683144
2.914777,-0.691847
2.920947,-0.700549
2.927366,-0.709252
2.934038,-0.717954
2.940965,-0.726657
2.948149,-0.735359
2.955595,-0.744061
2.963304,-0.752764
2.971280,-0.761466
2.979527,-0.770169
2.988048,-0.778871
2.996847,-0.787574
3.005927,-0.796276
3.015293,-0.804979
3.024948,-0.813681
3.034898,-0.822384
3.045146,-0.831086
3.055696,-0.839789
3.066555,-0.848491
3.077726,-0.857194
3.089214,-0.865896
3.101026,-0.874599
3.113167,-0.883301
3.125642,-0.892003
3.138457,-0.900706
3.151619,-0.909408
3.165134,-0.918111
3.179008,-0.926813
3.193249,-0.935516
3.207864,-0.944218
3.222859,-0.952921
3.238243,-0.961623
3.254023,-0.970326
3.270208,-0.979028
3.275654,-0.987731
3.294982,-0.996433
3.301051,-1.005136
3.300936,-1.013838
3.325906,-1.022541
3.339477,-1.031243
3.368333,-1.039946
3.374696,-1.048648
3.358125,-1.057350
3.380688,-1.066053
3.391470,-1.074755
3.403491,-1.083458
2.960758,-1.092160
2.772870,-1.100863
2.734459,-1.109565
2.714553,-1.118268
2.673134,-1.126970
2.634911,-1.135673
2.625074,-1.144375
2.589844,-1.153078
2.550256,-1.161780
2.542496,-1.170483
2.562005,-1.179185
2.552574,-1.187888
2.520287,-1.196590
2.513342,-1.205293
2.537101,-1.213995
2.533041,-1.222697
2.531175,-1.231400
2.558108,-1.240102
2.541552,-1.248805
2.519940,-1.257507
2.554144,-1.266210
2.560572,-1.274912
2.567090,-1.283615
2.573697,-1.292317
2.633910,-1.301020
2.640290,-1.309722
2.620421,-1.318425
2.627203,-1.327127
2.638149,-1.335830
2.663430,-1.344532
2.714552,-1.353235
2.689303,-1.361937
2.690275,-1.370639
2.691875,-1.379342
2.694108,-1.388044
2.721745,-1.396747
2.725117,-1.405449
2.753610,-1.414152
2.782484,-1.422854
2.787603,-1.431557
2.793435,-1.440259
2.812708,-1.448962
2.820647,-1.457664
2.866971,-1.466367
2.853530,-1.475069
2.879867,-1.483772
2.892437,-1.492474
2.899513,-1.501177
2.932137,-1.509879
2.926328,-1.518582
2.921706,-1.527284
2.941070,-1.535986
2.936974,-1.544689
2.982173,-1.553391
2.983564,-1.562094
3.009863,-1.570796
