scan.pos:-1.914307,3.222158,1.1352501.125033,1.562094
1.129664,1.553391
1.134419,1.544689
1.139302,1.535986
1.144315,1.527284
1.149460,1.518581
1.154739,1.509879
1.160156,1.501177
1.165714,1.492474
1.171414,1.483772
1.177261,1.475069
1.183257,1.466367
1.189405,1.457664
1.195709,1.448962
1.202172,1.440259
1.208798,1.431557
1.215590,1.422854
1.222553,1.414152
1.229691,1.405449
1.237007,1.396747
1.244506,1.388044
1.252192,1.379342
1.260070,1.370639
1.268145,1.361937
1.276423,1.353234
1.284907,1.344532
1.293605,1.335830
1.302520,1.327127
1.311660,1.318425
1.321031,1.309722
1.330638,1.301020
1.340489,1.292317
1.350591,1.283615
1.360950,1.274912
1.371575,1.266210
1.363082,1.257507
1.374105,1.248805
1.385414,1.240102
1.397018,1.231400
1.408926,1.222697
1.421148,1.213995
1.412580,1.205292
1.430063,1.196590
1.448829,1.187888
1.466508,1.179185
1.459338,1.170483
1.561199,1.161780
1.552367,1.153078
1.570371,1.144375
1.619056,1.135673
1.637217,1.126970
4.017305,1.118268
3.988718,1.109565
3.960834,1.100863
3.933635,1.092160
3.907102,1.083458
3.881218,1.074755
3.855967,1.066053
3.831332,1.057350
3.807298,1.048648
3.783850,1.039945
3.760974,1.031243
3.738656,1.022541
3.716882,1.013838
3.695640,1.005136
3.674918,0.996433
3.654704,0.987731
3.634987,0.979028
3.615754,0.970326
3.596997,0.961623
3.578705,0.952921
3.583856,0.944218
3.589229,0.935516
3.572054,0.926813
3.555313,0.918111
3.538995,0.909408
3.529040,0.900706
3.546516,0.892003
3.523685,0.883301
3.548993,0.874598
3.580975,0.865896
3.570719,0.857194
3.586679,0.848491
3.591598,0.839789
3.617729,0.831086
3.605391,0.822384
3.644278,0.813681
3.674588,0.804979
3.683540,0.796276
3.799503,0.787574
3.851130,0.778871
3.945167,0.770169
3.954290,0.761466
3.984754,0.752764
3.973274,0.744061
3.983136,0.735359
4.056003,0.726656
4.107925,0.717954
4.222323,0.709251
4.336469,0.700549
4.471102,0.691847
4.688093,0.683144
4.821994,0.674442
4.893962,0.665739
4.883880,0.657037
4.874211,0.648334
4.864949,0.639632
4.869948,0.630929
4.865743,0.622227
4.853403,0.613524
4.847837,0.604822
4.831086,0.596119
4.833672,0.587417
4.818382,0.578714
4.805132,0.570012
4.799395,0.561309
4.794036,0.552607
4.789054,0.543905
4.784446,0.535202
4.780210,0.526500
4.776346,0.517797
4.772851,0.509095
4.769723,0.500392
4.766963,0.491690
4.764569,0.482987
4.762539,0.474285
4.760874,0.465582
4.759572,0.456880
4.758633,0.448177
4.758057,0.439475
4.757843,0.430772
4.757992,0.422070
4.758502,0.413367
4.759376,0.404665
4.760612,0.395962
4.762213,0.387260
4.764176,0.378558
4.766505,0.369855
4.769199,0.361153
4.772260,0.352450
4.775689,0.343748
4.779487,0.335045
4.783656,0.326343
4.788197,0.317640
4.793111,0.308938
4.798402,0.300235
4.804070,0.291533
4.810120,0.282830
4.816551,0.274128
4.823367,0.265425
4.830571,0.256723
4.838166,0.248020
4.846154,0.239318
4.854539,0.230615
4.863324,0.221913
4.872512,0.213211
4.882108,0.204508
4.892115,0.195806
4.902537,0.187103
4.913379,0.178401
4.924644,0.169698
4.936339,0.160996
2.942417,0.152293
2.834236,0.143591
2.770585,0.134888
2.684860,0.126186
2.691312,0.117483
2.654348,0.108781
2.648145,0.100078
2.410528,0.091376
2.362958,0.082673
2.295514,0.073971
2.237615,0.065269
2.195451,0.056566
2.154398,0.047864
2.105293,0.039161
2.067461,0.030459
2.008671,0.021756
1.988776,0.013054
1.954414,0.004351
1.898633,-0.004351
1.887563,-0.013054
1.831532,-0.021756
1.762391,-0.030459
1.770393,-0.039161
1.741024,-0.047864
1.712012,-0.056566
1.686849,-0.065269
1.659347,-0.073971
1.632103,-0.082674
1.611205,-0.091376
1.585238,-0.100078
1.559446,-0.108781
1.542376,-0.117483
1.517670,-0.126186
1.493073,-0.134888
1.479472,-0.143591
1.455803,-0.152293
1.444600,-0.160996
1.421762,-0.169698
1.398940,-0.178401
1.390745,-0.187103
1.368638,-0.195806
1.362573,-0.204508
1.341110,-0.213211
1.319589,-0.221913
1.316210,-0.230616
1.295246,-0.239318
1.293814,-0.248021
1.273355,-0.256723
1.247726,-0.265425
1.227533,-0.274128
1.233678,-0.282830
1.209863,-0.291533
1.189914,-0.300235
1.194376,-0.308938
1.174781,-0.317640
1.181016,-0.326343
1.161747,-0.335045
1.141727,-0.343748
1.150776,-0.352450
1.122493,-0.361153
1.112976,-0.369855
1.103702,-0.378558
1.094665,-0.387260
1.085856,-0.395963
1.077269,-0.404665
1.068898,-0.413367
1.060735,-0.422070
1.052777,-0.430772
1.045015,-0.439475
1.037446,-0.448177
1.030064,-0.456880
1.048434,-0.465582
1.066631,-0.474285
1.059436,-0.482987
1.077475,-0.491690
1.070465,-0.500392
1.063626,-0.509095
1.081534,-0.517797
1.099303,-0.526500
1.116938,-0.535202
1.134447,-0.543905
1.127840,-0.552607
1.145254,-0.561310
1.162558,-0.570012
1.179758,-0.578714
1.173393,-0.587417
1.167185,-0.596119
1.161130,-0.604822
1.178330,-0.613524
1.195446,-0.622227
1.212484,-0.630929
1.229450,-0.639632
1.246348,-0.648334
1.285742,-0.657037
1.302420,-0.665739
1.319050,-0.674442
1.357895,-0.683144
1.374347,-0.691847
1.390766,-0.700549
1.429145,-0.709252
1.445426,-0.717954
1.483507,-0.726657
1.521413,-0.735359
1.537498,-0.744061
1.575161,-0.752764
1.612679,-0.761466
1.650062,-0.770169
1.687319,-0.778871
1.724462,-0.787574
1.761500,-0.796276
1.819601,-0.804979
1.856395,-0.813681
1.914151,-0.822384
1.971724,-0.831086
2.008211,-0.839789
2.086384,-0.848491
2.143501,-0.857194
2.200494,-0.865896
2.298798,-0.874599
2.355492,-0.883301
2.432726,-0.892003
2.530380,-0.900706
2.627816,-0.909408
2.745548,-0.918111
2.842583,-0.926813
2.939472,-0.935516
5.674309,-1.135673
5.614484,-1.144375
5.555079,-1.153078
5.516086,-1.161780
5.497507,-1.170483
5.499354,-1.179185
5.501622,-1.187888
5.464238,-1.196590
5.447279,-1.205293
5.410654,-1.213995
5.354317,-1.222697
5.318393,-1.231400
5.302923,-1.240102
5.307957,-1.248805
5.273108,-1.257507
5.238588,-1.266210
5.259765,-1.274912
5.247949,-1.283615
5.197661,-1.292317
5.184741,-1.301020
5.192485,-1.309722
5.200649,-1.318425
5.168493,-1.327127
5.177436,-1.335830
5.145918,-1.344532
5.114676,-1.353235
5.104227,-1.361937
5.114689,-1.370639
5.063761,-1.379342
5.074959,-1.388044
5.045193,-1.396747
5.015673,-1.405449
5.007194,-1.414152
4.978201,-1.422854
4.941130,-1.431557
4.915137,-1.440259
4.880596,-1.448962
4.788835,-1.457664
4.477080,-1.466367
4.412106,-1.475069
4.314621,-1.483772
4.221086,-1.492474
4.118120,-1.501177
4.033031,-1.509879
3.929482,-1.518582
3.862871,-1.527284
3.722549,-1.535986
3.649612,-1.544689
3.573489,-1.553391
3.506124,-1.562094
3.440738,-1.570796
