scan.pos:-4.076760,-4.310169,0.2852500.875373,1.562094
0.873171,1.553391
0.871047,1.544689
0.869000,1.535986
0.867028,1.527284
0.865130,1.518581
0.863306,1.509879
0.861556,1.501177
0.859878,1.492474
0.858271,1.483772
0.856736,1.475069
0.855271,1.466367
0.853877,1.457664
0.852551,1.448962
0.851295,1.440259
0.850106,1.431557
0.848986,1.422854
0.847933,1.414152
0.846947,1.405449
0.846028,1.396747
0.845175,1.388044
0.844388,1.379342
0.843666,1.370639
0.843010,1.361937
0.842420,1.353234
0.841894,1.344532
0.841432,1.335830
0.841036,1.327127
0.840703,1.318425
0.840435,1.309722
0.840231,1.301020
0.840091,1.292317
0.840015,1.283615
0.840003,1.274912
0.840055,1.266210
0.840171,1.257507
0.840351,1.248805
0.880624,1.240102
0.880947,1.231400
0.881337,1.222697
0.881795,1.213995
0.882321,1.205292
0.882914,1.196590
0.903657,1.187888
0.904404,1.179185
0.945453,1.170483
0.946379,1.161780
0.947380,1.153078
0.948456,1.144375
0.990014,1.135673
0.991292,1.126970
1.012907,1.118268
1.014372,1.109565
1.015919,1.100863
1.017549,1.092160
1.019261,1.083458
1.021057,1.074755
1.022938,1.066053
1.024904,1.057350
6.492406,0.778871
6.393417,0.770169
6.313971,0.761466
6.218408,0.752764
6.148008,0.744061
6.001455,0.735359
5.933877,0.726656
5.844534,0.717954
5.756703,0.709251
5.682969,0.700549
5.525188,0.691847
5.464495,0.683144
5.391805,0.674442
5.333230,0.665739
5.300605,0.657037
5.278696,0.648334
5.248641,0.639632
5.232398,0.630929
5.191647,0.622227
5.201610,0.613524
5.186499,0.604822
5.197365,0.596119
5.182807,0.587417
5.220771,0.578714
5.259699,0.570012
5.299619,0.561309
5.340559,0.552607
5.382549,0.543905
5.425622,0.535202
5.459701,0.526500
5.515146,0.517797
5.561667,0.509095
5.609410,0.500392
5.651468,0.491690
5.707520,0.482987
5.711246,0.474285
5.770491,0.465582
5.832801,0.456880
5.867394,0.448177
5.936557,0.439475
6.005174,0.430772
6.045358,0.422070
6.118026,0.413367
6.177471,0.404665
6.236158,0.395962
6.306541,0.387260
6.371613,0.378558
6.462435,0.369855
6.520423,0.361153
6.611201,0.352450
6.677406,0.343748
6.759440,0.335045
6.836306,0.326343
6.942546,0.317640
6.972237,0.308938
6.935082,0.300235
7.005801,0.291533
7.029893,0.282830
7.041858,0.274128
7.092060,0.265425
7.115119,0.256723
3.536999,0.248020
3.402922,0.239318
3.385756,0.230615
3.346073,0.221913
3.329864,0.213211
3.314063,0.204508
3.298661,0.195806
3.283649,0.187103
3.269022,0.178401
3.254772,0.169698
3.240891,0.160996
3.227372,0.152293
3.214210,0.143591
3.201397,0.134888
3.188928,0.126186
3.176797,0.117483
3.164998,0.108781
3.153525,0.100078
3.135015,0.091376
3.131539,0.082673
3.121015,0.073971
3.110798,0.065269
3.100883,0.056566
3.091265,0.047864
3.081941,0.039161
3.072906,0.030459
3.064157,0.021756
3.055690,0.013054
3.047500,0.004351
3.039586,-0.004351
3.031942,-0.013054
3.024567,-0.021756
3.017457,-0.030459
3.010609,-0.039161
3.004020,-0.047864
2.997687,-0.056566
2.991609,-0.065269
2.985782,-0.073971
2.980204,-0.082674
2.974874,-0.091376
2.969788,-0.100078
2.964945,-0.108781
2.960342,-0.117483
2.955979,-0.126186
2.951853,-0.134888
2.947963,-0.143591
2.944306,-0.152293
2.940883,-0.160996
2.937691,-0.169698
2.934729,-0.178401
2.931996,-0.187103
2.929492,-0.195806
2.927214,-0.204508
2.925162,-0.213211
2.923336,-0.221913
2.941768,-0.230616
2.940381,-0.239318
2.979252,-0.248021
2.978302,-0.256723
3.037595,-0.265425
3.077094,-0.274128
3.116816,-0.282830
3.116772,-0.291533
3.136966,-0.300235
3.397452,-0.308938
7.791382,-0.778871
7.684547,-0.787574
7.558913,-0.796276
7.436957,-0.804979
7.318486,-0.813681
7.226566,-0.822384
7.114650,-0.831086
7.005707,-0.839789
6.909258,-0.848491
6.830348,-0.857194
6.730354,-0.865896
6.632772,-0.874599
6.561652,-0.883301
6.468688,-0.892003
6.402262,-0.900706
6.303804,-0.909408
6.242260,-0.918111
6.157886,-0.926813
6.100301,-0.935516
6.019404,-0.944218
5.965478,-0.952921
5.887755,-0.961623
5.831335,-0.970326
5.757030,-0.979028
5.710148,-0.987731
5.638482,-0.996433
5.594511,-1.005136
5.525254,-1.013838
5.481174,-1.022541
5.441807,-1.031243
5.376378,-1.039946
5.339457,-1.048648
5.275939,-1.057350
5.241306,-1.066053
5.204025,-1.074755
5.159443,-1.083458
5.116004,-1.092160
5.073674,-1.100863
5.032418,-1.109565
4.992205,-1.118268
4.953004,-1.126970
4.914785,-1.135673
4.877520,-1.144375
4.841182,-1.153078
4.805745,-1.161780
4.771183,-1.170483
4.737473,-1.179185
4.704591,-1.187888
4.672517,-1.196590
4.641228,-1.205293
4.610703,-1.213995
4.580925,-1.222697
4.551873,-1.231400
4.523530,-1.240102
4.495877,-1.248805
4.468899,-1.257507
4.442579,-1.266210
4.416901,-1.274912
4.391851,-1.283615
4.367415,-1.292317
4.343577,-1.301020
4.320326,-1.309722
4.297648,-1.318425
4.275531,-1.327127
4.253963,-1.335830
4.232931,-1.344532
4.212426,-1.353235
4.192437,-1.361937
4.172952,-1.370639
4.153963,-1.379342
4.135459,-1.388044
4.117431,-1.396747
4.099871,-1.405449
4.082769,-1.414152
4.066118,-1.422854
4.049910,-1.431557
4.034136,-1.440259
4.018789,-1.448962
4.003863,-1.457664
3.989349,-1.466367
3.975242,-1.475069
3.961535,-1.483772
3.948222,-1.492474
3.935297,-1.501177
3.922754,-1.509879
3.910588,-1.518582
3.898792,-1.527284
3.887363,-1.535986
3.876295,-1.544689
3.865583,-1.553391
3.855223,-1.562094
3.845211,-1.570796
