scan.pos:0.336354,7.137436,-0.3647500.920561,1.562094
0.923674,1.553391
0.926879,1.544689
0.930177,1.535986
0.933570,1.527284
0.937060,1.518581
0.940648,1.509879
0.944335,1.501177
0.948124,1.492474
0.952017,1.483772
0.956014,1.475069
0.960119,1.466367
0.964333,1.457664
0.968658,1.448962
0.973096,1.440259
0.977651,1.431557
0.982323,1.422854
0.987115,1.414152
0.971918,1.405449
0.976857,1.396747
0.981921,1.388044
0.987114,1.379342
0.992438,1.370639
0.997896,1.361937
1.003491,1.353234
1.009227,1.344532
1.015106,1.335830
1.021133,1.327127
1.027310,1.318425
1.033642,1.309722
1.040131,1.301020
1.046783,1.292317
1.053602,1.283615
1.060591,1.274912
1.067755,1.266210
1.075099,1.257507
1.082628,1.248805
1.090347,1.240102
1.098261,1.231400
1.106375,1.222697
1.114696,1.213995
1.123229,1.205292
1.131981,1.196590
1.140957,1.187888
1.150165,1.179185
1.159613,1.170483
1.169306,1.161780
1.179254,1.153078
1.189463,1.144375
1.188135,1.135673
1.184074,1.126970
1.207897,1.118268
1.206017,1.109565
1.230195,1.100863
1.227252,1.092160
1.251325,1.083458
1.279141,1.074755
1.277116,1.066053
1.301519,1.057350
1.299867,1.048648
1.324274,1.039945
1.329481,1.031243
1.354464,1.022541
1.354161,1.013838
1.379242,1.005136
1.388026,0.996433
1.413809,0.987731
1.439613,0.979028
1.441006,0.970326
1.467047,0.961623
1.480519,0.952921
1.507458,0.944218
1.534507,0.935516
1.537944,0.926813
1.565400,0.918111
1.593023,0.909408
1.612834,0.900706
1.641664,0.892003
1.670738,0.883301
1.677080,0.874598
1.706832,0.865896
1.733123,0.857194
1.764438,0.848491
1.796151,0.839789
1.828295,0.831086
1.860906,0.822384
1.894021,0.813681
1.929610,0.804979
1.964897,0.796276
2.000845,0.787574
2.037507,0.778871
2.074935,0.770169
2.134932,0.761466
2.161043,0.752764
2.223999,0.744061
2.266374,0.735359
2.309915,0.726656
2.376080,0.717954
2.422170,0.709251
2.490961,0.700549
2.558837,0.691847
2.611365,0.683144
2.686897,0.674442
2.764446,0.665739
2.844209,0.657037
2.926408,0.648334
3.020952,0.639632
3.111195,0.630929
3.204852,0.622227
3.322959,0.613524
3.424554,0.604822
3.530833,0.596119
3.683414,0.587417
3.810414,0.578714
3.979122,0.570012
4.155480,0.561309
4.320179,0.552607
4.535638,0.543905
4.742236,0.535202
5.002756,0.526500
5.263401,0.517797
5.585335,0.509095
5.929775,0.500392
6.341587,0.491690
6.745790,0.482987
7.311102,0.474285
7.705199,0.465582
7.680966,0.456880
7.684080,0.448177
7.677673,0.439475
7.663270,0.430772
7.658770,0.422070
7.654857,0.413367
7.651531,0.404665
7.648789,0.395962
7.646632,0.387260
7.645058,0.378558
7.644067,0.369855
7.643658,0.361153
7.643831,0.352450
7.644586,0.343748
7.645924,0.335045
7.647844,0.326343
7.650349,0.317640
7.653438,0.308938
7.657113,0.300235
7.661375,0.291533
7.666226,0.282830
7.671668,0.274128
7.677702,0.265425
7.684332,0.256723
7.691560,0.248020
7.699388,0.239318
7.707819,0.230615
7.716857,0.221913
7.726506,0.213211
7.736769,0.204508
7.747650,0.195806
7.759153,0.187103
7.771283,0.178401
7.784045,0.169698
7.797443,0.160996
6.712617,-0.378558
6.554550,-0.387260
6.347294,-0.395963
6.253313,-0.404665
5.969162,-0.413367
5.767186,-0.422070
5.473855,-0.430772
5.427354,-0.439475
5.382043,-0.448177
5.337885,-0.456880
5.294847,-0.465582
1.452148,-0.474285
1.440842,-0.482987
1.429818,-0.491690
1.366385,-0.500392
1.356292,-0.509095
1.346448,-0.517797
1.336848,-0.526500
1.327484,-0.535202
1.318349,-0.543905
1.309439,-0.552607
1.300746,-0.561310
1.292266,-0.570012
1.283994,-0.578714
1.202130,-0.587417
1.145819,-0.596119
1.138877,-0.604822
1.132105,-0.613524
1.125497,-0.622227
1.119051,-0.630929
1.112763,-0.639632
1.106629,-0.648334
1.100646,-0.657037
1.094809,-0.665739
1.089117,-0.674442
1.083566,-0.683144
1.078153,-0.691847
1.072875,-0.700549
1.044949,-0.709252
1.040040,-0.717954
1.035256,-0.726657
1.030593,-0.735359
1.026050,-0.744061
1.021624,-0.752764
1.017313,-0.761466
1.013116,-0.770169
1.009029,-0.778871
1.005052,-0.787574
1.001181,-0.796276
0.953929,-0.804979
0.931541,-0.813681
0.928205,-0.822384
0.924962,-0.831086
0.921812,-0.839789
0.918753,-0.848491
0.915784,-0.857194
0.912903,-0.865896
0.910110,-0.874599
0.907402,-0.883301
0.904779,-0.892003
0.902240,-0.900706
0.857933,-0.909408
0.855668,-0.918111
0.853480,-0.926813
0.851368,-0.935516
0.849330,-0.944218
0.847367,-0.952921
0.845477,-0.961623
0.843660,-0.970326
0.841915,-0.979028
0.840240,-0.987731
0.838636,-0.996433
0.837102,-1.005136
0.835636,-1.013838
0.834240,-1.022541
0.832911,-1.031243
0.831650,-1.039946
0.830455,-1.048648
0.829328,-1.057350
0.828266,-1.066053
0.827270,-1.074755
0.826339,-1.083458
0.825473,-1.092160
0.824671,-1.100863
0.823934,-1.109565
0.823261,-1.118268
0.822651,-1.126970
0.822105,-1.135673
0.821622,-1.144375
0.821203,-1.153078
0.820846,-1.161780
0.820552,-1.170483
0.820320,-1.179185
0.820152,-1.187888
0.820045,-1.196590
0.820001,-1.205293
0.820020,-1.213995
0.820101,-1.222697
0.820244,-1.231400
0.820450,-1.240102
0.820719,-1.248805
0.821050,-1.257507
0.821445,-1.266210
0.821902,-1.274912
0.822422,-1.283615
0.823006,-1.292317
0.823654,-1.301020
0.824365,-1.309722
0.825140,-1.318425
0.825980,-1.327127
0.826884,-1.335830
0.827854,-1.344532
0.828889,-1.353235
0.829990,-1.361937
0.831157,-1.370639
0.832391,-1.379342
0.833693,-1.388044
0.835062,-1.396747
0.836499,-1.405449
0.838005,-1.414152
0.839581,-1.422854
0.841227,-1.431557
0.842944,-1.440259
0.844732,-1.448962
0.846592,-1.457664
0.848526,-1.466367
0.850533,-1.475069
0.852614,-1.483772
0.854771,-1.492474
0.857005,-1.501177
0.859316,-1.509879
0.861705,-1.518582
0.864173,-1.527284
0.866722,-1.535986
0.869353,-1.544689
0.872066,-1.553391
0.874862,-1.562094
0.877744,-1.570796
