scan.pos:-2.106079,6.699757,1.6352501.182455,1.562094
1.181835,1.553391
1.181305,1.544689
1.140836,1.535986
1.140498,1.527284
1.140247,1.518581
1.140083,1.509879
1.140006,1.501177
1.140016,1.492474
1.140113,1.483772
1.140297,1.475069
1.140567,1.466367
1.140925,1.457664
1.141370,1.448962
1.141902,1.440259
1.142521,1.431557
1.143229,1.422854
1.144024,1.414152
1.144908,1.405449
1.145880,1.396747
1.146942,1.388044
1.148093,1.379342
1.149334,1.370639
1.150665,1.361937
1.152088,1.353234
1.153602,1.344532
1.155207,1.335830
1.156906,1.327127
1.158698,1.318425
1.160584,1.309722
1.162565,1.301020
1.164641,1.292317
1.166814,1.283615
1.128064,1.274912
1.130349,1.266210
1.132730,1.257507
1.114568,1.248805
1.117097,1.240102
1.119722,1.231400
1.122446,1.222697
1.104431,1.213995
1.086407,1.205292
1.089320,1.196590
1.071325,1.187888
1.074378,1.179185
1.077530,1.170483
1.080783,1.161780
1.084139,1.153078
1.087599,1.144375
1.091164,1.135673
1.094836,1.126970
1.098617,1.118268
1.080891,1.109565
1.063120,1.100863
1.067076,1.092160
1.071144,1.083458
1.075325,1.074755
1.079621,1.066053
1.084035,1.057350
1.088568,1.048648
1.093223,1.039945
1.098002,1.031243
1.102907,1.022541
1.107941,1.013838
1.113107,1.005136
1.118406,0.996433
1.123842,0.987731
1.129417,0.979028
1.135135,0.970326
1.140999,0.961623
1.147011,0.952921
1.153175,0.944218
1.159495,0.935516
1.165973,0.926813
1.172614,0.918111
1.179422,0.909408
1.186399,0.900706
1.193552,0.892003
1.200883,0.883301
1.208397,0.874598
1.216099,0.865896
1.216401,0.857194
1.224444,0.848491
1.232687,0.839789
1.241138,0.831086
1.249801,0.822384
1.258683,0.813681
1.267788,0.804979
1.277125,0.796276
1.286699,0.787574
1.296517,0.778871
1.333417,0.770169
1.316913,0.761466
1.327508,0.752764
1.338377,0.744061
1.349529,0.735359
1.360973,0.726656
1.372717,0.717954
1.372039,0.709251
1.391565,0.700549
1.383267,0.691847
1.404492,0.683144
1.424280,0.674442
1.443934,0.665739
1.436682,0.657037
1.460097,0.648334
1.480124,0.639632
1.500059,0.630929
1.519914,0.622227
1.519737,0.613524
1.540169,0.604822
1.611450,0.596119
1.631454,0.587417
1.609208,0.578714
1.605128,0.570012
1.601373,0.561309
1.597945,0.552607
1.580599,0.543905
1.578559,0.535202
1.552675,0.526500
1.551452,0.517797
1.539301,0.509095
1.539525,0.500392
1.516474,0.491690
1.517549,0.482987
1.518993,0.474285
1.490222,0.465582
1.493372,0.456880
1.473907,0.448177
1.477997,0.439475
1.459719,0.430772
1.461741,0.422070
1.468183,0.413367
1.452638,0.404665
1.437808,0.395962
1.445997,0.387260
1.420707,0.378558
1.414821,0.369855
1.409090,0.361153
1.403512,0.352450
1.398084,0.343748
1.392804,0.335045
1.387668,0.326343
1.382675,0.317640
1.377823,0.308938
1.373108,0.300235
1.368530,0.291533
1.364085,0.282830
1.359773,0.274128
1.355591,0.265425
1.351537,0.256723
1.347609,0.248020
1.343806,0.239318
1.340127,0.230615
1.336569,0.221913
1.333131,0.213211
1.329811,0.204508
1.326609,0.195806
1.323523,0.187103
1.320552,0.178401
1.317694,0.169698
1.314948,0.160996
1.312314,0.152293
1.309789,0.143591
1.307374,0.134888
1.305066,0.126186
1.302866,0.117483
1.300772,0.108781
1.298784,0.100078
1.296900,0.091376
1.295120,0.082673
1.293444,0.073971
1.291870,0.065269
1.290398,0.056566
1.289028,0.047864
1.287758,0.039161
1.286589,0.030459
1.285519,0.021756
1.284549,0.013054
1.283679,0.004351
1.282907,-0.004351
1.282233,-0.013054
1.281658,-0.021756
1.281181,-0.030459
1.280802,-0.039161
1.280520,-0.047864
1.280336,-0.056566
1.280250,-0.065269
1.280261,-0.073971
1.280370,-0.082674
1.280576,-0.091376
1.280880,-0.100078
1.281281,-0.108781
1.281781,-0.117483
1.282378,-0.126186
1.283074,-0.134888
1.283869,-0.143591
1.284762,-0.152293
1.285755,-0.160996
1.286847,-0.169698
1.288039,-0.178401
1.289332,-0.187103
1.290725,-0.195806
1.292220,-0.204508
1.293818,-0.213211
1.295518,-0.221913
1.297321,-0.230616
1.299229,-0.239318
1.301241,-0.248021
1.303359,-0.256723
1.305584,-0.265425
1.307916,-0.274128
1.310356,-0.282830
1.312905,-0.291533
1.315565,-0.300235
1.318336,-0.308938
1.321220,-0.317640
1.324218,-0.326343
1.327330,-0.335045
1.330559,-0.343748
1.333905,-0.352450
1.337370,-0.361153
1.340956,-0.369855
1.344664,-0.378558
1.348495,-0.387260
1.352451,-0.395963
1.356534,-0.404665
1.360746,-0.413367
1.365088,-0.422070
1.369563,-0.430772
1.374173,-0.439475
1.378918,-0.448177
1.383803,-0.456880
1.388828,-0.465582
1.393996,-0.474285
1.399310,-0.482987
1.404773,-0.491690
1.410385,-0.500392
1.416151,-0.509095
1.422073,-0.517797
1.428154,-0.526500
1.434397,-0.535202
1.440805,-0.543905
1.447382,-0.552607
1.454129,-0.561310
1.461052,-0.570012
1.468154,-0.578714
1.475437,-0.587417
1.482907,-0.596119
1.490567,-0.604822
1.498421,-0.613524
1.506474,-0.622227
1.514729,-0.630929
1.523193,-0.639632
1.531868,-0.648334
1.540761,-0.657037
1.549877,-0.665739
1.559221,-0.674442
1.568798,-0.683144
1.578614,-0.691847
1.588676,-0.700549
1.598990,-0.709252
1.609561,-0.717954
1.620398,-0.726657
1.631507,-0.735359
1.642895,-0.744061
1.654569,-0.752764
1.666539,-0.761466
1.678812,-0.770169
1.691397,-0.778871
1.704303,-0.787574
1.717539,-0.796276
1.731115,-0.804979
1.745042,-0.813681
1.759329,-0.822384
1.773989,-0.831086
1.789032,-0.839789
1.804471,-0.848491
1.810313,-0.857194
1.810284,-0.865896
1.838328,-0.874599
1.866332,-0.883301
1.867103,-0.892003
1.895298,-0.900706
1.896719,-0.909408
1.925158,-0.918111
1.953640,-0.926813
1.956002,-0.935516
1.984817,-0.944218
2.013728,-0.952921
2.042755,-0.961623
2.046469,-0.970326
2.075960,-0.979028
2.105623,-0.987731
2.135481,-0.996433
2.140772,-1.005136
2.171240,-1.013838
2.201965,-1.022541
2.232971,-1.031243
2.264284,-1.039946
2.295928,-1.048648
2.327930,-1.057350
2.360317,-1.066053
2.393119,-1.074755
2.426366,-1.083458
2.460088,-1.092160
2.494318,-1.100863
2.529091,-1.109565
2.564444,-1.118268
2.600415,-1.126970
2.637043,-1.135673
2.697066,-1.144375
2.735039,-1.153078
2.773810,-1.161780
2.835817,-1.170483
2.876246,-1.179185
2.939837,-1.187888
2.982171,-1.196590
3.047618,-1.205293
3.114065,-1.213995
3.159756,-1.222697
3.235814,-1.231400
3.285419,-1.240102
3.358207,-1.248805
3.443595,-1.257507
3.520959,-1.266210
3.592654,-1.274912
3.675461,-1.283615
3.777395,-1.292317
3.866537,-1.301020
3.958428,-1.309722
4.075263,-1.318425
4.196270,-1.327127
4.299888,-1.335830
4.435381,-1.344532
4.570425,-1.353235
4.701169,-1.361937
4.869728,-1.370639
5.002933,-1.379342
5.183309,-1.388044
5.375175,-1.396747
5.560507,-1.405449
5.794614,-1.414152
6.019267,-1.422854
6.273456,-1.431557
6.570187,-1.440259
6.842773,-1.448962
7.206929,-1.457664
7.547021,-1.466367
