scan.pos:-0.129570,7.127183,2.8184350.864762,1.562094
0.867330,1.553391
0.869980,1.544689
0.872712,1.535986
0.875529,1.527284
0.878430,1.518581
0.881419,1.509879
0.884495,1.501177
0.887661,1.492474
0.890918,1.483772
0.894267,1.475069
0.897710,1.466367
0.901249,1.457664
0.904884,1.448962
0.908619,1.440259
0.912454,1.431557
0.916392,1.422854
0.920435,1.414152
0.924584,1.405449
0.928842,1.396747
0.933210,1.388044
0.937691,1.379342
0.942288,1.370639
0.947003,1.361937
0.951838,1.353234
0.956795,1.344532
0.961879,1.335830
0.967090,1.327127
1.019869,1.318425
1.025613,1.309722
1.031502,1.301020
1.037537,1.292317
1.043724,1.283615
1.050066,1.274912
1.056566,1.266210
1.072109,1.257507
1.078995,1.248805
1.086053,1.240102
1.093289,1.231400
1.100705,1.222697
1.108308,1.213995
1.116102,1.205292
1.124093,1.196590
1.132286,1.187888
1.140686,1.179185
1.149301,1.170483
1.158135,1.161780
1.167196,1.153078
1.230757,1.144375
1.240731,1.135673
1.278543,1.126970
1.289275,1.118268
3.976534,1.109565
4.002790,1.100863
3.967295,1.092160
3.933729,1.083458
3.928586,1.074755
3.896485,1.066053
3.919436,1.057350
3.888507,1.048648
3.911748,1.039945
3.908436,1.031243
3.931764,1.022541
3.928942,1.013838
3.952372,1.005136
4.012125,0.996433
4.056347,0.987731
4.102306,0.979028
4.132512,0.970326
4.174611,0.961623
4.226270,0.952921
4.289214,0.944218
4.345437,0.935516
4.393299,0.926813
4.512820,0.918111
4.671806,0.909408
4.736118,0.900706
4.802904,0.892003
4.943391,0.883301
5.015039,0.874598
5.098101,0.865896
5.190194,0.857194
5.279727,0.848491
5.369380,0.839789
3.411086,0.535202
3.384192,0.526500
3.378063,0.517797
3.290719,0.509095
3.224261,0.500392
3.219185,0.491690
3.194092,0.482987
3.149066,0.474285
3.144847,0.465582
3.140878,0.456880
3.137157,0.448177
3.133684,0.439475
3.130457,0.430772
3.127474,0.422070
3.124734,0.413367
3.122237,0.404665
3.119981,0.395962
3.117966,0.387260
3.076117,0.378558
3.054573,0.369855
3.013262,0.361153
2.992224,0.352450
2.991434,0.343748
2.990871,0.335045
2.950535,0.326343
2.950430,0.317640
2.950549,0.308938
2.950893,0.300235
2.951462,0.291533
2.952256,0.282830
2.953276,0.274128
2.954521,0.265425
2.955992,0.256723
2.957691,0.248020
2.959616,0.239318
2.961770,0.230615
2.964153,0.221913
2.966766,0.213211
2.969610,0.204508
2.972686,0.195806
2.975995,0.187103
2.979539,0.178401
3.023765,0.169698
3.027836,0.160996
2.991592,0.152293
2.996089,0.143591
3.000828,0.134888
3.005811,0.126186
3.011040,0.117483
3.016518,0.108781
3.022247,0.100078
3.030266,0.091376
3.044983,0.082673
3.044437,0.073971
3.051874,0.065269
3.105000,0.056566
3.120727,0.047864
3.067574,0.039161
2.967226,0.030459
2.869197,0.021756
2.794230,0.013054
2.740723,0.004351
2.650419,-0.004351
2.582723,-0.013054
2.537682,-0.021756
2.478223,-0.030459
2.394753,-0.039161
2.355022,-0.047864
2.294876,-0.056566
2.246949,-0.065269
2.189789,-0.073971
2.155017,-0.082674
2.114501,-0.091376
2.082342,-0.100078
2.028821,-0.108781
1.997766,-0.117483
1.965137,-0.126186
1.913873,-0.134888
1.885198,-0.143591
1.856920,-0.152293
1.830821,-0.160996
1.804170,-0.169698
1.777811,-0.178401
1.733358,-0.187103
1.708264,-0.195806
1.683375,-0.204508
1.665715,-0.213211
1.641994,-0.221913
1.618409,-0.230616
1.580806,-0.239318
1.558093,-0.248021
1.559307,-0.256723
1.524634,-0.265425
1.502855,-0.274128
1.481101,-0.282830
1.473346,-0.291533
1.452337,-0.300235
1.431310,-0.308938
1.426414,-0.317640
1.406035,-0.326343
1.385601,-0.335045
1.358014,-0.343748
1.337970,-0.352450
1.343574,-0.361153
1.318011,-0.369855
1.298361,-0.378558
1.300416,-0.387260
1.281212,-0.395963
1.261863,-0.404665
1.266317,-0.413367
1.247361,-0.422070
1.226267,-0.430772
1.235028,-0.439475
1.215272,-0.448177
1.196780,-0.456880
1.205737,-0.465582
1.195357,-0.474285
1.185244,-0.482987
1.185289,-0.491690
1.175604,-0.500392
1.166164,-0.509095
1.156961,-0.517797
1.147990,-0.526500
1.139242,-0.535202
1.130713,-0.543905
1.122395,-0.552607
1.114282,-0.561310
1.106370,-0.570012
1.098652,-0.578714
1.091124,-0.587417
1.083781,-0.596119
1.076617,-0.604822
1.069627,-0.613524
1.062809,-0.622227
1.056157,-0.630929
1.049667,-0.639632
1.043335,-0.648334
1.037158,-0.657037
1.031131,-0.665739
1.025252,-0.674442
1.019516,-0.683144
1.013921,-0.691847
1.008464,-0.700549
1.003141,-0.709252
0.997950,-0.717954
0.992887,-0.726657
0.987950,-0.735359
0.983137,-0.744061
0.978444,-0.752764
0.973870,-0.761466
0.969412,-0.770169
0.965067,-0.778871
0.960834,-0.787574
0.956711,-0.796276
0.952695,-0.804979
0.948785,-0.813681
0.944978,-0.822384
0.941274,-0.831086
0.937669,-0.839789
0.934162,-0.848491
0.930753,-0.857194
0.927438,-0.865896
0.924217,-0.874599
0.921089,-0.883301
0.918051,-0.892003
0.915102,-0.900706
0.912242,-0.909408
0.909469,-0.918111
0.906781,-0.926813
0.904178,-0.935516
0.901658,-0.944218
0.899220,-0.952921
0.896864,-0.961623
0.894588,-0.970326
0.892391,-0.979028
0.890273,-0.987731
0.888232,-0.996433
0.886268,-1.005136
0.884379,-1.013838
0.882566,-1.022541
0.880827,-1.031243
0.879162,-1.039946
0.877570,-1.048648
0.876050,-1.057350
0.874602,-1.066053
0.873225,-1.074755
0.871919,-1.083458
0.870683,-1.092160
0.869516,-1.100863
0.868419,-1.109565
0.867390,-1.118268
0.866430,-1.126970
0.865537,-1.135673
0.864712,-1.144375
0.863955,-1.153078
0.863265,-1.161780
0.862641,-1.170483
0.862084,-1.179185
0.861593,-1.187888
0.861168,-1.196590
0.860809,-1.205293
0.860516,-1.213995
0.860289,-1.222697
0.860127,-1.231400
0.860031,-1.240102
0.860000,-1.248805
0.860035,-1.257507
0.860135,-1.266210
0.860301,-1.274912
0.860532,-1.283615
0.860830,-1.292317
0.861193,-1.301020
0.861621,-1.309722
0.862116,-1.318425
0.862678,-1.327127
0.863306,-1.335830
0.864000,-1.344532
0.864762,-1.353235
0.865591,-1.361937
0.866487,-1.370639
0.867452,-1.379342
0.868485,-1.388044
0.869587,-1.396747
0.870757,-1.405449
0.871998,-1.414152
0.873309,-1.422854
0.874690,-1.431557
0.876143,-1.440259
0.877667,-1.448962
0.879264,-1.457664
0.880933,-1.466367
0.882677,-1.475069
0.884495,-1.483772
0.886388,-1.492474
0.888357,-1.501177
0.890402,-1.509879
0.892525,-1.518582
0.894727,-1.527284
0.897008,-1.535986
0.899370,-1.544689
0.901812,-1.553391
0.904337,-1.562094
0.906946,-1.570796
