scan.pos:-2.175271,-2.201299,1.7352501.687496,1.562094
1.685120,1.553391
1.682879,1.544689
1.680771,1.535986
1.678796,1.527284
1.676953,1.518581
1.675242,1.509879
1.673662,1.501177
1.672212,1.492474
1.670891,1.483772
1.669700,1.475069
1.668637,1.466367
1.667703,1.457664
1.666896,1.448962
1.666218,1.440259
1.665666,1.431557
1.665242,1.422854
1.664944,1.414152
1.664774,1.405449
1.664730,1.396747
1.664813,1.388044
1.665023,1.379342
1.665360,1.370639
1.665823,1.361937
1.666414,1.353234
1.667133,1.344532
1.667979,1.335830
1.668953,1.327127
1.670056,1.318425
1.671287,1.309722
1.672647,1.301020
1.674138,1.292317
1.675759,1.283615
1.677510,1.274912
1.679394,1.266210
1.681410,1.257507
1.683559,1.248805
1.685842,1.240102
1.688260,1.231400
1.690814,1.222697
1.693505,1.213995
1.696334,1.205292
1.699302,1.196590
1.702411,1.187888
1.705660,1.179185
1.709053,1.170483
1.712590,1.161780
1.716272,1.153078
1.720102,1.144375
1.724080,1.135673
1.728209,1.126970
1.732490,1.118268
1.736924,1.109565
1.741515,1.100863
1.746263,1.092160
1.751170,1.083458
1.756240,1.074755
1.761473,1.066053
1.766873,1.057350
1.772441,1.048648
1.778181,1.039945
1.784094,1.031243
1.790183,1.022541
1.796451,1.013838
1.802901,1.005136
1.809536,0.996433
1.816358,0.987731
1.823372,0.979028
1.830580,0.970326
1.837986,0.961623
1.845593,0.952921
1.853405,0.944218
1.861425,0.935516
1.869659,0.926813
1.878109,0.918111
1.886780,0.909408
1.895677,0.900706
1.904804,0.892003
1.914166,0.883301
1.923767,0.874598
1.933613,0.865896
1.943709,0.857194
1.954061,0.848491
1.964674,0.839789
1.975555,0.831086
1.986708,0.822384
1.998141,0.813681
2.009861,0.804979
2.070455,0.796276
2.131941,0.787574
2.169759,0.778871
2.257709,0.770169
2.322053,0.761466
7.300798,0.752764
7.349545,0.744061
7.399513,0.735359
7.450737,0.726656
7.503251,0.717954
7.557089,0.709251
7.612290,0.700549
7.668891,0.691847
7.726933,0.683144
7.786458,0.674442
5.170526,0.352450
5.121920,0.343748
4.982778,0.335045
4.959055,0.326343
4.935931,0.317640
4.913395,0.308938
4.891434,0.300235
4.870038,0.291533
4.849195,0.282830
4.828897,0.274128
4.809132,0.265425
4.789892,0.256723
4.771167,0.248020
4.752949,0.239318
4.735228,0.230615
4.717997,0.221913
4.701248,0.213211
4.684972,0.204508
4.669164,0.195806
4.653814,0.187103
4.638918,0.178401
4.624468,0.169698
4.610457,0.160996
4.617960,0.152293
4.604751,0.143591
4.591966,0.134888
4.579599,0.126186
4.609346,0.117483
4.597696,0.108781
4.627947,0.100078
4.617008,0.091376
4.606470,0.082673
4.596330,0.073971
4.586583,0.065269
4.577224,0.056566
4.568252,0.047864
4.580101,0.039161
4.571852,0.030459
4.604716,0.021756
4.617486,0.013054
4.671172,0.004351
4.806144,-0.004351
4.860111,-0.013054
5.055827,-0.021756
5.412964,-0.030459
5.830153,-0.039161
6.125957,-0.047864
7.581634,-0.308938
7.150255,-0.317640
6.757734,-0.326343
6.349806,-0.335045
6.176592,-0.343748
6.166076,-0.352450
6.176376,-0.361153
6.187182,-0.369855
6.157595,-0.378558
6.169349,-0.387260
6.181620,-0.395963
6.194413,-0.404665
6.207732,-0.413367
6.221584,-0.422070
6.235973,-0.430772
6.250907,-0.439475
6.266390,-0.448177
6.282430,-0.456880
6.299034,-0.465582
6.316207,-0.474285
6.333958,-0.482987
3.783309,-0.491690
3.702900,-0.500392
3.604542,-0.509095
3.572961,-0.517797
3.480366,-0.526500
3.411664,-0.535202
3.280852,-0.543905
3.174031,-0.552607
3.145610,-0.561310
3.086580,-0.570012
3.007493,-0.578714
2.951791,-0.587417
2.897624,-0.596119
2.756568,-0.604822
2.704814,-0.613524
2.653344,-0.622227
2.604992,-0.630929
2.557706,-0.639632
2.511418,-0.648334
2.488730,-0.657037
2.489904,-0.665739
2.474067,-0.674442
2.462144,-0.683144
2.437814,-0.691847
2.417468,-0.700549
2.430090,-0.709252
2.396080,-0.717954
2.385491,-0.726657
2.351233,-0.735359
2.364507,-0.744061
2.378115,-0.752764
2.343770,-0.761466
2.357779,-0.770169
2.347699,-0.778871
2.362265,-0.787574
2.377195,-0.796276
2.392498,-0.804979
2.358047,-0.813681
2.373791,-0.822384
2.389931,-0.831086
2.406475,-0.839789
2.423436,-0.848491
2.440825,-0.857194
2.458654,-0.865896
2.476936,-0.874599
2.495682,-0.883301
2.514908,-0.892003
2.534627,-0.900706
2.554853,-0.909408
2.575603,-0.918111
2.596892,-0.926813
2.618737,-0.935516
2.631633,-0.944218
2.662099,-0.952921
2.672388,-0.961623
2.711063,-0.970326
2.722368,-0.979028
2.734317,-0.987731
2.776570,-0.996433
2.790131,-1.005136
2.831053,-1.013838
2.845806,-1.022541
2.861284,-1.031243
2.877505,-1.039946
2.900092,-1.048648
2.944085,-1.057350
2.988528,-1.066053
3.008103,-1.074755
3.053724,-1.083458
3.074886,-1.092160
3.105798,-1.100863
3.154092,-1.109565
3.203067,-1.118268
3.228378,-1.126970
3.279004,-1.135673
3.306348,-1.144375
3.358807,-1.153078
3.401336,-1.161780
3.456470,-1.170483
3.512654,-1.179185
3.546517,-1.187888
3.605124,-1.196590
3.664981,-1.205293
3.703089,-1.213995
3.760583,-1.222697
3.787693,-1.231400
3.892298,-1.240102
3.960649,-1.248805
4.030800,-1.257507
4.080431,-1.266210
4.154621,-1.274912
4.230968,-1.283615
4.289764,-1.292317
4.261723,-1.301020
4.234136,-1.309722
4.325717,-1.318425
4.308232,-1.327127
4.338167,-1.335830
4.350330,-1.344532
4.431411,-1.353235
4.430588,-1.361937
4.470004,-1.370639
4.497993,-1.379342
4.526141,-1.388044
4.575663,-1.396747
4.561800,-1.405449
4.611607,-1.414152
4.640456,-1.422854
4.648533,-1.431557
4.740540,-1.440259
4.790718,-1.448962
4.820205,-1.457664
4.808418,-1.466367
4.941938,-1.475069
4.951310,-1.483772
5.064043,-1.492474
5.114988,-1.501177
5.145592,-1.509879
5.217422,-1.518582
5.396746,-1.527284
7.413815,-1.535986
7.586092,-1.544689
