scan.pos:-2.036518,5.622000,1.6352505.975891,1.562094
5.972754,1.553391
5.970075,1.544689
5.967853,1.535986
5.966086,1.527284
5.964775,1.518581
5.963919,1.509879
5.963516,1.501177
5.963568,1.492474
5.964074,1.483772
5.965034,1.475069
5.966450,1.466367
5.968320,1.457664
5.970647,1.448962
5.973430,1.440259
5.976671,1.431557
5.980372,1.422854
5.984533,1.414152
5.989156,1.405449
5.994244,1.396747
5.999797,1.388044
6.005818,1.379342
6.012310,1.370639
6.019275,1.361937
6.026715,1.353234
6.034634,1.344532
6.043035,1.335830
6.051920,1.327127
6.061294,1.318425
3.668547,1.309722
3.552434,1.301020
3.456617,1.292317
3.319773,1.283615
3.141640,1.274912
3.024694,1.266210
2.948685,1.257507
2.810654,1.248805
2.713596,1.240102
2.657767,1.231400
2.601874,1.222697
2.462549,1.213995
2.427162,1.205292
2.370824,1.196590
2.251341,1.187888
2.215622,1.179185
2.179867,1.170483
2.080489,1.161780
2.044433,1.153078
2.029632,1.144375
1.993495,1.135673
1.914334,1.126970
1.877862,1.118268
1.862896,1.109565
1.782876,1.100863
1.789511,1.092160
1.796333,1.083458
1.781399,1.074755
1.766484,1.066053
1.751582,1.057350
1.670044,1.048648
1.654875,1.039945
1.662109,1.031243
1.647026,1.022541
1.631933,1.013838
1.616824,1.005136
1.624522,0.996433
1.632418,0.987731
1.617467,0.979028
1.625656,0.970326
1.634053,0.961623
1.595846,0.952921
1.604422,0.944218
1.613215,0.935516
1.574638,0.926813
1.583606,0.918111
1.592800,0.909408
1.601993,0.900706
1.598503,0.892003
1.570913,0.883301
1.558554,0.874598
1.581490,0.865896
1.571741,0.857194
1.571316,0.848491
1.596566,0.839789
1.590257,0.831086
1.617278,0.822384
1.587597,0.813681
1.590176,0.804979
1.593099,0.796276
1.592189,0.787574
1.622937,0.778871
1.624443,0.770169
1.629972,0.761466
1.663117,0.752764
1.667906,0.744061
1.675234,0.735359
1.682248,0.726656
1.719009,0.717954
1.713355,0.709251
1.726647,0.700549
1.739847,0.691847
1.752959,0.683144
1.765991,0.674442
1.778948,0.665739
1.765052,0.657037
1.778082,0.648334
1.764672,0.639632
1.777776,0.630929
1.790824,0.622227
1.778013,0.613524
1.765518,0.604822
1.778777,0.596119
1.766716,0.587417
1.780055,0.578714
1.793355,0.570012
1.831400,0.561309
1.819849,0.552607
1.817069,0.543905
1.806136,0.535202
1.831062,0.526500
1.869204,0.517797
1.895800,0.509095
1.910400,0.500392
1.938929,0.491690
1.977744,0.482987
1.984836,0.474285
2.024199,0.465582
2.056896,0.456880
2.073778,0.448177
2.113690,0.439475
2.149567,0.430772
2.190204,0.422070
2.251255,0.413367
2.270189,0.404665
2.311492,0.395962
2.331789,0.387260
2.396766,0.378558
2.420261,0.369855
2.464394,0.361153
2.601398,0.352450
2.581271,0.343748
2.569237,0.335045
2.573677,0.326343
2.557270,0.317640
2.552863,0.308938
2.539731,0.300235
2.527664,0.291533
2.532027,0.282830
2.523775,0.274128
2.514117,0.265425
2.510271,0.256723
2.486894,0.248020
2.489078,0.239318
2.471251,0.230615
2.462481,0.221913
2.472017,0.213211
2.463186,0.204508
2.450490,0.195806
2.437716,0.187103
2.432243,0.178401
2.426979,0.169698
2.421922,0.160996
2.417069,0.152293
2.412420,0.143591
2.407971,0.134888
2.403721,0.126186
2.399669,0.117483
2.395812,0.108781
2.392150,0.100078
2.388680,0.091376
2.385402,0.082673
2.382315,0.073971
2.379416,0.065269
2.376705,0.056566
2.374180,0.047864
2.371842,0.039161
2.369688,0.030459
2.367718,0.021756
2.365932,0.013054
2.364328,0.004351
2.362907,-0.004351
2.361666,-0.013054
2.360607,-0.021756
2.359729,-0.030459
2.359030,-0.039161
2.358511,-0.047864
2.358173,-0.056566
2.358014,-0.065269
2.358034,-0.073971
2.358234,-0.082674
2.358614,-0.091376
2.359174,-0.100078
2.359913,-0.108781
2.360833,-0.117483
2.361934,-0.126186
2.363215,-0.134888
2.364679,-0.143591
2.366324,-0.152293
2.368152,-0.160996
2.370163,-0.169698
2.372359,-0.178401
2.374740,-0.187103
2.377307,-0.195806
2.380061,-0.204508
2.383003,-0.213211
2.386134,-0.221913
2.389456,-0.230616
2.392969,-0.239318
2.396676,-0.248021
2.400577,-0.256723
2.404674,-0.265425
2.408969,-0.274128
2.413464,-0.282830
2.418159,-0.291533
2.423058,-0.300235
2.428163,-0.308938
2.433474,-0.317640
2.438995,-0.326343
2.444727,-0.335045
2.450674,-0.343748
2.456837,-0.352450
2.463220,-0.361153
2.469824,-0.369855
2.476653,-0.378558
2.483709,-0.387260
2.490996,-0.395963
2.498517,-0.404665
2.506274,-0.413367
2.514272,-0.422070
2.522514,-0.430772
2.531004,-0.439475
2.539745,-0.448177
2.548741,-0.456880
2.557997,-0.465582
2.567516,-0.474285
2.577304,-0.482987
2.587364,-0.491690
2.597702,-0.500392
2.608322,-0.509095
2.619229,-0.517797
2.630430,-0.526500
2.641928,-0.535202
2.653731,-0.543905
2.665843,-0.552607
2.678271,-0.561310
2.691022,-0.570012
2.704102,-0.578714
2.717517,-0.587417
2.731275,-0.596119
2.745383,-0.604822
2.759849,-0.613524
2.774681,-0.622227
2.789886,-0.630929
2.805474,-0.639632
2.821454,-0.648334
2.837833,-0.657037
2.854623,-0.665739
2.871832,-0.674442
2.889472,-0.683144
2.907552,-0.691847
2.926085,-0.700549
2.945080,-0.709252
2.964552,-0.717954
2.984511,-0.726657
3.004971,-0.735359
3.025946,-0.744061
3.047449,-0.752764
3.069496,-0.761466
3.092101,-0.770169
3.115280,-0.778871
3.139051,-0.787574
3.163429,-0.796276
3.188435,-0.804979
3.214085,-0.813681
3.240400,-0.822384
3.267401,-0.831086
3.295108,-0.839789
3.323544,-0.848491
3.336360,-0.857194
3.367549,-0.865896
3.399036,-0.874599
3.430846,-0.883301
3.463000,-0.892003
3.495521,-0.900706
3.528433,-0.909408
3.561761,-0.918111
3.595529,-0.926813
3.629763,-0.935516
3.664490,-0.944218
3.725541,-0.952921
3.761153,-0.961623
3.797347,-0.970326
3.834153,-0.979028
3.896708,-0.987731
3.934668,-0.996433
3.973341,-1.005136
4.012765,-1.013838
4.077448,-1.022541
4.118335,-1.031243
4.184271,-1.039946
4.226800,-1.048648
4.294190,-1.057350
4.338556,-1.066053
4.407618,-1.074755
4.477539,-1.083458
4.525006,-1.092160
4.596969,-1.100863
1.180095,-1.109565
1.174178,-1.118268
1.122589,-1.126970
1.094384,-1.135673
1.089224,-1.144375
1.084193,-1.153078
1.079291,-1.161780
1.074514,-1.170483
1.025283,-1.179185
1.020940,-1.187888
1.016710,-1.196590
1.012592,-1.205293
1.008583,-1.213995
1.004682,-1.222697
1.000888,-1.231400
0.997197,-1.240102
0.993609,-1.248805
0.990122,-1.257507
0.986734,-1.266210
0.983444,-1.274912
0.980250,-1.283615
0.977151,-1.292317
0.974146,-1.301020
0.971233,-1.309722
0.968410,-1.318425
0.965677,-1.327127
0.963033,-1.335830
0.960476,-1.344532
0.958006,-1.353235
0.955621,-1.361937
0.953320,-1.370639
0.951102,-1.379342
0.948967,-1.388044
0.946913,-1.396747
0.944940,-1.405449
0.943046,-1.414152
0.941232,-1.422854
0.939497,-1.431557
0.937838,-1.440259
0.936257,-1.448962
0.934753,-1.457664
0.933324,-1.466367
0.952230,-1.475069
0.971156,-1.483772
0.969899,-1.492474
0.968719,-1.501177
0.967615,-1.509879
0.966587,-1.518582
0.965635,-1.527284
0.964758,-1.535986
0.984039,-1.544689
0.983297,-1.553391
0.982630,-1.562094
0.982039,-1.570796
