scan.pos:0.023765,7.085182,-3.0647500.782309,1.562094
0.781813,1.553391
0.781378,1.544689
0.781002,1.535986
0.780686,1.527284
0.780430,1.518581
0.780234,1.509879
0.780097,1.501177
0.780019,1.492474
0.780001,1.483772
0.780042,1.475069
0.780143,1.466367
0.780303,1.457664
0.780523,1.448962
0.780802,1.440259
0.781141,1.431557
0.781540,1.422854
0.781999,1.414152
0.782518,1.405449
0.783097,1.396747
0.783737,1.388044
0.784438,1.379342
0.785199,1.370639
0.786023,1.361937
0.786908,1.353234
0.787855,1.344532
0.788864,1.335830
0.789936,1.327127
0.791072,1.318425
0.792271,1.309722
0.793534,1.301020
0.794862,1.292317
0.796256,1.283615
0.797715,1.274912
0.799240,1.266210
0.800832,1.257507
0.802492,1.248805
0.804220,1.240102
0.806017,1.231400
0.807884,1.222697
0.809821,1.213995
0.811830,1.205292
0.813910,1.196590
0.816064,1.187888
0.818292,1.179185
0.820594,1.170483
0.822973,1.161780
0.825428,1.153078
0.827961,1.144375
0.830573,1.135673
0.833265,1.126970
0.836039,1.118268
0.838895,1.109565
0.841836,1.100863
0.844861,1.092160
0.847973,1.083458
0.851173,1.074755
0.854463,1.066053
0.857844,1.057350
0.861318,1.048648
0.864886,1.039945
0.868550,1.031243
0.872312,1.022541
0.876173,1.013838
0.880137,1.005136
0.884204,0.996433
0.888377,0.987731
0.892657,0.979028
0.897048,0.970326
0.901551,0.961623
0.906169,0.952921
0.910904,0.944218
0.915759,0.935516
0.920737,0.926813
0.925840,0.918111
0.931071,0.909408
0.936433,0.900706
0.941930,0.892003
0.947564,0.883301
0.953338,0.874598
0.959258,0.865896
0.965325,0.857194
0.971543,0.848491
0.977918,0.839789
0.984452,0.831086
0.991150,0.822384
0.998016,0.813681
1.005055,0.804979
1.012272,0.796276
1.019671,0.787574
1.027258,0.778871
1.088118,0.770169
1.096506,0.761466
1.105109,0.752764
1.113934,0.744061
1.122987,0.735359
1.132276,0.726656
1.141807,0.717954
1.151589,0.709251
1.165129,0.700549
1.155749,0.691847
1.175469,0.683144
1.194390,0.674442
1.187884,0.665739
1.209709,0.657037
1.229280,0.648334
1.225595,0.639632
1.245549,0.630929
1.348738,0.622227
3.993779,0.613524
3.990880,0.604822
4.014024,0.596119
4.037147,0.587417
4.009564,0.578714
4.058188,0.570012
4.124719,0.561309
4.167783,0.552607
4.237400,0.543905
4.269540,0.535202
4.343336,0.526500
4.370419,0.517797
4.435781,0.509095
4.492207,0.500392
4.706861,0.491690
4.801571,0.482987
4.878439,0.474285
4.995473,0.465582
5.106155,0.456880
5.177151,0.448177
5.268194,0.439475
5.371271,0.430772
5.465593,0.422070
3.553913,0.117483
3.547804,0.108781
3.521651,0.100078
3.434942,0.091376
3.409575,0.082673
3.364297,0.073971
3.339615,0.065269
3.295059,0.056566
3.291197,0.047864
3.287595,0.039161
3.284250,0.030459
3.281162,0.021756
3.278329,0.013054
3.275750,0.004351
3.273425,-0.004351
3.271351,-0.013054
3.269529,-0.021756
3.267958,-0.030459
3.226602,-0.039161
3.205533,-0.047864
3.164713,-0.056566
3.144155,-0.065269
3.143843,-0.073971
3.143770,-0.082674
3.103934,-0.091376
3.104334,-0.100078
3.104971,-0.108781
3.105845,-0.117483
3.106956,-0.126186
3.108305,-0.134888
3.109892,-0.143591
3.111718,-0.152293
3.113783,-0.160996
3.116088,-0.169698
3.118634,-0.178401
3.121423,-0.187103
3.124454,-0.195806
3.127730,-0.204508
3.131251,-0.213211
3.135020,-0.221913
3.139036,-0.230616
3.183813,-0.239318
3.147822,-0.248021
3.152594,-0.256723
3.157621,-0.265425
3.162905,-0.274128
3.168449,-0.282830
3.174255,-0.291533
3.180324,-0.300235
3.191961,-0.308938
3.207604,-0.317640
3.208423,-0.326343
3.216656,-0.335045
3.270562,-0.343748
3.274941,-0.352450
3.214146,-0.361153
3.093512,-0.369855
3.011669,-0.378558
2.939319,-0.387260
2.847825,-0.395963
2.779631,-0.404665
2.714190,-0.413367
2.628879,-0.422070
2.571657,-0.430772
2.511440,-0.439475
2.473632,-0.448177
2.404029,-0.456880
2.347870,-0.465582
2.314058,-0.474285
2.251786,-0.482987
2.198757,-0.491690
2.168101,-0.500392
2.133977,-0.509095
2.083448,-0.517797
2.055391,-0.526500
2.026852,-0.535202
1.978270,-0.543905
1.953338,-0.552607
1.906081,-0.561310
1.881570,-0.570012
1.861092,-0.578714
1.815065,-0.587417
1.797524,-0.596119
1.775497,-0.604822
1.730383,-0.613524
1.716507,-0.622227
1.695556,-0.630929
1.660665,-0.639632
1.640527,-0.648334
1.620440,-0.657037
1.612273,-0.665739
1.568852,-0.674442
1.562819,-0.683144
1.544147,-0.691847
1.515694,-0.700549
1.497542,-0.709252
1.495620,-0.717954
1.478082,-0.726657
1.452938,-0.735359
1.435794,-0.744061
1.412091,-0.752764
1.395285,-0.761466
1.404323,-0.770169
1.382568,-0.778871
1.369678,-0.787574
1.353512,-0.796276
1.337202,-0.804979
1.320740,-0.813681
1.304118,-0.822384
1.314717,-0.831086
1.297975,-0.839789
1.281052,-0.848491
1.263939,-0.857194
1.270638,-0.865896
1.259730,-0.874599
1.249102,-0.883301
1.238745,-0.892003
1.228652,-0.900706
1.218814,-0.909408
1.209223,-0.918111
1.199873,-0.926813
1.190757,-0.935516
1.181867,-0.944218
1.173198,-0.952921
1.164742,-0.961623
1.156496,-0.970326
1.148452,-0.979028
1.140606,-0.987731
1.132951,-0.996433
1.125484,-1.005136
1.118200,-1.013838
1.111093,-1.022541
1.104159,-1.031243
1.097395,-1.039946
1.090795,-1.048648
1.084356,-1.057350
1.078075,-1.066053
1.071947,-1.074755
1.065969,-1.083458
1.060138,-1.092160
1.054450,-1.100863
1.048902,-1.109565
1.043491,-1.118268
1.038215,-1.126970
1.033069,-1.135673
1.028053,-1.144375
1.023162,-1.153078
1.018396,-1.161780
1.013750,-1.170483
1.009222,-1.179185
1.004812,-1.187888
1.000515,-1.196590
0.996331,-1.205293
0.992256,-1.213995
0.988290,-1.222697
0.984430,-1.231400
0.980675,-1.240102
0.977022,-1.248805
0.973470,-1.257507
0.970018,-1.266210
0.966663,-1.274912
0.963404,-1.283615
0.960240,-1.292317
0.957170,-1.301020
0.954192,-1.309722
0.951304,-1.318425
0.948506,-1.327127
0.945796,-1.335830
0.943173,-1.344532
0.940636,-1.353235
0.938184,-1.361937
0.935815,-1.370639
0.933530,-1.379342
0.931326,-1.388044
0.929204,-1.396747
0.927161,-1.405449
0.925198,-1.414152
0.923313,-1.422854
0.921506,-1.431557
0.919776,-1.440259
0.918122,-1.448962
0.916544,-1.457664
0.915041,-1.466367
0.913612,-1.475069
0.912257,-1.483772
0.910975,-1.492474
0.909766,-1.501177
0.908629,-1.509879
0.907565,-1.518582
0.906571,-1.527284
0.905649,-1.535986
0.904797,-1.544689
0.904016,-1.553391
0.903305,-1.562094
0.902664,-1.570796
