scan.pos:-5.529000,-5.529436,0.7852503.494755,1.562094
3.508881,1.553391
3.551617,1.544689
3.568638,1.535986
3.612851,1.527284
3.630363,1.518581
3.675669,1.509879
3.724948,1.501177
3.745270,1.492474
3.792848,1.483772
3.819930,1.475069
3.869441,1.466367
3.919626,1.457664
3.951557,1.448962
4.003926,1.440259
4.031898,1.431557
4.086097,1.422854
4.149951,1.414152
4.181847,1.405449
4.239633,1.396747
4.298487,1.388044
4.345257,1.379342
4.407176,1.370639
4.470360,1.361937
4.511035,1.353234
4.590619,1.344532
4.658815,1.335830
4.705138,1.327127
4.776708,1.318425
4.843034,1.309722
4.919051,1.301020
4.997047,1.292317
5.077136,1.283615
5.159436,1.274912
5.241390,1.266210
5.329429,1.257507
5.420115,1.248805
5.513608,1.240102
5.610078,1.231400
5.711866,1.222697
5.837973,1.213995
5.945529,1.205292
6.056927,1.196590
6.178977,1.187888
6.300028,1.179185
6.425788,1.170483
6.578155,1.161780
6.714271,1.153078
6.869162,1.144375
7.018727,1.135673
7.196327,1.126970
7.381071,1.118268
7.573545,1.109565
7.774189,1.100863
2.210771,0.813681
2.210185,0.804979
2.209767,0.796276
2.209517,0.787574
2.169436,0.778871
2.169521,0.770169
2.169772,0.761466
2.170188,0.752764
2.170769,0.744061
2.171517,0.735359
2.172430,0.726656
2.133435,0.717954
2.134658,0.709251
2.136045,0.700549
2.117521,0.691847
2.119222,0.683144
2.121088,0.674442
2.123119,0.665739
2.125316,0.657037
2.127680,0.648334
2.130211,0.639632
2.132911,0.630929
2.135780,0.622227
2.138821,0.613524
2.142033,0.604822
2.145419,0.596119
2.148979,0.587417
2.152716,0.578714
2.156630,0.570012
2.160723,0.561309
2.164997,0.552607
2.166164,0.543905
2.174094,0.535202
2.178921,0.526500
2.183935,0.517797
2.189141,0.509095
2.194538,0.500392
2.200130,0.491690
2.164090,0.482987
2.169965,0.474285
2.176038,0.465582
2.182312,0.456880
2.188790,0.448177
2.195473,0.439475
2.202366,0.430772
2.209471,0.422070
2.216792,0.413367
2.224331,0.404665
2.232092,0.395962
2.240079,0.387260
2.248295,0.378558
2.256743,0.369855
2.265429,0.361153
2.274356,0.352450
2.283528,0.343748
2.292949,0.335045
2.302625,0.326343
2.312559,0.317640
2.322757,0.308938
2.333225,0.300235
2.343966,0.291533
2.354986,0.282830
2.366292,0.274128
2.377889,0.265425
2.389783,0.256723
2.401981,0.248020
2.414488,0.239318
2.427312,0.230615
2.440460,0.221913
2.430252,0.213211
2.467757,0.204508
2.481921,0.195806
2.496440,0.187103
2.511322,0.178401
2.526577,0.169698
2.542212,0.160996
2.607687,0.152293
2.773728,0.143591
2.791868,0.134888
7.482985,0.126186
7.345679,0.117483
7.266656,0.108781
7.187799,0.100078
7.160902,0.091376
7.108706,0.082673
7.109523,0.073971
7.035978,0.065269
7.036633,0.056566
7.064755,0.047864
7.066735,0.039161
7.123989,0.030459
7.182730,0.021756
7.243004,0.013054
7.304860,0.004351
7.366109,-0.004351
7.429420,-0.013054
7.494259,-0.021756
7.563857,-0.030459
7.608444,-0.039161
7.656861,-0.047864
7.736072,-0.056566
5.414171,-0.195806
5.262794,-0.204508
5.208934,-0.213211
5.179787,-0.221913
5.151353,-0.230616
5.123619,-0.239318
5.096568,-0.248021
5.070184,-0.256723
5.044455,-0.265425
5.019366,-0.274128
4.994904,-0.282830
4.971056,-0.291533
4.947809,-0.300235
4.925152,-0.308938
4.903073,-0.317640
4.881562,-0.326343
4.860607,-0.335045
4.840198,-0.343748
4.820325,-0.352450
4.800979,-0.361153
4.782150,-0.369855
4.763830,-0.378558
4.746010,-0.387260
4.728682,-0.395963
4.711836,-0.404665
4.695467,-0.413367
4.679566,-0.422070
4.664127,-0.430772
4.649142,-0.439475
4.634605,-0.448177
4.620509,-0.456880
4.606849,-0.465582
4.593617,-0.474285
4.601779,-0.482987
4.610246,-0.491690
4.619018,-0.500392
4.690511,-0.509095
4.720495,-0.517797
4.729989,-0.526500
4.739798,-0.535202
4.914815,-0.543905
4.974543,-0.552607
5.071748,-0.561310
5.280920,-0.570012
5.693235,-0.578714
6.029410,-0.587417
6.286588,-0.596119
6.823069,-0.604822
7.767221,-1.109565
7.566974,-1.118268
7.374810,-1.126970
7.190354,-1.135673
7.013022,-1.144375
6.863708,-1.153078
6.709097,-1.161780
6.573199,-1.170483
6.421034,-1.179185
6.295465,-1.187888
6.174593,-1.196590
6.052751,-1.205293
5.941511,-1.213995
5.812034,-1.222697
5.708134,-1.231400
5.606513,-1.240102
5.510168,-1.248805
5.416793,-1.257507
5.326219,-1.266210
5.238286,-1.274912
5.156463,-1.283615
5.074258,-1.292317
4.994261,-1.301020
4.916351,-1.309722
4.847447,-1.318425
4.774196,-1.327127
4.702700,-1.335830
4.632867,-1.344532
4.588324,-1.353235
4.508827,-1.361937
4.468218,-1.370639
4.405093,-1.379342
4.343231,-1.388044
4.296540,-1.396747
4.237737,-1.405449
4.180001,-1.414152
4.148158,-1.422854
4.084368,-1.431557
4.030212,-1.440259
4.002289,-1.448962
3.943397,-1.457664
3.918092,-1.466367
3.867944,-1.475069
3.818469,-1.483772
3.791445,-1.492474
3.743900,-1.501177
3.723617,-1.509879
3.674385,-1.518582
3.629109,-1.527284
3.611632,-1.535986
3.567447,-1.544689
3.550477,-1.553391
3.507766,-1.562094
3.493388,-1.570796
