scan.pos:0.157526,7.200148,-0.0647500.781638,1.562094
0.782110,1.553391
0.782643,1.544689
0.783236,1.535986
0.783889,1.527284
0.784604,1.518581
0.785379,1.509879
0.786217,1.501177
0.787116,1.492474
0.788077,1.483772
0.789100,1.475069
0.790187,1.466367
0.791336,1.457664
0.792550,1.448962
0.793828,1.440259
0.795171,1.431557
0.796579,1.422854
0.798052,1.414152
0.799593,1.405449
0.801200,1.396747
0.802875,1.388044
0.804619,1.379342
0.806432,1.370639
0.808314,1.361937
0.810268,1.353234
0.812292,1.344532
0.814389,1.335830
0.816560,1.327127
0.818804,1.318425
0.821123,1.309722
0.823519,1.301020
0.825992,1.292317
0.828542,1.283615
0.831173,1.274912
0.833883,1.266210
0.836675,1.257507
0.839550,1.248805
0.842510,1.240102
0.845555,1.231400
0.848687,1.222697
0.851907,1.213995
0.855217,1.205292
0.858619,1.196590
0.862113,1.187888
0.865703,1.179185
0.869389,1.170483
0.873173,1.161780
0.877057,1.153078
0.881044,1.144375
0.885135,1.135673
0.889332,1.126970
0.893637,1.118268
0.898053,1.109565
0.902582,1.100863
0.907226,1.092160
0.911988,1.083458
0.916870,1.074755
0.921876,1.066053
0.927007,1.057350
0.932268,1.048648
0.937660,1.039945
0.943187,1.031243
0.948852,1.022541
0.954659,1.013838
0.960612,1.005136
0.966713,0.996433
0.972966,0.987731
0.979376,0.979028
0.985947,0.970326
0.992682,0.961623
0.999587,0.952921
1.006666,0.944218
1.013923,0.935516
1.021364,0.926813
1.028994,0.918111
1.036819,0.909408
1.044844,0.900706
1.053074,0.892003
1.061517,0.883301
1.070179,0.874598
1.079065,0.865896
1.088185,0.857194
1.097544,0.848491
1.099068,0.839789
1.089669,0.831086
1.109199,0.822384
1.128017,0.813681
1.146622,0.804979
1.140676,0.796276
1.159600,0.787574
1.155412,0.778871
1.174685,0.770169
1.193791,0.761466
1.217962,0.752764
1.211441,0.744061
1.230811,0.735359
1.231367,0.726656
1.251200,0.717954
1.270926,0.709251
1.298978,0.700549
1.294266,0.691847
1.314454,0.683144
1.320195,0.674442
1.341002,0.665739
1.361773,0.657037
1.394417,0.648334
1.415767,0.639632
1.413337,0.630929
1.448631,0.622227
1.470832,0.613524
1.493092,0.604822
1.515424,0.596119
1.531173,0.587417
1.554530,0.578714
1.578020,0.570012
1.597546,0.561309
1.622240,0.552607
1.647139,0.543905
1.672265,0.535202
1.719606,0.526500
1.746129,0.517797
1.772975,0.509095
1.800173,0.500392
1.831389,0.491690
1.882415,0.482987
1.911894,0.474285
1.941892,0.465582
2.002390,0.456880
2.034730,0.448177
2.067773,0.439475
2.123039,0.430772
2.171147,0.422070
2.229371,0.413367
2.267226,0.404665
2.327381,0.395962
2.387324,0.387260
2.451557,0.378558
2.517180,0.369855
2.605278,0.361153
2.659733,0.352450
2.753491,0.343748
2.828539,0.335045
2.926731,0.326343
3.023101,0.317640
3.129610,0.308938
3.239526,0.300235
3.373812,0.291533
3.491802,0.282830
3.606252,0.274128
3.779558,0.265425
3.938908,0.256723
4.126075,0.248020
4.311757,0.239318
4.523152,0.230615
4.787189,0.221913
5.045097,0.213211
5.360215,0.204508
5.681370,0.195806
6.111359,0.187103
6.531982,0.178401
7.091699,0.169698
7.656781,0.160996
6.896036,-0.665739
6.766314,-0.674442
6.530307,-0.683144
6.387671,-0.691847
6.024887,-0.700549
5.686583,-0.709252
5.628854,-0.717954
1.606538,-0.726657
1.592801,-0.735359
1.524004,-0.744061
1.511418,-0.752764
1.499151,-0.761466
1.487194,-0.770169
1.475538,-0.778871
1.464174,-0.787574
1.453093,-0.796276
1.363628,-0.804979
1.301608,-0.813681
1.292265,-0.822384
1.283152,-0.831086
1.274263,-0.839789
1.265592,-0.848491
1.257134,-0.857194
1.248882,-0.865896
1.240831,-0.874599
1.232978,-0.883301
1.225315,-0.892003
1.217840,-0.900706
1.186339,-0.909408
1.179366,-0.918111
1.172563,-0.926813
1.165927,-0.935516
1.159453,-0.944218
1.153137,-0.952921
1.146978,-0.961623
1.094234,-0.970326
1.088615,-0.979028
1.083135,-0.987731
1.077792,-0.996433
1.072582,-1.005136
1.067503,-1.013838
1.062553,-1.022541
1.057729,-1.031243
1.053028,-1.039946
1.048448,-1.048648
1.043987,-1.057350
0.995403,-1.066053
0.991353,-1.074755
0.987411,-1.083458
0.983575,-1.092160
0.979843,-1.100863
0.976213,-1.109565
0.972683,-1.118268
0.969253,-1.126970
0.965920,-1.135673
0.962683,-1.144375
0.959541,-1.153078
0.956491,-1.161780
0.953533,-1.170483
0.950666,-1.179185
0.947888,-1.187888
0.945197,-1.196590
0.942594,-1.205293
0.940076,-1.213995
0.937643,-1.222697
0.935293,-1.231400
0.933026,-1.240102
0.930841,-1.248805
0.928737,-1.257507
0.926712,-1.266210
0.924767,-1.274912
0.922899,-1.283615
0.921110,-1.292317
0.919397,-1.301020
0.917760,-1.309722
0.916199,-1.318425
0.914712,-1.327127
0.913300,-1.335830
0.911962,-1.344532
0.910696,-1.353235
0.909504,-1.361937
0.908383,-1.370639
0.907335,-1.379342
0.906357,-1.388044
0.905451,-1.396747
0.904615,-1.405449
0.903850,-1.414152
0.903154,-1.422854
0.902529,-1.431557
0.901973,-1.440259
0.901486,-1.448962
0.901068,-1.457664
0.900719,-1.466367
0.900439,-1.475069
0.900228,-1.483772
0.900086,-1.492474
0.900012,-1.501177
0.900006,-1.509879
0.900069,-1.518582
0.900201,-1.527284
0.900401,-1.535986
0.900670,-1.544689
0.901008,-1.553391
0.901414,-1.562094
0.901890,-1.570796
