scan.pos:-2.095774,6.540089,1.6352501.322747,1.562094
1.322052,1.553391
1.281415,1.544689
1.280938,1.535986
1.280559,1.527284
1.260273,1.518581
1.260092,1.509879
1.220007,1.501177
1.220018,1.492474
1.220121,1.483772
1.220317,1.475069
1.200597,1.466367
1.200974,1.457664
1.201442,1.448962
1.202002,1.440259
1.202654,1.431557
1.203399,1.422854
1.164095,1.414152
1.164994,1.405449
1.165984,1.396747
1.167064,1.388044
1.168235,1.379342
1.169498,1.370639
1.170853,1.361937
1.172300,1.353234
1.173840,1.344532
1.175474,1.335830
1.177203,1.327127
1.179026,1.318425
1.180945,1.309722
1.182961,1.301020
1.185074,1.292317
1.187285,1.283615
1.189595,1.274912
1.192005,1.266210
1.194516,1.257507
1.197129,1.248805
1.199845,1.240102
1.202665,1.231400
1.205590,1.222697
1.208622,1.213995
1.211762,1.205292
1.215011,1.196590
1.218370,1.187888
1.221841,1.179185
1.225426,1.170483
1.186742,1.161780
1.190427,1.153078
1.194226,1.144375
1.176745,1.135673
1.180706,1.126970
1.184783,1.118268
1.188980,1.109565
1.149905,1.100863
1.154184,1.092160
1.158584,1.083458
1.141161,1.074755
1.145721,1.066053
1.150405,1.057350
1.155215,1.048648
1.160155,1.039945
1.165227,1.031243
1.170432,1.022541
1.175774,1.013838
1.158540,1.005136
1.141230,0.996433
1.146777,0.987731
1.152467,0.979028
1.158301,0.970326
1.164284,0.961623
1.170419,0.952921
1.176709,0.944218
1.183158,0.935516
1.189768,0.926813
1.196545,0.918111
1.203491,0.909408
1.210612,0.900706
1.217910,0.892003
1.225391,0.883301
1.233058,0.874598
1.240918,0.865896
1.248974,0.857194
1.257231,0.848491
1.265696,0.839789
1.274373,0.831086
1.283268,0.822384
1.292387,0.813681
1.301737,0.804979
1.311323,0.796276
1.321153,0.787574
1.331234,0.778871
1.341573,0.770169
1.352177,0.761466
1.363055,0.752764
1.374215,0.744061
1.385666,0.735359
1.397416,0.726656
1.409476,0.717954
1.384570,0.709251
1.400769,0.700549
1.473417,0.691847
1.461902,0.683144
1.450697,0.674442
1.442576,0.665739
1.459249,0.657037
1.479586,0.648334
1.496526,0.639632
1.513362,0.630929
1.535425,0.622227
1.552597,0.613524
1.569694,0.604822
1.568176,0.596119
1.585857,0.587417
1.603491,0.578714
1.629614,0.570012
1.647736,0.561309
1.665843,0.552607
1.767595,0.543905
1.761516,0.535202
1.755762,0.526500
1.738309,0.517797
1.733958,0.509095
1.729939,0.500392
1.716527,0.491690
1.713963,0.482987
1.688369,0.474285
1.686631,0.465582
1.678738,0.456880
1.678556,0.448177
1.655848,0.439475
1.652609,0.430772
1.654603,0.422070
1.634439,0.413367
1.637408,0.404665
1.618195,0.395962
1.623166,0.387260
1.606454,0.378558
1.612561,0.369855
1.601057,0.361153
1.587558,0.352450
1.574868,0.343748
1.566510,0.335045
1.560734,0.326343
1.555118,0.317640
1.549660,0.308938
1.544358,0.300235
1.539209,0.291533
1.534210,0.282830
1.529360,0.274128
1.524656,0.265425
1.520096,0.256723
1.515679,0.248020
1.511401,0.239318
1.507263,0.230615
1.503261,0.221913
1.499394,0.213211
1.495661,0.204508
1.492060,0.195806
1.488589,0.187103
1.485247,0.178401
1.482032,0.169698
1.478944,0.160996
1.475981,0.152293
1.473142,0.143591
1.470425,0.134888
1.467830,0.126186
1.465356,0.117483
1.463001,0.108781
1.460764,0.100078
1.458645,0.091376
1.456644,0.082673
1.454758,0.073971
1.452988,0.065269
1.451332,0.056566
1.449791,0.047864
1.448363,0.039161
1.447048,0.030459
1.445845,0.021756
1.444754,0.013054
1.443775,0.004351
1.442907,-0.004351
1.442149,-0.013054
1.441503,-0.021756
1.440966,-0.030459
1.440539,-0.039161
1.440223,-0.047864
1.440016,-0.056566
1.439919,-0.065269
1.439931,-0.073971
1.440053,-0.082674
1.440285,-0.091376
1.440627,-0.100078
1.441079,-0.108781
1.441640,-0.117483
1.442312,-0.126186
1.443095,-0.134888
1.443989,-0.143591
1.444993,-0.152293
1.446110,-0.160996
1.447338,-0.169698
1.448679,-0.178401
1.450133,-0.187103
1.451700,-0.195806
1.453382,-0.204508
1.455178,-0.213211
1.457090,-0.221913
1.459119,-0.230616
1.461264,-0.239318
1.463528,-0.248021
1.465910,-0.256723
1.468412,-0.265425
1.471035,-0.274128
1.473779,-0.282830
1.476647,-0.291533
1.479638,-0.300235
1.482755,-0.308938
1.485999,-0.317640
1.489370,-0.326343
1.492870,-0.335045
1.496502,-0.343748
1.500265,-0.352450
1.504163,-0.361153
1.508196,-0.369855
1.512366,-0.378558
1.516675,-0.387260
1.521124,-0.395963
1.525717,-0.404665
1.530454,-0.413367
1.535338,-0.422070
1.540371,-0.430772
1.545555,-0.439475
1.550893,-0.448177
1.556386,-0.456880
1.562038,-0.465582
1.567851,-0.474285
1.573828,-0.482987
1.579971,-0.491690
1.586284,-0.500392
1.592769,-0.509095
1.599430,-0.517797
1.606269,-0.526500
1.613291,-0.535202
1.620498,-0.543905
1.627894,-0.552607
1.635484,-0.561310
1.643270,-0.570012
1.651257,-0.578714
1.659449,-0.587417
1.667850,-0.596119
1.676466,-0.604822
1.685299,-0.613524
1.694356,-0.622227
1.703641,-0.630929
1.713160,-0.639632
1.722918,-0.648334
1.732920,-0.657037
1.743173,-0.665739
1.753682,-0.674442
1.764453,-0.683144
1.775494,-0.691847
1.786811,-0.700549
1.798411,-0.709252
1.810301,-0.717954
1.822489,-0.726657
1.834983,-0.735359
1.847791,-0.744061
1.860922,-0.752764
1.874385,-0.761466
1.888188,-0.770169
1.902343,-0.778871
1.916858,-0.787574
1.931745,-0.796276
1.947015,-0.804979
1.962678,-0.813681
1.978747,-0.822384
1.995235,-0.831086
2.012154,-0.839789
2.029519,-0.848491
2.035215,-0.857194
2.061651,-0.865896
2.060423,-0.874599
2.087096,-0.883301
2.113796,-0.892003
2.140538,-0.900706
2.140558,-0.909408
2.167647,-0.918111
2.194827,-0.926813
2.222118,-0.935516
2.249537,-0.944218
2.277103,-0.952921
2.279211,-0.961623
2.307305,-0.970326
2.335601,-0.979028
2.364118,-0.987731
2.392877,-0.996433
2.421900,-1.005136
2.451208,-1.013838
2.480824,-1.022541
2.510771,-1.031243
2.541075,-1.039946
2.571760,-1.048648
2.626752,-1.057350
2.634379,-1.066053
2.690003,-1.074755
2.713417,-1.083458
2.770479,-1.092160
2.797278,-1.100863
2.832848,-1.109565
2.892107,-1.118268
2.924121,-1.126970
2.985376,-1.135673
3.021490,-1.144375
3.085026,-1.153078
3.125613,-1.161780
3.191757,-1.170483
3.237247,-1.179185
3.306376,-1.187888
3.354491,-1.196590
3.429823,-1.205293
3.503679,-1.213995
3.563193,-1.222697
3.641238,-1.231400
3.707774,-1.240102
3.790662,-1.248805
3.875559,-1.257507
3.953601,-1.266210
4.044510,-1.274912
4.138021,-1.283615
4.251217,-1.292317
4.352219,-1.301020
4.455679,-1.309722
4.586662,-1.318425
4.721639,-1.327127
4.844909,-1.335830
4.991246,-1.344532
5.131385,-1.353235
5.291478,-1.361937
5.478984,-1.370639
5.649266,-1.379342
5.834516,-1.388044
6.049681,-1.396747
6.260097,-1.405449
6.521283,-1.414152
6.775255,-1.422854
7.061291,-1.431557
7.392736,-1.440259
7.709330,-1.448962
