scan.pos:-6.038192,-6.038477,0.7852502.774600,1.562094
2.785812,1.553391
2.797668,1.544689
2.837746,1.535986
2.850696,1.527284
2.893939,1.518581
2.908556,1.509879
2.950594,1.501177
2.966463,1.492474
3.009388,1.483772
3.031613,1.475069
3.076056,1.466367
3.095224,1.457664
3.140797,1.448962
3.161520,1.440259
3.208356,1.431557
3.238953,1.422854
3.287748,1.414152
3.312515,1.405449
3.362888,1.396747
3.414040,1.388044
3.441754,1.379342
3.482285,1.370639
3.536965,1.361937
3.592640,1.353234
3.625657,1.344532
3.683633,1.335830
3.742790,1.327127
3.795378,1.318425
3.857927,1.309722
3.898802,1.301020
3.964387,1.292317
4.031562,1.283615
4.100423,1.274912
4.171071,1.266210
4.219304,1.257507
4.294904,1.248805
4.372663,1.240102
4.452715,1.231400
4.535207,1.222697
4.620293,1.213995
4.708143,1.205292
4.798939,1.196590
4.899437,1.187888
4.997926,1.179185
5.100047,1.170483
5.206055,1.161780
5.337725,1.153078
5.452301,1.144375
5.571685,1.135673
5.717530,1.126970
5.843900,1.118268
6.002871,1.109565
6.168320,1.100863
6.319782,1.092160
6.499996,1.083458
6.688572,1.074755
6.886290,1.066053
7.094026,1.057350
7.325388,1.048648
7.558844,1.039945
4.893620,0.700549
4.483242,0.691847
3.956750,0.683144
3.733550,0.674442
3.525867,0.665739
3.544028,0.657037
3.266486,0.648334
3.048205,0.639632
2.971178,0.630929
2.792928,0.622227
2.756346,0.613524
2.760486,0.604822
2.724167,0.596119
2.728688,0.587417
2.733433,0.578714
2.738402,0.570012
2.743600,0.561309
2.749026,0.552607
2.713547,0.543905
2.719351,0.535202
2.725389,0.526500
2.710955,0.517797
2.717416,0.509095
2.724116,0.500392
2.731058,0.491690
2.738244,0.482987
2.745678,0.474285
2.753362,0.465582
2.761301,0.456880
2.769497,0.448177
2.777954,0.439475
2.786676,0.430772
2.795666,0.422070
2.804928,0.413367
2.814468,0.404665
2.824288,0.395962
2.834393,0.387260
2.832044,0.378558
2.833669,0.369855
2.822681,0.361153
2.833803,0.352450
2.845232,0.343748
2.856971,0.335045
2.869026,0.326343
2.881404,0.317640
2.894111,0.308938
2.907153,0.300235
2.920536,0.291533
2.934268,0.282830
2.948355,0.274128
2.962804,0.265425
2.977624,0.256723
2.992822,0.248020
3.008405,0.239318
3.024384,0.230615
3.040766,0.221913
3.057561,0.213211
3.074778,0.204508
3.092426,0.195806
3.110517,0.187103
3.129060,0.178401
3.148066,0.169698
3.159037,0.160996
3.187516,0.152293
3.207984,0.143591
3.228964,0.134888
3.250469,0.126186
3.323280,0.117483
3.499580,0.108781
7.769805,0.056566
7.776746,0.047864
5.978969,-0.178401
5.918627,-0.187103
5.883575,-0.195806
5.849379,-0.204508
5.816018,-0.213211
5.783473,-0.221913
5.751727,-0.230616
5.720760,-0.239318
5.683948,-0.248021
5.661098,-0.256723
5.632370,-0.265425
5.604356,-0.274128
5.577043,-0.282830
5.550416,-0.291533
5.524459,-0.300235
5.499162,-0.308938
5.474510,-0.317640
5.450491,-0.326343
5.427094,-0.335045
5.404306,-0.343748
5.382118,-0.352450
5.360517,-0.361153
5.339494,-0.369855
5.319039,-0.378558
5.299141,-0.387260
5.279793,-0.395963
5.260985,-0.404665
5.242708,-0.413367
5.246376,-0.422070
5.271769,-0.430772
5.318678,-0.439475
5.344480,-0.448177
5.370527,-0.456880
5.375738,-0.465582
5.486468,-0.474285
5.548090,-0.482987
5.644854,-0.491690
5.813114,-0.500392
5.969185,-0.509095
6.398917,-0.517797
6.600358,-0.526500
6.815014,-0.535202
7.331370,-0.543905
7.574711,-0.552607
7.797504,-1.039946
7.551008,-1.048648
7.318027,-1.057350
7.087177,-1.066053
6.879831,-1.074755
6.661555,-1.083458
6.494221,-1.092160
6.314307,-1.100863
6.163125,-1.109565
5.997931,-1.118268
5.839197,-1.126970
5.713103,-1.135673
5.567461,-1.144375
5.448266,-1.153078
5.333868,-1.161780
5.202361,-1.170483
5.096508,-1.179185
4.994533,-1.187888
4.896180,-1.196590
4.795848,-1.205293
4.705172,-1.213995
4.617435,-1.222697
4.532454,-1.231400
4.450064,-1.240102
4.370106,-1.248805
4.292437,-1.257507
4.216922,-1.266210
4.168804,-1.274912
4.098232,-1.283615
4.029443,-1.292317
3.962336,-1.301020
3.896816,-1.309722
3.832793,-1.318425
3.778029,-1.327127
3.741012,-1.335830
3.681909,-1.344532
3.623983,-1.353235
3.591019,-1.361937
3.535391,-1.370639
3.480754,-1.379342
3.440291,-1.388044
3.412622,-1.396747
3.361509,-1.405449
3.311172,-1.414152
3.286446,-1.422854
3.237684,-1.431557
3.207144,-1.440259
3.160339,-1.448962
3.139652,-1.457664
3.094106,-1.466367
3.074971,-1.475069
3.030555,-1.483772
3.008379,-1.492474
2.965478,-1.501177
2.949638,-1.509879
2.907622,-1.518582
2.893033,-1.527284
2.849827,-1.535986
2.836904,-1.544689
2.796844,-1.553391
2.785014,-1.562094
2.773601,-1.570796
