scan.pos:-2.672960,0.797685,1.7352505.399896,1.562094
5.392292,1.553391
5.385119,1.544689
5.378374,1.535986
5.372055,1.527284
5.366158,1.518581
5.360683,1.509879
5.355626,1.501177
5.350986,1.492474
5.346760,1.483772
5.342948,1.475069
5.339548,1.466367
5.336558,1.457664
5.333977,1.448962
5.331805,1.440259
5.330040,1.431557
5.328682,1.422854
5.327730,1.414152
5.327185,1.405449
5.327044,1.396747
5.327311,1.388044
5.327982,1.379342
5.329060,1.370639
5.330544,1.361937
5.332435,1.353234
5.334733,1.344532
5.337441,1.335830
5.340558,1.327127
5.344086,1.318425
5.348026,1.309722
5.352380,1.301020
5.357149,1.292317
5.362336,1.283615
5.367941,1.274912
5.373969,1.266210
5.380419,1.257507
5.387297,1.248805
5.394603,1.240102
5.402340,1.231400
5.410513,1.222697
5.419124,1.213995
5.428176,1.205292
5.437674,1.196590
5.447620,1.187888
5.458019,1.179185
5.468875,1.170483
5.480193,1.161780
5.491977,1.153078
5.504231,1.144375
5.516962,1.135673
5.530174,1.126970
5.543872,1.118268
5.558063,1.109565
5.572751,1.100863
5.587945,1.092160
5.603649,1.083458
5.619871,1.074755
5.636618,1.066053
5.653896,1.057350
5.671715,1.048648
5.690080,1.039945
5.709002,1.031243
5.728487,1.022541
5.748544,1.013838
5.769184,1.005136
5.790415,0.996433
5.812247,0.987731
5.834690,0.979028
5.857755,0.970326
5.881453,0.961623
5.905795,0.952921
5.930793,0.944218
5.956459,0.935516
5.982805,0.926813
6.009846,0.918111
6.037593,0.909408
6.066063,0.900706
6.095268,0.892003
6.125225,0.883301
6.155949,0.874598
6.187456,0.865896
6.219763,0.857194
6.252888,0.848491
6.286849,0.839789
6.321666,0.831086
6.357357,0.822384
6.393943,0.813681
6.431445,0.804979
6.469885,0.796276
2.391432,0.787574
2.323483,0.778871
2.290658,0.770169
2.258132,0.761466
2.242841,0.752764
2.211547,0.744061
2.198860,0.735359
2.168694,0.726656
2.138703,0.717954
2.129371,0.709251
2.100373,0.700549
2.067073,0.691847
2.065321,0.683144
2.037312,0.674442
2.006461,0.665739
2.006207,0.657037
1.979030,0.648334
1.951858,0.639632
1.952513,0.630929
1.925534,0.622227
1.924004,0.613524
1.907476,0.604822
1.891372,0.596119
1.875679,0.587417
1.860386,0.578714
1.845479,0.570012
1.830947,0.561309
1.816780,0.552607
1.802967,0.543905
1.789497,0.535202
1.776361,0.526500
1.763551,0.517797
1.751055,0.509095
1.738868,0.500392
1.726979,0.491690
1.715382,0.482987
1.704068,0.474285
1.693030,0.465582
1.682262,0.456880
1.696300,0.448177
1.685900,0.439475
1.675754,0.430772
1.665855,0.422070
1.656198,0.413367
1.646777,0.404665
1.637586,0.395962
1.628621,0.387260
1.619876,0.378558
1.611347,0.369855
1.649415,0.361153
1.641068,0.352450
1.632928,0.343748
1.624993,0.335045
1.617256,0.326343
1.609715,0.317640
1.602365,0.308938
1.595204,0.300235
1.610559,0.291533
1.625903,0.282830
1.619097,0.274128
1.612471,0.265425
1.606019,0.256723
1.599741,0.248020
1.593633,0.239318
1.587691,0.230615
1.581913,0.221913
1.576298,0.213211
1.570840,0.204508
1.565540,0.195806
1.560393,0.187103
1.555399,0.178401
1.550554,0.169698
1.545856,0.160996
1.541304,0.152293
1.536895,0.143591
1.553589,0.134888
1.549405,0.126186
1.545361,0.117483
1.541455,0.108781
1.537685,0.100078
1.575447,0.091376
1.571851,0.082673
1.568391,0.073971
1.565065,0.065269
1.582392,0.056566
1.620248,0.047864
1.617201,0.039161
1.614288,0.030459
1.652246,0.021756
1.669867,0.013054
1.667254,0.004351
1.806691,-0.004351
1.824392,-0.013054
1.821965,-0.021756
1.860069,-0.030459
1.958728,-0.039161
2.037166,-0.047864
2.175971,-0.056566
2.475528,-0.065269
2.674283,-0.073971
2.852837,-0.082674
3.151699,-0.091376
6.317113,-0.100078
6.954719,-0.108781
7.191669,-0.117483
7.188739,-0.126186
7.186360,-0.134888
7.184529,-0.143591
7.183246,-0.152293
7.182510,-0.160996
7.182322,-0.169698
7.182680,-0.178401
7.183585,-0.187103
7.185038,-0.195806
7.187039,-0.204508
7.189589,-0.213211
7.192688,-0.221913
7.196338,-0.230616
7.200541,-0.239318
7.205298,-0.248021
7.210610,-0.256723
7.216480,-0.265425
7.222910,-0.274128
7.229903,-0.282830
7.237462,-0.291533
7.245588,-0.300235
7.254285,-0.308938
7.263557,-0.317640
7.273408,-0.326343
7.283841,-0.335045
7.294860,-0.343748
7.306470,-0.352450
7.318675,-0.361153
7.331480,-0.369855
7.344891,-0.378558
7.358912,-0.387260
7.373549,-0.395963
7.388808,-0.404665
7.404696,-0.413367
7.421218,-0.422070
7.438382,-0.430772
7.456195,-0.439475
7.474664,-0.448177
5.476647,-0.456880
5.328342,-0.465582
5.236585,-0.474285
5.193639,-0.482987
4.903960,-0.491690
4.788078,-0.500392
4.660026,-0.509095
4.555446,-0.517797
4.403253,-0.526500
4.358763,-0.535202
4.254699,-0.543905
4.166740,-0.552607
4.081912,-0.561310
4.000000,-0.570012
3.914456,-0.578714
3.838961,-0.587417
3.741277,-0.596119
3.694859,-0.604822
3.623983,-0.613524
3.558033,-0.622227
3.493865,-0.630929
3.477283,-0.639632
3.485196,-0.648334
3.472529,-0.657037
3.507221,-0.665739
3.525828,-0.674442
3.542597,-0.683144
3.492599,-0.691847
3.510475,-0.700549
3.528805,-0.709252
3.547598,-0.717954
3.566867,-0.726657
3.586620,-0.735359
3.606869,-0.744061
3.627626,-0.752764
3.648903,-0.761466
3.670712,-0.770169
3.693066,-0.778871
3.715979,-0.787574
3.739465,-0.796276
3.763538,-0.804979
3.788213,-0.813681
3.813506,-0.822384
3.839434,-0.831086
3.866013,-0.839789
3.893261,-0.848491
3.921196,-0.857194
3.949839,-0.865896
3.979208,-0.874599
4.009325,-0.883301
4.040211,-0.892003
4.071889,-0.900706
4.104383,-0.909408
4.137717,-0.918111
4.171917,-0.926813
4.207011,-0.935516
4.243026,-0.944218
4.275707,-0.952921
4.314007,-0.961623
4.352821,-0.970326
4.392178,-0.979028
4.432106,-0.987731
4.472638,-0.996433
4.513802,-1.005136
4.555630,-1.013838
4.598157,-1.022541
4.641417,-1.031243
4.685443,-1.039946
4.730275,-1.048648
4.878777,-1.057350
4.943491,-1.066053
5.007730,-1.074755
5.054075,-1.083458
5.109719,-1.092160
2.078985,-1.309722
1.961460,-1.318425
1.953970,-1.327127
1.881541,-1.335830
1.874694,-1.344532
1.868039,-1.353235
1.861572,-1.361937
1.833878,-1.370639
1.827850,-1.379342
1.821999,-1.388044
1.816323,-1.396747
1.810820,-1.405449
1.805488,-1.414152
1.800323,-1.422854
1.795325,-1.431557
1.790490,-1.440259
1.785816,-1.448962
1.781302,-1.457664
1.776946,-1.466367
1.772746,-1.475069
1.768700,-1.483772
1.764807,-1.492474
1.761064,-1.501177
1.757471,-1.509879
1.754026,-1.518582
1.771168,-1.527284
1.767978,-1.535986
1.764933,-1.544689
1.762033,-1.553391
1.759276,-1.562094
1.756661,-1.570796
