scan.pos:-2.579798,-3.871189,0.2852506.285164,1.562094
6.269359,1.553391
6.254109,1.544689
6.239407,1.535986
6.225246,1.527284
6.211622,1.518581
6.198528,1.509879
6.185959,1.501177
6.173911,1.492474
6.162377,1.483772
6.151354,1.475069
6.140838,1.466367
6.130823,1.457664
6.141605,1.448962
6.132553,1.440259
6.123993,1.431557
6.156350,1.422854
6.148715,1.414152
6.181897,1.405449
6.175187,1.396747
6.168961,1.388044
6.163216,1.379342
6.157951,1.370639
6.173234,1.361937
6.209023,1.353234
6.265281,1.344532
6.482224,1.335830
7.039857,1.327127
5.465676,0.979028
5.305111,0.970326
5.233235,0.961623
5.106464,0.952921
4.899687,0.944218
4.785905,0.935516
4.673449,0.926813
4.457718,0.918111
4.360743,0.909408
4.208232,0.900706
4.160739,0.892003
4.151558,0.883301
4.145143,0.874598
4.095326,0.865896
4.067360,0.857194
4.017478,0.848491
4.033790,0.839789
4.006169,0.831086
4.000905,0.822384
4.018279,0.813681
4.013636,0.804979
4.009258,0.796276
4.027831,0.787574
4.046886,0.778871
4.066433,0.770169
4.086483,0.761466
4.107047,0.752764
4.128134,0.744061
4.149756,0.735359
4.171926,0.726656
4.194655,0.717954
4.217956,0.709251
4.241841,0.700549
4.266326,0.691847
4.291424,0.683144
4.317150,0.674442
4.343518,0.665739
4.370546,0.657037
4.373478,0.648334
4.401714,0.639632
4.430656,0.630929
4.460324,0.622227
4.490736,0.613524
4.521912,0.604822
4.553873,0.596119
4.586641,0.587417
4.620238,0.578714
4.654688,0.570012
4.690016,0.561309
4.726247,0.552607
4.763407,0.543905
4.801525,0.535202
4.840630,0.526500
4.880751,0.517797
4.921921,0.509095
4.964173,0.500392
4.995344,0.491690
5.028171,0.482987
5.089560,0.474285
5.122051,0.465582
5.183692,0.456880
5.215961,0.448177
1.932696,0.439475
1.917783,0.430772
1.876804,0.422070
1.862822,0.413367
1.849186,0.404665
1.835887,0.395962
1.822916,0.387260
1.810264,0.378558
1.797922,0.369855
1.785882,0.361153
1.774137,0.352450
1.762679,0.343748
1.751500,0.335045
1.740594,0.326343
1.729953,0.317640
1.719572,0.308938
1.709445,0.300235
1.699564,0.291533
1.689926,0.282830
1.680523,0.274128
1.671350,0.265425
1.662404,0.256723
1.653678,0.248020
1.645167,0.239318
1.636868,0.230615
1.628775,0.221913
1.620885,0.213211
1.613194,0.204508
1.605696,0.195806
1.598389,0.187103
1.591269,0.178401
1.584332,0.169698
1.577575,0.160996
1.570995,0.152293
1.564588,0.143591
1.558351,0.134888
1.552281,0.126186
1.546376,0.117483
1.540633,0.108781
1.535048,0.100078
1.529620,0.091376
1.524346,0.082673
1.519223,0.073971
1.514250,0.065269
1.509423,0.056566
1.504742,0.047864
1.500203,0.039161
1.495805,0.030459
1.491546,0.021756
1.487425,0.013054
1.483438,0.004351
1.479586,-0.004351
1.475865,-0.013054
1.472275,-0.021756
1.468814,-0.030459
1.465480,-0.039161
1.462273,-0.047864
1.459191,-0.056566
1.456232,-0.065269
1.453396,-0.073971
1.450681,-0.082674
1.448086,-0.091376
1.445610,-0.100078
1.443252,-0.108781
1.441012,-0.117483
1.438888,-0.126186
1.436880,-0.134888
1.434986,-0.143591
1.433206,-0.152293
1.431540,-0.160996
1.429986,-0.169698
1.428544,-0.178401
1.427214,-0.187103
1.425995,-0.195806
1.424886,-0.204508
1.423887,-0.213211
1.422998,-0.221913
1.422219,-0.230616
1.421548,-0.239318
1.420986,-0.248021
1.420533,-0.256723
1.420188,-0.265425
1.419952,-0.274128
1.419823,-0.282830
1.419803,-0.291533
1.419891,-0.300235
1.420087,-0.308938
1.420391,-0.317640
1.420804,-0.326343
1.421325,-0.335045
1.421955,-0.343748
1.422694,-0.352450
1.423542,-0.361153
1.424499,-0.369855
1.425567,-0.378558
1.426745,-0.387260
1.428033,-0.395963
1.429433,-0.404665
1.430945,-0.413367
1.432569,-0.422070
1.434306,-0.430772
1.436157,-0.439475
1.438123,-0.448177
1.440203,-0.456880
1.462718,-0.465582
1.465064,-0.474285
1.467530,-0.482987
1.470116,-0.491690
1.472824,-0.500392
1.516650,-0.509095
1.519686,-0.517797
1.625759,-0.526500
1.629276,-0.535202
1.674278,-0.543905
1.678171,-0.552607
1.682212,-0.561310
7.204327,-0.570012
7.222862,-0.578714
7.242045,-0.587417
7.261886,-0.596119
7.261343,-0.604822
7.282461,-0.613524
7.325433,-0.622227
7.347988,-0.630929
7.371245,-0.639632
7.395215,-0.648334
7.419908,-0.657037
7.445335,-0.665739
7.471509,-0.674442
7.498440,-0.683144
7.526141,-0.691847
7.554626,-0.700549
7.583906,-0.709252
7.613996,-0.717954
7.644910,-0.726657
7.676663,-0.735359
7.709271,-0.744061
7.742750,-0.752764
7.777115,-0.761466
7.741642,-0.848491
7.637142,-0.857194
7.522717,-0.865896
7.424210,-0.874599
7.328189,-0.883301
7.247994,-0.892003
7.157335,-0.900706
7.059129,-0.909408
6.973234,-0.918111
6.889287,-0.926813
6.824273,-0.935516
6.744669,-0.944218
6.659818,-0.952921
6.584049,-0.961623
6.529726,-0.970326
6.457663,-0.979028
6.382153,-0.987731
6.313335,-0.996433
6.268525,-1.005136
6.202899,-1.013838
6.135612,-1.022541
6.072748,-1.031243
6.009112,-1.039946
5.976440,-1.048648
5.916475,-1.057350
5.858749,-1.066053
5.823149,-1.074755
5.773263,-1.083458
5.724656,-1.092160
5.677289,-1.100863
5.631126,-1.109565
5.586129,-1.118268
5.542264,-1.126970
5.499498,-1.135673
5.457799,-1.144375
5.417138,-1.153078
5.377485,-1.161780
5.338811,-1.170483
5.301091,-1.179185
5.264297,-1.187888
5.228407,-1.196590
5.193395,-1.205293
5.159240,-1.213995
5.125918,-1.222697
5.093410,-1.231400
5.061695,-1.240102
5.030752,-1.248805
5.000564,-1.257507
4.971113,-1.266210
4.942380,-1.274912
4.914351,-1.283615
4.887007,-1.292317
4.860334,-1.301020
4.834316,-1.309722
4.808940,-1.318425
4.784192,-1.327127
4.760057,-1.335830
4.736524,-1.344532
4.713579,-1.353235
4.691212,-1.361937
4.669409,-1.370639
4.648160,-1.379342
4.627455,-1.388044
4.607283,-1.396747
4.587633,-1.405449
4.568497,-1.414152
4.549865,-1.422854
4.531728,-1.431557
4.514078,-1.440259
4.496905,-1.448962
4.480203,-1.457664
4.463963,-1.466367
4.448178,-1.475069
4.432840,-1.483772
4.417943,-1.492474
4.403480,-1.501177
4.389445,-1.509879
4.375831,-1.518582
4.362632,-1.527284
4.349844,-1.535986
4.337459,-1.544689
4.325472,-1.553391
4.313880,-1.562094
4.302677,-1.570796
