scan.pos:5.194262,5.282514,-0.3647502.887442,1.562094
2.897207,1.553391
2.907259,1.544689
2.917604,1.535986
2.928248,1.527284
2.939193,1.518581
2.950447,1.509879
2.962013,1.501177
2.973898,1.492474
2.986107,1.483772
2.998646,1.475069
3.011520,1.466367
3.024738,1.457664
3.038304,1.448962
3.052226,1.440259
3.066510,1.431557
3.081165,1.422854
3.096197,1.414152
3.111615,1.405449
3.127427,1.396747
3.143641,1.388044
3.160265,1.379342
3.177310,1.370639
3.194784,1.361937
3.212698,1.353234
3.231060,1.344532
3.249883,1.335830
3.269177,1.327127
3.288953,1.318425
3.309224,1.309722
3.330001,1.301020
3.351298,1.292317
3.373127,1.283615
3.395503,1.274912
3.418439,1.266210
3.441952,1.257507
3.466056,1.248805
3.490768,1.240102
3.516104,1.231400
3.542082,1.222697
3.568722,1.213995
3.596040,1.205292
3.624058,1.196590
3.652797,1.187888
3.682278,1.179185
3.712523,1.170483
3.743557,1.161780
3.775404,1.153078
3.808090,1.144375
3.826292,1.135673
3.869322,1.126970
3.846879,1.118268
3.815316,1.109565
3.784554,1.100863
3.754567,1.092160
3.725333,1.083458
3.696830,1.074755
3.669038,1.066053
3.641935,1.057350
3.615503,1.048648
3.589724,1.039945
3.564579,1.031243
3.540051,1.022541
3.516125,1.013838
3.492784,1.005136
3.470013,0.996433
3.447799,0.987731
3.426126,0.979028
3.404982,0.970326
3.384353,0.961623
3.364227,0.952921
3.344593,0.944218
3.325438,0.935516
3.306751,0.926813
3.288523,0.918111
3.270742,0.909408
3.253399,0.900706
3.236484,0.892003
3.219987,0.883301
3.203901,0.874598
3.188216,0.865896
3.172925,0.857194
3.158019,0.848491
3.143491,0.839789
3.129333,0.831086
3.115538,0.822384
3.102099,0.813681
3.089010,0.804979
3.076265,0.796276
3.063856,0.787574
3.051779,0.778871
3.040027,0.770169
3.028594,0.761466
3.017477,0.752764
3.006669,0.744061
2.996166,0.735359
2.985962,0.726656
2.976053,0.717954
2.966435,0.709251
2.957104,0.700549
2.948055,0.691847
2.939284,0.683144
2.930788,0.674442
2.922562,0.665739
2.914604,0.657037
2.906910,0.648334
2.899477,0.639632
2.892302,0.630929
2.885381,0.622227
2.878711,0.613524
2.872291,0.604822
2.866117,0.596119
2.860187,0.587417
2.854499,0.578714
2.849049,0.570012
2.843836,0.561309
2.838859,0.552607
2.834114,0.543905
2.829600,0.535202
2.825315,0.526500
2.821258,0.517797
2.817426,0.509095
2.813819,0.500392
2.810435,0.491690
2.807273,0.482987
2.804331,0.474285
2.801608,0.465582
2.799104,0.456880
2.796816,0.448177
2.794746,0.439475
2.792891,0.430772
2.791250,0.422070
2.789824,0.413367
2.788612,0.404665
2.787613,0.395962
2.786827,0.387260
2.786253,0.378558
2.785892,0.369855
2.785743,0.361153
2.785805,0.352450
2.786081,0.343748
2.786568,0.335045
2.787268,0.326343
2.788181,0.317640
2.789307,0.308938
2.790646,0.300235
2.792200,0.291533
2.793967,0.282830
2.795951,0.274128
2.798150,0.265425
2.800566,0.256723
2.803200,0.248020
2.806053,0.239318
2.809126,0.230615
2.812420,0.221913
2.815937,0.213211
2.819677,0.204508
2.823642,0.195806
2.827835,0.187103
2.832256,0.178401
2.836907,0.169698
2.841790,0.160996
2.846907,0.152293
2.852260,0.143591
2.857852,0.134888
2.863683,0.126186
2.869758,0.117483
2.876078,0.108781
2.882646,0.100078
2.889465,0.091376
2.896537,0.082673
2.903865,0.073971
2.911453,0.065269
2.919304,0.056566
2.927420,0.047864
2.935806,0.039161
2.944465,0.030459
2.953401,0.021756
2.962618,0.013054
2.972119,0.004351
2.981909,-0.004351
2.991993,-0.013054
3.002374,-0.021756
3.013058,-0.030459
3.024049,-0.039161
3.035353,-0.047864
3.046975,-0.056566
3.058919,-0.065269
3.071193,-0.073971
3.083801,-0.082674
3.096750,-0.091376
3.110046,-0.100078
3.123696,-0.108781
3.137706,-0.117483
3.152083,-0.126186
3.166835,-0.134888
3.181970,-0.143591
3.197494,-0.152293
3.213416,-0.160996
3.229745,-0.169698
3.246489,-0.178401
3.263658,-0.187103
3.281260,-0.195806
3.299306,-0.204508
3.317805,-0.213211
3.336769,-0.221913
3.356208,-0.230616
3.376133,-0.239318
3.396556,-0.248021
3.417490,-0.256723
3.438947,-0.265425
3.460940,-0.274128
3.483484,-0.282830
3.506591,-0.291533
3.530278,-0.300235
3.554560,-0.308938
3.579453,-0.317640
3.604973,-0.326343
3.631138,-0.335045
3.657967,-0.343748
3.685477,-0.352450
3.713690,-0.361153
3.742625,-0.369855
3.772303,-0.378558
3.802749,-0.387260
3.833984,-0.395963
3.866033,-0.404665
3.898922,-0.413367
3.932677,-0.422070
3.950008,-0.430772
3.991696,-0.439475
4.033839,-0.448177
4.076471,-0.456880
4.092452,-0.465582
4.136371,-0.474285
4.180871,-0.482987
4.225988,-0.491690
4.271756,-0.500392
4.318213,-0.509095
4.365397,-0.517797
4.413347,-0.526500
4.462105,-0.535202
4.511713,-0.543905
4.536971,-0.552607
4.613657,-0.561310
4.666088,-0.570012
4.730976,-0.578714
4.775030,-0.587417
4.770006,-0.596119
4.741107,-0.604822
4.712914,-0.613524
4.685408,-0.622227
4.658574,-0.630929
4.632396,-0.639632
4.606860,-0.648334
4.581951,-0.657037
4.510940,-0.665739
4.464251,-0.674442
4.441496,-0.683144
4.419308,-0.691847
4.397673,-0.700549
4.376581,-0.709252
4.356020,-0.717954
4.335981,-0.726657
4.316452,-0.735359
4.297424,-0.744061
4.278887,-0.752764
4.260833,-0.761466
4.243252,-0.770169
4.226136,-0.778871
4.209477,-0.787574
4.193267,-0.796276
4.177498,-0.804979
4.162164,-0.813681
4.104083,-0.822384
4.089746,-0.831086
4.075818,-0.839789
4.062293,-0.848491
4.006570,-0.857194
3.993966,-0.865896
3.981744,-0.874599
3.969898,-0.883301
3.958423,-0.892003
3.947313,-0.900706
3.936565,-0.909408
3.926173,-0.918111
3.916134,-0.926813
3.906442,-0.935516
3.897094,-0.944218
3.888087,-0.952921
3.879415,-0.961623
3.871077,-0.970326
3.863067,-0.979028
3.855384,-0.987731
3.848024,-0.996433
3.840983,-1.005136
3.834260,-1.013838
3.827852,-1.022541
3.821755,-1.031243
3.815968,-1.039946
3.810488,-1.048648
3.805313,-1.057350
3.800441,-1.066053
3.795871,-1.074755
3.791599,-1.083458
3.787626,-1.092160
2.878821,-1.100863
2.815960,-1.109565
2.793579,-1.118268
2.751382,-1.126970
2.749555,-1.135673
2.707861,-1.144375
2.706478,-1.153078
2.685281,-1.161780
2.684319,-1.170483
2.683562,-1.179185
2.683010,-1.187888
2.682662,-1.196590
2.642518,-1.205293
2.642578,-1.213995
2.642839,-1.222697
2.623296,-1.231400
2.623955,-1.240102
2.624814,-1.248805
2.625874,-1.257507
2.546993,-1.266210
2.548411,-1.274912
2.550025,-1.283615
2.551835,-1.292317
2.533753,-1.301020
2.535941,-1.309722
2.538326,-1.318425
2.540910,-1.327127
2.503356,-1.335830
2.506292,-1.344532
2.509425,-1.353235
2.492515,-1.361937
2.496020,-1.370639
2.499726,-1.379342
2.462966,-1.388044
2.467011,-1.396747
2.471257,-1.405449
2.475707,-1.414152
2.439407,-1.422854
2.444189,-1.431557
2.428617,-1.440259
2.392563,-1.448962
2.397832,-1.457664
2.382612,-1.466367
2.388248,-1.475069
2.394093,-1.483772
2.379302,-1.492474
2.364617,-1.501177
2.370993,-1.509879
2.377585,-1.518582
2.342241,-1.527284
2.349149,-1.535986
2.356278,-1.544689
2.360665,-1.553391
2.334154,-1.562094
2.352034,-1.570796
