scan.pos:-0.622317,7.194950,-2.6147501.018049,1.562094
1.012945,1.553391
1.007969,1.544689
1.003118,1.535986
0.998389,1.527284
0.993779,1.518581
0.989287,1.509879
0.984910,1.501177
0.980646,1.492474
0.976493,1.483772
0.972449,1.475069
0.968511,1.466367
0.964678,1.457664
0.960949,1.448962
0.957320,1.440259
0.953792,1.431557
0.950361,1.422854
0.947027,1.414152
0.943788,1.405449
0.940642,1.396747
0.937588,1.388044
0.934625,1.379342
0.931752,1.370639
0.928966,1.361937
0.926268,1.353234
0.923655,1.344532
0.921127,1.335830
0.918683,1.327127
0.916321,1.318425
0.914040,1.309722
0.911840,1.301020
0.909720,1.292317
0.907679,1.283615
0.905715,1.274912
0.903829,1.266210
0.902019,1.257507
0.900285,1.248805
0.898626,1.240102
0.897041,1.231400
0.895530,1.222697
0.894092,1.213995
0.892726,1.205292
0.891432,1.196590
0.890210,1.187888
0.889058,1.179185
0.887977,1.170483
0.886967,1.161780
0.886025,1.153078
0.885154,1.144375
0.884351,1.135673
0.883617,1.126970
0.882951,1.118268
0.882354,1.109565
0.881824,1.100863
0.881362,1.092160
0.880968,1.083458
0.880641,1.074755
0.880381,1.066053
0.880189,1.057350
0.880063,1.048648
0.880005,1.039945
0.880013,1.031243
0.920093,1.022541
0.920242,1.013838
0.920461,1.005136
0.920751,0.996433
0.921111,0.987731
0.921541,0.979028
0.922042,0.970326
0.922614,0.961623
0.923257,0.952921
0.923971,0.944218
0.924757,0.935516
0.925615,0.926813
0.926545,0.918111
0.927547,0.909408
0.928623,0.900706
0.929772,0.892003
0.930995,0.883301
0.932292,0.874598
0.933663,0.865896
0.935111,0.857194
0.936634,0.848491
0.938233,0.839789
0.939910,0.831086
0.941665,0.822384
0.943498,0.813681
0.945411,0.804979
0.947403,0.796276
0.949477,0.787574
0.951632,0.778871
0.953870,0.770169
0.956191,0.761466
0.958597,0.752764
0.961088,0.744061
0.963666,0.735359
1.008346,0.726656
1.011220,0.717954
1.014188,0.709251
1.017252,0.700549
1.020411,0.691847
1.023669,0.683144
1.048422,0.674442
1.051952,0.665739
1.055586,0.657037
1.102564,0.648334
1.106570,0.639632
1.132467,0.630929
1.224231,0.622227
5.247334,0.578714
5.073346,0.570012
4.990374,0.561309
4.909056,0.552607
4.829287,0.543905
4.750967,0.535202
4.674001,0.526500
4.621354,0.517797
4.546955,0.509095
4.473662,0.500392
4.401401,0.491690
4.353635,0.482987
4.283354,0.474285
4.237699,0.465582
4.169149,0.456880
4.125381,0.448177
4.058337,0.439475
4.016253,0.430772
3.950505,0.422070
3.909920,0.413367
3.870097,0.404665
3.831000,0.395962
3.767447,0.387260
3.729527,0.378558
3.692226,0.369855
3.706848,0.361153
3.671057,0.352450
3.635803,0.343748
3.627288,0.335045
3.593222,0.326343
3.612872,0.317640
3.606950,0.308938
3.601873,0.300235
3.597636,0.291533
3.594230,0.282830
3.623875,0.274128
3.626662,0.265425
3.657967,0.256723
3.672111,0.248020
3.704343,0.239318
3.738252,0.230615
3.773553,0.221913
3.807983,0.213211
3.845657,0.204508
3.881521,0.195806
3.921690,0.187103
3.959106,0.178401
4.001906,0.169698
4.041006,0.160996
4.164000,0.152293
4.224632,0.143591
4.354173,0.134888
4.395880,0.126186
4.446390,0.117483
4.565141,0.108781
4.609496,0.100078
4.664471,0.091376
4.735836,0.082673
4.826930,0.073971
4.876890,0.065269
4.954816,0.056566
5.013969,0.047864
7.788204,-0.204508
7.765581,-0.213211
7.743676,-0.221913
7.722482,-0.230616
7.701988,-0.239318
2.954804,-0.248021
2.947450,-0.256723
2.919633,-0.265425
2.830143,-0.274128
2.823792,-0.282830
2.755931,-0.291533
2.750191,-0.300235
2.724184,-0.308938
2.718946,-0.317640
2.673089,-0.326343
2.668374,-0.335045
2.663878,-0.343748
2.659600,-0.352450
2.655538,-0.361153
2.651689,-0.369855
2.648053,-0.378558
2.644628,-0.387260
2.641413,-0.395963
2.638406,-0.404665
2.635607,-0.413367
2.633013,-0.422070
2.590428,-0.430772
2.588278,-0.439475
2.566261,-0.448177
2.504363,-0.456880
2.502860,-0.465582
2.501549,-0.474285
2.500430,-0.482987
2.459473,-0.491690
2.458747,-0.500392
2.458210,-0.509095
2.457859,-0.517797
2.457696,-0.526500
2.457720,-0.535202
2.457931,-0.543905
2.458330,-0.552607
2.458915,-0.561310
2.459689,-0.570012
2.460650,-0.578714
2.461800,-0.587417
2.463139,-0.596119
2.464666,-0.604822
2.466384,-0.613524
2.468292,-0.622227
2.470391,-0.630929
2.472683,-0.639632
2.475167,-0.648334
2.477845,-0.657037
2.480718,-0.665739
2.483787,-0.674442
2.527532,-0.683144
2.490519,-0.691847
2.494183,-0.700549
2.498049,-0.709252
2.502118,-0.717954
2.506392,-0.726657
2.510871,-0.735359
2.515558,-0.744061
2.520456,-0.752764
2.525565,-0.761466
2.530888,-0.770169
2.553172,-0.778871
2.558457,-0.787574
2.565074,-0.796276
2.563421,-0.804979
2.619369,-0.813681
2.615089,-0.822384
2.591838,-0.831086
2.525944,-0.839789
2.465665,-0.848491
2.406531,-0.857194
2.351546,-0.865896
2.296059,-0.874599
2.241359,-0.883301
2.173880,-0.892003
2.143408,-0.900706
2.092067,-0.909408
2.053377,-0.918111
2.004256,-0.926813
1.955463,-0.935516
1.923009,-0.944218
1.875966,-0.952921
1.851133,-0.961623
1.801974,-0.970326
1.778701,-0.979028
1.755181,-0.987731
1.710944,-0.996433
1.689198,-1.005136
1.669976,-1.013838
1.649445,-1.022541
1.606199,-1.031243
1.590792,-1.039946
1.571295,-1.048648
1.535396,-1.057350
1.516700,-1.066053
1.498021,-1.074755
1.464947,-1.083458
1.446929,-1.092160
1.439575,-1.100863
1.422263,-1.109565
1.404902,-1.118268
1.376221,-1.126970
1.359332,-1.135673
1.332274,-1.144375
1.315788,-1.153078
1.340313,-1.161780
1.324034,-1.170483
1.307643,-1.179185
1.291133,-1.187888
1.274497,-1.196590
1.257727,-1.205293
1.240817,-1.213995
1.223758,-1.222697
1.232773,-1.231400
1.215591,-1.240102
1.198241,-1.248805
1.180714,-1.257507
1.163003,-1.266210
1.172361,-1.274912
1.154475,-1.283615
1.136380,-1.292317
1.118067,-1.301020
1.127719,-1.309722
1.125219,-1.318425
1.115632,-1.327127
1.106290,-1.335830
1.097187,-1.344532
1.088314,-1.353235
1.079665,-1.361937
1.071234,-1.370639
1.063014,-1.379342
1.054998,-1.388044
1.047182,-1.396747
1.039559,-1.405449
1.032124,-1.414152
1.024873,-1.422854
1.017799,-1.431557
1.010900,-1.440259
1.004168,-1.448962
0.997602,-1.457664
0.991196,-1.466367
0.984946,-1.475069
0.978848,-1.483772
0.972899,-1.492474
0.967095,-1.501177
0.961433,-1.509879
0.955909,-1.518582
0.950521,-1.527284
0.945264,-1.535986
0.940136,-1.544689
0.935134,-1.553391
0.930256,-1.562094
0.925499,-1.570796
