scan.pos:-3.944477,5.317651,2.9684350.812145,1.562094
0.813418,1.553391
0.814756,1.544689
0.816162,1.535986
0.817634,1.527284
0.819175,1.518581
0.820783,1.509879
0.822461,1.501177
0.824209,1.492474
0.826027,1.483772
0.827917,1.475069
0.829878,1.466367
0.831912,1.457664
0.875721,1.448962
0.878013,1.440259
0.880383,1.431557
0.882834,1.422854
0.885367,1.414152
0.887982,1.405449
0.890680,1.396747
0.893463,1.388044
0.896332,1.379342
0.899288,1.370639
0.902332,1.361937
0.905467,1.353234
0.908693,1.344532
0.912011,1.335830
0.915424,1.327127
0.918933,1.318425
0.922539,1.309722
0.926244,1.301020
0.930051,1.292317
0.933960,1.283615
0.937974,1.274912
0.942095,1.266210
0.946324,1.257507
0.950664,1.248805
0.955118,1.240102
0.959687,1.231400
0.964373,1.222697
0.969180,1.213995
0.974109,1.205292
0.979164,1.196590
0.984346,1.187888
0.989660,1.179185
0.995108,1.170483
1.000692,1.161780
1.006417,1.153078
1.033556,1.144375
1.039698,1.135673
1.045992,1.126970
1.052444,1.118268
1.059058,1.109565
1.065836,1.100863
1.072785,1.092160
1.079907,1.083458
1.087208,1.074755
1.094692,1.066053
1.102364,1.057350
1.110230,1.048648
1.118294,1.039945
1.126563,1.031243
1.135043,1.022541
1.143739,1.013838
1.152657,1.005136
1.161805,0.996433
1.171189,0.987731
1.208352,0.979028
1.218461,0.970326
1.228835,0.961623
1.239482,0.952921
5.693675,0.944218
5.645345,0.935516
5.598251,0.926813
5.552355,0.918111
5.507622,0.909408
5.464017,0.900706
5.421506,0.892003
5.380059,0.883301
5.339644,0.874598
5.300232,0.865896
5.261796,0.857194
5.224307,0.848491
5.187742,0.839789
5.152074,0.831086
5.117281,0.822384
5.083339,0.813681
5.050226,0.804979
5.017922,0.796276
4.986405,0.787574
4.955657,0.778871
4.925659,0.770169
4.896392,0.761466
4.867840,0.752764
4.839985,0.744061
4.812811,0.735359
4.786304,0.726656
4.760447,0.717954
4.735227,0.709251
4.710629,0.700549
4.686641,0.691847
4.663249,0.683144
4.640441,0.674442
4.618206,0.665739
4.596530,0.657037
4.575404,0.648334
4.554817,0.639632
4.534757,0.630929
4.515216,0.622227
4.496184,0.613524
4.477651,0.604822
4.459608,0.596119
4.442047,0.587417
4.424960,0.578714
4.408338,0.570012
4.392173,0.561309
4.376459,0.552607
4.361187,0.543905
4.346352,0.535202
4.331946,0.526500
4.317963,0.517797
4.304397,0.509095
4.291242,0.500392
4.278491,0.491690
4.266140,0.482987
4.254183,0.474285
4.242615,0.465582
4.231431,0.456880
4.220627,0.448177
4.210197,0.439475
4.200138,0.430772
4.190445,0.422070
4.181115,0.413367
4.172143,0.404665
4.163526,0.395962
4.155260,0.387260
4.147342,0.378558
4.139769,0.369855
4.132538,0.361153
4.125645,0.352450
4.119089,0.343748
4.112866,0.335045
4.106974,0.326343
4.101411,0.317640
4.096175,0.308938
4.091263,0.300235
4.086673,0.291533
4.082405,0.282830
4.078455,0.274128
4.074824,0.265425
4.071508,0.256723
4.068508,0.248020
4.065821,0.239318
4.063447,0.230615
4.061385,0.221913
4.059634,0.213211
4.058194,0.204508
4.057063,0.195806
4.056242,0.187103
4.055730,0.178401
4.055527,0.169698
4.055633,0.160996
4.056047,0.152293
4.056771,0.143591
4.057804,0.134888
4.059146,0.126186
4.060800,0.117483
4.062763,0.108781
4.065039,0.100078
4.067627,0.091376
4.070529,0.082673
4.073744,0.073971
4.077276,0.065269
4.081125,0.056566
4.085293,0.047864
4.089781,0.039161
4.094591,0.030459
4.099725,0.021756
4.105185,0.013054
4.110973,0.004351
4.117091,-0.004351
4.123542,-0.013054
4.130328,-0.021756
4.137453,-0.030459
4.144917,-0.039161
4.152727,-0.047864
4.160882,-0.056566
4.169388,-0.065269
4.178248,-0.073971
4.187465,-0.082674
4.197043,-0.091376
4.206986,-0.100078
4.217299,-0.108781
4.227984,-0.117483
4.239048,-0.126186
4.250494,-0.134888
4.262328,-0.143591
4.274554,-0.152293
4.287179,-0.160996
4.300206,-0.169698
4.313642,-0.178401
4.327493,-0.187103
4.341764,-0.195806
4.356464,-0.204508
4.371597,-0.213211
4.387171,-0.221913
4.403193,-0.230616
4.419670,-0.239318
4.436609,-0.248021
4.454021,-0.256723
4.471910,-0.265425
4.490288,-0.274128
4.509161,-0.282830
4.528541,-0.291533
4.548436,-0.300235
4.568856,-0.308938
4.589811,-0.317640
4.611312,-0.326343
4.633370,-0.335045
4.655996,-0.343748
4.679203,-0.352450
1.957915,-0.361153
1.939978,-0.369855
1.907212,-0.378558
1.866564,-0.387260
1.849413,-0.395963
1.819340,-0.404665
1.802909,-0.413367
1.774765,-0.422070
1.758974,-0.430772
1.743181,-0.439475
1.717414,-0.448177
1.702167,-0.456880
1.662034,-0.465582
1.638279,-0.474285
1.623300,-0.482987
1.608259,-0.491690
1.586495,-0.500392
1.571840,-0.509095
1.579290,-0.517797
1.564684,-0.526500
1.549983,-0.535202
1.535181,-0.543905
1.520271,-0.552607
1.505246,-0.561310
1.490099,-0.570012
1.474823,-0.578714
1.459411,-0.587417
1.471620,-0.596119
1.456146,-0.604822
1.440518,-0.613524
1.432010,-0.622227
1.419854,-0.630929
1.408010,-0.639632
1.396467,-0.648334
1.385216,-0.657037
1.374249,-0.665739
1.363557,-0.674442
1.353133,-0.683144
1.342968,-0.691847
1.333055,-0.700549
1.323388,-0.709252
1.313960,-0.717954
1.304763,-0.726657
1.295792,-0.735359
1.287042,-0.744061
1.278505,-0.752764
1.270177,-0.761466
1.262052,-0.770169
1.254125,-0.778871
1.246392,-0.787574
1.238847,-0.796276
1.231486,-0.804979
1.224305,-0.813681
1.217299,-0.822384
1.210465,-0.831086
1.203798,-0.839789
1.197295,-0.848491
1.190952,-0.857194
1.184765,-0.865896
1.178732,-0.874599
1.172849,-0.883301
1.167112,-0.892003
1.161520,-0.900706
1.156068,-0.909408
1.150755,-0.918111
1.145577,-0.926813
1.140532,-0.935516
1.135617,-0.944218
1.130830,-0.952921
1.126169,-0.961623
1.121631,-0.970326
1.117214,-0.979028
1.112917,-0.987731
1.108736,-0.996433
1.104671,-1.005136
1.100718,-1.013838
1.096877,-1.022541
1.093146,-1.031243
1.089523,-1.039946
1.086006,-1.048648
1.082594,-1.057350
1.079285,-1.066053
1.076078,-1.074755
1.072972,-1.083458
1.069965,-1.092160
1.067055,-1.100863
1.064242,-1.109565
1.061525,-1.118268
1.058902,-1.126970
1.056372,-1.135673
1.053934,-1.144375
1.051588,-1.153078
1.049331,-1.161780
1.047164,-1.170483
1.045085,-1.179185
1.043093,-1.187888
1.041189,-1.196590
1.039370,-1.205293
1.037636,-1.213995
1.035987,-1.222697
1.034422,-1.231400
1.032941,-1.240102
1.031541,-1.248805
1.030224,-1.257507
1.028989,-1.266210
1.027835,-1.274912
1.026761,-1.283615
1.025768,-1.292317
1.024854,-1.301020
1.024020,-1.309722
1.023266,-1.318425
1.022590,-1.327127
1.021993,-1.335830
1.021474,-1.344532
1.021034,-1.353235
1.020672,-1.361937
1.020387,-1.370639
1.020181,-1.379342
1.020052,-1.388044
1.020001,-1.396747
1.020028,-1.405449
1.020132,-1.414152
1.020314,-1.422854
1.020574,-1.431557
1.020911,-1.440259
1.021327,-1.448962
1.021821,-1.457664
1.022393,-1.466367
1.023044,-1.475069
1.023774,-1.483772
1.024583,-1.492474
1.025471,-1.501177
1.026439,-1.509879
1.027487,-1.518582
1.028616,-1.527284
1.029826,-1.535986
1.031117,-1.544689
1.032490,-1.553391
1.033946,-1.562094
1.035485,-1.570796
