scan.pos:-3.846458,-4.242633,0.2852500.812846,1.562094
0.810802,1.553391
0.808830,1.544689
0.806928,1.535986
0.805097,1.527284
0.803335,1.518581
0.822196,1.509879
0.841043,1.501177
0.839404,1.492474
0.837836,1.483772
0.836338,1.475069
0.834908,1.466367
0.853877,1.457664
0.852551,1.448962
0.851295,1.440259
0.850106,1.431557
0.889414,1.422854
0.888311,1.414152
0.887278,1.405449
0.886315,1.396747
0.885421,1.388044
0.904701,1.379342
0.924016,1.370639
0.923297,1.361937
0.922650,1.353234
0.942119,1.344532
0.941603,1.335830
0.941159,1.327127
0.940787,1.318425
0.940487,1.309722
0.940259,1.301020
0.940102,1.292317
0.940017,1.283615
0.940004,1.274912
0.940062,1.266210
6.403938,1.257507
6.405310,1.248805
6.427185,1.240102
6.429543,1.231400
6.472452,1.222697
6.475815,1.213995
6.519781,1.205292
6.524167,1.196590
6.529056,1.187888
6.534451,1.179185
6.540352,1.170483
6.566900,1.161780
6.634316,1.153078
6.904185,1.144375
6.464726,0.813681
6.311237,0.804979
6.205111,0.796276
6.146801,0.787574
6.045638,0.778871
5.946641,0.770169
5.826668,0.761466
5.731507,0.752764
5.638142,0.744061
5.569835,0.735359
5.479864,0.726656
5.344132,0.717954
5.256781,0.709251
5.194617,0.700549
5.109915,0.691847
5.123024,0.683144
5.065409,0.674442
5.033550,0.665739
5.024609,0.657037
5.006917,0.648334
5.014312,0.639632
4.997094,0.630929
5.005291,0.622227
5.013984,0.613524
5.023181,0.604822
5.058685,0.596119
5.095086,0.587417
5.132408,0.578714
5.170677,0.570012
5.209920,0.561309
5.226498,0.552607
5.291447,0.543905
5.333791,0.535202
5.377230,0.526500
5.421799,0.517797
5.467533,0.509095
5.486352,0.500392
5.527180,0.491690
5.581635,0.482987
5.610321,0.474285
5.667182,0.465582
5.727081,0.456880
5.786291,0.448177
5.846498,0.439475
5.900479,0.430772
5.957675,0.422070
6.010343,0.413367
6.067316,0.404665
6.144669,0.395962
6.201386,0.387260
6.283894,0.378558
6.333786,0.369855
6.415946,0.361153
6.498191,0.352450
6.571662,0.343748
6.653687,0.335045
6.735963,0.326343
6.734805,0.317640
6.720714,0.308938
6.756334,0.300235
6.804463,0.291533
6.806855,0.282830
6.855746,0.274128
3.280149,0.265425
3.168921,0.256723
3.152287,0.248020
3.112889,0.239318
3.097186,0.230615
3.081874,0.221913
3.066944,0.213211
3.052391,0.204508
3.038204,0.195806
3.024379,0.187103
3.010907,0.178401
2.997781,0.169698
2.984996,0.160996
2.972545,0.152293
2.960422,0.143591
2.948621,0.134888
2.937136,0.126186
2.925963,0.117483
2.915095,0.108781
2.904529,0.100078
2.894258,0.091376
2.884278,0.082673
2.874585,0.073971
2.865175,0.065269
2.856043,0.056566
2.847184,0.047864
2.838597,0.039161
2.830275,0.030459
2.822217,0.021756
2.814418,0.013054
2.806875,0.004351
2.799586,-0.004351
2.792546,-0.013054
2.785753,-0.021756
2.779204,-0.030459
2.772897,-0.039161
2.766828,-0.047864
2.760996,-0.056566
2.755397,-0.065269
2.750030,-0.073971
2.744893,-0.082674
2.739983,-0.091376
2.735299,-0.100078
2.730838,-0.108781
2.726599,-0.117483
2.722580,-0.126186
2.718780,-0.134888
2.715197,-0.143591
2.711829,-0.152293
2.708676,-0.160996
2.705736,-0.169698
2.703008,-0.178401
2.700491,-0.187103
2.698184,-0.195806
2.696086,-0.204508
2.694196,-0.213211
2.692514,-0.221913
2.691039,-0.230616
2.689770,-0.239318
2.708724,-0.248021
2.707860,-0.256723
2.707202,-0.265425
2.746756,-0.274128
2.806509,-0.282830
2.846469,-0.291533
2.846645,-0.300235
2.887046,-0.308938
2.887665,-0.317640
3.108660,-0.326343
3.169864,-0.335045
7.684997,-0.796276
7.566681,-0.804979
7.451805,-0.813681
7.363439,-0.822384
7.255041,-0.831086
7.149585,-0.839789
7.046923,-0.848491
6.946917,-0.857194
6.849435,-0.865896
6.754355,-0.874599
6.685729,-0.883301
6.595251,-0.892003
6.506846,-0.900706
6.420413,-0.909408
6.360629,-0.918111
6.278020,-0.926813
6.197118,-0.935516
6.143101,-0.944218
6.065538,-0.952921
5.989450,-0.961623
5.940556,-0.970326
5.867388,-0.979028
5.821661,-0.987731
5.751167,-0.996433
5.681825,-1.005136
5.640343,-1.013838
5.573338,-1.022541
5.534513,-1.031243
5.469644,-1.039946
5.433304,-1.048648
5.370387,-1.057350
5.336376,-1.066053
5.299275,-1.074755
5.253877,-1.083458
5.209643,-1.092160
5.166538,-1.100863
5.124527,-1.109565
5.083578,-1.118268
5.043659,-1.126970
5.004741,-1.135673
4.966794,-1.144375
4.929790,-1.153078
4.893704,-1.161780
4.858510,-1.170483
4.824183,-1.179185
4.790700,-1.187888
4.758039,-1.196590
4.726177,-1.205293
4.695094,-1.213995
4.664770,-1.222697
4.635186,-1.231400
4.606324,-1.240102
4.578166,-1.248805
4.550694,-1.257507
4.523891,-1.266210
4.497744,-1.274912
4.472236,-1.283615
4.447352,-1.292317
4.423079,-1.301020
4.399402,-1.309722
4.376309,-1.318425
4.353786,-1.327127
4.331823,-1.335830
4.310407,-1.344532
4.289527,-1.353235
4.269171,-1.361937
4.249330,-1.370639
4.229993,-1.379342
4.211151,-1.388044
4.192793,-1.396747
4.174911,-1.405449
4.157497,-1.414152
4.140541,-1.422854
4.124036,-1.431557
4.107973,-1.440259
4.092346,-1.448962
4.077146,-1.457664
4.062367,-1.466367
4.048002,-1.475069
4.034044,-1.483772
4.020487,-1.492474
4.007325,-1.501177
3.994553,-1.509879
3.982163,-1.518582
3.970152,-1.527284
3.958514,-1.535986
3.947243,-1.544689
3.936336,-1.553391
3.925786,-1.562094
3.915590,-1.570796
