scan.pos:4.799470,6.790419,1.9184353.645792,1.562094
3.646918,1.553391
3.593588,1.544689
3.583008,1.535986
3.572762,1.527284
3.562844,1.518581
3.553251,1.509879
3.543979,1.501177
3.535024,1.492474
3.526382,1.483772
3.518049,1.475069
3.510022,1.466367
3.543508,1.457664
3.535995,1.448962
3.549303,1.440259
3.583306,1.431557
3.576569,1.422854
3.590533,1.414152
3.665827,1.405449
3.680141,1.396747
3.816509,1.388044
3.831113,1.379342
3.886455,1.370639
3.921724,1.361937
4.017777,1.353234
4.119455,1.344532
4.263873,1.335830
4.266209,1.327127
4.658171,1.318425
5.098995,1.309722
7.468573,1.057350
7.093250,1.048648
6.729760,1.039945
6.429996,1.031243
6.150226,1.022541
5.887827,1.013838
5.640610,1.005136
5.406727,0.996433
5.219446,0.987731
5.031785,0.979028
4.853269,0.970326
4.703597,0.961623
4.540643,0.952921
4.405056,0.944218
4.275527,0.935516
4.144015,0.926813
4.027134,0.918111
3.914695,0.909408
3.806309,0.900706
3.701632,0.892003
3.621515,0.883301
3.527425,0.874598
3.433819,0.865896
3.364146,0.857194
3.275546,0.848491
3.210635,0.839789
3.147884,0.831086
3.065483,0.822384
3.020741,0.813681
2.942981,0.804979
2.888549,0.796276
2.835599,0.787574
2.784035,0.778871
2.733766,0.770169
2.683754,0.761466
2.636819,0.752764
2.590920,0.744061
2.545992,0.735359
2.501971,0.726656
2.458801,0.717954
2.421050,0.709251
2.380279,0.700549
2.363300,0.691847
2.323962,0.683144
2.285218,0.674442
2.255795,0.665739
2.218912,0.657037
2.182497,0.648334
2.170388,0.639632
2.134948,0.630929
2.099884,0.622227
2.078511,0.613524
2.044843,0.604822
2.036049,0.596119
2.003074,0.587417
1.970333,0.578714
1.954770,0.570012
1.923135,0.561309
1.917068,0.552607
1.885904,0.543905
1.874665,0.535202
1.844422,0.526500
1.840395,0.517797
1.810477,0.509095
1.807131,0.500392
1.777476,0.491690
1.747825,0.482987
1.745321,0.474285
1.715839,0.465582
1.713917,0.456880
1.684547,0.448177
1.683174,0.439475
1.679926,0.430772
1.665497,0.422070
1.651438,0.413367
1.637738,0.404665
1.624387,0.395962
1.611373,0.387260
1.598687,0.378558
1.586318,0.369855
1.574259,0.361153
1.562500,0.352450
1.551032,0.343748
1.539848,0.335045
1.528939,0.326343
1.518299,0.317640
1.507920,0.308938
1.497795,0.300235
1.487918,0.291533
1.478282,0.282830
1.468881,0.274128
1.459710,0.265425
1.450762,0.256723
1.442032,0.248020
1.433516,0.239318
1.425207,0.230615
1.417101,0.221913
1.409193,0.213211
1.401480,0.204508
1.393956,0.195806
1.386617,0.187103
1.379460,0.178401
1.372480,0.169698
1.365674,0.160996
1.359038,0.152293
1.352569,0.143591
1.346264,0.134888
1.340118,0.126186
1.334129,0.117483
1.328294,0.108781
1.322611,0.100078
1.317075,0.091376
1.311686,0.082673
1.306439,0.073971
1.301333,0.065269
1.296365,0.056566
1.291533,0.047864
1.286834,0.039161
1.282266,0.030459
1.277828,0.021756
1.273517,0.013054
1.269332,0.004351
1.265270,-0.004351
1.261329,-0.013054
1.257509,-0.021756
1.253806,-0.030459
1.250221,-0.039161
1.246750,-0.047864
1.243394,-0.056566
1.240149,-0.065269
1.237015,-0.073971
1.233991,-0.082674
1.231075,-0.091376
1.228266,-0.100078
1.225563,-0.108781
1.222965,-0.117483
1.220471,-0.126186
1.218079,-0.134888
1.215789,-0.143591
1.213600,-0.152293
1.211511,-0.160996
1.209521,-0.169698
1.207629,-0.178401
1.205835,-0.187103
1.204138,-0.195806
1.202537,-0.204508
1.201032,-0.213211
1.199622,-0.221913
1.198306,-0.230616
1.197084,-0.239318
1.195955,-0.248021
1.194920,-0.256723
1.193977,-0.265425
1.193126,-0.274128
1.192368,-0.282830
1.191701,-0.291533
1.191125,-0.300235
1.190641,-0.308938
1.190248,-0.317640
1.189945,-0.326343
1.189734,-0.335045
1.189613,-0.343748
1.189582,-0.352450
1.189642,-0.361153
1.189793,-0.369855
1.190034,-0.378558
1.190366,-0.387260
1.190789,-0.395963
1.191304,-0.404665
1.191909,-0.413367
1.192606,-0.422070
1.193394,-0.430772
1.194275,-0.439475
1.195248,-0.448177
1.196314,-0.456880
1.197473,-0.465582
1.198726,-0.474285
1.200072,-0.482987
1.201514,-0.491690
1.203050,-0.500392
1.204683,-0.509095
1.206411,-0.517797
1.208237,-0.526500
1.210161,-0.535202
1.212183,-0.543905
1.214305,-0.552607
1.216527,-0.561310
1.218850,-0.570012
1.221275,-0.578714
1.223803,-0.587417
1.226436,-0.596119
1.229173,-0.604822
1.232017,-0.613524
1.234968,-0.622227
1.238028,-0.630929
1.241198,-0.639632
1.244479,-0.648334
1.247873,-0.657037
1.251381,-0.665739
1.255004,-0.674442
1.258745,-0.683144
1.262604,-0.691847
1.266585,-0.700549
1.270687,-0.709252
1.274913,-0.717954
1.279265,-0.726657
1.283746,-0.735359
1.288356,-0.744061
1.293098,-0.752764
1.297974,-0.761466
1.302987,-0.770169
1.308139,-0.778871
1.313432,-0.787574
1.318869,-0.796276
1.324453,-0.804979
1.330186,-0.813681
1.336070,-0.822384
1.342110,-0.831086
1.348308,-0.839789
1.354667,-0.848491
1.361190,-0.857194
1.367881,-0.865896
1.374743,-0.874599
1.381781,-0.883301
1.388997,-0.892003
1.396396,-0.900706
1.403981,-0.909408
1.411758,-0.918111
1.419729,-0.926813
1.427901,-0.935516
1.436278,-0.944218
1.444863,-0.952921
1.453664,-0.961623
1.462684,-0.970326
1.471930,-0.979028
1.481407,-0.987731
1.491121,-0.996433
1.501079,-1.005136
1.511286,-1.013838
1.521750,-1.022541
1.532477,-1.031243
1.543475,-1.039946
1.554751,-1.048648
1.566313,-1.057350
1.578169,-1.066053
1.590328,-1.074755
1.602800,-1.083458
1.615592,-1.092160
1.628715,-1.100863
1.642179,-1.109565
1.655995,-1.118268
1.670174,-1.126970
1.682467,-1.135673
1.683581,-1.144375
1.712845,-1.153078
1.714502,-1.161780
1.743864,-1.170483
1.746095,-1.179185
1.775611,-1.187888
1.778451,-1.196590
1.808178,-1.205293
1.811664,-1.213995
1.841663,-1.222697
1.871726,-1.231400
1.876168,-1.240102
1.906601,-1.248805
1.911805,-1.257507
1.942676,-1.266210
1.956973,-1.274912
1.988907,-1.283615
2.021053,-1.292317
2.028893,-1.301020
2.061687,-1.309722
2.081659,-1.318425
2.115790,-1.327127
2.150268,-1.335830
2.161295,-1.344532
2.210300,-1.353235
2.223214,-1.361937
2.260300,-1.370639
2.297902,-1.379342
2.336057,-1.388044
2.368755,-1.396747
2.408987,-1.405449
2.449915,-1.414152
2.468847,-1.422854
2.511421,-1.431557
2.554842,-1.440259
2.598485,-1.448962
2.667079,-1.457664
2.692067,-1.466367
2.740517,-1.475069
2.790175,-1.483772
2.845575,-1.492474
2.899026,-1.501177
2.975788,-1.509879
3.032296,-1.518582
3.090546,-1.527284
3.172223,-1.535986
3.224591,-1.544689
3.311679,-1.553391
3.379666,-1.562094
3.386406,-1.570796
