scan.pos:4.528708,7.143835,3.0684353.934359,1.562094
3.937027,1.553391
3.919916,1.544689
3.923176,1.535986
3.926741,1.527284
3.930612,1.518581
3.934790,1.509879
3.939277,1.501177
3.944076,1.492474
3.949188,1.483772
3.974874,1.475069
3.980646,1.466367
3.986740,1.457664
3.993156,1.448962
3.999899,1.440259
4.047817,1.431557
4.116679,1.422854
4.165615,1.414152
4.338313,1.405449
4.470881,1.396747
4.542465,1.388044
4.697418,1.379342
4.770542,1.370639
5.072895,1.361937
5.252165,1.353234
5.453626,1.344532
5.551884,1.335830
5.609112,1.327127
5.688141,1.318425
5.746945,1.309722
5.764182,1.301020
5.781965,1.292317
5.800301,1.283615
5.819198,1.274912
5.838665,1.266210
5.858709,1.257507
5.836142,1.248805
5.857215,1.240102
5.878891,1.231400
5.901178,1.222697
5.924088,1.213995
5.947631,1.205292
5.971818,1.196590
5.996662,1.187888
6.022173,1.179185
6.035893,1.170483
6.075252,1.161780
6.102845,1.153078
6.131158,1.144375
6.137407,1.135673
6.167096,1.126970
6.197548,1.118268
6.228778,1.109565
6.260805,1.100863
6.293643,1.092160
6.327313,1.083458
6.361832,1.074755
6.397219,1.066053
6.433495,1.057350
6.422606,1.048648
6.460439,1.039945
6.499218,1.031243
6.538966,1.022541
6.579708,1.013838
6.621469,1.005136
6.664273,0.996433
6.708148,0.987731
6.753123,0.979028
6.799227,0.970326
6.846489,0.961623
7.049773,0.952921
7.100564,0.944218
7.152641,0.935516
7.206041,0.926813
7.260800,0.918111
7.316961,0.909408
7.374562,0.900706
7.433649,0.892003
7.494265,0.883301
4.451682,0.874598
4.412523,0.865896
4.374135,0.857194
4.353559,0.848491
4.316308,0.839789
4.280012,0.831086
4.244642,0.822384
4.210170,0.813681
4.176569,0.804979
4.143813,0.796276
4.111877,0.787574
4.080739,0.778871
4.050375,0.770169
4.020762,0.761466
3.991882,0.752764
3.963713,0.744061
3.987213,0.735359
3.960063,0.726656
3.933579,0.717954
3.932722,0.709251
3.932173,0.700549
3.907268,0.691847
3.882969,0.683144
3.859263,0.674442
3.860348,0.665739
3.837642,0.657037
3.815491,0.648334
3.793881,0.639632
3.772800,0.630929
3.752236,0.622227
3.732178,0.613524
3.712615,0.604822
3.693535,0.596119
3.674929,0.587417
3.656786,0.578714
3.639097,0.570012
3.621854,0.561309
3.605046,0.552607
3.588665,0.543905
3.572704,0.535202
3.534842,0.526500
3.475358,0.517797
3.460884,0.509095
3.446792,0.500392
3.433075,0.491690
3.419725,0.482987
3.406738,0.474285
3.394106,0.465582
3.381824,0.456880
3.369886,0.448177
3.358288,0.439475
3.389814,0.430772
3.378737,0.422070
3.389246,0.413367
3.399947,0.404665
3.410841,0.395962
3.421928,0.387260
3.496232,0.378558
3.486591,0.369855
3.581730,0.361153
3.633307,0.352450
3.625845,0.343748
3.683613,0.335045
3.691011,0.326343
3.786536,0.317640
3.827438,0.308938
3.917948,0.300235
3.926410,0.291533
4.060831,0.282830
4.090512,0.274128
4.262361,0.265425
4.386527,0.256723
4.675313,0.248020
4.895716,0.239318
5.075543,0.230615
7.781678,0.126186
7.778050,0.117483
7.775018,0.108781
7.772580,0.100078
7.710719,0.091376
7.649470,0.082673
7.608819,0.073971
7.608751,0.065269
7.609263,0.056566
7.610354,0.047864
7.612026,0.039161
7.614278,0.030459
7.617112,0.021756
7.660591,0.013054
7.624529,0.004351
7.629115,-0.004351
7.647738,-0.013054
7.652068,-0.021756
7.655378,-0.030459
7.669544,-0.039161
7.136679,-0.047864
6.607154,-0.056566
6.205338,-0.065269
5.849601,-0.073971
5.476032,-0.082674
5.198618,-0.091376
4.927134,-0.100078
4.688876,-0.108781
4.461716,-0.117483
4.263392,-0.126186
4.079050,-0.134888
3.922091,-0.143591
3.782741,-0.152293
3.620378,-0.160996
3.503633,-0.169698
3.371305,-0.178401
3.265186,-0.187103
3.162166,-0.195806
3.050298,-0.204508
2.975755,-0.213211
2.882550,-0.221913
2.807320,-0.230616
2.719807,-0.239318
2.654788,-0.248021
2.571006,-0.256723
2.510387,-0.265425
2.450865,-0.274128
2.398326,-0.282830
2.342259,-0.291533
2.286957,-0.300235
2.242809,-0.308938
2.190214,-0.317640
2.138137,-0.326343
2.101013,-0.335045
2.051074,-0.343748
2.023391,-0.352450
1.970304,-0.361153
1.944490,-0.369855
1.917296,-0.378558
1.870906,-0.387260
1.846994,-0.395963
1.802061,-0.404665
1.779483,-0.413367
1.757102,-0.422070
1.716042,-0.430772
1.694767,-0.439475
1.656265,-0.448177
1.635953,-0.456880
1.623055,-0.465582
1.603706,-0.474285
1.560897,-0.482987
1.551225,-0.491690
1.532624,-0.500392
1.501389,-0.509095
1.483399,-0.517797
1.465381,-0.526500
1.460834,-0.535202
1.443467,-0.543905
1.416385,-0.552607
1.399458,-0.561310
1.373917,-0.570012
1.357366,-0.578714
1.364820,-0.587417
1.348691,-0.596119
1.332442,-0.604822
1.316066,-0.613524
1.299557,-0.622227
1.282906,-0.630929
1.266107,-0.639632
1.249151,-0.648334
1.232029,-0.657037
1.241728,-0.665739
1.224467,-0.674442
1.207019,-0.683144
1.189376,-0.691847
1.199421,-0.700549
1.181597,-0.709252
1.183987,-0.717954
1.173856,-0.726657
1.163985,-0.735359
1.154366,-0.744061
1.144991,-0.752764
1.135853,-0.761466
1.126944,-0.770169
1.118259,-0.778871
1.109791,-0.787574
1.101533,-0.796276
1.093480,-0.804979
1.085626,-0.813681
1.077965,-0.822384
1.070493,-0.831086
1.063203,-0.839789
1.056093,-0.848491
1.049156,-0.857194
1.042389,-0.865896
1.035786,-0.874599
1.029345,-0.883301
1.023061,-0.892003
1.016930,-0.900706
1.010948,-0.909408
1.005113,-0.918111
0.999420,-0.926813
0.993867,-0.935516
0.988450,-0.944218
0.983166,-0.952921
0.978012,-0.961623
0.972986,-0.970326
0.968085,-0.979028
0.963305,-0.987731
0.958646,-0.996433
0.954103,-1.005136
0.949676,-1.013838
0.945360,-1.022541
0.941156,-1.031243
0.937059,-1.039946
0.933069,-1.048648
0.929183,-1.057350
0.925400,-1.066053
0.921717,-1.074755
0.918133,-1.083458
0.914646,-1.092160
0.911254,-1.100863
0.907957,-1.109565
0.904752,-1.118268
0.901638,-1.126970
0.898613,-1.135673
0.895677,-1.144375
0.892828,-1.153078
0.890064,-1.161780
0.887385,-1.170483
0.884788,-1.179185
0.882275,-1.187888
0.879842,-1.196590
0.877489,-1.205293
0.875215,-1.213995
0.873019,-1.222697
0.870901,-1.231400
0.868858,-1.240102
0.866891,-1.248805
0.864999,-1.257507
0.863181,-1.266210
0.861435,-1.274912
0.859762,-1.283615
0.858161,-1.292317
0.856631,-1.301020
0.855171,-1.309722
0.853781,-1.318425
0.852460,-1.327127
0.851209,-1.335830
0.850025,-1.344532
0.848910,-1.353235
0.847861,-1.361937
0.846880,-1.370639
0.845966,-1.379342
0.845117,-1.388044
0.844335,-1.396747
0.843618,-1.405449
0.842967,-1.414152
0.842380,-1.422854
0.841859,-1.431557
0.841402,-1.440259
0.841010,-1.448962
0.840682,-1.457664
0.840419,-1.466367
0.840219,-1.475069
0.840084,-1.483772
0.840012,-1.492474
0.840005,-1.501177
0.840061,-1.509879
0.840182,-1.518582
0.840366,-1.527284
0.840615,-1.535986
0.840928,-1.544689
0.841305,-1.553391
0.841747,-1.562094
0.842253,-1.570796
