scan.pos:4.031155,7.034333,-2.9147504.407241,1.562094
4.398549,1.553391
4.369778,1.544689
4.361855,1.535986
4.313544,1.527284
4.286065,1.518581
4.279308,1.509879
4.232342,1.501177
4.226333,1.492474
4.180218,1.483772
4.114345,1.475069
4.089291,1.466367
4.044455,1.457664
4.040282,1.448962
3.996204,1.440259
3.992696,1.431557
3.969421,1.422854
3.906360,1.414152
3.863731,1.405449
3.861524,1.396747
3.819558,1.388044
3.817959,1.379342
3.796639,1.370639
3.795629,1.361937
3.794908,1.353234
3.794476,1.344532
3.794333,1.335830
3.794479,1.327127
3.794914,1.318425
3.795639,1.309722
3.796653,1.301020
3.817975,1.292317
3.819578,1.283615
3.821473,1.274912
3.823661,1.266210
3.866267,1.257507
3.869073,1.248805
3.932456,1.240102
3.976136,1.231400
4.140975,1.222697
4.266159,1.213995
4.311244,1.205292
4.336566,1.196590
4.382504,1.187888
4.489643,1.179185
4.556866,1.170483
4.726175,1.161780
4.937049,1.153078
5.026737,1.144375
5.137522,1.135673
5.249093,1.126970
5.320508,1.118268
5.372080,1.109565
5.444838,1.100863
5.497705,1.092160
5.509906,1.083458
5.522582,1.074755
5.535740,1.066053
5.549384,1.057350
5.563519,1.048648
5.578154,1.039945
5.593292,1.031243
5.566882,1.022541
5.582927,1.013838
5.599493,1.005136
5.616586,0.996433
5.634214,0.987731
5.652386,0.979028
5.671108,0.970326
5.690389,0.961623
5.710238,0.952921
5.716837,0.944218
5.751676,0.935516
5.773284,0.926813
5.795498,0.918111
5.818329,0.909408
5.819719,0.900706
5.843724,0.892003
5.868377,0.883301
5.893689,0.874598
5.919674,0.865896
5.946343,0.857194
5.973711,0.848491
6.001791,0.839789
6.030598,0.831086
6.060146,0.822384
6.067357,0.813681
6.075105,0.804979
6.106732,0.796276
6.139160,0.787574
6.172406,0.778871
6.206490,0.770169
6.241430,0.761466
6.273246,0.752764
6.313960,0.744061
6.351593,0.735359
6.390165,0.726656
6.429702,0.717954
6.519672,0.709251
6.661051,0.700549
6.704605,0.691847
6.749249,0.683144
6.795012,0.674442
6.841926,0.665739
6.890019,0.657037
4.036240,0.648334
4.022425,0.639632
3.972867,0.630929
3.923951,0.622227
3.902344,0.613524
3.854804,0.604822
3.807797,0.596119
3.788634,0.587417
3.742809,0.578714
3.725219,0.570012
3.680460,0.561309
3.664356,0.552607
3.632703,0.543905
3.601955,0.535202
3.571992,0.526500
3.542792,0.517797
3.492028,0.509095
3.513497,0.500392
3.512942,0.491690
3.486162,0.482987
3.460049,0.474285
3.460691,0.465582
3.461586,0.456880
3.436995,0.448177
3.413008,0.439475
3.389611,0.430772
3.391996,0.422070
3.369564,0.413367
3.347679,0.404665
3.326329,0.395962
3.305500,0.387260
3.285178,0.378558
3.265352,0.369855
3.246010,0.361153
3.227139,0.352450
3.208730,0.343748
3.190771,0.335045
3.173252,0.326343
3.139039,0.317640
3.139497,0.308938
3.123241,0.300235
3.107388,0.291533
3.091930,0.282830
3.053991,0.274128
3.039406,0.265425
2.979888,0.256723
2.966239,0.248020
2.952939,0.239318
2.939980,0.230615
2.927356,0.221913
2.915062,0.213211
2.903090,0.204508
2.891436,0.195806
2.880093,0.187103
2.869057,0.178401
2.858322,0.169698
2.891177,0.160996
2.880875,0.152293
2.870864,0.143591
2.882562,0.134888
2.894400,0.126186
2.906381,0.117483
2.918507,0.108781
2.930780,0.100078
2.985381,0.091376
2.976804,0.082673
3.052382,0.073971
3.127778,0.065269
3.115038,0.056566
3.134459,0.047864
3.179093,0.039161
3.187082,0.030459
3.301046,0.021756
3.323154,0.013054
3.413729,0.004351
3.408910,-0.004351
3.535503,-0.013054
3.548428,-0.021756
3.633221,-0.030459
3.790930,-0.039161
3.876024,-0.047864
4.168369,-0.056566
4.392445,-0.065269
4.643455,-0.073971
7.519737,-0.143591
7.494227,-0.152293
7.389129,-0.160996
7.324795,-0.169698
7.281114,-0.178401
7.278066,-0.187103
7.275574,-0.195806
7.273638,-0.204508
7.272256,-0.213211
7.211426,-0.221913
7.151155,-0.230616
7.151430,-0.239318
7.112244,-0.248021
7.113602,-0.256723
7.115502,-0.265425
7.117945,-0.274128
7.120933,-0.282830
7.124465,-0.291533
7.128545,-0.300235
7.173296,-0.308938
7.138350,-0.317640
7.144079,-0.326343
7.158619,-0.335045
7.173274,-0.343748
7.175789,-0.352450
7.164486,-0.361153
6.764836,-0.369855
6.325642,-0.378558
6.005605,-0.387260
5.658464,-0.395963
5.388855,-0.404665
5.166247,-0.413367
4.908093,-0.422070
4.700936,-0.430772
4.508826,-0.439475
4.342982,-0.448177
4.183842,-0.456880
4.006678,-0.465582
3.882463,-0.474285
3.744923,-0.482987
3.632100,-0.491690
3.522775,-0.500392
3.406469,-0.509095
3.305421,-0.517797
3.222070,-0.526500
3.106804,-0.535202
3.035367,-0.543905
2.966000,-0.552607
2.878682,-0.561310
2.817640,-0.570012
2.734523,-0.578714
2.659361,-0.587417
2.622496,-0.596119
2.565170,-0.604822
2.498415,-0.613524
2.443920,-0.622227
2.404053,-0.630929
2.352022,-0.639632
2.300464,-0.648334
2.267044,-0.657037
2.217455,-0.665739
2.166035,-0.674442
2.140284,-0.683144
2.092453,-0.691847
2.068322,-0.700549
2.023742,-0.709252
2.001029,-0.717954
1.955803,-0.726657
1.937939,-0.735359
1.916658,-0.744061
1.878649,-0.752764
1.835199,-0.761466
1.822806,-0.770169
1.780032,-0.778871
1.770104,-0.787574
1.751598,-0.796276
1.720272,-0.804979
1.702481,-0.813681
1.673072,-0.822384
1.644872,-0.831086
1.628292,-0.839789
1.601815,-0.848491
1.585746,-0.857194
1.585768,-0.865896
1.545266,-0.874599
1.547144,-0.883301
1.532085,-0.892003
1.533396,-0.900706
1.518438,-0.909408
1.503384,-0.918111
1.488227,-0.926813
1.472960,-0.935516
1.457578,-0.944218
1.442072,-0.952921
1.426435,-0.961623
1.410660,-0.970326
1.394739,-0.979028
1.378664,-0.987731
1.362426,-0.996433
1.346017,-1.005136
1.357577,-1.013838
1.345884,-1.022541
1.334492,-1.031243
1.323392,-1.039946
1.312573,-1.048648
1.302028,-1.057350
1.291749,-1.066053
1.281728,-1.074755
1.271957,-1.083458
1.262429,-1.092160
1.253138,-1.100863
1.244077,-1.109565
1.235239,-1.118268
1.226619,-1.126970
1.218210,-1.135673
1.210007,-1.144375
1.202005,-1.153078
1.194198,-1.161780
1.186582,-1.170483
1.179152,-1.179185
1.171902,-1.187888
1.164830,-1.196590
1.157930,-1.205293
1.151199,-1.213995
1.144632,-1.222697
1.138225,-1.231400
1.131976,-1.240102
1.125880,-1.248805
1.119934,-1.257507
1.114136,-1.266210
1.108480,-1.274912
1.102966,-1.283615
1.097589,-1.292317
1.092348,-1.301020
1.087238,-1.309722
1.082258,-1.318425
1.077406,-1.327127
1.072677,-1.335830
1.068072,-1.344532
1.063586,-1.353235
1.059218,-1.361937
1.054966,-1.370639
1.050827,-1.379342
1.046801,-1.388044
1.042884,-1.396747
1.039075,-1.405449
1.035372,-1.414152
1.031774,-1.422854
1.028279,-1.431557
1.024886,-1.440259
1.021592,-1.448962
1.018397,-1.457664
1.015298,-1.466367
1.012296,-1.475069
1.009387,-1.483772
1.006572,-1.492474
1.003849,-1.501177
1.001216,-1.509879
0.998673,-1.518582
0.996219,-1.527284
0.993852,-1.535986
0.991571,-1.544689
0.989377,-1.553391
0.987267,-1.562094
0.985241,-1.570796
