scan.pos:-0.072223,7.105493,0.4352500.970483,1.562094
0.966598,1.553391
0.962817,1.544689
0.959137,1.535986
0.955559,1.527284
0.952079,1.518581
0.948696,1.509879
0.945409,1.501177
0.942217,1.492474
0.939117,1.483772
0.936108,1.475069
0.933190,1.466367
0.930360,1.457664
0.927618,1.448962
0.924962,1.440259
0.922391,1.431557
0.919905,1.422854
0.917501,1.414152
0.915180,1.405449
0.912940,1.396747
0.910779,1.388044
0.908698,1.379342
0.906696,1.370639
0.904771,1.361937
0.902923,1.353234
0.901150,1.344532
0.899453,1.335830
0.897831,1.327127
0.896283,1.318425
0.894808,1.309722
0.893405,1.301020
0.892075,1.292317
0.890817,1.283615
0.889630,1.274912
0.888514,1.266210
0.887468,1.257507
0.886491,1.248805
0.885585,1.240102
0.884747,1.231400
0.883978,1.222697
0.883278,1.213995
0.882646,1.205292
0.882083,1.196590
0.881587,1.187888
0.881158,1.179185
0.880797,1.170483
0.880504,1.161780
0.880277,1.153078
0.880118,1.144375
0.880026,1.135673
0.880001,1.126970
0.880042,1.118268
0.880151,1.109565
0.880327,1.100863
0.880570,1.092160
0.880880,1.083458
0.881258,1.074755
0.881703,1.066053
0.882216,1.057350
0.882797,1.048648
0.883446,1.039945
0.884163,1.031243
0.884948,1.022541
0.885803,1.013838
0.886727,1.005136
0.887721,0.996433
0.888784,0.987731
0.889918,0.979028
0.891123,0.970326
0.892399,0.961623
0.893746,0.952921
0.895167,0.944218
0.896660,0.935516
0.898226,0.926813
0.899867,0.918111
0.901583,0.909408
0.903374,0.900706
0.905241,0.892003
0.907185,0.883301
0.909207,0.874598
0.911308,0.865896
0.913488,0.857194
0.915748,0.848491
0.918090,0.839789
0.920514,0.831086
0.923021,0.822384
0.925613,0.813681
0.928290,0.804979
0.931054,0.796276
0.933905,0.787574
0.936846,0.778871
0.939877,0.770169
0.943000,0.761466
0.946216,0.752764
0.949526,0.744061
0.952933,0.735359
0.956437,0.726656
0.960041,0.717954
0.963745,0.709251
0.967552,0.700549
0.971463,0.691847
0.975481,0.683144
0.979607,0.674442
0.983844,0.665739
0.988193,0.657037
0.992656,0.648334
0.997236,0.639632
1.001935,0.630929
1.006756,0.622227
1.011701,0.613524
1.016772,0.604822
1.021973,0.596119
1.027306,0.587417
1.032774,0.578714
1.038380,0.570012
1.044127,0.561309
1.050018,0.552607
1.056057,0.543905
1.062248,0.535202
1.068593,0.526500
1.075097,0.517797
1.081763,0.509095
1.088596,0.500392
1.095600,0.491690
1.102779,0.482987
1.110138,0.474285
1.117682,0.465582
1.125415,0.456880
1.133342,0.448177
1.141470,0.439475
1.149803,0.430772
1.158348,0.422070
1.167110,0.413367
1.176096,0.404665
1.185313,0.395962
1.194766,0.387260
1.204465,0.378558
1.214415,0.369855
1.224625,0.361153
1.235103,0.352450
1.243163,0.343748
1.232478,0.335045
1.249842,0.326343
1.267010,0.317640
1.283993,0.308938
1.300799,0.300235
1.290550,0.291533
1.307238,0.282830
1.323768,0.274128
1.340151,0.265425
1.356393,0.256723
1.372501,0.248020
1.388484,0.239318
1.402151,0.230615
1.418338,0.221913
1.416946,0.213211
1.433649,0.204508
1.459079,0.195806
1.476181,0.187103
1.503166,0.178401
1.496333,0.169698
1.525123,0.160996
1.543364,0.152293
1.573920,0.143591
1.592766,0.134888
1.611629,0.126186
1.644757,0.117483
1.664348,0.108781
1.676267,0.100078
1.696809,0.091376
1.734446,0.082673
1.755933,0.073971
1.800418,0.065269
1.818610,0.056566
1.841375,0.047864
1.885224,0.039161
1.909286,0.030459
1.933629,0.021756
1.981762,0.013054
2.007669,0.004351
2.059342,-0.004351
2.087050,-0.013054
2.137126,-0.021756
2.172442,-0.030459
2.224551,-0.039161
2.277149,-0.047864
2.319140,-0.056566
2.374299,-0.065269
2.430176,-0.073971
2.480091,-0.082674
2.539215,-0.091376
2.599363,-0.100078
2.679972,-0.108781
2.744214,-0.117483
2.811772,-0.126186
2.901981,-0.134888
2.973013,-0.143591
3.054194,-0.152293
3.152605,-0.160996
3.253517,-0.169698
3.352000,-0.178401
3.482262,-0.187103
3.595471,-0.195806
3.737132,-0.204508
3.862390,-0.213211
4.013544,-0.221913
4.206100,-0.230616
4.374443,-0.239318
4.571383,-0.248021
4.777699,-0.256723
5.009216,-0.265425
5.285754,-0.274128
5.577614,-0.282830
5.922793,-0.291533
6.263026,-0.300235
6.711104,-0.308938
7.176344,-0.317640
7.771408,-0.326343
1.711318,-1.083458
1.691949,-1.092160
1.614732,-1.100863
1.595520,-1.109565
1.570287,-1.118268
1.577444,-1.126970
1.449312,-1.135673
1.377660,-1.144375
1.354233,-1.153078
1.361837,-1.161780
1.339865,-1.170483
1.318747,-1.179185
1.300384,-1.187888
1.308029,-1.196590
1.262208,-1.205293
1.243363,-1.213995
1.243163,-1.222697
1.232478,-1.231400
1.222067,-1.240102
1.156835,-1.248805
1.147398,-1.257507
1.138199,-1.266210
1.129232,-1.274912
1.120489,-1.283615
1.111965,-1.292317
1.103654,-1.301020
1.095548,-1.309722
1.087643,-1.318425
1.028507,-1.327127
1.021344,-1.335830
1.014357,-1.344532
1.007542,-1.353235
1.000893,-1.361937
0.994406,-1.370639
0.988078,-1.379342
0.981904,-1.388044
0.975881,-1.396747
0.970004,-1.405449
0.964271,-1.414152
0.958678,-1.422854
0.953221,-1.431557
0.947898,-1.440259
0.942706,-1.448962
0.937641,-1.457664
0.932701,-1.466367
0.927883,-1.475069
0.923184,-1.483772
0.918602,-1.492474
0.914135,-1.501177
0.909780,-1.509879
0.905535,-1.518582
0.901398,-1.527284
0.897367,-1.535986
0.893439,-1.544689
0.889612,-1.553391
0.885886,-1.562094
0.882258,-1.570796
