scan.pos:-1.998461,-3.266728,1.7352506.083620,1.562094
6.075053,1.553391
6.066972,1.544689
6.059373,1.535986
6.052254,1.527284
6.045611,1.518581
6.039442,1.509879
2.052495,1.501177
2.050716,1.492474
2.049097,1.483772
1.987457,1.475069
1.986192,1.466367
1.985080,1.457664
1.944067,1.448962
1.943276,1.440259
1.922621,1.431557
1.842107,1.422854
1.841778,1.414152
1.841589,1.405449
1.841541,1.396747
1.841633,1.388044
1.841865,1.379342
1.842237,1.370639
1.842750,1.361937
1.843404,1.353234
1.844199,1.344532
1.845135,1.335830
1.846212,1.327127
1.847432,1.318425
1.848794,1.309722
1.850299,1.301020
1.851948,1.292317
1.853741,1.283615
1.855679,1.274912
1.857762,1.266210
1.859992,1.257507
1.862370,1.248805
1.864895,1.240102
1.867570,1.231400
1.870396,1.222697
1.873372,1.213995
1.876502,1.205292
1.879785,1.196590
1.883223,1.187888
1.886818,1.179185
1.890571,1.170483
1.894484,1.161780
1.898557,1.153078
1.902794,1.144375
1.907194,1.135673
1.911762,1.126970
1.916497,1.118268
1.921403,1.109565
1.926481,1.100863
1.931733,1.092160
1.937162,1.083458
1.942770,1.074755
1.948559,1.066053
1.954532,1.057350
1.960692,1.048648
1.967041,1.039945
1.973582,1.031243
1.980318,1.022541
1.987252,1.013838
1.994387,1.005136
2.001726,0.996433
2.009273,0.987731
2.017032,0.979028
2.025006,0.970326
2.033198,0.961623
2.041613,0.952921
2.050254,0.944218
2.059127,0.935516
2.068235,0.926813
2.077583,0.918111
2.087175,0.909408
2.097017,0.900706
2.107113,0.892003
2.117469,0.883301
2.128090,0.874598
2.138982,0.865896
2.150150,0.857194
2.161602,0.848491
2.173342,0.839789
2.185378,0.831086
2.197716,0.822384
2.210364,0.813681
2.223328,0.804979
2.236617,0.796276
2.250237,0.787574
2.264199,0.778871
2.278509,0.770169
2.293177,0.761466
2.308212,0.752764
2.323623,0.744061
2.339421,0.735359
2.355616,0.726656
2.372218,0.717954
2.389240,0.709251
2.406692,0.700549
2.424587,0.691847
2.442938,0.683144
2.461757,0.674442
2.481059,0.665739
2.500858,0.657037
2.521169,0.648334
2.542008,0.639632
2.563391,0.630929
2.585335,0.622227
2.603192,0.613524
2.624198,0.604822
2.645319,0.596119
2.666570,0.587417
2.687963,0.578714
2.709511,0.570012
2.731230,0.561309
2.779804,0.552607
2.801701,0.543905
2.828389,0.535202
2.851249,0.526500
3.035306,0.517797
6.171412,0.291533
6.056050,0.282830
6.008555,0.274128
5.983963,0.265425
5.960022,0.256723
5.936723,0.248020
5.914054,0.239318
5.892004,0.230615
5.870564,0.221913
5.849723,0.213211
5.829472,0.204508
5.809801,0.195806
5.790702,0.187103
5.772167,0.178401
5.754186,0.169698
5.736753,0.160996
5.719859,0.152293
5.703498,0.143591
5.687662,0.134888
5.693249,0.126186
5.678389,0.117483
5.664036,0.108781
5.670932,0.100078
5.678226,0.091376
5.665266,0.082673
5.694006,0.073971
5.681931,0.065269
5.670338,0.056566
5.659222,0.047864
5.648579,0.039161
5.658809,0.030459
5.689802,0.021756
5.700788,0.013054
5.732476,0.004351
5.845597,-0.004351
5.938591,-0.013054
6.254180,-0.021756
6.630008,-0.030459
7.106275,-0.039161
7.602147,-0.047864
7.677261,-0.282830
7.201601,-0.291533
7.189511,-0.300235
7.198141,-0.308938
7.207342,-0.317640
7.176609,-0.326343
7.186903,-0.335045
7.197775,-0.343748
7.209230,-0.352450
7.221273,-0.361153
7.233908,-0.369855
7.247139,-0.378558
4.716206,-0.387260
4.562447,-0.395963
4.477506,-0.404665
4.234442,-0.413367
4.102587,-0.422070
3.880308,-0.430772
3.681973,-0.439475
3.566209,-0.448177
3.450134,-0.456880
3.417407,-0.465582
3.384765,-0.474285
3.352200,-0.482987
3.319706,-0.491690
3.308436,-0.500392
3.276123,-0.509095
3.243860,-0.517797
3.233001,-0.526500
3.222317,-0.535202
3.211808,-0.543905
3.223054,-0.552607
3.212966,-0.561310
3.203050,-0.570012
3.215127,-0.578714
3.227542,-0.587417
3.240300,-0.596119
3.253409,-0.604822
3.266874,-0.613524
3.280702,-0.622227
3.294900,-0.630929
3.309474,-0.639632
3.307487,-0.648334
3.339781,-0.657037
3.355529,-0.665739
3.371684,-0.674442
3.388255,-0.683144
3.405251,-0.691847
3.422679,-0.700549
3.440550,-0.709252
3.458874,-0.717954
3.477660,-0.726657
3.496919,-0.735359
3.516662,-0.744061
3.536900,-0.752764
3.557645,-0.761466
3.554618,-0.770169
3.576265,-0.778871
3.598454,-0.787574
3.621196,-0.796276
3.644508,-0.804979
3.668402,-0.813681
3.673690,-0.822384
3.718003,-0.831086
3.743742,-0.839789
3.770128,-0.848491
3.797180,-0.857194
3.824916,-0.865896
3.853357,-0.874599
3.882521,-0.883301
3.912430,-0.892003
3.943106,-0.900706
3.974573,-0.909408
4.006853,-0.918111
4.039972,-0.926813
4.073956,-0.935516
4.108831,-0.944218
4.138354,-0.952921
4.162616,-0.961623
4.215115,-0.970326
4.240102,-0.979028
4.265599,-0.987731
4.318717,-0.996433
4.371954,-1.005136
4.398674,-1.013838
4.452458,-1.022541
4.506464,-1.031243
4.534648,-1.039946
1.216853,-1.048648
1.079696,-1.057350
1.072181,-1.066053
1.064851,-1.074755
1.057700,-1.083458
1.025707,-1.092160
1.019063,-1.100863
1.012582,-1.109565
1.006258,-1.118268
1.000089,-1.126970
0.994070,-1.135673
0.988198,-1.144375
0.982469,-1.153078
0.976881,-1.161780
0.971429,-1.170483
0.966111,-1.179185
0.960923,-1.187888
0.955863,-1.196590
0.950929,-1.205293
0.946116,-1.213995
0.941424,-1.222697
0.936849,-1.231400
0.932388,-1.240102
0.928041,-1.248805
0.923804,-1.257507
0.919675,-1.266210
0.915652,-1.274912
0.911733,-1.283615
0.907916,-1.292317
0.904200,-1.301020
0.900583,-1.309722
0.897062,-1.318425
0.893637,-1.327127
0.890305,-1.335830
0.887065,-1.344532
0.883916,-1.353235
0.880856,-1.361937
0.877884,-1.370639
0.874998,-1.379342
0.872197,-1.388044
0.869480,-1.396747
0.866846,-1.405449
0.864293,-1.414152
0.861821,-1.422854
0.859428,-1.431557
0.857114,-1.440259
0.854876,-1.448962
0.852716,-1.457664
0.850630,-1.466367
0.848620,-1.475069
0.846683,-1.483772
0.844819,-1.492474
0.843027,-1.501177
0.841307,-1.509879
0.839658,-1.518582
0.838079,-1.527284
0.836570,-1.535986
0.835129,-1.544689
0.833757,-1.553391
0.832452,-1.562094
0.831215,-1.570796
