scan.pos:-2.062334,7.121618,0.3352500.910700,1.562094
0.907974,1.553391
0.905334,1.544689
0.902776,1.535986
0.900302,1.527284
0.897909,1.518581
0.895598,1.509879
0.893365,1.501177
0.891212,1.492474
0.889137,1.483772
0.887138,1.475069
0.885216,1.466367
0.883369,1.457664
0.881597,1.448962
0.879899,1.440259
0.878274,1.431557
0.876722,1.422854
0.875242,1.414152
0.873833,1.405449
0.872495,1.396747
0.871228,1.388044
0.870030,1.379342
0.868902,1.370639
0.867842,1.361937
0.866851,1.353234
0.865929,1.344532
0.865074,1.335830
0.864286,1.327127
0.863566,1.318425
0.862912,1.309722
0.862325,1.301020
0.861804,1.292317
0.861350,1.283615
0.860962,1.274912
0.860639,1.266210
0.860382,1.257507
0.860191,1.248805
0.860066,1.240102
0.860006,1.231400
0.860011,1.222697
0.860082,1.213995
0.860219,1.205292
0.860421,1.196590
0.860688,1.187888
0.861022,1.179185
0.861421,1.170483
0.861887,1.161780
0.862418,1.153078
0.863016,1.144375
0.863681,1.135673
0.864412,1.126970
0.865211,1.118268
0.866077,1.109565
0.867011,1.100863
0.868014,1.092160
0.869085,1.083458
0.870224,1.074755
0.871434,1.066053
0.872713,1.057350
0.874063,1.048648
0.875483,1.039945
0.876975,1.031243
0.878539,1.022541
0.880176,1.013838
0.881887,1.005136
0.883671,0.996433
0.885530,0.987731
0.887465,0.979028
0.889476,0.970326
0.891565,0.961623
0.893731,0.952921
0.895977,0.944218
0.898302,0.935516
0.900708,0.926813
0.903196,0.918111
0.905767,0.909408
0.908422,0.900706
0.911162,0.892003
0.913989,0.883301
0.916903,0.874598
0.919906,0.865896
0.923000,0.857194
0.926185,0.848491
0.929463,0.839789
0.932836,0.831086
0.936305,0.822384
0.939871,0.813681
0.943537,0.804979
0.947304,0.796276
0.951175,0.787574
0.955149,0.778871
0.959231,0.770169
0.963421,0.761466
0.967722,0.752764
0.972136,0.744061
0.976666,0.735359
0.981312,0.726656
0.986079,0.717954
0.990968,0.709251
0.995982,0.700549
1.001123,0.691847
1.006395,0.683144
1.011800,0.674442
1.017342,0.665739
1.023023,0.657037
1.028846,0.648334
1.034815,0.639632
1.040934,0.630929
1.047206,0.622227
1.053634,0.613524
1.060224,0.604822
1.066977,0.596119
1.073900,0.587417
1.080996,0.578714
1.088270,0.570012
1.095727,0.561309
1.103371,0.552607
1.111207,0.543905
1.119242,0.535202
1.127480,0.526500
1.135927,0.517797
1.144590,0.509095
1.153474,0.500392
1.162587,0.491690
1.171934,0.482987
1.181524,0.474285
1.191364,0.465582
1.201461,0.456880
1.211824,0.448177
1.210081,0.439475
1.227664,0.430772
1.245044,0.422070
1.234791,0.413367
1.252016,0.404665
1.269060,0.395962
1.285931,0.387260
1.276056,0.378558
1.319194,0.369855
1.309412,0.361153
1.325871,0.352450
1.342192,0.343748
1.358385,0.335045
1.374455,0.326343
1.390410,0.317640
1.406256,0.308938
1.422000,0.300235
1.437648,0.291533
1.453206,0.282830
1.476085,0.274128
1.492030,0.265425
1.519302,0.256723
1.535732,0.248020
1.540832,0.239318
1.557953,0.230615
1.588943,0.221913
1.606695,0.213211
1.639675,0.204508
1.658149,0.195806
1.693278,0.187103
1.712579,0.178401
1.731966,0.169698
1.770283,0.160996
1.790661,0.152293
1.831605,0.143591
1.853116,0.134888
1.896937,0.126186
1.919749,0.117483
1.965023,0.108781
1.991041,0.100078
2.037706,0.091376
2.067553,0.082673
2.115862,0.073971
2.149941,0.065269
2.200192,0.056566
2.250874,0.047864
2.291528,0.039161
2.344662,0.030459
2.398444,0.021756
2.446904,0.013054
2.525047,0.004351
2.580070,-0.004351
2.640629,-0.013054
2.723460,-0.021756
2.789284,-0.030459
2.876772,-0.039161
2.944995,-0.047864
3.045117,-0.056566
3.140445,-0.065269
3.252200,-0.073971
3.355204,-0.082674
3.461324,-0.091376
3.593562,-0.100078
3.710332,-0.108781
3.872740,-0.117483
4.012015,-0.126186
4.189465,-0.134888
4.394242,-0.143591
4.572066,-0.152293
4.819611,-0.160996
5.037621,-0.169698
5.292343,-0.178401
5.626900,-0.187103
5.939855,-0.195806
6.364034,-0.204508
6.757602,-0.213211
7.317220,-0.221913
3.156925,-0.630929
2.734950,-0.639632
2.649877,-0.648334
2.587750,-0.657037
2.530297,-0.665739
2.453709,-0.674442
2.404358,-0.683144
2.354605,-0.691847
2.292365,-0.700549
2.225054,-0.709252
2.180404,-0.717954
2.149048,-0.726657
2.107993,-0.735359
2.060875,-0.744061
2.022856,-0.752764
1.963691,-0.761466
1.945515,-0.770169
1.910783,-0.778871
1.875116,-0.787574
1.842558,-0.796276
1.810496,-0.804979
1.758030,-0.813681
1.743441,-0.822384
1.723382,-0.831086
1.694731,-0.839789
1.671359,-0.848491
1.644123,-0.857194
1.663441,-0.865896
1.667657,-0.874599
1.642218,-0.883301
1.626039,-0.892003
1.601690,-0.900706
1.564318,-0.909408
1.564738,-0.918111
1.529546,-0.926813
1.506912,-0.935516
1.497968,-0.944218
1.476122,-0.952921
1.469392,-0.961623
1.448259,-0.970326
1.443653,-0.979028
1.448306,-0.987731
1.445916,-0.996433
1.451676,-1.005136
1.425795,-1.013838
1.400883,-1.022541
1.434193,-1.031243
1.411013,-1.039946
1.392941,-1.048648
1.397675,-1.057350
1.406884,-1.066053
1.413693,-1.074755
1.394536,-1.083458
1.377914,-1.092160
1.416246,-1.100863
1.400308,-1.109565
1.412386,-1.118268
1.411252,-1.126970
1.429449,-1.135673
1.447202,-1.144375
1.439139,-1.153078
1.430109,-1.161780
1.424149,-1.170483
1.416218,-1.179185
1.438937,-1.187888
1.462557,-1.196590
1.482306,-1.205293
1.481280,-1.213995
1.501573,-1.222697
1.528155,-1.231400
1.548862,-1.240102
1.551671,-1.248805
1.573029,-1.257507
1.602889,-1.266210
1.600010,-1.274912
1.631733,-1.283615
1.752339,-1.292317
1.785288,-1.301020
1.808119,-1.309722
1.794970,-1.318425
1.818927,-1.327127
1.832502,-1.335830
1.857539,-1.344532
1.882765,-1.353235
1.900030,-1.361937
1.903241,-1.370639
1.900417,-1.379342
1.928508,-1.388044
1.952076,-1.396747
1.981704,-1.405449
2.011723,-1.414152
2.062587,-1.422854
2.094312,-1.431557
2.126273,-1.440259
2.160045,-1.448962
2.194436,-1.457664
2.232238,-1.466367
2.269073,-1.475069
2.311620,-1.483772
2.373087,-1.492474
2.413582,-1.501177
2.463553,-1.509879
2.529045,-1.518582
2.585111,-1.527284
2.619001,-1.535986
2.653024,-1.544689
2.748192,-1.553391
2.823549,-1.562094
2.900719,-1.570796
