scan.pos:-3.961609,-4.276401,0.2852500.833688,1.562094
0.831592,1.553391
0.829569,1.544689
0.827619,1.535986
0.825740,1.527284
0.823933,1.518581
0.822196,1.509879
0.820529,1.501177
0.818931,1.492474
0.817401,1.483772
0.815939,1.475069
0.814544,1.466367
0.813216,1.457664
0.811954,1.448962
0.810757,1.440259
0.809625,1.431557
0.808558,1.422854
0.807555,1.414152
0.806616,1.405449
0.805741,1.396747
0.804928,1.388044
0.804179,1.379342
0.803492,1.370639
0.843010,1.361937
0.842420,1.353234
0.841894,1.344532
0.841432,1.335830
0.841036,1.327127
0.840703,1.318425
0.860445,1.309722
0.860237,1.301020
0.860093,1.292317
0.900016,1.283615
0.900003,1.274912
0.900059,1.266210
0.900183,1.257507
0.900376,1.248805
0.940666,1.240102
0.941011,1.231400
0.961459,1.222697
0.961958,1.213995
0.962532,1.205292
0.963179,1.196590
0.963901,1.187888
0.964697,1.179185
0.965569,1.170483
0.966515,1.161780
0.967537,1.153078
0.968635,1.144375
6.724422,1.135673
6.443042,0.796276
6.340684,0.787574
6.240652,0.778871
6.188608,0.770169
6.093044,0.761466
5.953160,0.752764
5.884375,0.744061
5.794173,0.735359
5.705584,0.726656
5.618509,0.717954
5.556612,0.709251
5.400758,0.700549
5.317413,0.691847
5.259401,0.683144
5.202764,0.674442
5.196365,0.665739
5.167213,0.657037
5.147821,0.648334
5.106265,0.639632
5.089651,0.630929
5.073206,0.622227
5.082362,0.613524
5.117646,0.604822
5.102233,0.596119
5.138947,0.587417
5.176589,0.578714
5.215188,0.570012
5.254770,0.561309
5.295363,0.552607
5.336998,0.543905
5.379706,0.535202
5.423520,0.526500
5.468472,0.517797
5.514600,0.509095
5.561940,0.500392
5.602347,0.491690
5.626057,0.482987
5.679945,0.474285
5.708190,0.465582
5.791209,0.456880
5.823257,0.448177
5.881448,0.439475
5.944324,0.430772
6.001021,0.422070
6.079437,0.413367
6.135734,0.404665
6.186560,0.395962
6.268486,0.387260
6.324848,0.378558
6.399606,0.369855
6.481142,0.361153
6.562772,0.352450
6.635636,0.343748
6.717062,0.335045
6.798746,0.326343
6.880747,0.317640
6.855003,0.308938
6.865544,0.300235
6.901334,0.291533
6.925123,0.282830
6.976171,0.274128
6.977406,0.265425
3.420835,0.256723
3.332995,0.248020
3.269493,0.239318
3.229942,0.230615
3.213973,0.221913
3.198404,0.213211
3.183227,0.204508
3.168432,0.195806
3.154014,0.187103
3.139965,0.178401
3.126276,0.169698
3.112943,0.160996
3.099959,0.152293
3.087316,0.143591
3.075009,0.134888
3.063032,0.126186
3.051380,0.117483
3.040046,0.108781
3.029027,0.100078
3.018316,0.091376
3.007908,0.082673
2.997800,0.073971
2.987986,0.065269
2.978462,0.056566
2.969225,0.047864
2.960269,0.039161
2.951591,0.030459
2.943187,0.021756
2.935054,0.013054
2.927188,0.004351
2.919586,-0.004351
2.912244,-0.013054
2.905160,-0.021756
2.898330,-0.030459
2.891752,-0.039161
2.885424,-0.047864
2.879341,-0.056566
2.873503,-0.065269
2.867906,-0.073971
2.862549,-0.082674
2.857429,-0.091376
2.852543,-0.100078
2.847891,-0.108781
2.843471,-0.117483
2.839280,-0.126186
2.835316,-0.134888
2.831580,-0.143591
2.828068,-0.152293
2.824780,-0.160996
2.821714,-0.169698
2.818869,-0.178401
2.816244,-0.187103
2.813838,-0.195806
2.811650,-0.204508
2.809679,-0.213211
2.807925,-0.221913
2.806386,-0.230616
2.825088,-0.239318
2.823971,-0.248021
2.863091,-0.256723
2.862396,-0.265425
2.921926,-0.274128
2.961663,-0.282830
3.001620,-0.291533
3.001806,-0.300235
3.022225,-0.308938
3.222956,-0.317640
7.755439,-0.787574
7.633835,-0.796276
7.515841,-0.804979
7.401268,-0.813681
7.289939,-0.822384
7.181688,-0.831086
7.076360,-0.839789
6.973807,-0.848491
6.873891,-0.857194
6.800373,-0.865896
6.705486,-0.874599
6.612869,-0.883301
6.522412,-0.892003
6.458474,-0.900706
6.372180,-0.909408
6.287752,-0.918111
6.230029,-0.926813
6.149229,-0.935516
6.070040,-0.944218
6.017819,-0.952921
5.941798,-0.961623
5.892960,-0.970326
5.819837,-0.979028
5.747975,-0.987731
5.703672,-0.996433
5.634342,-1.005136
5.592861,-1.013838
5.525846,-1.022541
5.486999,-1.031243
5.422099,-1.039946
5.385716,-1.048648
5.322746,-1.057350
5.288671,-1.066053
5.251650,-1.074755
5.206660,-1.083458
5.162823,-1.092160
5.120106,-1.100863
5.078473,-1.109565
5.037891,-1.118268
4.998332,-1.126970
4.959763,-1.135673
4.922157,-1.144375
4.885486,-1.153078
4.849724,-1.161780
4.814847,-1.170483
4.780828,-1.179185
4.747646,-1.187888
4.715278,-1.196590
4.683702,-1.205293
4.652899,-1.213995
4.622848,-1.222697
4.593530,-1.231400
4.564927,-1.240102
4.537021,-1.248805
4.509796,-1.257507
4.483235,-1.266210
4.457323,-1.274912
4.432044,-1.283615
4.407383,-1.292317
4.383328,-1.301020
4.359864,-1.309722
4.336978,-1.318425
4.314659,-1.327127
4.292893,-1.335830
4.271669,-1.344532
4.250977,-1.353235
4.230804,-1.361937
4.211141,-1.370639
4.191978,-1.379342
4.173305,-1.388044
4.155112,-1.396747
4.137391,-1.405449
4.120133,-1.414152
4.103330,-1.422854
4.086973,-1.431557
4.071054,-1.440259
4.055567,-1.448962
4.040504,-1.457664
4.025858,-1.466367
4.011622,-1.475069
3.997790,-1.483772
3.984355,-1.492474
3.971311,-1.501177
3.958653,-1.509879
3.946376,-1.518582
3.934472,-1.527284
3.922939,-1.535986
3.911769,-1.544689
3.900959,-1.553391
3.890505,-1.562094
3.880401,-1.570796
