scan.pos:-2.886867,-3.961236,0.2852506.483214,1.562094
6.383752,1.553391
6.347484,1.544689
6.332562,1.535986
6.318191,1.527284
6.304363,1.518581
6.291073,1.509879
6.278317,1.501177
6.266088,1.492474
6.254383,1.483772
6.243196,1.475069
6.232522,1.466367
6.222358,1.457664
6.212699,1.448962
6.203542,1.440259
6.194883,1.431557
6.186719,1.422854
6.179046,1.414152
6.171861,1.405449
6.185306,1.396747
6.179070,1.388044
6.173316,1.379342
6.208217,1.370639
6.203389,1.361937
6.239156,1.353234
6.235261,1.344532
6.231844,1.335830
6.228906,1.327127
6.246461,1.318425
6.244469,1.309722
6.302969,1.301020
6.341924,1.292317
7.121364,1.283615
5.703030,0.935516
5.576327,0.926813
5.492660,0.918111
5.370591,0.909408
5.198226,0.900706
5.076063,0.892003
4.966177,0.883301
4.882139,0.874598
4.779247,0.865896
4.591300,0.857194
4.515132,0.848491
4.419312,0.839789
4.392167,0.831086
4.346325,0.822384
4.298063,0.813681
4.317140,0.804979
4.268979,0.796276
4.243386,0.787574
4.217877,0.778871
4.238251,0.770169
4.236134,0.761466
4.234319,0.752764
4.232810,0.744061
4.254982,0.735359
4.277713,0.726656
4.301018,0.717954
4.324910,0.709251
4.349401,0.700549
4.374507,0.691847
4.400241,0.683144
4.426619,0.674442
4.453656,0.665739
4.481369,0.657037
4.509775,0.648334
4.538891,0.639632
4.568735,0.630929
4.599327,0.622227
4.630687,0.613524
4.637223,0.604822
4.669999,0.596119
4.703602,0.587417
4.738057,0.578714
4.773386,0.570012
4.799431,0.561309
4.846768,0.552607
4.884877,0.543905
4.923966,0.535202
4.964068,0.526500
5.005213,0.517797
5.047433,0.509095
5.090762,0.500392
5.127053,0.491690
5.173855,0.482987
5.220389,0.474285
5.266689,0.465582
5.312789,0.456880
5.358721,0.448177
5.404517,0.439475
5.473212,0.430772
5.522267,0.422070
5.567650,0.413367
5.639077,0.404665
5.710155,0.395962
5.755251,0.387260
2.278283,0.378558
2.212097,0.369855
2.197284,0.361153
2.157842,0.352450
2.143905,0.343748
2.130308,0.335045
2.117043,0.326343
2.104102,0.317640
2.091476,0.308938
2.079158,0.300235
2.067141,0.291533
2.055417,0.282830
2.043981,0.274128
2.032825,0.265425
2.021943,0.256723
2.011330,0.248020
2.000978,0.239318
1.990884,0.230615
1.981042,0.221913
1.971445,0.213211
1.962090,0.204508
1.952971,0.195806
1.944084,0.187103
1.935424,0.178401
1.926987,0.169698
1.918768,0.160996
1.910765,0.152293
1.902972,0.143591
1.895386,0.134888
1.888004,0.126186
1.880822,0.117483
1.873836,0.108781
1.867043,0.100078
1.860441,0.091376
1.854026,0.082673
1.847796,0.073971
1.841747,0.065269
1.835876,0.056566
1.830182,0.047864
1.824662,0.039161
1.819313,0.030459
1.814133,0.021756
1.809120,0.013054
1.804272,0.004351
1.799586,-0.004351
1.795061,-0.013054
1.790694,-0.021756
1.786484,-0.030459
1.782430,-0.039161
1.778529,-0.047864
1.774780,-0.056566
1.771181,-0.065269
1.767731,-0.073971
1.764429,-0.082674
1.761273,-0.091376
1.758262,-0.100078
1.755394,-0.108781
1.752670,-0.117483
1.750086,-0.126186
1.747643,-0.134888
1.745340,-0.143591
1.743176,-0.152293
1.741149,-0.160996
1.739259,-0.169698
1.737505,-0.178401
1.735887,-0.187103
1.734404,-0.195806
1.733056,-0.204508
1.731841,-0.213211
1.730760,-0.221913
1.729812,-0.230616
1.728996,-0.239318
1.728312,-0.248021
1.727761,-0.256723
1.727342,-0.265425
1.727054,-0.274128
1.726898,-0.282830
1.726873,-0.291533
1.726980,-0.300235
1.727219,-0.308938
1.727589,-0.317640
1.728091,-0.326343
1.728724,-0.335045
1.729491,-0.343748
1.730389,-0.352450
1.731421,-0.361153
1.732585,-0.369855
1.733884,-0.378558
1.755414,-0.387260
1.757000,-0.395963
1.758722,-0.404665
1.800896,-0.413367
1.802940,-0.422070
1.805127,-0.430772
1.868147,-0.439475
1.911220,-0.448177
1.954560,-0.456880
1.957541,-0.465582
1.981032,-0.474285
1.984366,-0.482987
7.419888,-0.491690
7.433553,-0.500392
7.468335,-0.509095
7.483284,-0.517797
7.498866,-0.526500
7.515086,-0.535202
7.511279,-0.543905
7.487307,-0.552607
7.505333,-0.561310
7.524022,-0.570012
7.522504,-0.578714
7.542483,-0.587417
7.584135,-0.596119
7.605550,-0.604822
7.627670,-0.613524
7.650502,-0.622227
7.674058,-0.630929
7.698347,-0.639632
7.723381,-0.648334
7.749170,-0.657037
7.775726,-0.665739
7.789964,-0.831086
7.682604,-0.839789
7.570248,-0.848491
7.460827,-0.857194
7.378088,-0.865896
7.274251,-0.874599
7.172944,-0.883301
7.087500,-0.892003
6.991624,-0.900706
6.922539,-0.909408
6.831066,-0.918111
6.757931,-0.926813
6.671032,-0.935516
6.585922,-0.944218
6.527952,-0.952921
6.446346,-0.961623
6.386200,-0.970326
6.308324,-0.979028
6.258019,-0.987731
6.183075,-0.996433
6.132142,-1.005136
6.060390,-1.013838
5.989790,-1.022541
5.947477,-1.031243
5.877401,-1.039946
5.838274,-1.048648
5.772667,-1.057350
5.736062,-1.066053
5.696149,-1.074755
5.647351,-1.083458
5.599804,-1.092160
5.553471,-1.100863
5.508314,-1.109565
5.464298,-1.118268
5.421390,-1.126970
5.379557,-1.135673
5.338768,-1.144375
5.298994,-1.153078
5.260205,-1.161780
5.222374,-1.170483
5.185477,-1.179185
5.149486,-1.187888
5.114378,-1.196590
5.080130,-1.205293
5.046720,-1.213995
5.014125,-1.222697
4.982326,-1.231400
4.951302,-1.240102
4.921034,-1.248805
4.891505,-1.257507
4.862696,-1.266210
4.834590,-1.274912
4.807171,-1.283615
4.780424,-1.292317
4.754333,-1.301020
4.728883,-1.309722
4.704060,-1.318425
4.679851,-1.327127
4.656243,-1.335830
4.633223,-1.344532
4.610779,-1.353235
4.588899,-1.361937
4.567572,-1.370639
4.546786,-1.379342
4.526533,-1.388044
4.506800,-1.396747
4.487579,-1.405449
4.468861,-1.414152
4.450635,-1.422854
4.432894,-1.431557
4.415628,-1.440259
4.398830,-1.448962
4.382492,-1.457664
4.366606,-1.466367
4.351165,-1.475069
4.336162,-1.483772
4.321590,-1.492474
4.307443,-1.501177
4.293714,-1.509879
4.280396,-1.518582
4.267486,-1.527284
4.254976,-1.535986
4.242861,-1.544689
4.231136,-1.553391
4.219797,-1.562094
4.208838,-1.570796
