scan.pos:-2.311112,-3.792398,0.2852506.203055,1.562094
6.187457,1.553391
6.172405,1.544689
6.157895,1.535986
6.143919,1.527284
6.130473,1.518581
6.117550,1.509879
6.105146,1.501177
6.113728,1.492474
6.102307,1.483772
6.091392,1.475069
6.121705,1.466367
6.111722,1.457664
6.142832,1.448962
6.133778,1.440259
6.125216,1.431557
6.117144,1.422854
6.129746,1.414152
6.122619,1.405449
6.156260,1.396747
6.210423,1.388044
6.425789,1.379342
6.560911,1.370639
7.218175,1.361937
7.771423,1.118268
7.762379,1.109565
7.774219,1.100863
7.745986,1.092160
7.759022,1.083458
7.772695,1.074755
7.787010,1.066053
5.299734,1.022541
5.130871,1.013838
5.055742,1.005136
4.817181,0.996433
4.688338,0.987731
4.559825,0.979028
4.422233,0.970326
4.159501,0.961623
4.066052,0.952921
4.014706,0.944218
3.963355,0.935516
3.933290,0.926813
3.924706,0.918111
3.873474,0.909408
3.843711,0.900706
3.857223,0.892003
3.827781,0.883301
3.820170,0.874598
3.834628,0.865896
3.805651,0.857194
3.820751,0.848491
3.836264,0.839789
3.852198,0.831086
3.868561,0.822384
3.885360,0.813681
3.902605,0.804979
3.920303,0.796276
3.926437,0.787574
3.957096,0.778871
3.976210,0.770169
3.995816,0.761466
4.015923,0.752764
4.036542,0.744061
4.057684,0.735359
4.079362,0.726656
4.101587,0.717954
4.124371,0.709251
4.147727,0.700549
4.147641,0.691847
4.172040,0.683144
4.197050,0.674442
4.222685,0.665739
4.248960,0.657037
4.275893,0.648334
4.303499,0.639632
4.331796,0.630929
4.360801,0.622227
4.390534,0.613524
4.421015,0.604822
4.452262,0.596119
4.484299,0.587417
4.517147,0.578714
4.550828,0.570012
4.585368,0.561309
4.620790,0.552607
4.657122,0.543905
4.694389,0.535202
4.732621,0.526500
4.771847,0.517797
1.659473,0.509095
1.657404,0.500392
1.623493,0.491690
1.609585,0.482987
1.596033,0.474285
1.582828,0.465582
1.569957,0.456880
1.557412,0.448177
1.545183,0.439475
1.533259,0.430772
1.521634,0.422070
1.510298,0.413367
1.499242,0.404665
1.488460,0.395962
1.477943,0.387260
1.467686,0.378558
1.457679,0.369855
1.447918,0.361153
1.438396,0.352450
1.429106,0.343748
1.420042,0.335045
1.411200,0.326343
1.402573,0.317640
1.394157,0.308938
1.385946,0.300235
1.377935,0.291533
1.370120,0.282830
1.362497,0.274128
1.355060,0.265425
1.347807,0.256723
1.340732,0.248020
1.316518,0.239318
1.324780,0.230615
1.320542,0.221913
1.314145,0.213211
1.307909,0.204508
1.301831,0.195806
1.295907,0.187103
1.290134,0.178401
1.284510,0.169698
1.279032,0.160996
1.273697,0.152293
1.268502,0.143591
1.263445,0.134888
1.258524,0.126186
1.253737,0.117483
1.249080,0.108781
1.244552,0.100078
1.240151,0.091376
1.235875,0.082673
1.231722,0.073971
1.227690,0.065269
1.223777,0.056566
1.219981,0.047864
1.216301,0.039161
1.212736,0.030459
1.209283,0.021756
1.205941,0.013054
1.202709,0.004351
1.199586,-0.004351
1.196569,-0.013054
1.193659,-0.021756
1.190852,-0.030459
1.188150,-0.039161
1.185549,-0.047864
1.183050,-0.056566
1.180652,-0.065269
1.178352,-0.073971
1.176151,-0.082674
1.174047,-0.091376
1.172040,-0.100078
1.170128,-0.108781
1.168312,-0.117483
1.166590,-0.126186
1.164962,-0.134888
1.163426,-0.143591
1.161983,-0.152293
1.160632,-0.160996
1.159372,-0.169698
1.158204,-0.178401
1.157125,-0.187103
1.156137,-0.195806
1.155238,-0.204508
1.154428,-0.213211
1.153707,-0.221913
1.153075,-0.230616
1.152531,-0.239318
1.152076,-0.248021
1.151708,-0.256723
1.151429,-0.265425
1.151237,-0.274128
1.151133,-0.282830
1.151116,-0.291533
1.151188,-0.300235
1.151347,-0.308938
1.151593,-0.317640
1.151928,-0.326343
1.152350,-0.335045
1.152861,-0.343748
1.153460,-0.352450
1.154148,-0.361153
1.154924,-0.369855
1.155789,-0.378558
1.156744,-0.387260
1.157789,-0.395963
1.158924,-0.404665
1.160150,-0.413367
1.161467,-0.422070
1.162875,-0.430772
1.164376,-0.439475
1.165969,-0.448177
1.167656,-0.456880
1.169437,-0.465582
1.171313,-0.474285
1.173284,-0.482987
1.175351,-0.491690
1.177516,-0.500392
1.179779,-0.509095
1.182140,-0.517797
1.184602,-0.526500
1.187164,-0.535202
1.189828,-0.543905
1.192595,-0.552607
1.195467,-0.561310
1.219266,-0.570012
1.222403,-0.578714
1.225649,-0.587417
1.229007,-0.596119
1.232478,-0.604822
1.278280,-0.613524
1.282107,-0.622227
1.392242,-0.630929
1.396649,-0.639632
1.401191,-0.648334
1.448760,-0.657037
1.475244,-0.665739
1.480430,-0.674442
7.207287,-0.683144
7.233912,-0.691847
7.261291,-0.700549
7.289433,-0.709252
7.318356,-0.717954
7.348070,-0.726657
7.378590,-0.735359
7.409932,-0.744061
7.442110,-0.752764
7.475141,-0.761466
7.509040,-0.770169
7.543826,-0.778871
7.579515,-0.787574
7.661931,-0.796276
7.699708,-0.804979
7.738453,-0.813681
7.778186,-0.822384
7.778442,-0.857194
7.671180,-0.865896
7.578714,-0.874599
7.476187,-0.883301
7.387009,-0.892003
7.288763,-0.900706
7.192790,-0.909408
7.114623,-0.918111
7.023596,-0.926813
6.959626,-0.935516
6.872601,-0.944218
6.805859,-0.952921
6.723031,-0.961623
6.641824,-0.970326
6.588141,-0.979028
6.505298,-0.987731
6.455581,-0.996433
6.381037,-1.005136
6.307768,-1.013838
6.259872,-1.022541
6.189685,-1.031243
6.148013,-1.039946
6.078866,-1.048648
6.012536,-1.057350
5.975262,-1.066053
5.934274,-1.074755
5.883435,-1.083458
5.833901,-1.092160
5.785631,-1.100863
5.738586,-1.109565
5.692730,-1.118268
5.648028,-1.126970
5.604446,-1.135673
5.561953,-1.144375
5.520515,-1.153078
5.480105,-1.161780
5.440693,-1.170483
5.402253,-1.179185
5.364758,-1.187888
5.328182,-1.196590
5.292502,-1.205293
5.257695,-1.213995
5.223738,-1.222697
5.190609,-1.231400
5.158288,-1.240102
5.126755,-1.248805
5.095992,-1.257507
5.065978,-1.266210
5.036697,-1.274912
5.008132,-1.283615
4.980267,-1.292317
4.953085,-1.301020
4.926571,-1.309722
4.900711,-1.318425
4.875490,-1.327127
4.850895,-1.335830
4.826912,-1.344532
4.803530,-1.353235
4.780735,-1.361937
4.758516,-1.370639
4.736863,-1.379342
4.715762,-1.388044
4.695205,-1.396747
4.675180,-1.405449
4.655679,-1.414152
4.636692,-1.422854
4.618208,-1.431557
4.600221,-1.440259
4.582721,-1.448962
4.565700,-1.457664
4.549150,-1.466367
4.533063,-1.475069
4.517433,-1.483772
4.502252,-1.492474
4.487513,-1.501177
4.473210,-1.509879
4.459336,-1.518582
4.445886,-1.527284
4.432853,-1.535986
4.420231,-1.544689
4.408017,-1.553391
4.396203,-1.562094
4.384786,-1.570796
