scan.pos:7.040153,3.901565,-1.9147500.998482,1.562094
1.001651,1.553391
1.004917,1.544689
1.008282,1.535986
1.011746,1.527284
1.015312,1.518581
1.018981,1.509879
1.022755,1.501177
1.026635,1.492474
1.030623,1.483772
1.034722,1.475069
1.038933,1.466367
1.043258,1.457664
1.047700,1.448962
1.052260,1.440259
1.056940,1.431557
1.061744,1.422854
1.066673,1.414152
1.071730,1.405449
1.076918,1.396747
1.082238,1.388044
1.087695,1.379342
1.093291,1.370639
1.099029,1.361937
1.104913,1.353234
1.110944,1.344532
1.117127,1.335830
1.123466,1.327127
1.129963,1.318425
1.136623,1.309722
1.143450,1.301020
1.150447,1.292317
1.157619,1.283615
1.164971,1.274912
1.172506,1.266210
1.180230,1.257507
1.188147,1.248805
1.196263,1.240102
1.204583,1.231400
1.213113,1.222697
1.221858,1.213995
1.230824,1.205292
1.240018,1.196590
1.249446,1.187888
1.259115,1.179185
1.269033,1.170483
1.279206,1.161780
1.289643,1.153078
1.300351,1.144375
1.311339,1.135673
1.322617,1.126970
1.324582,1.118268
1.341196,1.109565
1.357630,1.100863
1.346417,1.092160
1.362743,1.083458
1.378911,1.074755
1.394927,1.066053
1.414259,1.057350
1.430503,1.048648
1.451328,1.039945
1.441817,1.031243
1.464156,1.022541
1.481179,1.013838
1.504906,1.005136
1.522295,0.996433
1.547488,0.987731
1.565303,0.979028
1.567236,0.970326
1.585696,0.961623
1.614250,0.952921
1.633262,0.944218
1.639364,0.935516
1.683215,0.926813
1.691479,0.918111
1.711976,0.909408
1.746321,0.900706
1.767629,0.892003
1.789048,0.883301
1.826378,0.874598
1.848765,0.865896
1.865484,0.857194
1.912017,0.848491
1.931611,0.839789
1.956458,0.831086
2.004199,0.822384
2.028144,0.813681
2.054771,0.804979
2.104091,0.796276
2.132961,0.787574
2.183893,0.778871
2.216758,0.770169
2.269579,0.761466
2.300997,0.752764
2.361891,0.744061
2.395833,0.735359
2.461704,0.726656
2.498574,0.717954
2.557911,0.709251
2.631734,0.700549
2.673170,0.691847
2.673415,0.683144
2.651120,0.674442
2.656649,0.665739
2.643100,0.657037
2.648238,0.648334
2.640942,0.639632
2.633887,0.630929
2.627068,0.622227
2.620484,0.613524
2.614131,0.604822
2.608007,0.596119
2.602110,0.587417
2.596437,0.578714
2.590985,0.570012
2.585752,0.561309
2.580736,0.552607
2.535074,0.543905
2.530560,0.535202
2.526253,0.526500
2.522154,0.517797
2.518259,0.509095
2.494301,0.500392
2.490839,0.491690
2.487576,0.482987
2.484510,0.474285
2.481641,0.465582
2.478967,0.456880
2.476487,0.448177
2.474200,0.439475
2.472106,0.430772
2.470203,0.422070
2.468491,0.413367
2.466969,0.404665
2.465636,0.395962
2.464493,0.387260
2.463537,0.378558
2.462771,0.369855
2.462192,0.361153
2.461801,0.352450
2.461597,0.343748
2.461581,0.335045
2.461753,0.326343
2.462111,0.317640
2.462658,0.308938
2.463392,0.300235
2.464315,0.291533
2.465426,0.282830
2.466727,0.274128
2.468216,0.265425
2.469896,0.256723
2.471766,0.248020
2.473827,0.239318
2.476081,0.230615
2.478528,0.221913
2.440850,0.213211
2.443640,0.204508
2.446622,0.195806
2.449799,0.187103
2.453171,0.178401
2.456739,0.169698
2.460506,0.160996
2.444118,0.152293
2.427862,0.143591
2.432160,0.134888
2.436659,0.126186
2.441361,0.117483
2.446267,0.108781
2.451381,0.100078
2.456703,0.091376
2.462237,0.082673
2.467984,0.073971
2.473947,0.065269
2.480128,0.056566
2.486529,0.047864
2.493154,0.039161
2.500006,0.030459
2.502669,0.021756
2.514400,0.013054
2.521948,0.004351
2.529735,-0.004351
2.537764,-0.013054
2.546039,-0.021756
2.554563,-0.030459
2.563340,-0.039161
2.572374,-0.047864
2.581670,-0.056566
2.591231,-0.065269
2.601061,-0.073971
2.611167,-0.082674
2.621551,-0.091376
2.632220,-0.100078
2.643178,-0.108781
2.654431,-0.117483
2.665984,-0.126186
2.677842,-0.134888
2.690012,-0.143591
2.702501,-0.152293
2.715313,-0.160996
2.728456,-0.169698
2.741938,-0.178401
2.755763,-0.187103
2.769941,-0.195806
2.784479,-0.204508
2.799384,-0.213211
2.814666,-0.221913
2.830332,-0.230616
2.846391,-0.239318
2.848274,-0.248021
2.837322,-0.256723
2.865025,-0.265425
2.881002,-0.274128
2.888400,-0.282830
2.907056,-0.291533
2.918242,-0.300235
2.914423,-0.308938
2.911303,-0.317640
2.952895,-0.326343
2.952032,-0.335045
2.971831,-0.343748
2.999023,-0.352450
2.524905,-0.361153
2.339938,-0.369855
2.308469,-0.378558
2.304924,-0.387260
2.278678,-0.395963
2.250252,-0.404665
2.197284,-0.413367
2.226804,-0.422070
2.201544,-0.430772
2.176311,-0.439475
2.170274,-0.448177
2.151715,-0.456880
2.133631,-0.465582
2.116008,-0.474285
2.153342,-0.482987
2.136166,-0.491690
2.119421,-0.500392
2.103096,-0.509095
2.113596,-0.517797
2.124098,-0.526500
2.134607,-0.535202
2.119283,-0.543905
2.155657,-0.552607
2.140723,-0.561310
2.126154,-0.570012
2.137082,-0.578714
2.173003,-0.587417
2.158994,-0.596119
2.169984,-0.604822
2.230008,-0.613524
2.240755,-0.622227
2.251543,-0.630929
2.238307,-0.639632
2.273249,-0.648334
2.284173,-0.657037
2.271488,-0.665739
2.329707,-0.674442
2.340665,-0.683144
2.328403,-0.691847
2.339607,-0.700549
2.327829,-0.709252
2.339276,-0.717954
2.373611,-0.726657
2.394966,-0.735359
2.423498,-0.744061
2.452523,-0.752764
2.436822,-0.761466
2.468106,-0.770169
2.477796,-0.778871
2.513024,-0.787574
2.547447,-0.796276
2.538769,-0.804979
2.558987,-0.813681
2.575573,-0.822384
2.571621,-0.831086
2.600153,-0.839789
2.621784,-0.848491
2.601902,-0.857194
2.640157,-0.865896
2.644278,-0.874599
2.697478,-0.883301
2.683515,-0.892003
2.718882,-0.900706
2.735461,-0.909408
2.715044,-0.918111
2.780991,-0.926813
2.808028,-0.935516
2.796751,-0.944218
2.821253,-0.952921
2.820009,-0.961623
2.854774,-0.970326
2.848319,-0.979028
2.883296,-0.987731
2.897792,-0.996433
2.932958,-1.005136
3.050085,-1.013838
3.187431,-1.022541
3.344914,-1.031243
5.960230,-1.222697
5.640190,-1.231400
5.600579,-1.240102
5.601396,-1.248805
5.602639,-1.257507
5.604310,-1.266210
5.606409,-1.274912
5.608937,-1.283615
5.611895,-1.292317
5.615283,-1.301020
5.619104,-1.309722
5.623359,-1.318425
5.628049,-1.327127
5.633177,-1.335830
5.638743,-1.344532
5.644751,-1.353235
5.651202,-1.361937
5.698514,-1.370639
5.705913,-1.379342
5.754288,-1.388044
5.762659,-1.396747
5.771494,-1.405449
5.801152,-1.414152
5.810961,-1.422854
5.821248,-1.431557
5.832016,-1.440259
5.843270,-1.448962
5.855014,-1.457664
5.867253,-1.466367
5.879992,-1.475069
5.893237,-1.483772
5.906992,-1.492474
5.921263,-1.501177
5.936057,-1.509879
5.930497,-1.518582
5.904424,-1.527284
5.920650,-1.535986
5.937419,-1.544689
5.954738,-1.553391
5.972614,-1.562094
5.991056,-1.570796
