scan.pos:-2.046823,5.781667,1.6352505.965564,1.562094
5.962433,1.553391
5.959758,1.544689
5.957540,1.535986
5.955777,1.527284
5.954468,1.518581
5.953612,1.509879
5.953211,1.501177
5.953262,1.492474
5.953768,1.483772
5.954727,1.475069
5.956139,1.466367
5.958006,1.457664
5.960329,1.448962
5.963108,1.440259
5.966343,1.431557
5.970037,1.422854
5.974191,1.414152
5.978806,1.405449
5.983885,1.396747
5.989429,1.388044
5.995440,1.379342
6.001920,1.370639
6.008873,1.361937
6.016300,1.353234
3.595571,1.344532
3.316841,1.335830
3.179641,1.327127
3.062598,1.318425
2.823250,1.309722
2.746485,1.301020
2.669662,1.292317
2.572290,1.283615
2.413213,1.274912
2.335895,1.266210
2.299625,1.257507
2.160174,1.248805
2.103014,1.240102
2.066486,1.231400
1.946796,1.222697
1.910016,1.213995
1.873193,1.205292
1.857267,1.196590
1.736363,1.187888
1.720244,1.179185
1.725291,1.170483
1.730500,1.161780
1.714616,1.153078
1.698762,1.144375
1.597354,1.135673
1.581262,1.126970
1.586723,1.118268
1.549108,1.109565
1.533037,1.100863
1.538742,1.092160
1.544608,1.083458
1.550637,1.074755
1.534800,1.066053
1.541074,1.057350
1.547519,1.048648
1.531826,1.039945
1.516114,1.031243
1.522887,1.022541
1.507226,1.013838
1.508561,1.005136
1.505141,0.996433
1.498950,0.987731
1.493229,0.979028
1.487961,0.970326
1.467368,0.961623
1.487058,0.952921
1.483864,0.944218
1.467303,0.935516
1.489317,0.926813
1.488032,0.918111
1.499297,0.909408
1.499465,0.900706
1.475612,0.892003
1.466206,0.883301
1.492457,0.874598
1.494520,0.865896
1.513476,0.857194
1.516886,0.848491
1.513296,0.839789
1.543353,0.831086
1.548408,0.822384
1.548054,0.813681
1.554258,0.804979
1.587003,0.796276
1.589855,0.787574
1.597722,0.778871
1.602748,0.770169
1.638822,0.761466
1.646238,0.752764
1.656672,0.744061
1.667462,0.735359
1.649985,0.726656
1.633578,0.717954
1.629420,0.709251
1.643428,0.700549
1.629664,0.691847
1.643683,0.683144
1.657599,0.674442
1.644423,0.665739
1.631578,0.657037
1.645633,0.648334
1.655630,0.639632
1.643719,0.630929
1.663428,0.622227
1.678260,0.613524
1.699397,0.604822
1.689193,0.596119
1.679290,0.587417
1.702767,0.578714
1.718776,0.570012
1.719066,0.561309
1.760381,0.552607
1.776913,0.543905
1.804264,0.535202
1.821410,0.526500
1.850603,0.517797
1.868441,0.509095
1.886340,0.500392
1.918216,0.491690
1.936925,0.482987
1.970977,0.474285
1.990598,0.465582
2.033504,0.456880
2.093689,0.448177
2.091394,0.439475
2.135131,0.430772
2.175828,0.422070
2.197936,0.413367
2.242816,0.404665
2.287556,0.395962
2.311374,0.387260
2.357771,0.378558
2.451377,0.369855
2.433110,0.361153
2.415700,0.352450
2.405257,0.343748
2.412561,0.335045
2.398994,0.326343
2.374577,0.317640
2.385965,0.308938
2.376885,0.300235
2.361451,0.291533
2.356346,0.282830
2.352609,0.274128
2.329140,0.265425
2.327506,0.256723
2.330275,0.248020
2.313876,0.239318
2.304402,0.230615
2.315300,0.221913
2.307757,0.213211
2.302904,0.204508
2.277950,0.195806
2.272650,0.187103
2.267548,0.178401
2.262640,0.169698
2.257926,0.160996
2.253402,0.152293
2.249067,0.143591
2.244920,0.134888
2.240957,0.126186
2.237180,0.117483
2.233584,0.108781
2.230170,0.100078
2.226935,0.091376
2.223879,0.082673
2.221000,0.073971
2.218298,0.065269
2.215770,0.056566
2.213417,0.047864
2.211237,0.039161
2.209229,0.030459
2.207393,0.021756
2.205727,0.013054
2.204232,0.004351
2.202907,-0.004351
2.201751,-0.013054
2.200763,-0.021756
2.199944,-0.030459
2.199292,-0.039161
2.198809,-0.047864
2.198493,-0.056566
2.198345,-0.065269
2.198364,-0.073971
2.198551,-0.082674
2.198905,-0.091376
2.199426,-0.100078
2.200116,-0.108781
2.200974,-0.117483
2.202000,-0.126186
2.203194,-0.134888
2.204559,-0.143591
2.206092,-0.152293
2.207797,-0.160996
2.209672,-0.169698
2.211719,-0.178401
2.213939,-0.187103
2.216332,-0.195806
2.218899,-0.204508
2.221642,-0.213211
2.224561,-0.221913
2.227658,-0.230616
2.230933,-0.239318
2.234389,-0.248021
2.238026,-0.256723
2.241846,-0.265425
2.245850,-0.274128
2.250040,-0.282830
2.254418,-0.291533
2.258985,-0.300235
2.263744,-0.308938
2.268696,-0.317640
2.273843,-0.326343
2.279187,-0.335045
2.284731,-0.343748
2.290477,-0.352450
2.296427,-0.361153
2.302584,-0.369855
2.308951,-0.378558
2.315529,-0.387260
2.322323,-0.395963
2.329334,-0.404665
2.336566,-0.413367
2.344023,-0.422070
2.351707,-0.430772
2.359621,-0.439475
2.367770,-0.448177
2.376158,-0.456880
2.384786,-0.465582
2.393661,-0.474285
2.402786,-0.482987
2.412165,-0.491690
2.421803,-0.500392
2.431704,-0.509095
2.441873,-0.517797
2.452315,-0.526500
2.463035,-0.535202
2.474038,-0.543905
2.485330,-0.552607
2.496917,-0.561310
2.508804,-0.570012
2.520998,-0.578714
2.533505,-0.587417
2.546331,-0.596119
2.559484,-0.604822
2.572971,-0.613524
2.586798,-0.622227
2.600974,-0.630929
2.615507,-0.639632
2.630404,-0.648334
2.645674,-0.657037
2.661327,-0.665739
2.677371,-0.674442
2.693816,-0.683144
2.710673,-0.691847
2.727950,-0.700549
2.745660,-0.709252
2.763812,-0.717954
2.782420,-0.726657
2.801495,-0.735359
2.821049,-0.744061
2.841097,-0.752764
2.861650,-0.761466
2.882725,-0.770169
2.904335,-0.778871
2.926496,-0.787574
2.949224,-0.796276
2.972535,-0.804979
2.996449,-0.813681
3.020982,-0.822384
3.046154,-0.831086
3.071985,-0.839789
3.098496,-0.848491
3.111762,-0.857194
3.144872,-0.865896
3.178233,-0.874599
3.184436,-0.883301
3.218591,-0.892003
3.253064,-0.900706
3.287879,-0.909408
3.323062,-0.918111
3.358639,-0.926813
3.394638,-0.935516
3.431085,-0.944218
3.468010,-0.952921
3.505441,-0.961623
3.543410,-0.970326
3.581947,-0.979028
3.621085,-0.987731
3.660858,-0.996433
3.701301,-1.005136
3.742450,-1.013838
3.784344,-1.022541
3.851348,-1.031243
3.894710,-1.039946
3.938946,-1.048648
4.008001,-1.057350
4.053992,-1.066053
4.101007,-1.074755
4.172604,-1.083458
4.221706,-1.092160
4.295264,-1.100863
4.346707,-1.109565
4.422506,-1.118268
4.476574,-1.126970
4.554927,-1.135673
4.634632,-1.144375
4.715784,-1.153078
4.798485,-1.161780
4.882843,-1.170483
4.968975,-1.179185
5.057002,-1.187888
5.147056,-1.196590
5.239280,-1.205293
5.355751,-1.213995
5.452696,-1.222697
1.240230,-1.231400
1.127267,-1.240102
1.123211,-1.248805
1.119269,-1.257507
1.072537,-1.266210
1.047582,-1.274912
1.044180,-1.283615
1.040879,-1.292317
1.037677,-1.301020
1.034574,-1.309722
1.031567,-1.318425
1.028656,-1.327127
0.983969,-1.335830
0.981356,-1.344532
0.978832,-1.353235
0.976395,-1.361937
0.974044,-1.370639
0.971778,-1.379342
0.969596,-1.388044
0.967498,-1.396747
0.965482,-1.405449
0.963547,-1.414152
0.961694,-1.422854
0.959920,-1.431557
0.958226,-1.440259
0.956611,-1.448962
0.955073,-1.457664
0.953614,-1.466367
0.952230,-1.475069
0.950924,-1.483772
0.949693,-1.492474
0.948537,-1.501177
0.947456,-1.509879
0.946450,-1.518582
0.945518,-1.527284
0.944659,-1.535986
0.943874,-1.544689
0.943162,-1.553391
0.942523,-1.562094
0.941956,-1.570796
