scan.pos:-4.510615,-4.511353,0.7852504.934821,1.562094
4.968493,1.553391
5.000832,1.544689
5.062424,1.535986
1.613224,1.527284
1.600266,1.518581
1.533817,1.509879
1.521920,1.501177
1.510320,1.492474
1.499009,1.483772
1.487979,1.475069
1.477222,1.466367
1.415266,1.457664
1.405391,1.448962
1.395759,1.440259
1.361156,1.431557
1.352156,1.422854
1.343376,1.414152
1.334810,1.405449
1.326453,1.396747
1.318300,1.388044
1.310346,1.379342
1.302585,1.370639
1.295014,1.361937
1.287629,1.353234
1.280423,1.344532
1.273395,1.335830
1.266539,1.327127
1.259852,1.318425
1.253330,1.309722
1.246970,1.301020
1.240768,1.292317
1.234721,1.283615
1.228826,1.274912
1.223079,1.266210
1.217479,1.257507
1.212021,1.248805
1.206703,1.240102
1.201523,1.231400
1.196478,1.222697
1.191566,1.213995
1.186784,1.205292
1.182129,1.196590
1.177601,1.187888
1.173195,1.179185
1.168912,1.170483
1.164748,1.161780
1.160701,1.153078
1.156771,1.144375
1.110252,1.135673
1.106685,1.126970
1.103225,1.118268
1.099869,1.109565
1.096618,1.100863
1.093468,1.092160
1.090419,1.083458
1.087470,1.074755
1.084619,1.066053
1.081865,1.057350
1.079208,1.048648
1.076645,1.039945
1.074175,1.031243
1.071799,1.022541
1.069514,1.013838
1.067320,1.005136
1.065216,0.996433
1.063201,0.987731
1.061274,0.979028
1.059435,0.970326
1.057682,0.961623
1.056016,0.952921
1.054435,0.944218
1.052939,0.935516
1.051527,0.926813
1.050199,0.918111
1.048954,0.909408
1.047791,0.900706
1.046711,0.892003
1.045712,0.883301
1.044795,0.874598
1.043959,0.865896
1.043204,0.857194
1.042529,0.848491
1.041934,0.839789
1.041419,0.831086
1.040984,0.822384
1.040629,0.813681
1.040352,0.804979
1.040156,0.796276
1.040038,0.787574
1.040000,0.778871
1.040041,0.770169
1.040161,0.761466
1.040361,0.752764
1.040639,0.744061
1.040998,0.735359
1.041435,0.726656
1.041953,0.717954
1.042550,0.709251
1.043228,0.700549
1.043986,0.691847
1.044825,0.683144
1.045745,0.674442
1.046746,0.665739
1.047829,0.657037
1.048995,0.648334
1.050243,0.639632
1.051574,0.630929
1.052988,0.622227
1.054487,0.613524
1.056071,0.604822
1.057741,0.596119
1.059496,0.587417
1.061338,0.578714
1.063268,0.570012
1.065286,0.561309
1.067393,0.552607
1.069590,0.543905
1.071878,0.535202
1.074257,0.526500
1.076730,0.517797
1.079296,0.509095
1.081957,0.500392
1.084715,0.491690
1.087569,0.482987
1.090521,0.474285
1.093573,0.465582
1.096726,0.456880
1.099982,0.448177
1.103341,0.439475
1.106805,0.430772
1.110375,0.422070
1.114054,0.413367
1.117843,0.404665
1.121743,0.395962
1.125757,0.387260
1.129886,0.378558
1.134132,0.369855
1.138497,0.361153
1.142983,0.352450
1.191730,0.343748
1.196647,0.335045
1.268458,0.326343
1.273931,0.317640
1.346893,0.308938
1.352963,0.300235
1.359191,0.291533
1.365582,0.282830
1.372138,0.274128
7.006438,0.248020
6.874423,0.239318
6.767162,0.230615
6.708509,0.221913
6.627997,0.213211
6.548997,0.204508
6.423455,0.195806
6.322831,0.187103
6.247460,0.178401
6.173286,0.169698
6.100240,0.160996
6.028256,0.152293
5.882623,0.143591
5.812090,0.134888
5.742426,0.126186
5.724341,0.117483
5.682157,0.108781
5.666783,0.100078
5.652813,0.091376
5.602660,0.082673
5.644217,0.073971
5.607320,0.065269
5.650411,0.056566
5.640774,0.047864
5.685679,0.039161
5.731744,0.030459
5.779006,0.021756
5.827500,0.013054
5.877267,0.004351
5.926226,-0.004351
5.970156,-0.013054
6.015495,-0.021756
6.089817,-0.030459
6.140286,-0.039161
6.161659,-0.047864
6.220373,-0.056566
6.272720,-0.065269
6.334188,-0.073971
6.420667,-0.082674
6.466839,-0.091376
6.553020,-0.100078
6.600834,-0.108781
6.690477,-0.117483
6.755877,-0.126186
6.832730,-0.134888
6.925085,-0.143591
7.010041,-0.152293
7.085998,-0.160996
7.156398,-0.169698
7.267053,-0.178401
7.340436,-0.187103
7.440818,-0.195806
7.444964,-0.204508
7.463120,-0.213211
7.482860,-0.221913
7.494818,-0.230616
7.565569,-0.239318
7.614243,-0.248021
4.074037,-0.256723
3.984087,-0.265425
3.872363,-0.274128
3.853490,-0.282830
3.812336,-0.291533
3.794508,-0.300235
3.777132,-0.308938
3.760200,-0.317640
3.743702,-0.326343
3.727632,-0.335045
3.711980,-0.343748
3.696740,-0.352450
3.681903,-0.361153
3.667463,-0.369855
3.653413,-0.378558
3.639747,-0.387260
3.626457,-0.395963
3.613539,-0.404665
3.600985,-0.413367
3.588791,-0.422070
3.576950,-0.430772
3.565458,-0.439475
3.554310,-0.448177
3.543499,-0.456880
3.533023,-0.465582
3.522876,-0.474285
3.513054,-0.482987
3.503552,-0.491690
3.494367,-0.500392
3.485495,-0.509095
3.476932,-0.517797
3.468675,-0.526500
3.460719,-0.535202
3.453062,-0.543905
3.445701,-0.552607
3.438633,-0.561310
3.431854,-0.570012
3.425362,-0.578714
3.419155,-0.587417
3.413229,-0.596119
3.407584,-0.604822
3.402215,-0.613524
3.397122,-0.622227
3.392302,-0.630929
3.387753,-0.639632
3.383473,-0.648334
3.379462,-0.657037
3.375716,-0.665739
3.392365,-0.674442
3.389129,-0.683144
3.426341,-0.691847
3.423599,-0.700549
3.481307,-0.709252
3.519151,-0.717954
3.557218,-0.726657
3.575488,-0.735359
3.754164,-0.744061
3.832931,-0.752764
7.790512,-1.248805
7.664650,-1.257507
7.543016,-1.266210
7.402621,-1.274912
7.292069,-1.283615
7.182262,-1.292317
7.052752,-1.301020
6.955420,-1.309722
6.855660,-1.318425
6.743194,-1.327127
6.649535,-1.335830
6.558369,-1.344532
6.479792,-1.353235
6.394020,-1.361937
6.310383,-1.370639
6.217149,-1.379342
6.138080,-1.388044
6.074818,-1.396747
6.000057,-1.405449
5.917659,-1.414152
5.846697,-1.422854
5.777233,-1.431557
5.726774,-1.440259
5.660807,-1.448962
5.589572,-1.457664
5.526660,-1.466367
5.459404,-1.475069
5.399294,-1.483772
5.362061,-1.492474
5.304721,-1.501177
5.244868,-1.509879
5.189900,-1.518582
5.133328,-1.527284
5.107892,-1.535986
5.054634,-1.544689
5.004086,-1.553391
4.953755,-1.562094
4.932961,-1.570796
