scan.pos:2.914782,6.152900,-0.3647501.955764,1.562094
1.962377,1.553391
1.969186,1.544689
1.976193,1.535986
1.983402,1.527284
1.990816,1.518581
1.998439,1.509879
2.006273,1.501177
2.014323,1.492474
2.022592,1.483772
2.031085,1.475069
2.039806,1.466367
2.048758,1.457664
2.057947,1.448962
2.067377,1.440259
2.077052,1.431557
2.086978,1.422854
2.097161,1.414152
2.107604,1.405449
2.118313,1.396747
2.129295,1.388044
2.140556,1.379342
2.152101,1.370639
2.163937,1.361937
2.176070,1.353234
2.188508,1.344532
2.201257,1.335830
2.214325,1.327127
2.227721,1.318425
2.241451,1.309722
2.255524,1.301020
2.269949,1.292317
2.284734,1.283615
2.299890,1.274912
2.315426,1.266210
2.331352,1.257507
2.347678,1.248805
2.364416,1.240102
2.381577,1.231400
2.399174,1.222697
2.417217,1.213995
2.435721,1.205292
2.454699,1.196590
2.474164,1.187888
2.494133,1.179185
2.514619,1.170483
2.535640,1.161780
2.557210,1.153078
2.579350,1.144375
2.591055,1.135673
2.600554,1.126970
2.638277,1.118268
2.648768,1.109565
2.687061,1.100863
2.698609,1.092160
2.737562,1.083458
2.776777,1.074755
2.794332,1.066053
2.808719,1.057350
2.849794,1.048648
2.891248,1.039945
2.907520,1.031243
2.957001,1.022541
2.975254,1.013838
3.019436,1.005136
3.039255,0.996433
3.084735,0.987731
3.116001,0.979028
3.163504,0.970326
3.211723,0.961623
3.236552,0.952921
3.286488,0.944218
3.326155,0.935516
3.378629,0.926813
3.408471,0.918111
3.463088,0.909408
3.518804,0.900706
3.575683,0.892003
3.627440,0.883301
3.687705,0.874598
3.726485,0.865896
3.789754,0.857194
3.854600,0.848491
3.921122,0.839789
3.988389,0.831086
4.059537,0.822384
4.132719,0.813681
4.208062,0.804979
4.285705,0.796276
4.365798,0.787574
4.453660,0.778871
4.540296,0.770169
4.629947,0.761466
4.722821,0.752764
4.840730,0.744061
4.940676,0.735359
5.044591,0.726656
5.166879,0.717954
5.281140,0.709251
5.379186,0.700549
5.376949,0.691847
5.360220,0.683144
5.329638,0.674442
5.314001,0.665739
5.299531,0.657037
5.285542,0.648334
5.272026,0.639632
5.258979,0.630929
5.246395,0.622227
5.234268,0.613524
5.222594,0.604822
5.211369,0.596119
5.200586,0.587417
5.190243,0.578714
5.180334,0.570012
5.170856,0.561309
5.161805,0.552607
5.153178,0.543905
5.144970,0.535202
5.137179,0.526500
5.129802,0.517797
5.122835,0.509095
5.116277,0.500392
5.110124,0.491690
5.104373,0.482987
5.099024,0.474285
5.094074,0.465582
5.089520,0.456880
5.085361,0.448177
5.081596,0.439475
5.078223,0.430772
5.075240,0.422070
5.072647,0.413367
5.070443,0.404665
5.068626,0.395962
5.067197,0.387260
5.066154,0.378558
5.065497,0.369855
5.065226,0.361153
5.065341,0.352450
5.065841,0.343748
5.066727,0.335045
5.068000,0.326343
5.069660,0.317640
5.071707,0.308938
5.074142,0.300235
5.076966,0.291533
5.080181,0.282830
5.083787,0.274128
5.087786,0.265425
5.092179,0.256723
5.096969,0.248020
5.102156,0.239318
5.107744,0.230615
5.113733,0.221913
5.120127,0.213211
5.126928,0.204508
5.134138,0.195806
5.141761,0.187103
5.149799,0.178401
5.158256,0.169698
5.167135,0.160996
5.176439,0.152293
5.186173,0.143591
5.196340,0.134888
5.206944,0.126186
5.217989,0.117483
5.229481,0.108781
5.241423,0.100078
5.253821,0.091376
5.266680,0.082673
5.280005,0.073971
5.293801,0.065269
5.308076,0.056566
5.322834,0.047864
5.338082,0.039161
5.353826,0.030459
5.370074,0.021756
5.386832,0.013054
5.404108,0.004351
5.421909,-0.004351
5.440244,-0.013054
5.459120,-0.021756
5.478546,-0.030459
5.498531,-0.039161
5.519085,-0.047864
5.540216,-0.056566
5.561934,-0.065269
5.584251,-0.073971
5.607177,-0.082674
5.630722,-0.091376
5.654897,-0.100078
5.679716,-0.108781
5.705190,-0.117483
5.731332,-0.126186
5.758155,-0.134888
5.785673,-0.143591
5.813900,-0.152293
5.842851,-0.160996
5.872541,-0.169698
5.902987,-0.178401
5.934204,-0.187103
5.966209,-0.195806
5.999022,-0.204508
6.032658,-0.213211
6.067139,-0.221913
6.102484,-0.230616
6.138713,-0.239318
6.175848,-0.248021
6.213912,-0.256723
6.252926,-0.265425
6.292916,-0.274128
6.333906,-0.282830
6.375922,-0.291533
6.418991,-0.300235
6.463142,-0.308938
6.508403,-0.317640
6.554806,-0.326343
6.602381,-0.335045
6.651163,-0.343748
6.701184,-0.352450
6.752482,-0.361153
6.812020,-0.369855
6.869586,-0.378558
6.930605,-0.387260
6.938463,-0.395963
6.867712,-0.404665
6.798122,-0.413367
6.757871,-0.422070
6.703424,-0.430772
6.582741,-0.439475
6.508133,-0.448177
6.454737,-0.456880
6.402693,-0.465582
6.351961,-0.474285
6.302504,-0.482987
6.254282,-0.491690
6.207263,-0.500392
6.161411,-0.509095
6.116693,-0.517797
6.021535,-0.526500
5.979356,-0.535202
5.887382,-0.543905
5.847590,-0.552607
5.808773,-0.561310
5.770904,-0.570012
5.733959,-0.578714
5.697916,-0.587417
5.662751,-0.596119
4.340665,-0.604822
4.290699,-0.613524
4.265657,-0.622227
4.193478,-0.630929
4.169914,-0.639632
4.123317,-0.648334
4.007094,-0.657037
3.962489,-0.665739
3.941887,-0.674442
3.875561,-0.683144
3.833197,-0.691847
3.768653,-0.700549
3.750577,-0.709252
3.619594,-0.717954
3.580374,-0.726657
3.519314,-0.735359
3.503800,-0.744061
3.444144,-0.752764
3.407435,-0.761466
3.327118,-0.770169
3.225710,-0.778871
3.212995,-0.787574
3.178797,-0.796276
3.166843,-0.804979
3.155218,-0.813681
3.143916,-0.822384
3.132594,-0.831086
3.122264,-0.839789
3.111903,-0.848491
3.101846,-0.857194
3.092088,-0.865896
3.082626,-0.874599
3.073455,-0.883301
3.085613,-0.892003
3.076953,-0.900706
3.068574,-0.909408
3.060474,-0.918111
3.073464,-0.926813
3.086623,-0.935516
3.079237,-0.944218
3.113455,-0.952921
3.106511,-0.961623
3.120411,-0.970326
3.155024,-0.979028
3.148749,-0.987731
3.204101,-0.996433
3.300324,-1.005136
3.294548,-1.013838
3.350083,-1.022541
3.405692,-1.031243
3.400535,-1.039946
3.436162,-1.048648
3.451722,-1.057350
3.487707,-1.066053
3.523867,-1.074755
3.535464,-1.083458
3.562533,-1.092160
3.614518,-1.100863
3.637681,-1.109565
3.721614,-1.118268
3.718848,-1.126970
3.902895,-1.135673
3.980761,-1.144375
3.978728,-1.153078
4.037061,-1.161780
4.075641,-1.170483
4.154523,-1.179185
4.233683,-1.187888
4.233133,-1.196590
4.292907,-1.205293
4.313004,-1.213995
4.353436,-1.222697
4.354198,-1.231400
4.415324,-1.240102
4.416770,-1.248805
4.458605,-1.257507
4.460746,-1.266210
4.463229,-1.274912
4.466055,-1.283615
4.469225,-1.292317
4.472741,-1.301020
4.476603,-1.309722
4.480813,-1.318425
4.485373,-1.327127
4.449950,-1.335830
4.455168,-1.344532
4.460738,-1.353235
4.466663,-1.361937
4.472945,-1.370639
4.479586,-1.379342
4.486589,-1.388044
4.493957,-1.396747
4.501692,-1.405449
4.509799,-1.414152
4.518279,-1.422854
4.527136,-1.431557
4.523380,-1.440259
4.545997,-1.448962
4.556009,-1.457664
4.566413,-1.466367
4.577214,-1.475069
4.588417,-1.483772
4.600026,-1.492474
4.612046,-1.501177
4.603523,-1.509879
4.616323,-1.518582
4.629547,-1.527284
4.643201,-1.535986
4.657292,-1.544689
4.671826,-1.553391
4.686809,-1.562094
4.702247,-1.570796
