scan.pos:6.091106,4.940067,-0.3647503.254004,1.562094
3.265008,1.553391
3.276337,1.544689
3.287996,1.535986
3.299990,1.527284
3.312325,1.518581
3.325007,1.509879
3.338042,1.501177
3.351436,1.492474
3.365194,1.483772
3.379325,1.475069
3.393834,1.466367
3.408730,1.457664
3.424018,1.448962
3.439707,1.440259
3.455805,1.431557
3.472320,1.422854
3.489261,1.414152
3.506636,1.405449
3.527889,1.396747
3.543133,1.388044
3.583675,1.379342
3.555627,1.370639
3.505175,1.361937
3.455693,1.353234
3.407128,1.344532
3.359427,1.335830
3.336780,1.327127
3.290810,1.318425
3.245567,1.309722
3.201010,1.301020
3.157096,1.292317
3.138796,1.283615
3.096218,1.274912
3.054175,1.266210
3.012631,1.257507
2.997250,1.248805
2.956785,1.240102
2.916723,1.231400
2.903297,1.222697
2.864149,1.213995
2.851980,1.205292
2.813644,1.196590
2.775574,1.187888
2.765043,1.179185
2.727644,1.170483
2.718188,1.161780
2.681374,1.153078
2.672935,1.144375
2.652906,1.135673
2.630369,1.126970
2.608409,1.118268
2.587008,1.109565
2.566149,1.100863
2.545816,1.092160
2.525994,1.083458
2.506668,1.074755
2.487823,1.066053
2.469445,1.057350
2.451523,1.048648
2.434043,1.039945
2.416993,1.031243
2.400362,1.022541
2.384139,1.013838
2.368312,1.005136
2.352872,0.996433
2.337810,0.987731
2.323114,0.979028
2.308777,0.970326
2.294790,0.961623
2.281143,0.952921
2.267830,0.944218
2.254842,0.935516
2.242171,0.926813
2.229811,0.918111
2.217755,0.909408
2.205995,0.900706
2.194525,0.892003
2.183340,0.883301
2.172433,0.874598
2.161798,0.865896
2.151429,0.857194
2.141322,0.848491
2.131471,0.839789
2.121871,0.831086
2.112517,0.822384
2.103405,0.813681
2.094530,0.804979
2.085888,0.796276
2.077474,0.787574
2.069285,0.778871
2.061316,0.770169
2.053565,0.761466
2.046026,0.752764
2.038698,0.744061
2.031576,0.735359
2.024657,0.726656
2.017938,0.717954
2.011417,0.709251
2.005090,0.700549
1.998954,0.691847
1.993007,0.683144
1.987246,0.674442
1.981668,0.665739
1.976273,0.657037
1.971056,0.648334
1.966015,0.639632
1.961150,0.630929
1.956457,0.622227
1.951935,0.613524
1.947582,0.604822
1.943395,0.596119
1.939374,0.587417
1.935517,0.578714
1.931822,0.570012
1.928288,0.561309
1.924912,0.552607
1.921695,0.543905
1.918634,0.535202
1.915729,0.526500
1.912978,0.517797
1.910380,0.509095
1.907934,0.500392
1.905640,0.491690
1.903495,0.482987
1.901501,0.474285
1.899654,0.465582
1.897956,0.456880
1.896405,0.448177
1.895001,0.439475
1.893743,0.430772
1.892631,0.422070
1.891664,0.413367
1.890842,0.404665
1.890165,0.395962
1.889632,0.387260
1.889243,0.378558
1.888998,0.369855
1.888897,0.361153
1.888939,0.352450
1.889126,0.343748
1.889457,0.335045
1.889931,0.326343
1.890550,0.317640
1.891313,0.308938
1.892222,0.300235
1.893275,0.291533
1.894474,0.282830
1.895818,0.274128
1.897310,0.265425
1.898948,0.256723
1.900734,0.248020
1.902669,0.239318
1.904752,0.230615
1.906986,0.221913
1.909370,0.213211
1.911906,0.204508
1.914595,0.195806
1.917438,0.187103
1.920435,0.178401
1.923589,0.169698
1.926900,0.160996
1.930370,0.152293
1.934000,0.143591
1.937791,0.134888
1.941745,0.126186
1.945864,0.117483
1.950150,0.108781
1.954603,0.100078
1.959226,0.091376
1.964022,0.082673
1.968991,0.073971
1.974136,0.065269
1.979459,0.056566
1.984962,0.047864
1.990649,0.039161
1.996520,0.030459
2.002579,0.021756
2.008828,0.013054
2.015271,0.004351
2.021909,-0.004351
2.028746,-0.013054
2.035785,-0.021756
2.043030,-0.030459
2.050483,-0.039161
2.058147,-0.047864
2.066027,-0.056566
2.074127,-0.065269
2.082449,-0.073971
2.090998,-0.082674
2.099778,-0.091376
2.108794,-0.100078
2.118049,-0.108781
2.127548,-0.117483
2.137297,-0.126186
2.147300,-0.134888
2.157562,-0.143591
2.168088,-0.152293
2.178885,-0.160996
2.189956,-0.169698
2.201310,-0.178401
2.212951,-0.187103
2.224886,-0.195806
2.237123,-0.204508
2.249666,-0.213211
2.262525,-0.221913
2.275705,-0.230616
2.289216,-0.239318
2.303064,-0.248021
2.317258,-0.256723
2.331807,-0.265425
2.346720,-0.274128
2.362006,-0.282830
2.377674,-0.291533
2.393736,-0.300235
2.410200,-0.308938
2.427079,-0.317640
2.444383,-0.326343
2.462124,-0.335045
2.480316,-0.343748
2.498969,-0.352450
2.518099,-0.361153
2.537719,-0.369855
2.557843,-0.378558
2.578486,-0.387260
2.599666,-0.395963
2.621397,-0.404665
2.643698,-0.413367
2.666586,-0.422070
2.677878,-0.430772
2.686685,-0.439475
2.723733,-0.448177
2.760961,-0.456880
2.771224,-0.465582
2.809108,-0.474285
2.820501,-0.482987
2.859129,-0.491690
2.898064,-0.500392
2.911190,-0.509095
2.951019,-0.517797
2.991241,-0.526500
3.006297,-0.535202
3.047578,-0.543905
3.089345,-0.552607
3.106557,-0.561310
3.149566,-0.570012
3.193165,-0.578714
3.237394,-0.587417
3.257847,-0.596119
3.303605,-0.604822
3.350114,-0.613524
3.397422,-0.622227
3.434447,-0.630929
3.484263,-0.639632
3.535038,-0.648334
3.578033,-0.657037
3.631701,-0.665739
3.686520,-0.674442
3.742560,-0.683144
3.794376,-0.691847
3.853935,-0.700549
3.937742,-0.709252
3.977544,-0.717954
4.017261,-0.726657
3.999167,-0.735359
3.981538,-0.744061
3.964364,-0.752764
3.947637,-0.761466
3.931348,-0.770169
3.915491,-0.778871
3.900056,-0.787574
3.885038,-0.796276
3.870428,-0.804979
3.812893,-0.813681
3.799236,-0.822384
3.785964,-0.831086
3.751633,-0.839789
3.739183,-0.848491
3.727099,-0.857194
3.715375,-0.865896
3.704005,-0.874599
3.692985,-0.883301
3.682310,-0.892003
3.661147,-0.900706
3.661977,-0.909408
3.652311,-0.918111
3.642971,-0.926813
3.633956,-0.935516
3.625260,-0.944218
3.616881,-0.952921
3.608814,-0.961623
3.601057,-0.970326
3.593606,-0.979028
3.586459,-0.987731
3.579612,-0.996433
3.573063,-1.005136
3.566809,-1.013838
3.520152,-1.022541
3.514546,-1.031243
3.509224,-1.039946
3.504184,-1.048648
3.499425,-1.057350
3.454542,-1.066053
3.450387,-1.074755
3.446505,-1.083458
3.442893,-1.092160
3.439550,-1.100863
3.436476,-1.109565
3.433668,-1.118268
3.431125,-1.126970
3.428848,-1.135673
3.426834,-1.144375
3.425083,-1.153078
3.423595,-1.161780
3.422368,-1.170483
3.421403,-1.179185
3.420699,-1.187888
3.420255,-1.196590
3.420072,-1.205293
3.420150,-1.213995
3.420487,-1.222697
3.421086,-1.231400
3.421945,-1.240102
3.423066,-1.248805
3.424448,-1.257507
3.426092,-1.266210
3.427999,-1.274912
3.430170,-1.283615
3.432605,-1.292317
3.435305,-1.301020
3.438272,-1.309722
3.441505,-1.318425
3.430892,-1.327127
3.430373,-1.335830
3.450998,-1.344532
3.457142,-1.353235
3.453081,-1.361937
3.464368,-1.370639
3.465172,-1.379342
3.474405,-1.388044
3.450247,-1.396747
2.876809,-1.405449
2.820672,-1.414152
2.682633,-1.422854
2.585303,-1.431557
2.590579,-1.440259
2.534265,-1.448962
2.539846,-1.457664
2.524950,-1.466367
2.489433,-1.475069
2.495526,-1.483772
2.501840,-1.492474
2.466572,-1.501177
2.473223,-1.509879
2.480099,-1.518582
2.466126,-1.527284
2.473400,-1.535986
2.480906,-1.544689
2.488648,-1.553391
2.496630,-1.562094
2.504854,-1.570796
