scan.pos:4.605674,7.109679,2.6184356.175704,1.562094
6.207182,1.553391
6.239460,1.544689
6.272555,1.535986
6.306487,1.527284
6.341273,1.518581
6.376933,1.509879
6.413488,1.501177
6.450959,1.492474
6.440845,1.483772
6.479919,1.475069
6.519969,1.466367
6.561020,1.457664
6.603098,1.448962
6.646228,1.440259
6.690438,1.431557
6.735757,1.422854
6.782214,1.414152
6.829839,1.405449
6.878666,1.396747
7.085319,1.388044
7.137810,1.379342
7.191636,1.370639
7.246837,1.361937
7.303452,1.353234
7.361523,1.344532
7.421095,1.335830
7.482213,1.327127
7.600509,1.318425
7.665341,1.309722
4.477469,1.301020
4.440303,1.292317
4.402682,1.283615
4.366023,1.274912
4.330297,1.266210
4.295474,1.257507
4.261529,1.248805
4.228436,1.240102
4.196170,1.231400
4.164708,1.222697
4.134026,1.213995
4.104103,1.205292
4.074919,1.196590
4.046453,1.187888
4.018685,1.179185
3.991598,1.170483
4.015275,1.161780
3.989171,1.153078
3.963703,1.144375
3.963431,1.135673
3.963462,1.126970
3.939517,1.118268
3.916157,1.109565
3.893367,1.100863
3.894987,1.092160
3.873164,1.083458
3.851876,1.074755
3.831110,1.066053
3.810856,1.057350
3.791102,1.048648
3.771837,1.039945
3.753052,1.031243
3.734736,1.022541
3.716880,1.013838
3.699474,1.005136
3.682509,0.996433
3.665977,0.987731
3.649869,0.979028
3.634178,0.970326
3.596733,0.961623
3.581943,0.952921
3.523578,0.944218
3.509737,0.935516
3.496270,0.926813
3.483171,0.918111
3.470432,0.909408
3.458048,0.900706
3.446014,0.892003
3.434324,0.883301
3.422973,0.874598
3.454530,0.865896
3.443708,0.857194
3.454370,0.848491
3.444138,0.839789
3.476291,0.831086
3.487552,0.822384
3.540850,0.813681
3.552409,0.804979
3.564178,0.796276
3.679947,0.787574
3.691895,0.778871
3.744065,0.770169
3.752298,0.761466
3.851960,0.752764
3.896386,0.744061
3.999484,0.735359
4.043045,0.726656
4.116756,0.717954
4.183721,0.709251
4.387628,0.700549
4.605953,0.691847
4.840177,0.683144
5.121806,0.674442
7.786921,0.535202
7.725999,0.526500
7.685675,0.517797
7.685938,0.509095
7.686787,0.500392
7.688221,0.491690
7.690241,0.482987
7.692849,0.474285
7.696044,0.465582
7.739903,0.456880
7.704205,0.448177
7.709173,0.439475
7.731929,0.430772
7.731115,0.422070
7.787288,0.413367
7.629109,0.404665
7.117155,0.395962
6.600761,0.387260
6.217387,0.378558
5.886570,0.369855
5.539176,0.361153
5.249947,0.352450
4.961789,0.343748
4.746640,0.335045
4.521736,0.326343
4.348270,0.317640
4.165246,0.308938
3.988885,0.300235
3.852433,0.291533
3.690562,0.282830
3.573852,0.274128
3.464508,0.265425
3.337855,0.256723
3.242948,0.248020
3.124408,0.239318
3.028937,0.230615
2.950691,0.221913
2.861310,0.213211
2.794547,0.204508
2.729482,0.195806
2.646327,0.187103
2.589120,0.178401
2.531004,0.169698
2.473825,0.160996
2.404464,0.152293
2.350299,0.143591
2.308036,0.134888
2.256466,0.126186
2.205381,0.117483
2.169935,0.108781
2.120906,0.100078
2.072183,0.091376
2.042545,0.082673
1.995457,0.073971
1.969609,0.065269
1.923905,0.056566
1.901510,0.047864
1.856977,0.039161
1.835090,0.030459
1.816949,0.021756
1.773445,0.013054
1.758129,0.004351
1.715394,-0.004351
1.702700,-0.013054
1.683926,-0.021756
1.641757,-0.030459
1.632342,-0.039161
1.614353,-0.047864
1.583469,-0.056566
1.566119,-0.065269
1.537079,-0.073971
1.520285,-0.082674
1.492966,-0.091376
1.476658,-0.100078
1.475663,-0.108781
1.459934,-0.117483
1.451995,-0.126186
1.436452,-0.134888
1.420811,-0.143591
1.405063,-0.152293
1.389204,-0.160996
1.373225,-0.169698
1.357121,-0.178401
1.340883,-0.187103
1.324505,-0.195806
1.307978,-0.204508
1.291294,-0.213211
1.301562,-0.221913
1.284759,-0.230616
1.267780,-0.239318
1.250614,-0.248021
1.233253,-0.256723
1.245058,-0.265425
1.234324,-0.274128
1.223866,-0.282830
1.213675,-0.291533
1.203744,-0.300235
1.194064,-0.308938
1.184628,-0.317640
1.175429,-0.326343
1.166459,-0.335045
1.157713,-0.343748
1.149184,-0.352450
1.140866,-0.361153
1.132753,-0.369855
1.124840,-0.378558
1.117121,-0.387260
1.109592,-0.395963
1.102246,-0.404665
1.095080,-0.413367
1.088089,-0.422070
1.081268,-0.430772
1.074614,-0.439475
1.068122,-0.448177
1.061788,-0.456880
1.055609,-0.465582
1.049581,-0.474285
1.043700,-0.482987
1.037963,-0.491690
1.032368,-0.500392
1.026910,-0.509095
1.021587,-0.517797
1.016396,-0.526500
1.011334,-0.535202
1.006398,-0.543905
1.001586,-0.552607
0.996896,-0.561310
0.992324,-0.570012
0.987869,-0.578714
0.983529,-0.587417
0.979301,-0.596119
0.975183,-0.604822
0.971173,-0.613524
0.967269,-0.622227
0.963469,-0.630929
0.959772,-0.639632
0.956176,-0.648334
0.952679,-0.657037
0.949280,-0.665739
0.945976,-0.674442
0.942767,-0.683144
0.939651,-0.691847
0.936627,-0.700549
0.933693,-0.709252
0.930848,-0.717954
0.928090,-0.726657
0.925420,-0.735359
0.922834,-0.744061
0.920333,-0.752764
0.917915,-0.761466
0.915579,-0.770169
0.913325,-0.778871
0.911151,-0.787574
0.909056,-0.796276
0.907040,-0.804979
0.905101,-0.813681
0.903240,-0.822384
0.901454,-0.831086
0.899744,-0.839789
0.898109,-0.848491
0.896548,-0.857194
0.895060,-0.865896
0.893645,-0.874599
0.892303,-0.883301
0.891032,-0.892003
0.889832,-0.900706
0.888703,-0.909408
0.887645,-0.918111
0.886657,-0.926813
0.885738,-0.935516
0.884888,-0.944218
0.884108,-0.952921
0.883396,-0.961623
0.882752,-0.970326
0.882176,-0.979028
0.881668,-0.987731
0.881228,-0.996433
0.880855,-1.005136
0.880550,-1.013838
0.880312,-1.022541
0.880141,-1.031243
0.880037,-1.039946
0.880000,-1.048648
0.880030,-1.057350
0.880127,-1.066053
0.880292,-1.074755
0.880523,-1.083458
0.880821,-1.092160
0.881187,-1.100863
0.881621,-1.109565
0.882122,-1.118268
0.882691,-1.126970
0.883327,-1.135673
0.884033,-1.144375
0.884806,-1.153078
0.885649,-1.161780
0.886561,-1.170483
0.887542,-1.179185
0.888593,-1.187888
0.889715,-1.196590
0.890907,-1.205293
0.892171,-1.213995
0.893506,-1.222697
0.894913,-1.231400
0.896394,-1.240102
0.897948,-1.248805
0.899575,-1.257507
0.901278,-1.266210
0.903056,-1.274912
0.904910,-1.283615
0.906840,-1.292317
0.908849,-1.301020
0.910935,-1.309722
0.913101,-1.318425
0.915348,-1.327127
0.917675,-1.335830
0.920085,-1.344532
0.922577,-1.353235
0.925154,-1.361937
0.927816,-1.370639
0.930565,-1.379342
0.933401,-1.388044
0.936326,-1.396747
0.939341,-1.405449
0.942448,-1.414152
0.945648,-1.422854
0.948941,-1.431557
0.952331,-1.440259
0.955818,-1.448962
0.959404,-1.457664
0.963091,-1.466367
0.966880,-1.475069
0.970773,-1.483772
0.974772,-1.492474
0.978879,-1.501177
0.983096,-1.509879
0.987425,-1.518582
0.991868,-1.527284
0.996428,-1.535986
1.001106,-1.544689
1.005906,-1.553391
1.010828,-1.562094
1.015878,-1.570796
