scan.pos:4.970051,5.368126,-0.3647502.795802,1.562094
2.805256,1.553391
2.814990,1.544689
2.825007,1.535986
2.835312,1.527284
2.845910,1.518581
2.856807,1.509879
2.868006,1.501177
2.879514,1.492474
2.891335,1.483772
2.903476,1.475069
2.915942,1.466367
2.928740,1.457664
2.941875,1.448962
2.955355,1.440259
2.969187,1.431557
2.983376,1.422854
2.997931,1.414152
3.012860,1.405449
3.028170,1.396747
3.043869,1.388044
3.059966,1.379342
3.076470,1.370639
3.093389,1.361937
3.110734,1.353234
3.128514,1.344532
3.146740,1.335830
3.165421,1.327127
3.184570,1.318425
3.204197,1.309722
3.224315,1.301020
3.244936,1.292317
3.266072,1.283615
3.287738,1.274912
3.309946,1.266210
3.332713,1.257507
3.356052,1.248805
3.379979,1.240102
3.404511,1.231400
3.429665,1.222697
3.455459,1.213995
3.481910,1.205292
3.509039,1.196590
3.536866,1.187888
3.565411,1.179185
3.594697,1.170483
3.624746,1.161780
3.655582,1.153078
3.687231,1.144375
3.705941,1.135673
3.749855,1.126970
3.766553,1.118268
3.811533,1.109565
3.856978,1.100863
3.875967,1.092160
3.922656,1.083458
3.969911,1.074755
3.965086,1.066053
3.935057,1.057350
3.906498,1.048648
3.878644,1.039945
3.851475,1.031243
3.824973,1.022541
3.799121,1.013838
3.773902,1.005136
3.749299,0.996433
3.725296,0.987731
3.701879,0.979028
3.679033,0.970326
3.656744,0.961623
3.634998,0.952921
3.613783,0.944218
3.593087,0.935516
3.572896,0.926813
3.553201,0.918111
3.533989,0.909408
3.515249,0.900706
3.496973,0.892003
3.479149,0.883301
3.461768,0.874598
3.444821,0.865896
3.428299,0.857194
3.412194,0.848491
3.396496,0.839789
3.381198,0.831086
3.366293,0.822384
3.351773,0.813681
3.337630,0.804979
3.323859,0.796276
3.310452,0.787574
3.297402,0.778871
3.284704,0.770169
3.272352,0.761466
3.260340,0.752764
3.248662,0.744061
3.237313,0.735359
3.226288,0.726656
3.215582,0.717954
3.205190,0.709251
3.195107,0.700549
3.185330,0.691847
3.175853,0.683144
3.166673,0.674442
3.157786,0.665739
3.149187,0.657037
3.140874,0.648334
3.132843,0.639632
3.125089,0.630929
3.117611,0.622227
3.110405,0.613524
3.103468,0.604822
3.096798,0.596119
3.090390,0.587417
3.084244,0.578714
3.078356,0.570012
3.072724,0.561309
3.067345,0.552607
3.062218,0.543905
3.057341,0.535202
3.052711,0.526500
3.048327,0.517797
3.044188,0.509095
3.040290,0.500392
3.036634,0.491690
3.033217,0.482987
3.030038,0.474285
3.027097,0.465582
3.024390,0.456880
3.021919,0.448177
3.019682,0.439475
3.017677,0.430772
3.015905,0.422070
3.014364,0.413367
3.013054,0.404665
3.011975,0.395962
3.011125,0.387260
3.010505,0.378558
3.010115,0.369855
3.009954,0.361153
3.010022,0.352450
3.010319,0.343748
3.010846,0.335045
3.011603,0.326343
3.012589,0.317640
3.013805,0.308938
3.015252,0.300235
3.016931,0.291533
3.018841,0.282830
3.020984,0.274128
3.023360,0.265425
3.025971,0.256723
3.028817,0.248020
3.031899,0.239318
3.035220,0.230615
3.038779,0.221913
3.042578,0.213211
3.046620,0.204508
3.050905,0.195806
3.055434,0.187103
3.060211,0.178401
3.065236,0.169698
3.070512,0.160996
3.076041,0.152293
3.081825,0.143591
3.087867,0.134888
3.094168,0.126186
3.100732,0.117483
3.107561,0.108781
3.114657,0.100078
3.122025,0.091376
3.129666,0.082673
3.137584,0.073971
3.145782,0.065269
3.154265,0.056566
3.163035,0.047864
3.172096,0.039161
3.181452,0.030459
3.191107,0.021756
3.201065,0.013054
3.211331,0.004351
3.221909,-0.004351
3.232804,-0.013054
3.244021,-0.021756
3.255565,-0.030459
3.267441,-0.039161
3.279655,-0.047864
3.292212,-0.056566
3.305118,-0.065269
3.318379,-0.073971
3.332002,-0.082674
3.345994,-0.091376
3.360360,-0.100078
3.375108,-0.108781
3.390245,-0.117483
3.405780,-0.126186
3.421719,-0.134888
3.438071,-0.143591
3.454845,-0.152293
3.472049,-0.160996
3.489692,-0.169698
3.507784,-0.178401
3.526334,-0.187103
3.545353,-0.195806
3.564852,-0.204508
3.584840,-0.213211
3.605330,-0.221913
3.626333,-0.230616
3.647862,-0.239318
3.669929,-0.248021
3.692548,-0.256723
3.715732,-0.265425
3.739495,-0.274128
3.763853,-0.282830
3.788821,-0.291533
3.814414,-0.300235
3.840650,-0.308938
3.867546,-0.317640
3.895120,-0.326343
3.923392,-0.335045
3.952379,-0.343748
3.982104,-0.352450
4.012587,-0.361153
4.043851,-0.369855
4.075919,-0.378558
4.108814,-0.387260
4.142563,-0.395963
4.177192,-0.404665
4.212728,-0.413367
4.249200,-0.422070
4.276011,-0.430772
4.301109,-0.439475
4.354836,-0.448177
4.381753,-0.456880
4.439281,-0.465582
4.468637,-0.474285
4.525867,-0.482987
4.557303,-0.491690
4.616275,-0.500392
4.649940,-0.509095
4.716249,-0.517797
4.752825,-0.526500
4.816351,-0.535202
4.855511,-0.543905
4.907545,-0.552607
5.000349,-0.561310
4.967750,-0.570012
4.935946,-0.578714
4.904919,-0.587417
4.874649,-0.596119
4.845116,-0.604822
4.816304,-0.613524
4.788194,-0.622227
4.713022,-0.630929
4.686539,-0.639632
4.637094,-0.648334
4.612022,-0.657037
4.587566,-0.665739
4.563715,-0.674442
4.540453,-0.683144
4.517771,-0.691847
4.495654,-0.700549
4.474092,-0.709252
4.453074,-0.717954
4.432587,-0.726657
4.412623,-0.735359
4.393171,-0.744061
4.374221,-0.752764
4.355765,-0.761466
4.337792,-0.770169
4.276302,-0.778871
4.259445,-0.787574
4.243042,-0.796276
4.227087,-0.804979
4.153790,-0.813681
4.153312,-0.822384
4.138803,-0.831086
4.124708,-0.839789
4.111021,-0.848491
4.097735,-0.857194
4.084845,-0.865896
4.072344,-0.874599
4.060229,-0.883301
4.048492,-0.892003
4.037130,-0.900706
4.026137,-0.909408
4.015509,-0.918111
4.005241,-0.926813
3.995329,-0.935516
3.985769,-0.944218
3.976556,-0.952921
3.967687,-0.961623
3.959159,-0.970326
3.950967,-0.979028
3.943109,-0.987731
3.935581,-0.996433
3.928381,-1.005136
3.921504,-1.013838
2.999321,-1.022541
2.933599,-1.031243
2.908873,-1.039946
2.864186,-1.048648
2.860296,-1.057350
2.816231,-1.066053
2.812844,-1.074755
2.789524,-1.083458
2.786601,-1.092160
2.783895,-1.100863
2.781407,-1.109565
2.779134,-1.118268
2.736947,-1.126970
2.735130,-1.135673
2.713484,-1.144375
2.712098,-1.153078
2.710919,-1.161780
2.709948,-1.170483
2.669168,-1.179185
2.628611,-1.187888
2.628270,-1.196590
2.608130,-1.205293
2.608189,-1.213995
2.608447,-1.222697
2.608903,-1.231400
2.609558,-1.240102
2.570378,-1.248805
2.571416,-1.257507
2.552615,-1.266210
2.554036,-1.274912
2.555653,-1.283615
2.557467,-1.292317
2.519301,-1.301020
2.521476,-1.309722
2.523848,-1.318425
2.486125,-1.327127
2.488847,-1.335830
2.471574,-1.344532
2.434231,-1.353235
2.437464,-1.361937
2.420620,-1.370639
2.424214,-1.379342
2.428004,-1.388044
2.391256,-1.396747
2.395372,-1.405449
2.399686,-1.414152
2.404198,-1.422854
2.367875,-1.431557
2.353370,-1.440259
2.368089,-1.448962
2.346718,-1.457664
2.350599,-1.466367
2.337981,-1.475069
2.318530,-1.483772
2.315509,-1.492474
2.315570,-1.501177
2.276567,-1.509879
2.299413,-1.518582
2.284923,-1.527284
2.270523,-1.535986
2.277413,-1.544689
2.284520,-1.553391
2.270509,-1.562094
2.277988,-1.570796
