scan.pos:-2.074507,6.350235,-2.6147501.921989,1.562094
1.953710,1.553391
1.981030,1.544689
2.014458,1.535986
2.048373,1.527284
2.080683,1.518581
2.116616,1.509879
2.153174,1.501177
2.190405,1.492474
2.230113,1.483772
2.269876,1.475069
2.310500,1.466367
2.357013,1.457664
2.400688,1.448962
2.445463,1.440259
2.460604,1.431557
2.548412,1.422854
2.619839,1.414152
5.008762,1.405449
4.992067,1.396747
4.975861,1.388044
4.960136,1.379342
4.944886,1.370639
4.930104,1.361937
4.915783,1.353234
4.901917,1.344532
4.930369,1.335830
4.917285,1.327127
4.904643,1.318425
4.892437,1.309722
4.880662,1.301020
4.910665,1.292317
4.920274,1.283615
4.930216,1.274912
4.961031,1.266210
5.033099,1.257507
5.228033,1.248805
5.463478,1.240102
5.637327,1.231400
5.912771,1.222697
6.147118,1.213995
6.339449,1.205292
3.781055,0.813681
3.621787,0.804979
3.507901,0.796276
3.397897,0.787574
3.275199,0.778871
3.174401,0.770169
3.055443,0.761466
2.971734,0.752764
2.901153,0.744061
2.811527,0.735359
2.723514,0.726656
2.657572,0.717954
2.595323,0.709251
2.534292,0.700549
2.479146,0.691847
2.421832,0.683144
2.343980,0.674442
2.309697,0.665739
2.243987,0.657037
2.234189,0.648334
2.225232,0.639632
2.254302,0.630929
2.175453,0.622227
2.140054,0.613524
2.148607,0.604822
2.091021,0.596119
2.099768,0.587417
2.108750,0.578714
2.073152,0.570012
2.082416,0.561309
2.091923,0.552607
2.078961,0.543905
2.088861,0.535202
2.076080,0.526500
2.063332,0.517797
2.073781,0.509095
2.061208,0.500392
2.048662,0.491690
2.059675,0.482987
2.070966,0.474285
2.082540,0.465582
2.094404,0.456880
2.106567,0.448177
2.119033,0.439475
2.131811,0.430772
2.144909,0.422070
2.158334,0.413367
2.172094,0.404665
2.186199,0.395962
2.200657,0.387260
2.215477,0.378558
2.230669,0.369855
2.246243,0.361153
2.262209,0.352450
2.278579,0.343748
2.295364,0.335045
2.312575,0.326343
2.330225,0.317640
2.348327,0.308938
2.362609,0.300235
2.365357,0.291533
2.405479,0.282830
2.425528,0.274128
2.502004,0.265425
2.523602,0.256723
2.585903,0.248020
2.638280,0.239318
2.663951,0.230615
2.688961,0.221913
2.714132,0.213211
2.742269,0.204508
2.768311,0.195806
2.851514,0.187103
2.878108,0.178401
2.904965,0.169698
2.937436,0.160996
2.991202,0.152293
3.000063,0.143591
3.029232,0.134888
3.116763,0.126186
3.145768,0.117483
3.195245,0.108781
3.213562,0.100078
3.243513,0.091376
3.301104,0.082673
7.206135,0.073971
7.163146,0.065269
7.121208,0.056566
7.080293,0.047864
7.040379,0.039161
7.001442,0.030459
6.963461,0.021756
6.926414,0.013054
6.890282,0.004351
6.855044,-0.004351
6.820682,-0.013054
6.787176,-0.021756
6.754510,-0.030459
6.722666,-0.039161
6.691628,-0.047864
6.661381,-0.056566
6.631909,-0.065269
6.603197,-0.073971
6.575231,-0.082674
6.547997,-0.091376
6.521483,-0.100078
6.495675,-0.108781
6.470562,-0.117483
6.446130,-0.126186
6.422370,-0.134888
6.399271,-0.143591
6.376820,-0.152293
6.355009,-0.160996
6.333827,-0.169698
6.313265,-0.178401
6.293314,-0.187103
6.273964,-0.195806
6.255209,-0.204508
6.237039,-0.213211
6.219446,-0.221913
6.202423,-0.230616
6.185963,-0.239318
6.170058,-0.248021
6.154703,-0.256723
6.139891,-0.265425
6.125615,-0.274128
6.111869,-0.282830
6.098649,-0.291533
6.085948,-0.300235
6.073761,-0.308938
6.062084,-0.317640
6.050911,-0.326343
6.040239,-0.335045
6.030063,-0.343748
6.020378,-0.352450
6.011182,-0.361153
6.002470,-0.369855
5.994240,-0.378558
5.986487,-0.387260
5.979208,-0.395963
5.972403,-0.404665
5.966065,-0.413367
5.960196,-0.422070
5.954790,-0.430772
5.949847,-0.439475
5.945365,-0.448177
5.941341,-0.456880
5.937775,-0.465582
5.934665,-0.474285
5.932009,-0.482987
5.929808,-0.491690
5.928059,-0.500392
5.926762,-0.509095
1.605608,-0.517797
1.605501,-0.526500
1.605517,-0.535202
1.445639,-0.543905
1.385857,-0.552607
1.386188,-0.561310
1.386624,-0.570012
1.367177,-0.578714
1.376315,-0.587417
1.369507,-0.596119
1.333221,-0.604822
1.340676,-0.613524
1.310616,-0.622227
1.306722,-0.630929
1.307934,-0.639632
1.309248,-0.648334
1.310665,-0.657037
1.291997,-0.665739
1.293596,-0.674442
1.254819,-0.683144
1.256567,-0.691847
1.258416,-0.700549
1.260366,-0.709252
1.242058,-0.717954
1.244179,-0.726657
1.246403,-0.735359
1.248730,-0.744061
1.251161,-0.752764
1.253697,-0.761466
1.215148,-0.770169
1.217807,-0.778871
1.220571,-0.787574
1.223442,-0.796276
1.226419,-0.804979
1.229505,-0.813681
1.232700,-0.822384
1.236007,-0.831086
1.239426,-0.839789
1.242958,-0.848491
1.246607,-0.857194
1.250372,-0.865896
1.254256,-0.874599
1.258260,-0.883301
1.262386,-0.892003
1.266636,-0.900706
1.271012,-0.909408
1.275516,-0.918111
1.280149,-0.926813
1.284915,-0.935516
1.289815,-0.944218
1.294851,-0.952921
1.300026,-0.961623
1.305343,-0.970326
1.310803,-0.979028
1.316410,-0.987731
1.299757,-0.996433
1.283056,-1.005136
1.288913,-1.013838
1.294924,-1.022541
1.278265,-1.031243
1.284480,-1.039946
1.290854,-1.048648
1.297391,-1.057350
1.280807,-1.066053
1.264148,-1.074755
1.270943,-1.083458
1.254245,-1.092160
1.261255,-1.100863
1.268440,-1.109565
1.275806,-1.118268
1.283356,-1.126970
1.291095,-1.135673
1.299028,-1.144375
1.282495,-1.153078
1.265851,-1.161780
1.274071,-1.170483
1.282496,-1.179185
1.291133,-1.187888
1.299987,-1.196590
1.309063,-1.205293
1.318368,-1.213995
1.327908,-1.222697
1.337690,-1.231400
1.347720,-1.240102
1.358006,-1.248805
1.368555,-1.257507
1.379376,-1.266210
1.390475,-1.274912
1.401862,-1.283615
1.413546,-1.292317
1.425536,-1.301020
1.437841,-1.309722
1.434654,-1.318425
1.450321,-1.327127
1.465834,-1.335830
1.481202,-1.344532
1.496432,-1.353235
1.511531,-1.361937
1.526508,-1.370639
1.541370,-1.379342
1.556122,-1.388044
1.570773,-1.396747
1.637305,-1.405449
1.625596,-1.414152
1.614175,-1.422854
1.628479,-1.431557
1.642712,-1.440259
1.681982,-1.448962
1.695923,-1.457664
1.694336,-1.466367
1.708447,-1.475069
1.732754,-1.483772
1.747370,-1.492474
1.773383,-1.501177
1.788566,-1.509879
1.827648,-1.518582
1.832213,-1.527284
1.942585,-1.535986
1.925517,-1.544689
1.918480,-1.553391
1.911754,-1.562094
1.898843,-1.570796
