scan.pos:-2.594378,0.324161,1.7352505.479553,1.562094
5.471837,1.553391
5.464558,1.544689
5.457714,1.535986
5.451302,1.527284
5.445318,1.518581
5.439762,1.509879
5.434630,1.501177
5.429922,1.492474
5.425634,1.483772
5.421765,1.475069
5.418315,1.466367
5.415281,1.457664
5.412662,1.448962
5.410458,1.440259
5.408667,1.431557
5.407289,1.422854
5.406323,1.414152
5.405769,1.405449
5.405627,1.396747
5.405897,1.388044
5.406578,1.379342
5.407672,1.370639
5.409178,1.361937
5.411097,1.353234
5.413429,1.344532
5.416177,1.335830
5.419340,1.327127
5.422920,1.318425
5.426918,1.309722
5.431336,1.301020
5.436176,1.292317
5.441439,1.283615
5.447127,1.274912
5.453243,1.266210
5.459789,1.257507
5.466768,1.248805
5.474182,1.240102
5.482034,1.231400
5.490327,1.222697
5.499065,1.213995
5.508251,1.205292
5.517889,1.196590
5.527981,1.187888
5.538534,1.179185
5.549551,1.170483
5.561035,1.161780
5.572992,1.153078
5.585428,1.144375
5.598346,1.135673
5.611753,1.126970
5.625653,1.118268
5.640053,1.109565
5.654958,1.100863
5.670376,1.092160
5.686312,1.083458
5.702773,1.074755
5.719767,1.066053
5.737301,1.057350
5.755382,1.048648
5.774018,1.039945
5.793219,1.031243
5.812991,1.022541
5.833344,1.013838
5.854289,1.005136
5.875833,0.996433
5.897987,0.987731
5.920761,0.979028
5.944167,0.970326
5.968214,0.961623
5.992915,0.952921
6.018281,0.944218
6.044326,0.935516
6.071061,0.926813
6.098501,0.918111
6.126657,0.909408
6.155547,0.900706
6.185183,0.892003
6.215582,0.883301
6.246759,0.874598
6.278731,0.865896
6.311515,0.857194
6.345129,0.848491
6.379591,0.839789
6.414921,0.831086
6.451138,0.822384
6.488264,0.813681
6.526319,0.804979
6.565326,0.796276
6.605308,0.787574
6.646290,0.778871
6.688295,0.770169
6.731351,0.761466
6.775485,0.752764
6.820723,0.744061
6.867096,0.735359
6.914635,0.726656
6.963370,0.717954
7.013334,0.709251
7.064563,0.700549
7.117092,0.691847
7.170958,0.683144
7.226200,0.674442
2.739163,0.665739
2.727675,0.657037
2.662080,0.648334
2.651441,0.639632
2.613585,0.630929
2.603946,0.622227
2.592763,0.613524
2.570491,0.604822
2.548789,0.596119
2.527642,0.587417
2.507033,0.578714
2.486945,0.570012
2.467362,0.561309
2.448271,0.552607
2.429656,0.543905
2.411504,0.535202
2.393803,0.526500
2.376539,0.517797
2.359701,0.509095
2.343277,0.500392
2.327256,0.491690
2.311627,0.482987
2.296381,0.474285
2.281507,0.465582
2.266996,0.456880
2.252839,0.448177
2.239027,0.439475
2.225552,0.430772
2.212405,0.422070
2.199580,0.413367
2.187068,0.404665
2.174862,0.395962
2.162955,0.387260
2.151341,0.378558
2.140013,0.369855
2.128966,0.361153
2.141268,0.352450
2.130648,0.343748
2.120293,0.335045
2.110198,0.326343
2.100359,0.317640
2.090769,0.308938
2.081424,0.300235
2.072319,0.291533
2.085688,0.282830
2.099102,0.274128
2.090510,0.265425
2.082146,0.256723
2.074007,0.248020
2.066087,0.239318
2.080099,0.230615
2.094165,0.221913
2.086731,0.213211
2.079507,0.204508
2.072490,0.195806
2.065677,0.187103
2.059065,0.178401
2.052651,0.169698
2.046432,0.160996
2.040406,0.152293
2.034569,0.143591
2.028920,0.134888
2.023456,0.126186
2.018174,0.117483
2.013073,0.108781
2.028897,0.100078
2.024101,0.091376
2.019482,0.082673
2.015036,0.073971
2.051887,0.065269
2.047700,0.056566
2.064165,0.047864
2.060283,0.039161
2.097381,0.030459
2.093769,0.021756
2.130999,0.013054
2.168272,0.004351
2.205597,-0.004351
2.303716,-0.013054
2.300652,-0.021756
2.378541,-0.030459
2.456422,-0.039161
2.695489,-0.047864
3.014759,-0.056566
3.132559,-0.065269
3.551733,-0.073971
3.749669,-0.082674
6.796074,-0.091376
7.152594,-0.100078
7.669518,-0.108781
7.665809,-0.117483
7.662687,-0.126186
7.660151,-0.134888
7.658199,-0.143591
7.656831,-0.152293
7.656047,-0.160996
7.655846,-0.169698
7.656228,-0.178401
7.657193,-0.187103
7.658741,-0.195806
7.660874,-0.204508
7.663592,-0.213211
7.666896,-0.221913
7.670787,-0.230616
7.675267,-0.239318
7.680337,-0.248021
7.685999,-0.256723
7.692256,-0.265425
7.699111,-0.274128
7.706565,-0.282830
7.714621,-0.291533
7.723283,-0.300235
7.732554,-0.308938
7.742438,-0.317640
7.752938,-0.326343
7.764059,-0.335045
7.775804,-0.343748
7.788179,-0.352450
5.896304,-0.422070
5.698120,-0.430772
5.676257,-0.439475
5.373065,-0.448177
5.195346,-0.456880
5.055840,-0.465582
4.923298,-0.474285
4.776100,-0.482987
4.655737,-0.491690
4.540764,-0.500392
4.434752,-0.509095
4.330963,-0.517797
4.231354,-0.526500
4.135620,-0.535202
4.043482,-0.543905
3.954687,-0.552607
3.869004,-0.561310
3.865634,-0.570012
3.874356,-0.578714
3.886248,-0.587417
3.888103,-0.596119
3.903832,-0.604822
3.875643,-0.613524
3.892048,-0.622227
3.908891,-0.630929
3.926181,-0.639632
3.943926,-0.648334
3.962136,-0.657037
3.980818,-0.665739
3.999984,-0.674442
4.019643,-0.683144
4.039805,-0.691847
4.060482,-0.700549
4.081683,-0.709252
4.103422,-0.717954
4.125709,-0.726657
4.148556,-0.735359
4.171978,-0.744061
4.195988,-0.752764
4.220598,-0.761466
4.245824,-0.770169
4.271681,-0.778871
4.298184,-0.787574
4.325349,-0.796276
4.353193,-0.804979
4.381734,-0.813681
4.410991,-0.822384
4.440980,-0.831086
4.471724,-0.839789
4.503241,-0.848491
4.535553,-0.857194
4.568683,-0.865896
4.602654,-0.874599
4.637489,-0.883301
4.673214,-0.892003
4.709856,-0.900706
4.747440,-0.909408
4.785997,-0.918111
4.825556,-0.926813
4.866148,-0.935516
4.907806,-0.944218
4.945819,-0.952921
4.986532,-0.961623
5.027991,-0.970326
5.151200,-0.979028
5.216122,-0.987731
5.254855,-0.996433
5.299511,-1.005136
5.349576,-1.013838
2.144450,-1.092160
2.130560,-1.100863
2.022262,-1.109565
2.030160,-1.118268
1.993321,-1.126970
1.981324,-1.135673
1.969621,-1.144375
1.958203,-1.153078
1.947064,-1.161780
1.936197,-1.170483
1.925597,-1.179185
1.915258,-1.187888
1.905173,-1.196590
1.895338,-1.205293
1.885746,-1.213995
1.876393,-1.222697
1.867274,-1.231400
1.858384,-1.240102
1.849719,-1.248805
1.841273,-1.257507
1.833043,-1.266210
1.847358,-1.274912
1.839452,-1.283615
1.831752,-1.292317
1.824255,-1.301020
1.816957,-1.309722
1.809854,-1.318425
1.802943,-1.327127
1.796221,-1.335830
1.789685,-1.344532
1.783331,-1.353235
1.777157,-1.361937
1.771160,-1.370639
1.765338,-1.379342
1.759687,-1.388044
1.732999,-1.396747
1.727749,-1.405449
1.722661,-1.414152
1.717733,-1.422854
1.712964,-1.431557
1.708350,-1.440259
1.703891,-1.448962
1.699585,-1.457664
1.695428,-1.466367
1.691421,-1.475069
1.687561,-1.483772
1.683846,-1.492474
1.678864,-1.501177
1.676847,-1.509879
1.673559,-1.518582
1.670412,-1.527284
1.667403,-1.535986
1.664532,-1.544689
1.661797,-1.553391
1.659196,-1.562094
1.656730,-1.570796
