scan.pos:-2.090621,6.460255,1.6352501.432353,1.562094
1.382146,1.553391
1.381526,1.544689
1.381011,1.535986
1.360594,1.527284
1.360295,1.518581
1.360099,1.509879
1.320007,1.501177
1.320019,1.492474
1.280127,1.483772
1.280333,1.475069
1.280637,1.466367
1.261022,1.457664
1.261514,1.448962
1.222035,1.440259
1.222698,1.431557
1.223455,1.422854
1.224306,1.414152
1.225252,1.405449
1.206190,1.396747
1.207307,1.388044
1.208519,1.379342
1.209825,1.370639
1.211227,1.361937
1.192512,1.353234
1.173840,1.344532
1.175474,1.335830
1.177203,1.327127
1.179026,1.318425
1.180945,1.309722
1.182961,1.301020
1.185074,1.292317
1.187285,1.283615
1.189595,1.274912
1.192005,1.266210
1.194516,1.257507
1.197129,1.248805
1.199845,1.240102
1.202665,1.231400
1.205590,1.222697
1.208622,1.213995
1.211762,1.205292
1.215011,1.196590
1.218370,1.187888
1.221841,1.179185
1.225426,1.170483
1.229126,1.161780
1.232942,1.153078
1.236877,1.144375
1.240931,1.135673
1.245108,1.126970
1.249408,1.118268
1.253833,1.109565
1.214994,1.100863
1.219515,1.092160
1.224164,1.083458
1.206997,1.074755
1.211820,1.066053
1.216774,1.057350
1.221862,1.048648
1.204777,1.039945
1.187635,1.031243
1.192941,1.022541
1.175774,1.013838
1.181256,1.005136
1.186880,0.996433
1.192649,0.987731
1.198565,0.979028
1.204633,0.970326
1.210856,0.961623
1.217236,0.952921
1.200243,0.944218
1.183158,0.935516
1.189768,0.926813
1.196545,0.918111
1.203491,0.909408
1.210612,0.900706
1.217910,0.892003
1.225391,0.883301
1.233058,0.874598
1.240918,0.865896
1.248974,0.857194
1.257231,0.848491
1.265696,0.839789
1.274373,0.831086
1.283268,0.822384
1.292387,0.813681
1.301737,0.804979
1.311323,0.796276
1.321153,0.787574
1.331234,0.778871
1.341573,0.770169
1.352177,0.761466
1.363055,0.752764
1.374215,0.744061
1.385666,0.735359
1.397416,0.726656
1.409476,0.717954
1.406695,0.709251
1.422601,0.700549
1.438347,0.691847
1.453941,0.683144
1.469391,0.674442
1.538695,0.665739
1.526676,0.657037
1.514958,0.648334
1.517916,0.639632
1.506922,0.630929
1.522200,0.622227
1.543221,0.613524
1.558832,0.604822
1.581261,0.596119
1.597253,0.587417
1.613186,0.578714
1.637593,0.570012
1.653982,0.561309
1.679994,0.552607
1.696902,0.543905
1.713803,0.535202
1.742113,0.526500
1.831742,0.517797
1.824970,0.509095
1.808013,0.500392
1.802647,0.491690
1.797606,0.482987
1.784747,0.474285
1.781168,0.465582
1.777931,0.456880
1.769369,0.448177
1.744773,0.439475
1.743568,0.430772
1.739688,0.422070
1.717567,0.413367
1.718550,0.404665
1.719706,0.395962
1.700239,0.387260
1.703632,0.378558
1.688193,0.369855
1.693744,0.361153
1.677931,0.352450
1.668965,0.343748
1.655863,0.335045
1.665283,0.326343
1.653820,0.317640
1.635579,0.308938
1.629983,0.300235
1.624548,0.291533
1.619272,0.282830
1.614153,0.274128
1.609188,0.265425
1.604376,0.256723
1.599713,0.248020
1.595199,0.239318
1.590831,0.230615
1.586607,0.221913
1.582526,0.213211
1.578586,0.204508
1.574785,0.195806
1.571122,0.187103
1.567594,0.178401
1.564202,0.169698
1.560942,0.160996
1.557815,0.152293
1.554818,0.143591
1.551951,0.134888
1.549212,0.126186
1.546600,0.117483
1.544115,0.108781
1.541754,0.100078
1.539518,0.091376
1.537405,0.082673
1.535415,0.073971
1.533547,0.065269
1.531800,0.056566
1.530173,0.047864
1.528665,0.039161
1.527277,0.030459
1.526008,0.021756
1.524857,0.013054
1.523823,0.004351
1.522907,-0.004351
1.522107,-0.013054
1.521425,-0.021756
1.520858,-0.030459
1.520408,-0.039161
1.520074,-0.047864
1.519856,-0.056566
1.519753,-0.065269
1.519766,-0.073971
1.519895,-0.082674
1.520140,-0.091376
1.520501,-0.100078
1.520977,-0.108781
1.521570,-0.117483
1.522280,-0.126186
1.523106,-0.134888
1.524049,-0.143591
1.525109,-0.152293
1.526287,-0.160996
1.527584,-0.169698
1.528999,-0.178401
1.530533,-0.187103
1.532188,-0.195806
1.533963,-0.204508
1.535859,-0.213211
1.537877,-0.221913
1.540018,-0.230616
1.542282,-0.239318
1.544671,-0.248021
1.547185,-0.256723
1.549826,-0.265425
1.552594,-0.274128
1.555491,-0.282830
1.558517,-0.291533
1.561675,-0.300235
1.564965,-0.308938
1.568388,-0.317640
1.571946,-0.326343
1.575641,-0.335045
1.579473,-0.343748
1.583446,-0.352450
1.587559,-0.361153
1.591815,-0.369855
1.596217,-0.378558
1.600765,-0.387260
1.605461,-0.395963
1.610308,-0.404665
1.615308,-0.413367
1.620463,-0.422070
1.625775,-0.430772
1.631246,-0.439475
1.636880,-0.448177
1.642678,-0.456880
1.648643,-0.465582
1.654779,-0.474285
1.661087,-0.482987
1.667571,-0.491690
1.674233,-0.500392
1.681078,-0.509095
1.688108,-0.517797
1.695327,-0.526500
1.702738,-0.535202
1.710344,-0.543905
1.718151,-0.552607
1.726161,-0.561310
1.734379,-0.570012
1.742809,-0.578714
1.751455,-0.587417
1.760322,-0.596119
1.769415,-0.604822
1.778738,-0.613524
1.788297,-0.622227
1.798097,-0.630929
1.808144,-0.639632
1.818443,-0.648334
1.829000,-0.657037
1.839821,-0.665739
1.850912,-0.674442
1.862281,-0.683144
1.873934,-0.691847
1.885878,-0.700549
1.898121,-0.709252
1.910670,-0.717954
1.923534,-0.726657
1.936721,-0.735359
1.950239,-0.744061
1.964098,-0.752764
1.978307,-0.761466
1.992876,-0.770169
2.007816,-0.778871
2.023136,-0.787574
2.038848,-0.796276
2.054964,-0.804979
2.071496,-0.813681
2.088456,-0.822384
2.105858,-0.831086
2.123715,-0.839789
2.142043,-0.848491
2.147515,-0.857194
2.172990,-0.865896
2.198485,-0.874599
2.196585,-0.883301
2.222394,-0.892003
2.248270,-0.900706
2.274228,-0.909408
2.300286,-0.918111
2.326461,-0.926813
2.326589,-0.935516
2.353243,-0.944218
2.405868,-0.952921
2.407067,-0.961623
2.434274,-0.970326
2.461704,-0.979028
2.489376,-0.987731
2.517311,-0.996433
2.545529,-1.005136
2.583706,-1.013838
2.613131,-1.022541
2.653730,-1.031243
2.684494,-1.039946
2.727694,-1.048648
2.759945,-1.057350
2.782182,-1.066053
2.839849,-1.074755
2.865376,-1.083458
2.924622,-1.092160
2.953681,-1.100863
2.991591,-1.109565
3.053273,-1.118268
3.087798,-1.126970
3.151656,-1.135673
3.190471,-1.144375
3.256810,-1.153078
3.300309,-1.161780
3.369478,-1.170483
3.418115,-1.179185
3.490517,-1.187888
3.542040,-1.196590
3.620925,-1.205293
3.698486,-1.213995
3.761866,-1.222697
3.843951,-1.231400
3.914709,-1.240102
4.002016,-1.248805
4.091541,-1.257507
4.174436,-1.266210
4.270439,-1.274912
4.369302,-1.283615
4.488127,-1.292317
4.595059,-1.301020
4.704774,-1.309722
4.842362,-1.318425
4.984324,-1.327127
5.114992,-1.335830
5.269178,-1.344532
5.417659,-1.353235
5.586632,-1.361937
5.783612,-1.370639
5.964021,-1.379342
6.160119,-1.388044
6.386934,-1.396747
6.609892,-1.405449
6.884617,-1.414152
7.153249,-1.422854
7.455209,-1.431557
