scan.pos:4.633734,5.496543,-0.3647502.658341,1.562094
2.667331,1.553391
2.676585,1.544689
2.686110,1.535986
2.695909,1.527284
2.705986,1.518581
2.716347,1.509879
2.726995,1.501177
2.737937,1.492474
2.749177,1.483772
2.760721,1.475069
2.772574,1.466367
2.784743,1.457664
2.797232,1.448962
2.810050,1.440259
2.823201,1.431557
2.836693,1.422854
2.850533,1.414152
2.864727,1.405449
2.879284,1.396747
2.894212,1.388044
2.909517,1.379342
2.925209,1.370639
2.941297,1.361937
2.957789,1.353234
2.974695,1.344532
2.992024,1.335830
3.009787,1.327127
3.027995,1.318425
3.046657,1.309722
3.065785,1.301020
3.085392,1.292317
3.105489,1.283615
3.126090,1.274912
3.147207,1.266210
3.168854,1.257507
3.191045,1.248805
3.213796,1.240102
3.237122,1.231400
3.261039,1.222697
3.285565,1.213995
3.310716,1.205292
3.336511,1.196590
3.362969,1.187888
3.390111,1.179185
3.417957,1.170483
3.446528,1.161780
3.475848,1.153078
3.505941,1.144375
3.525416,1.135673
3.542803,1.126970
3.588637,1.118268
3.607472,1.109565
3.654346,1.100863
3.674722,1.092160
3.722757,1.083458
3.771318,1.074755
3.794102,1.066053
3.844025,1.057350
3.894588,1.048648
3.920059,1.039945
3.972208,1.031243
3.999705,1.022541
4.053601,1.013838
4.108352,1.005136
4.139095,0.996433
4.146362,0.987731
4.130661,0.979028
4.090109,0.970326
4.065330,0.961623
4.041154,0.952921
4.017570,0.944218
3.994560,0.935516
3.972114,0.926813
3.950217,0.918111
3.928859,0.909408
3.908026,0.900706
3.887707,0.892003
3.867892,0.883301
3.848569,0.874598
3.829728,0.865896
3.811360,0.857194
3.793455,0.848491
3.776003,0.839789
3.758996,0.831086
3.742426,0.822384
3.726283,0.813681
3.710560,0.804979
3.695250,0.796276
3.680345,0.787574
3.665837,0.778871
3.651721,0.770169
3.637988,0.761466
3.624634,0.752764
3.611651,0.744061
3.599034,0.735359
3.586777,0.726656
3.574875,0.717954
3.563322,0.709251
3.552113,0.700549
3.541243,0.691847
3.530707,0.683144
3.520501,0.674442
3.510621,0.665739
3.501062,0.657037
3.491820,0.648334
3.482891,0.639632
3.474271,0.630929
3.465958,0.622227
3.457947,0.613524
3.450234,0.604822
3.442818,0.596119
3.435695,0.587417
3.428862,0.578714
3.422316,0.570012
3.416054,0.561309
3.410075,0.552607
3.404375,0.543905
3.398953,0.535202
3.393806,0.526500
3.388932,0.517797
3.384330,0.509095
3.379997,0.500392
3.375932,0.491690
3.372133,0.482987
3.368600,0.474285
3.365329,0.465582
3.362321,0.456880
3.359573,0.448177
3.357086,0.439475
3.354857,0.430772
3.352887,0.422070
3.351174,0.413367
3.349718,0.404665
3.348518,0.395962
3.347573,0.387260
3.346884,0.378558
3.346450,0.369855
3.346271,0.361153
3.346347,0.352450
3.346678,0.343748
3.347263,0.335045
3.348104,0.326343
3.349200,0.317640
3.350553,0.308938
3.352162,0.300235
3.354028,0.291533
3.356151,0.282830
3.358534,0.274128
3.361175,0.265425
3.364078,0.256723
3.367242,0.248020
3.370669,0.239318
3.374360,0.230615
3.378317,0.221913
3.382541,0.213211
3.387034,0.204508
3.391797,0.195806
3.396833,0.187103
3.402143,0.178401
3.407730,0.169698
3.413596,0.160996
3.419743,0.152293
3.426173,0.143591
3.432890,0.134888
3.439895,0.126186
3.447192,0.117483
3.454784,0.108781
3.462673,0.100078
3.470864,0.091376
3.479359,0.082673
3.488162,0.073971
3.497277,0.065269
3.506707,0.056566
3.516456,0.047864
3.526530,0.039161
3.536931,0.030459
3.547665,0.021756
3.558736,0.013054
3.570149,0.004351
3.581909,-0.004351
3.594022,-0.013054
3.606492,-0.021756
3.619325,-0.030459
3.632529,-0.039161
3.646107,-0.047864
3.660067,-0.056566
3.674415,-0.065269
3.689158,-0.073971
3.704304,-0.082674
3.719858,-0.091376
3.735829,-0.100078
3.752226,-0.108781
3.769054,-0.117483
3.786325,-0.126186
3.804045,-0.134888
3.822224,-0.143591
3.840872,-0.152293
3.859998,-0.160996
3.879613,-0.169698
3.899726,-0.178401
3.920349,-0.187103
3.941493,-0.195806
3.963170,-0.204508
3.985392,-0.213211
4.008172,-0.221913
4.031521,-0.230616
4.055456,-0.239318
4.079988,-0.248021
4.105134,-0.256723
4.130909,-0.265425
4.157328,-0.274128
4.184407,-0.282830
4.212164,-0.291533
4.240618,-0.300235
4.269785,-0.308938
4.299686,-0.317640
4.330342,-0.326343
4.361772,-0.335045
4.393998,-0.343748
4.427044,-0.352450
4.460934,-0.361153
4.495690,-0.369855
4.531341,-0.378558
4.567913,-0.387260
4.605433,-0.395963
4.643930,-0.404665
4.683437,-0.413367
4.723985,-0.422070
4.752617,-0.430772
4.806897,-0.439475
4.834214,-0.448177
4.891954,-0.456880
4.921879,-0.465582
4.979973,-0.474285
5.015524,-0.482987
5.076025,-0.491690
5.137446,-0.500392
5.172587,-0.509095
5.264832,-0.517797
5.304609,-0.526500
5.267452,-0.535202
5.231207,-0.543905
5.195851,-0.552607
5.161360,-0.561310
5.127711,-0.570012
5.094884,-0.578714
5.013662,-0.587417
4.982721,-0.596119
4.928236,-0.604822
4.898929,-0.613524
4.870337,-0.622227
4.842444,-0.630929
4.815234,-0.639632
4.788690,-0.648334
4.762797,-0.657037
4.737543,-0.665739
4.712911,-0.674442
4.688890,-0.683144
4.665465,-0.691847
4.642625,-0.700549
4.620358,-0.709252
4.598652,-0.717954
4.532360,-0.726657
4.511946,-0.735359
4.492056,-0.744061
4.428138,-0.752764
4.409454,-0.761466
4.391260,-0.770169
4.373547,-0.778871
4.356307,-0.787574
4.339531,-0.796276
4.323213,-0.804979
4.307343,-0.813681
4.291914,-0.822384
4.276921,-0.831086
4.262356,-0.839789
4.248211,-0.848491
4.234482,-0.857194
4.221162,-0.865896
4.208245,-0.874599
4.195724,-0.883301
4.183597,-0.892003
4.171855,-0.900706
4.160495,-0.909408
4.149513,-0.918111
3.202156,-0.926813
3.131936,-0.935516
3.103726,-0.944218
3.055217,-0.952921
3.007160,-0.961623
3.000697,-0.970326
2.973954,-0.979028
2.968039,-0.987731
2.962373,-0.996433
2.956953,-1.005136
2.911014,-1.013838
2.906148,-1.022541
2.881205,-1.031243
2.876842,-1.039946
2.872711,-1.048648
2.828354,-1.057350
2.784330,-1.066053
2.780982,-1.074755
2.757698,-1.083458
2.754808,-1.092160
2.752133,-1.100863
2.749673,-1.109565
2.707267,-1.118268
2.705262,-1.126970
2.703467,-1.135673
2.681839,-1.144375
2.680469,-1.153078
2.679304,-1.161780
2.638318,-1.170483
2.637573,-1.179185
2.637031,-1.187888
2.596686,-1.196590
2.576547,-1.205293
2.576606,-1.213995
2.536855,-1.222697
2.517293,-1.231400
2.517926,-1.240102
2.518750,-1.248805
2.479716,-1.257507
2.480907,-1.266210
2.482288,-1.274912
2.443741,-1.283615
2.429251,-1.292317
2.447400,-1.301020
2.427271,-1.309722
2.431691,-1.318425
2.393874,-1.327127
2.376328,-1.335830
2.379115,-1.344532
2.341656,-1.353235
2.344766,-1.361937
2.307519,-1.370639
2.310946,-1.379342
2.314558,-1.388044
2.318359,-1.396747
2.301947,-1.405449
2.306092,-1.414152
2.310429,-1.422854
2.314958,-1.431557
2.319682,-1.440259
2.324603,-1.448962
2.329722,-1.457664
2.335042,-1.466367
2.340566,-1.475069
2.346294,-1.483772
2.352231,-1.492474
2.358377,-1.501177
2.364736,-1.509879
2.371311,-1.518582
2.399181,-1.527284
2.406257,-1.535986
2.413560,-1.544689
2.421092,-1.553391
2.428856,-1.562094
2.436857,-1.570796
