scan.pos:-2.143424,-3.742443,0.4352506.542236,1.535986
6.474391,1.527284
6.407537,1.518581
6.363211,1.509879
6.341165,1.501177
6.319750,1.492474
6.298958,1.483772
6.278779,1.475069
6.259204,1.466367
6.240224,1.457664
6.221831,1.448962
6.204018,1.440259
6.186776,1.431557
6.170098,1.422854
6.153977,1.414152
6.138407,1.405449
6.123380,1.396747
6.108891,1.388044
6.094933,1.379342
6.102108,1.370639
6.089152,1.361937
6.076713,1.353234
6.105747,1.344532
6.094249,1.335830
6.124068,1.327127
6.113506,1.318425
6.103446,1.309722
6.093881,1.301020
6.105083,1.292317
6.096472,1.283615
6.128786,1.274912
6.181675,1.266210
6.335755,1.257507
6.409376,1.248805
6.885867,1.240102
7.583131,1.231400
7.770019,0.996433
7.678329,0.987731
7.688125,0.979028
7.698533,0.970326
7.668993,0.961623
7.680576,0.952921
7.692781,0.944218
7.705613,0.935516
7.719076,0.926813
7.733176,0.918111
7.747919,0.909408
5.196908,0.900706
5.063062,0.892003
4.915477,0.883301
4.675017,0.874598
4.523623,0.865896
4.196276,0.857194
4.081785,0.848491
3.967028,0.839789
3.914740,0.831086
3.862469,0.822384
3.831241,0.813681
3.821224,0.804979
3.769120,0.796276
3.738214,0.787574
3.749985,0.778871
3.719396,0.770169
3.710322,0.761466
3.722976,0.752764
3.692841,0.744061
3.706089,0.735359
3.719718,0.726656
3.733732,0.717954
3.748139,0.709251
3.762945,0.700549
3.778157,0.691847
3.793783,0.683144
3.788525,0.674442
3.826306,0.665739
3.843219,0.657037
3.860578,0.648334
3.878391,0.639632
3.896667,0.630929
3.915416,0.622227
3.934647,0.613524
3.954370,0.604822
3.974597,0.596119
3.995337,0.587417
4.016603,0.578714
4.038404,0.570012
4.037025,0.561309
4.059804,0.552607
4.083154,0.543905
4.107089,0.535202
4.131622,0.526500
4.156769,0.517797
4.182544,0.509095
4.208963,0.500392
4.236043,0.491690
4.263800,0.482987
4.292253,0.474285
4.321419,0.465582
4.351318,0.456880
4.381969,0.448177
4.413394,0.439475
4.445614,0.430772
4.478652,0.422070
1.510027,0.413367
1.504434,0.404665
1.445329,0.395962
1.440034,0.387260
1.435082,0.378558
1.402869,0.369855
1.398360,0.361153
1.394175,0.352450
1.389269,0.343748
1.377328,0.335045
1.365694,0.326343
1.354357,0.317640
1.343308,0.308938
1.332539,0.300235
1.322040,0.291533
1.311805,0.282830
1.301826,0.274128
1.292095,0.265425
1.282605,0.256723
1.273350,0.248020
1.264323,0.239318
1.255518,0.230615
1.246930,0.221913
1.238551,0.213211
1.230378,0.204508
1.222404,0.195806
1.214625,0.187103
1.207035,0.178401
1.199631,0.169698
1.192407,0.160996
1.185359,0.152293
1.178484,0.143591
1.171776,0.134888
1.153142,0.126186
1.158850,0.117483
1.152624,0.108781
1.146551,0.100078
1.140628,0.091376
1.134852,0.082673
1.129220,0.073971
1.123729,0.065269
1.118375,0.056566
1.113157,0.047864
1.108071,0.039161
1.103115,0.030459
1.098287,0.021756
1.093583,0.013054
1.089002,0.004351
1.084542,-0.004351
1.080200,-0.013054
1.075974,-0.021756
1.071862,-0.030459
1.067863,-0.039161
1.063974,-0.047864
1.060194,-0.056566
1.056521,-0.065269
1.052953,-0.073971
1.049489,-0.082674
1.046127,-0.091376
1.042865,-0.100078
1.039703,-0.108781
1.036639,-0.117483
1.033671,-0.126186
1.030798,-0.134888
1.028019,-0.143591
1.025333,-0.152293
1.022739,-0.160996
1.020235,-0.169698
1.017821,-0.178401
1.015496,-0.187103
1.013258,-0.195806
1.011106,-0.204508
1.009041,-0.213211
1.007060,-0.221913
1.005164,-0.230616
1.003351,-0.239318
1.001621,-0.248021
0.999972,-0.256723
0.998405,-0.265425
0.996919,-0.274128
0.995513,-0.282830
0.994186,-0.291533
0.992939,-0.300235
0.991770,-0.308938
0.990679,-0.317640
0.989665,-0.326343
0.988729,-0.335045
0.987870,-0.343748
0.987088,-0.352450
0.986382,-0.361153
0.985752,-0.369855
0.985197,-0.378558
0.984719,-0.387260
0.984315,-0.395963
0.983987,-0.404665
0.983734,-0.413367
0.983556,-0.422070
0.983453,-0.430772
0.983425,-0.439475
0.983472,-0.448177
0.983593,-0.456880
0.983790,-0.465582
0.984062,-0.474285
0.984408,-0.482987
0.984830,-0.491690
0.985328,-0.500392
0.985901,-0.509095
0.986550,-0.517797
0.987275,-0.526500
0.988076,-0.535202
0.988954,-0.543905
0.989909,-0.552607
0.990942,-0.561310
0.992052,-0.570012
0.993241,-0.578714
0.994508,-0.587417
0.995854,-0.596119
0.997280,-0.604822
0.998786,-0.613524
1.000374,-0.622227
1.002042,-0.630929
1.003793,-0.639632
1.005627,-0.648334
1.007544,-0.657037
1.009545,-0.665739
1.011632,-0.674442
1.013805,-0.683144
1.016064,-0.691847
1.018412,-0.700549
1.020848,-0.709252
1.023374,-0.717954
1.025991,-0.726657
1.028700,-0.735359
1.031502,-0.744061
1.034398,-0.752764
1.037390,-0.761466
1.040478,-0.770169
1.043665,-0.778871
1.046951,-0.787574
1.050339,-0.796276
1.053828,-0.804979
1.078927,-0.813681
1.082702,-0.822384
1.086586,-0.831086
1.090582,-0.839789
1.138329,-0.848491
1.142721,-0.857194
1.147236,-0.865896
1.262267,-0.874599
1.311828,-0.883301
1.317376,-0.892003
7.248497,-0.900706
7.280537,-0.909408
7.313420,-0.918111
7.347165,-0.926813
7.381786,-0.935516
7.417304,-0.944218
7.453735,-0.952921
7.537316,-0.961623
7.575869,-0.970326
7.615402,-0.979028
7.655935,-0.987731
7.697492,-0.996433
7.740094,-1.005136
7.783767,-1.013838
7.671659,-1.022541
7.593561,-1.031243
7.480669,-1.039946
7.407200,-1.048648
7.296967,-1.057350
7.227729,-1.066053
7.136009,-1.074755
7.054416,-1.083458
6.966068,-1.092160
6.886588,-1.100863
6.801282,-1.109565
6.749382,-1.118268
6.666996,-1.126970
6.591076,-1.135673
6.537477,-1.144375
6.463055,-1.153078
6.412256,-1.161780
6.339108,-1.170483
6.288481,-1.179185
6.214972,-1.187888
6.170145,-1.196590
6.098972,-1.205293
6.056843,-1.213995
6.014588,-1.222697
5.962893,-1.231400
5.912524,-1.240102
5.863442,-1.248805
5.815609,-1.257507
5.768984,-1.266210
5.723534,-1.274912
5.679223,-1.283615
5.636019,-1.292317
5.593890,-1.301020
5.552806,-1.309722
5.512738,-1.318425
5.473658,-1.327127
5.435539,-1.335830
5.398355,-1.344532
5.362083,-1.353235
5.326697,-1.361937
5.292176,-1.370639
5.258498,-1.379342
5.225640,-1.388044
5.193584,-1.396747
5.162310,-1.405449
5.131798,-1.414152
5.102031,-1.422854
5.072992,-1.431557
5.044663,-1.440259
5.017029,-1.448962
4.990074,-1.457664
4.963783,-1.466367
4.938141,-1.475069
4.913136,-1.483772
4.888753,-1.492474
4.864979,-1.501177
4.841803,-1.509879
4.819211,-1.518582
4.797193,-1.527284
4.775737,-1.535986
4.754833,-1.544689
4.734469,-1.553391
4.714638,-1.562094
4.695327,-1.570796
