scan.pos:6.175813,2.992093,1.9184351.042354,1.562094
1.039108,1.553391
1.035960,1.544689
1.053990,1.535986
1.071996,1.527284
1.089981,1.518581
1.087046,1.509879
1.105060,1.501177
1.143862,1.492474
1.161813,1.483772
1.159067,1.475069
1.156423,1.466367
1.153878,1.457664
1.171993,1.448962
1.169603,1.440259
1.167311,1.431557
1.165116,1.422854
1.163018,1.414152
1.222122,1.405449
1.220115,1.396747
1.238510,1.388044
1.297490,1.379342
1.315909,1.370639
1.314159,1.361937
1.312514,1.353234
1.331141,1.344532
1.369975,1.335830
1.368578,1.327127
1.447716,1.318425
1.446463,1.309722
1.445322,1.301020
1.464352,1.292317
1.503514,1.283615
1.502673,1.274912
1.501948,1.266210
1.541373,1.257507
1.540864,1.248805
1.560478,1.240102
1.560200,1.231400
1.600043,1.222697
1.600002,1.213995
1.660086,1.205292
1.660296,1.196590
1.660633,1.187888
1.721136,1.179185
1.721748,1.170483
1.782578,1.161780
1.783484,1.153078
1.824628,1.144375
1.825835,1.135673
1.847261,1.126970
1.888957,1.118268
1.890641,1.109565
1.932738,1.100863
1.934760,1.092160
2.013415,1.083458
5.954955,1.074755
5.578268,1.066053
5.221266,1.057350
5.228759,1.048648
5.011591,1.039945
4.845885,1.031243
4.810207,1.022541
4.834242,1.013838
4.843088,1.005136
4.852336,0.996433
4.861991,0.987731
4.872056,0.979028
4.882535,0.970326
4.893434,0.961623
4.904755,0.952921
4.916504,0.944218
4.928685,0.935516
4.941305,0.926813
4.954367,0.918111
4.967878,0.909408
4.981843,0.900706
4.996269,0.892003
5.008884,0.883301
5.026526,0.874598
5.084960,0.865896
5.101429,0.857194
5.161266,0.848491
5.178886,0.839789
5.197023,0.831086
5.237347,0.822384
5.256625,0.813681
5.276448,0.804979
5.296827,0.796276
5.317770,0.787574
5.339287,0.778871
5.361390,0.770169
5.384088,0.761466
5.407392,0.752764
5.431314,0.744061
5.455866,0.735359
5.481061,0.726656
5.484135,0.717954
5.464773,0.709251
5.491636,0.700549
5.519186,0.691847
5.547439,0.683144
5.576410,0.674442
5.653068,0.665739
5.707381,0.657037
7.723220,0.517797
7.658093,0.509095
7.568530,0.500392
7.507329,0.491690
7.421148,0.482987
7.363610,0.474285
7.280538,0.465582
7.226420,0.456880
7.146204,0.448177
7.095289,0.439475
7.043922,0.430772
6.983420,0.422070
6.924472,0.413367
6.867029,0.404665
6.811046,0.395962
6.756479,0.387260
6.703285,0.378558
6.651425,0.369855
6.600861,0.361153
6.551554,0.352450
6.503470,0.343748
6.456575,0.335045
6.410836,0.326343
6.366222,0.317640
6.322702,0.308938
6.280249,0.300235
6.238834,0.291533
6.198431,0.282830
6.159013,0.274128
6.120557,0.265425
6.083038,0.256723
6.046434,0.248020
6.010724,0.239318
5.975885,0.230615
5.941897,0.221913
5.908741,0.213211
5.876399,0.204508
5.844851,0.195806
5.814080,0.187103
5.784070,0.178401
5.754804,0.169698
5.726266,0.160996
5.698442,0.152293
5.671317,0.143591
5.644877,0.134888
5.619108,0.126186
5.593997,0.117483
5.569532,0.108781
5.545701,0.100078
5.522491,0.091376
5.499892,0.082673
5.477893,0.073971
5.456483,0.065269
5.435652,0.056566
5.415390,0.047864
5.395688,0.039161
5.376537,0.030459
5.357927,0.021756
5.339852,0.013054
5.322302,0.004351
5.305270,-0.004351
5.288747,-0.013054
5.272728,-0.021756
5.257205,-0.030459
5.242170,-0.039161
5.227619,-0.047864
5.213544,-0.056566
5.199939,-0.065269
5.186800,-0.073971
5.174119,-0.082674
5.161893,-0.091376
5.150115,-0.100078
5.138782,-0.108781
5.127888,-0.117483
5.117429,-0.126186
5.107400,-0.134888
5.097799,-0.143591
5.088620,-0.152293
5.079860,-0.160996
5.071516,-0.169698
5.063584,-0.178401
5.056062,-0.187103
5.048946,-0.195806
5.042233,-0.204508
5.035921,-0.213211
5.030007,-0.221913
5.024490,-0.230616
5.019366,-0.239318
5.014635,-0.248021
5.010293,-0.256723
5.006340,-0.265425
5.002774,-0.274128
4.999593,-0.282830
4.996797,-0.291533
4.994383,-0.300235
4.992352,-0.308938
4.990704,-0.317640
4.989435,-0.326343
4.988547,-0.335045
4.988039,-0.343748
4.987912,-0.352450
4.988164,-0.361153
4.988796,-0.369855
4.989808,-0.378558
4.991201,-0.387260
4.992975,-0.395963
4.995131,-0.404665
4.997669,-0.413367
5.000591,-0.422070
5.003897,-0.430772
5.007590,-0.439475
5.011670,-0.448177
5.016139,-0.456880
5.020998,-0.465582
5.026251,-0.474285
5.031898,-0.482987
5.037941,-0.491690
5.044384,-0.500392
5.051228,-0.509095
5.058477,-0.517797
5.066133,-0.526500
5.074199,-0.535202
5.082679,-0.543905
5.091575,-0.552607
5.100892,-0.561310
5.110632,-0.570012
5.120801,-0.578714
5.131402,-0.587417
5.142439,-0.596119
5.153917,-0.604822
5.165841,-0.613524
5.178216,-0.622227
5.191046,-0.630929
5.204337,-0.639632
5.218094,-0.648334
5.232325,-0.657037
5.263190,-0.665739
5.271132,-0.674442
5.287582,-0.683144
5.310768,-0.691847
5.233814,-0.700549
5.098056,-0.709252
4.988242,-0.717954
4.882746,-0.726657
4.781270,-0.735359
4.683537,-0.744061
4.589298,-0.752764
4.491972,-0.761466
4.405192,-0.770169
4.321232,-0.778871
4.239912,-0.787574
4.161070,-0.796276
4.084554,-0.804979
4.010221,-0.813681
3.937943,-0.822384
3.867594,-0.831086
3.801913,-0.839789
3.758764,-0.848491
3.694539,-0.857194
3.631817,-0.865896
3.570509,-0.874599
3.533767,-0.883301
3.475171,-0.892003
3.417762,-0.900706
3.371025,-0.909408
3.340300,-0.918111
3.286956,-0.926813
3.234538,-0.935516
3.207141,-0.944218
3.156559,-0.952921
3.131191,-0.961623
3.082259,-0.970326
3.049546,-0.979028
3.002655,-0.987731
2.981427,-0.996433
2.935848,-1.005136
2.916196,-1.013838
2.871791,-1.022541
2.847640,-1.031243
2.804801,-1.039946
2.788479,-1.048648
2.746557,-1.057350
2.731487,-1.066053
2.717111,-1.074755
2.673572,-1.083458
2.660825,-1.092160
2.621341,-1.100863
2.609645,-1.109565
2.570724,-1.118268
2.560012,-1.126970
2.547873,-1.135673
2.525989,-1.144375
2.504666,-1.153078
2.483889,-1.161780
2.463639,-1.170483
2.443901,-1.179185
2.424660,-1.187888
2.405902,-1.196590
2.387612,-1.205293
2.369777,-1.213995
2.352385,-1.222697
2.335422,-1.231400
2.318878,-1.240102
2.302740,-1.248805
2.286999,-1.257507
2.271643,-1.266210
2.256663,-1.274912
2.242048,-1.283615
2.227790,-1.292317
2.213880,-1.301020
2.200310,-1.309722
2.187069,-1.318425
2.174152,-1.327127
2.161551,-1.335830
2.149257,-1.344532
2.137264,-1.353235
2.125565,-1.361937
2.114154,-1.370639
2.103024,-1.379342
2.092169,-1.388044
2.081583,-1.396747
2.071260,-1.405449
2.061196,-1.414152
2.051385,-1.422854
2.041821,-1.431557
2.032500,-1.440259
2.023417,-1.448962
2.014568,-1.457664
2.005948,-1.466367
1.997553,-1.475069
1.989378,-1.483772
1.981421,-1.492474
1.973677,-1.501177
1.966142,-1.509879
1.958813,-1.518582
1.951686,-1.527284
1.944759,-1.535986
1.938028,-1.544689
1.931490,-1.553391
1.925142,-1.562094
1.918981,-1.570796
