scan.pos:-4.230295,-4.355192,0.2852500.917057,1.562094
0.914751,1.553391
0.912526,1.544689
0.910381,1.535986
0.908315,1.527284
0.906327,1.518581
0.904416,1.509879
0.902582,1.501177
0.900824,1.492474
0.899141,1.483772
0.897533,1.475069
0.895999,1.466367
0.894537,1.457664
0.893149,1.448962
0.891832,1.440259
0.890588,1.431557
0.889414,1.422854
0.888311,1.414152
0.887278,1.405449
0.886315,1.396747
0.885421,1.388044
0.884597,1.379342
0.883841,1.370639
0.883154,1.361937
0.882535,1.353234
0.881984,1.344532
0.881501,1.335830
0.881085,1.327127
0.880737,1.318425
0.880456,1.309722
0.880242,1.301020
0.880095,1.292317
0.880016,1.283615
0.880003,1.274912
0.880058,1.266210
0.880179,1.257507
0.880368,1.248805
0.880624,1.240102
0.880947,1.231400
0.881337,1.222697
0.881795,1.213995
0.882321,1.205292
0.882914,1.196590
0.883576,1.187888
0.884306,1.179185
0.885104,1.170483
0.885972,1.161780
0.886909,1.153078
0.887916,1.144375
0.888993,1.135673
0.890140,1.126970
0.891358,1.118268
0.892648,1.109565
0.894009,1.100863
0.895443,1.092160
0.896950,1.083458
0.898530,1.074755
0.900185,1.066053
0.942911,1.057350
0.944799,1.048648
0.946766,1.039945
0.948814,1.031243
0.971616,1.022541
1.015317,1.013838
1.017761,1.005136
1.020296,0.996433
1.022921,0.987731
1.067500,0.979028
1.091414,0.970326
1.094495,0.961623
1.097679,0.952921
1.100964,0.944218
1.104354,0.935516
1.107850,0.926813
1.111452,0.918111
6.733178,0.770169
6.593907,0.761466
6.502452,0.752764
6.412894,0.744061
6.348496,0.735359
6.262540,0.726656
6.130931,0.717954
6.047811,0.709251
5.966102,0.700549
5.885720,0.691847
5.806588,0.683144
5.655687,0.674442
5.602846,0.665739
5.526717,0.657037
5.451545,0.648334
5.427129,0.639632
5.387125,0.630929
5.364937,0.622227
5.369606,0.613524
5.320988,0.604822
5.332805,0.596119
5.319221,0.587417
5.332017,0.578714
5.345411,0.570012
5.359418,0.561309
5.400820,0.552607
5.443284,0.543905
5.486843,0.535202
5.531528,0.526500
5.577376,0.517797
5.624423,0.509095
5.672705,0.500392
5.713308,0.491690
5.764156,0.482987
5.815709,0.474285
5.843934,0.465582
5.900675,0.456880
5.932333,0.448177
5.993291,0.439475
6.056326,0.430772
6.121498,0.422070
6.184214,0.413367
6.263669,0.404665
6.330469,0.395962
6.386219,0.387260
6.448020,0.378558
6.535564,0.369855
6.598075,0.361153
6.686096,0.352450
6.749531,0.343748
6.838263,0.335045
6.927366,0.326343
7.006269,0.317640
7.106951,0.308938
7.116030,0.300235
7.121250,0.291533
7.142772,0.282830
7.189535,0.274128
7.199751,0.265425
7.240371,0.256723
7.279891,0.248020
3.743051,0.239318
3.608880,0.230615
3.545150,0.221913
3.505144,0.213211
3.488511,0.204508
3.472298,0.195806
3.456497,0.187103
3.441100,0.178401
3.426099,0.169698
3.411487,0.160996
3.397257,0.152293
3.383402,0.143591
3.369915,0.134888
3.356789,0.126186
3.344020,0.117483
3.331599,0.108781
3.319523,0.100078
3.307784,0.091376
3.296379,0.082673
3.285301,0.073971
3.274546,0.065269
3.264109,0.056566
3.253985,0.047864
3.244170,0.039161
3.234660,0.030459
3.225451,0.021756
3.216537,0.013054
3.207917,0.004351
3.199586,-0.004351
3.191540,-0.013054
3.183776,-0.021756
3.176292,-0.030459
3.169083,-0.039161
3.162148,-0.047864
3.155482,-0.056566
3.149084,-0.065269
3.142950,-0.073971
3.137079,-0.082674
3.131467,-0.091376
3.126114,-0.100078
3.121016,-0.108781
3.116171,-0.117483
3.111578,-0.126186
3.107235,-0.134888
3.103140,-0.143591
3.099291,-0.152293
3.095687,-0.160996
3.092327,-0.169698
3.089210,-0.178401
3.086333,-0.187103
3.083696,-0.195806
3.081298,-0.204508
3.079139,-0.213211
3.097261,-0.221913
3.095564,-0.230616
3.134154,-0.239318
3.192966,-0.248021
3.231968,-0.256723
3.231183,-0.265425
3.270649,-0.274128
3.290354,-0.282830
3.490308,-0.291533
3.550528,-0.300235
7.707910,-0.778871
7.583382,-0.787574
7.462606,-0.796276
7.350993,-0.804979
7.237978,-0.813681
7.128138,-0.822384
7.021312,-0.831086
6.917347,-0.839789
6.825768,-0.848491
6.727873,-0.857194
6.656311,-0.865896
6.563317,-0.874599
6.485250,-0.883301
6.397312,-0.892003
6.311367,-0.900706
6.227319,-0.909408
6.160719,-0.918111
6.080914,-0.926813
6.027835,-0.935516
5.951383,-0.944218
5.894907,-0.952921
5.822052,-0.961623
5.750535,-0.970326
5.706270,-0.979028
5.632580,-0.987731
5.591764,-0.996433
5.525877,-1.005136
5.461030,-1.013838
5.421327,-1.022541
5.359114,-1.031243
5.325204,-1.039946
5.263614,-1.048648
5.204641,-1.057350
5.174533,-1.066053
5.140525,-1.074755
5.096487,-1.083458
5.053578,-1.092160
5.011764,-1.100863
4.971012,-1.109565
4.931290,-1.118268
4.892567,-1.126970
4.854815,-1.135673
4.818004,-1.144375
4.782110,-1.153078
4.747105,-1.161780
4.712965,-1.170483
4.679666,-1.179185
4.647186,-1.187888
4.615502,-1.196590
4.584595,-1.205293
4.554443,-1.213995
4.525028,-1.222697
4.496331,-1.231400
4.468333,-1.240102
4.441018,-1.248805
4.414369,-1.257507
4.388370,-1.266210
4.363006,-1.274912
4.338262,-1.283615
4.314123,-1.292317
4.290577,-1.301020
4.267610,-1.309722
4.245208,-1.318425
4.223361,-1.327127
4.202055,-1.335830
4.181281,-1.344532
4.161026,-1.353235
4.141280,-1.361937
4.122034,-1.370639
4.103276,-1.379342
4.084998,-1.388044
4.067190,-1.396747
4.049844,-1.405449
4.032951,-1.414152
4.016503,-1.422854
4.000493,-1.431557
3.984911,-1.440259
3.969752,-1.448962
3.955007,-1.457664
3.940671,-1.466367
3.926736,-1.475069
3.913197,-1.483772
3.900046,-1.492474
3.887278,-1.501177
3.874888,-1.509879
3.862870,-1.518582
3.851219,-1.527284
3.839929,-1.535986
3.828996,-1.544689
3.818415,-1.553391
3.808182,-1.562094
3.798291,-1.570796
