scan.pos:2.511120,6.683486,-2.9147504.027789,1.562094
4.073891,1.553391
4.109129,1.544689
4.155213,1.535986
4.193174,1.527284
4.204448,1.518581
4.252165,1.509879
4.322733,1.501177
4.478590,1.492474
4.472580,1.483772
4.547712,1.475069
4.602833,1.466367
4.617878,1.457664
4.693630,1.448962
4.749479,1.440259
4.785494,1.431557
4.841889,1.422854
4.858444,1.414152
4.895393,1.405449
4.892596,1.396747
4.950257,1.388044
4.988223,1.379342
4.986515,1.370639
4.985188,1.361937
4.984241,1.353234
4.983673,1.344532
4.983486,1.335830
4.983678,1.327127
4.984249,1.318425
4.985200,1.309722
4.946507,1.301020
4.948206,1.292317
4.950283,1.283615
4.952739,1.274912
4.955575,1.266210
4.958792,1.257507
4.962391,1.248805
4.966374,1.240102
4.970742,1.231400
4.975497,1.222697
4.980641,1.213995
4.986176,1.205292
4.992104,1.196590
4.998426,1.187888
5.005147,1.179185
5.012268,1.170483
5.019791,1.161780
5.027721,1.153078
5.015686,1.144375
5.024402,1.135673
5.033533,1.126970
5.043082,1.118268
5.053052,1.109565
5.063448,1.100863
5.074275,1.092160
5.085536,1.083458
5.097236,1.074755
5.109380,1.066053
5.121973,1.057350
5.135020,1.048648
5.148527,1.039945
5.120558,1.031243
5.134884,1.022541
5.149684,1.013838
5.164965,1.005136
5.180731,0.996433
5.196992,0.987731
5.213753,0.979028
2.955581,0.970326
2.909071,0.961623
2.842416,0.952921
2.776935,0.944218
2.712531,0.935516
2.670923,0.926813
2.608494,0.918111
2.564609,0.909408
2.504934,0.900706
2.468076,0.892003
2.432003,0.883301
2.374314,0.874598
2.339561,0.865896
2.307233,0.857194
2.274636,0.848491
2.288093,0.839789
2.279621,0.831086
2.248867,0.822384
2.195464,0.813681
2.195688,0.804979
2.213663,0.796276
2.185567,0.787574
2.157798,0.778871
2.130334,0.770169
2.078936,0.761466
2.087965,0.752764
2.086158,0.744061
2.060580,0.735359
2.035197,0.726656
2.009993,0.717954
1.975647,0.709251
1.951306,0.700549
1.927084,0.691847
1.902964,0.683144
1.878930,0.674442
1.873955,0.665739
1.850754,0.657037
1.827595,0.648334
1.804460,0.639632
1.781337,0.630929
1.780731,0.622227
1.758298,0.613524
1.735835,0.604822
1.713330,0.596119
1.716141,0.587417
1.694230,0.578714
1.672240,0.570012
1.650156,0.561309
1.656250,0.552607
1.641867,0.543905
1.544564,0.535202
1.531715,0.526500
1.519194,0.517797
1.506989,0.509095
1.495092,0.500392
1.483493,0.491690
1.472184,0.482987
1.461157,0.474285
1.450403,0.465582
1.439915,0.456880
1.429686,0.448177
1.419709,0.439475
1.409976,0.430772
1.400482,0.422070
1.391220,0.413367
1.382185,0.404665
1.373370,0.395962
1.364770,0.387260
1.356379,0.378558
1.348194,0.369855
1.364331,0.361153
1.380383,0.352450
1.372509,0.343748
1.364827,0.335045
1.357333,0.326343
1.373480,0.317640
1.366227,0.308938
1.359152,0.300235
1.352254,0.291533
1.345527,0.282830
1.361834,0.274128
1.378088,0.265425
1.371642,0.256723
1.365359,0.248020
1.381683,0.239318
1.375620,0.230615
1.410922,0.221913
1.428357,0.213211
1.445802,0.204508
1.423581,0.195806
1.420460,0.187103
1.439377,0.178401
1.480091,0.169698
1.486407,0.160996
1.528420,0.152293
1.570438,0.143591
1.561186,0.134888
1.562232,0.126186
1.563686,0.117483
1.561840,0.108781
1.587031,0.100078
1.633737,0.091376
1.617702,0.082673
1.606023,0.073971
1.635412,0.065269
1.665520,0.056566
1.727381,0.047864
1.740782,0.039161
1.755394,0.030459
1.812647,0.021756
1.866542,0.013054
1.862561,0.004351
1.858738,-0.004351
1.855072,-0.013054
1.986842,-0.021756
1.981859,-0.030459
1.980575,-0.039161
2.052570,-0.047864
2.146962,-0.056566
2.287713,-0.065269
2.394639,-0.073971
2.523592,-0.082674
2.696990,-0.091376
2.862673,-0.100078
3.083868,-0.108781
6.039381,-0.178401
5.956777,-0.187103
5.874689,-0.195806
5.853118,-0.204508
5.791997,-0.213211
5.751337,-0.221913
5.751120,-0.230616
5.751341,-0.239318
5.752001,-0.248021
5.753099,-0.256723
5.754636,-0.265425
5.756612,-0.274128
5.698945,-0.282830
5.661697,-0.291533
5.644890,-0.300235
5.608431,-0.308938
5.612502,-0.317640
5.617007,-0.326343
5.621947,-0.335045
5.627325,-0.343748
5.633143,-0.352450
5.639403,-0.361153
5.646107,-0.369855
5.653258,-0.378558
5.701358,-0.387260
5.668912,-0.395963
5.677422,-0.404665
5.686391,-0.413367
5.695823,-0.422070
5.722028,-0.430772
5.727887,-0.439475
5.779633,-0.448177
5.736206,-0.456880
5.519417,-0.465582
5.333036,-0.474285
5.137601,-0.482987
4.970726,-0.491690
4.831573,-0.500392
4.678002,-0.509095
4.543151,-0.517797
4.402659,-0.526500
4.287713,-0.535202
4.175425,-0.543905
4.070549,-0.552607
3.948027,-0.561310
3.849813,-0.570012
3.759939,-0.578714
3.668977,-0.587417
3.601886,-0.596119
3.525628,-0.604822
3.442934,-0.613524
3.362118,-0.622227
3.297040,-0.630929
3.220835,-0.639632
3.167964,-0.648334
3.094618,-0.657037
3.041388,-0.665739
2.993705,-0.674442
2.924974,-0.683144
2.879407,-0.691847
2.835985,-0.700549
2.793531,-0.709252
2.754693,-0.717954
2.692141,-0.726657
2.653021,-0.735359
2.619979,-0.744061
2.560027,-0.752764
2.523680,-0.761466
2.495758,-0.770169
2.461348,-0.778871
2.427441,-0.787574
2.394002,-0.796276
2.361002,-0.804979
2.328410,-0.813681
2.296197,-0.822384
2.264336,-0.831086
2.232801,-0.839789
2.226134,-0.848491
2.195330,-0.857194
2.164781,-0.865896
2.134465,-0.874599
2.104358,-0.883301
2.099821,-0.892003
2.070245,-0.900706
2.040818,-0.909408
2.011521,-0.918111
2.008442,-0.926813
1.979536,-0.935516
1.950705,-0.944218
1.948634,-0.952921
1.920102,-0.961623
1.891592,-0.970326
1.890431,-0.979028
1.862132,-0.987731
1.861608,-0.996433
1.833467,-1.005136
1.833456,-1.013838
1.817665,-1.022541
1.802280,-1.031243
1.787288,-1.039946
1.772677,-1.048648
1.758436,-1.057350
1.744553,-1.066053
1.731019,-1.074755
1.717823,-1.083458
1.704956,-1.092160
1.692408,-1.100863
1.680170,-1.109565
1.668234,-1.118268
1.656592,-1.126970
1.645236,-1.135673
1.634158,-1.144375
1.623350,-1.153078
1.612807,-1.161780
1.602521,-1.170483
1.592486,-1.179185
1.582696,-1.187888
1.573145,-1.196590
1.563826,-1.205293
1.554735,-1.213995
1.545866,-1.222697
1.537214,-1.231400
1.528774,-1.240102
1.520541,-1.248805
1.512511,-1.257507
1.504680,-1.266210
1.497042,-1.274912
1.489595,-1.283615
1.482334,-1.292317
1.475255,-1.301020
1.468354,-1.309722
1.461629,-1.318425
1.455075,-1.327127
1.448689,-1.335830
1.442469,-1.344532
1.436411,-1.353235
1.430512,-1.361937
1.424769,-1.370639
1.419180,-1.379342
1.413742,-1.388044
1.408452,-1.396747
1.403308,-1.405449
1.398307,-1.414152
1.393448,-1.422854
1.388728,-1.431557
1.384145,-1.440259
1.379696,-1.448962
1.375381,-1.457664
1.371197,-1.466367
1.367141,-1.475069
1.363214,-1.483772
1.359411,-1.492474
1.355734,-1.501177
1.352178,-1.509879
1.348744,-1.518582
1.345429,-1.527284
1.342232,-1.535986
1.339153,-1.544689
1.336189,-1.553391
1.333339,-1.562094
1.330603,-1.570796
