scan.pos:0.944909,7.033839,2.7684350.816168,1.562094
0.818997,1.553391
0.821909,1.544689
0.824904,1.535986
0.827985,1.527284
0.831153,1.518581
0.834408,1.509879
0.837753,1.501177
0.841190,1.492474
0.844719,1.483772
0.819141,1.475069
0.822733,1.466367
0.826420,1.457664
0.830204,1.448962
0.834087,1.440259
0.838070,1.431557
0.842155,1.422854
0.846346,1.414152
0.850643,1.405449
0.855050,1.396747
0.859569,1.388044
0.864201,1.379342
0.868951,1.370639
0.873820,1.361937
0.878811,1.353234
0.883927,1.344532
0.889171,1.335830
0.894546,1.327127
0.900055,1.318425
0.905703,1.309722
0.911491,1.301020
0.917424,1.292317
0.923506,1.283615
0.929740,1.274912
0.936131,1.266210
0.942682,1.257507
0.949399,1.248805
0.956285,1.240102
0.963346,1.231400
0.970586,1.222697
0.978011,1.213995
0.985627,1.205292
0.993438,1.196590
1.001450,1.187888
1.009671,1.179185
1.018105,1.170483
1.026761,1.161780
1.035645,1.153078
1.037628,1.144375
1.037604,1.135673
1.037817,1.126970
1.065668,1.118268
1.068494,1.109565
1.069707,1.100863
1.097923,1.092160
1.099431,1.083458
1.105570,1.074755
1.134266,1.066053
1.136886,1.057350
1.139785,1.048648
1.149412,1.039945
1.178834,1.031243
1.182961,1.022541
1.187397,1.013838
1.225680,1.005136
1.231157,0.996433
1.236978,0.987731
1.267605,0.979028
1.273996,0.970326
1.262168,0.961623
1.300029,0.952921
1.332089,0.944218
1.340563,0.935516
1.373097,0.926813
1.382352,0.918111
1.407426,0.909408
1.418356,0.900706
1.452947,0.892003
1.464862,0.883301
1.477365,0.874598
1.509453,0.865896
1.546677,0.857194
1.561816,0.848491
1.577687,0.839789
1.616699,0.831086
1.634051,0.822384
1.676331,0.813681
1.696389,0.804979
1.739431,0.796276
1.870994,0.787574
1.915503,0.778871
1.939285,0.770169
1.994659,0.761466
1.991483,0.752764
4.515916,0.517797
4.449514,0.509095
4.423972,0.500392
4.338360,0.491690
4.273398,0.482987
4.249123,0.474285
4.245312,0.465582
4.201671,0.456880
4.198548,0.448177
4.195750,0.439475
4.193274,0.430772
4.191120,0.422070
4.189287,0.413367
4.187774,0.404665
4.186581,0.395962
4.145700,0.387260
4.125150,0.378558
4.064918,0.369855
4.064998,0.361153
4.025384,0.352450
4.026077,0.343748
4.027077,0.335045
4.028385,0.326343
4.030000,0.317640
4.031924,0.308938
4.034157,0.300235
4.036700,0.291533
4.039554,0.282830
4.042720,0.274128
4.046200,0.265425
4.049994,0.256723
4.054104,0.248020
4.058532,0.239318
4.103661,0.230615
4.068349,0.221913
4.073741,0.213211
4.079459,0.204508
4.085504,0.195806
4.107143,0.187103
4.103288,0.178401
4.113058,0.169698
4.114402,0.160996
4.167288,0.152293
4.181098,0.143591
4.050054,0.134888
3.925757,0.126186
3.766197,0.117483
3.653245,0.108781
3.524414,0.100078
3.420663,0.091376
3.333347,0.082673
3.218523,0.073971
3.127701,0.065269
3.060768,0.056566
2.975500,0.047864
2.892627,0.039161
2.833144,0.030459
2.759517,0.021756
2.684326,0.013054
2.632161,0.004351
2.581627,-0.004351
2.511051,-0.013054
2.463354,-0.021756
2.408937,-0.030459
2.364955,-0.039161
2.322061,-0.047864
2.258220,-0.056566
2.217192,-0.065269
2.177040,-0.073971
2.136343,-0.082674
2.121090,-0.091376
2.061870,-0.100078
2.048133,-0.108781
1.989941,-0.117483
1.977552,-0.126186
1.947322,-0.134888
1.914162,-0.143591
1.881425,-0.152293
1.849079,-0.160996
1.817094,-0.169698
1.808868,-0.178401
1.763329,-0.187103
1.756720,-0.195806
1.726802,-0.204508
1.697104,-0.213211
1.691693,-0.221913
1.651325,-0.230616
1.647269,-0.239318
1.619109,-0.248021
1.591058,-0.256723
1.587940,-0.265425
1.551890,-0.274128
1.549935,-0.282830
1.523013,-0.291533
1.496108,-0.300235
1.488725,-0.308938
1.488385,-0.317640
1.462324,-0.326343
1.436216,-0.335045
1.436499,-0.343748
1.406853,-0.352450
1.408083,-0.361153
1.382553,-0.369855
1.384197,-0.378558
1.357034,-0.387260
1.359568,-0.395963
1.334425,-0.404665
1.337333,-0.413367
1.329279,-0.422070
1.317979,-0.430772
1.306969,-0.439475
1.296239,-0.448177
1.285781,-0.456880
1.275586,-0.465582
1.265648,-0.474285
1.255958,-0.482987
1.246510,-0.491690
1.237296,-0.500392
1.228311,-0.509095
1.219547,-0.517797
1.210999,-0.526500
1.202660,-0.535202
1.194527,-0.543905
1.186592,-0.552607
1.178851,-0.561310
1.171299,-0.570012
1.163931,-0.578714
1.156743,-0.587417
1.149730,-0.596119
1.142889,-0.604822
1.136214,-0.613524
1.129702,-0.622227
1.123350,-0.630929
1.117153,-0.639632
1.111108,-0.648334
1.105212,-0.657037
1.099462,-0.665739
1.093854,-0.674442
1.088385,-0.683144
1.083053,-0.691847
1.077855,-0.700549
1.072787,-0.709252
1.067848,-0.717954
1.063035,-0.726657
1.058345,-0.735359
1.053776,-0.744061
1.049326,-0.752764
1.060278,-0.761466
1.055997,-0.770169
1.051831,-0.778871
1.047777,-0.787574
1.043834,-0.796276
1.039998,-0.804979
1.036270,-0.813681
1.032647,-0.822384
1.029127,-0.831086
1.025708,-0.839789
1.022390,-0.848491
1.019171,-0.857194
1.016049,-0.865896
1.013023,-0.874599
1.010091,-0.883301
1.007253,-0.892003
1.004508,-0.900706
1.001853,-0.909408
0.999288,-0.918111
0.996812,-0.926813
0.994424,-0.935516
0.992122,-0.944218
0.989907,-0.952921
0.987776,-0.961623
0.985729,-0.970326
0.983766,-0.979028
0.981885,-0.987731
0.980086,-0.996433
0.978367,-1.005136
0.976729,-1.013838
0.975171,-1.022541
0.973691,-1.031243
0.972290,-1.039946
0.970967,-1.048648
0.969721,-1.057350
0.968552,-1.066053
0.967460,-1.074755
0.966443,-1.083458
0.965502,-1.092160
0.964636,-1.100863
0.963845,-1.109565
0.963129,-1.118268
0.962487,-1.126970
0.961919,-1.135673
0.961425,-1.144375
0.961004,-1.153078
0.960657,-1.161780
0.960384,-1.170483
0.960183,-1.179185
0.960056,-1.187888
0.960002,-1.196590
0.960021,-1.205293
0.960113,-1.213995
0.960279,-1.222697
0.960517,-1.231400
0.960829,-1.240102
0.961214,-1.248805
0.961673,-1.257507
0.962206,-1.266210
0.962812,-1.274912
0.963493,-1.283615
0.964248,-1.292317
0.965078,-1.301020
0.965983,-1.309722
0.966964,-1.318425
0.968020,-1.327127
0.969152,-1.335830
0.970361,-1.344532
0.971647,-1.353235
0.973011,-1.361937
0.974453,-1.370639
0.975973,-1.379342
0.977573,-1.388044
0.979253,-1.396747
0.981014,-1.405449
0.982855,-1.414152
0.984779,-1.422854
0.986786,-1.431557
0.988876,-1.440259
0.991051,-1.448962
0.993311,-1.457664
0.995658,-1.466367
0.998092,-1.475069
1.000614,-1.483772
1.003226,-1.492474
1.005928,-1.501177
1.008721,-1.509879
1.011608,-1.518582
1.014588,-1.527284
1.017664,-1.535986
1.020837,-1.544689
1.024108,-1.553391
1.027478,-1.562094
1.030949,-1.570796
