scan.pos:-2.111785,7.081197,0.9852501.175891,1.562094
1.182781,1.553391
1.189843,1.544689
1.197081,1.535986
1.204501,1.527284
1.212105,1.518581
1.219900,1.509879
1.227890,1.501177
1.236080,1.492474
1.244475,1.483772
1.253082,1.475069
1.261905,1.466367
1.270950,1.457664
1.280225,1.448962
1.342376,1.440259
1.352526,1.431557
1.336211,1.422854
1.319744,1.414152
1.303117,1.405449
1.313690,1.396747
1.296943,1.388044
1.280015,1.379342
1.262898,1.370639
1.271698,1.361937
1.260763,1.353234
1.250108,1.344532
1.239726,1.335830
1.229608,1.327127
1.219746,1.318425
1.210132,1.309722
1.200759,1.301020
1.191620,1.292317
1.182709,1.283615
1.174019,1.274912
1.165543,1.266210
1.157277,1.257507
1.149214,1.248805
1.141349,1.240102
1.133677,1.231400
1.126192,1.222697
1.118890,1.213995
1.111766,1.205292
1.104816,1.196590
1.098036,1.187888
1.091420,1.179185
1.084966,1.170483
1.078670,1.161780
1.072528,1.153078
1.066535,1.144375
1.060690,1.135673
1.054989,1.126970
1.049428,1.118268
1.044004,1.109565
1.038715,1.100863
1.033557,1.092160
1.028528,1.083458
1.023626,1.074755
1.018847,1.066053
1.014190,1.057350
1.009651,1.048648
1.005229,1.039945
1.000922,1.031243
0.996727,1.022541
0.992642,1.013838
0.988666,1.005136
0.984796,0.996433
0.981030,0.987731
0.977367,0.979028
0.973806,0.970326
0.970344,0.961623
0.966980,0.952921
0.963712,0.944218
0.960540,0.935516
0.957460,0.926813
0.954473,0.918111
0.951577,0.909408
0.948770,0.900706
0.946052,0.892003
0.943420,0.883301
0.940875,0.874598
0.938415,0.865896
0.936039,0.857194
0.933745,0.848491
0.931534,0.839789
0.929404,0.831086
0.927354,0.822384
0.925383,0.813681
0.923490,0.804979
0.921676,0.796276
0.919939,0.787574
0.918277,0.778871
0.916692,0.770169
0.915182,0.761466
0.913746,0.752764
0.912383,0.744061
0.911095,0.735359
0.909879,0.726656
0.908735,0.717954
0.907664,0.709251
0.906663,0.700549
0.905734,0.691847
0.904876,0.683144
0.904088,0.674442
0.903370,0.665739
0.902722,0.657037
0.902144,0.648334
0.901635,0.639632
0.901195,0.630929
0.900824,0.622227
0.900522,0.613524
0.900289,0.604822
0.900124,0.596119
0.900028,0.587417
0.900000,0.578714
0.900041,0.570012
0.900151,0.561309
0.900329,0.552607
0.900576,0.543905
0.900892,0.535202
0.901276,0.526500
0.901730,0.517797
0.902252,0.509095
0.902844,0.500392
0.903506,0.491690
0.904238,0.482987
0.905040,0.474285
0.905912,0.465582
0.906855,0.456880
0.907869,0.448177
0.908955,0.439475
0.910113,0.430772
0.911343,0.422070
0.912646,0.413367
0.914023,0.404665
0.915474,0.395962
0.916999,0.387260
0.918599,0.378558
0.920275,0.369855
0.922028,0.361153
0.923858,0.352450
0.925765,0.343748
0.927752,0.335045
0.929818,0.326343
0.931964,0.317640
0.934191,0.308938
0.936501,0.300235
0.938894,0.291533
0.941371,0.282830
0.943933,0.274128
0.946581,0.265425
0.949317,0.256723
0.952141,0.248020
0.955055,0.239318
0.958061,0.230615
0.961158,0.221913
0.964350,0.213211
0.967636,0.204508
0.971019,0.195806
0.974501,0.187103
0.978082,0.178401
0.981765,0.169698
0.985551,0.160996
0.989442,0.152293
0.993439,0.143591
0.997546,0.134888
1.001763,0.126186
1.006093,0.117483
1.010537,0.108781
1.015099,0.100078
1.019780,0.091376
1.024583,0.082673
1.029510,0.073971
1.034564,0.065269
1.039748,0.056566
1.045063,0.047864
1.050514,0.039161
1.056103,0.030459
1.061832,0.021756
1.067706,0.013054
1.073728,0.004351
1.079900,-0.004351
1.086227,-0.013054
1.092713,-0.021756
1.099360,-0.030459
1.106174,-0.039161
1.113158,-0.047864
1.120317,-0.056566
1.127654,-0.065269
1.135176,-0.073971
1.142886,-0.082674
1.150789,-0.091376
1.158892,-0.100078
1.167199,-0.108781
1.175716,-0.117483
1.184450,-0.126186
1.193405,-0.134888
1.202590,-0.143591
1.212010,-0.152293
1.221672,-0.160996
1.231584,-0.169698
1.241754,-0.178401
1.252189,-0.187103
1.262898,-0.195806
1.271698,-0.204508
1.260763,-0.213211
1.277888,-0.221913
1.294825,-0.230616
1.311582,-0.239318
1.328167,-0.248021
1.317699,-0.256723
1.334177,-0.265425
1.350503,-0.274128
1.366686,-0.282830
1.382733,-0.291533
1.398652,-0.300235
1.414450,-0.308938
1.430133,-0.317640
1.445709,-0.326343
1.461183,-0.335045
1.476563,-0.343748
1.491853,-0.352450
1.514382,-0.361153
1.530058,-0.369855
1.556182,-0.378558
1.572327,-0.387260
1.600133,-0.395963
1.616815,-0.404665
1.646418,-0.413367
1.663713,-0.422070
1.671672,-0.430772
1.713235,-0.439475
1.723518,-0.448177
1.765624,-0.456880
1.778385,-0.465582
1.821157,-0.474285
1.836574,-0.482987
1.857402,-0.491690
1.898427,-0.500392
1.920424,-0.509095
1.965081,-0.517797
1.987670,-0.526500
2.033537,-0.535202
2.081772,-0.543905
2.106916,-0.552607
2.158808,-0.561310
2.185813,-0.570012
2.235118,-0.578714
2.292647,-0.587417
2.322343,-0.596119
2.384647,-0.604822
2.438479,-0.613524
2.492994,-0.622227
2.541466,-0.630929
2.599141,-0.639632
2.675431,-0.648334
2.757951,-0.657037
2.820460,-0.665739
2.886288,-0.674442
2.974688,-0.683144
3.049706,-0.691847
3.143834,-0.700549
3.250496,-0.709252
3.351626,-0.717954
3.455572,-0.726657
3.580838,-0.735359
3.694367,-0.744061
3.812017,-0.752764
3.982487,-0.761466
4.134048,-0.770169
4.306518,-0.778871
4.495814,-0.787574
4.713698,-0.796276
4.908859,-0.804979
5.132370,-0.813681
5.429972,-0.822384
5.729752,-0.831086
6.088830,-0.839789
6.450276,-0.848491
6.892349,-0.857194
7.365674,-0.865896
2.791996,-1.266210
2.724949,-1.274912
2.639893,-1.283615
2.553978,-1.292317
2.496764,-1.301020
2.421005,-1.309722
2.369597,-1.318425
2.298689,-1.327127
2.256057,-1.335830
2.189563,-1.344532
2.154253,-1.353235
2.112982,-1.361937
2.051185,-1.370639
2.003020,-1.379342
1.965831,-1.388044
1.923012,-1.396747
1.888501,-1.405449
1.850474,-1.414152
1.779123,-1.422854
1.764309,-1.431557
1.754420,-1.440259
1.724676,-1.448962
1.696252,-1.457664
1.668193,-1.466367
1.688555,-1.475069
1.684961,-1.483772
1.663517,-1.492474
1.638589,-1.501177
1.613847,-1.509879
1.596370,-1.518582
1.572757,-1.527284
1.557975,-1.535986
1.535371,-1.544689
1.499396,-1.553391
1.477562,-1.562094
1.467570,-1.570796
