scan.pos:0.597934,7.037555,-0.3647501.027603,1.562094
1.031078,1.553391
1.034655,1.544689
1.038337,1.535986
1.042125,1.527284
1.046021,1.518581
1.050025,1.509879
1.054142,1.501177
1.058371,1.492474
1.062716,1.483772
1.067179,1.475069
1.071761,1.466367
1.076465,1.457664
1.081293,1.448962
1.086247,1.440259
1.091331,1.431557
1.096546,1.422854
1.101896,1.414152
1.107383,1.405449
1.113010,1.396747
1.118780,1.388044
1.124697,1.379342
1.130763,1.370639
1.136982,1.361937
1.143357,1.353234
1.149892,1.344532
1.156591,1.335830
1.163457,1.327127
1.170496,1.318425
1.177709,1.309722
1.185104,1.301020
1.192683,1.292317
1.200452,1.283615
1.208415,1.274912
1.216578,1.266210
1.224946,1.257507
1.233524,1.248805
1.242319,1.240102
1.251335,1.231400
1.260581,1.222697
1.270061,1.213995
1.279784,1.205292
1.289755,1.196590
1.299983,1.187888
1.310475,1.179185
1.321238,1.170483
1.332283,1.161780
1.343617,1.153078
1.355250,1.144375
1.348297,1.135673
1.364694,1.126970
1.380919,1.118268
1.373167,1.109565
1.389329,1.100863
1.381259,1.092160
1.397838,1.083458
1.418162,1.074755
1.434982,1.066053
1.456586,1.057350
1.479113,1.048648
1.470872,1.039945
1.488501,1.031243
1.513045,1.022541
1.531060,1.013838
1.557096,1.005136
1.575559,0.996433
1.578427,0.987731
1.597559,0.979028
1.627020,0.970326
1.646735,0.961623
1.653838,0.952921
1.698371,0.944218
1.707680,0.935516
1.728952,0.926813
1.750314,0.918111
1.786466,0.909408
1.808727,0.900706
1.823951,0.892003
1.870468,0.883301
1.893948,0.874598
1.912988,0.865896
1.960576,0.857194
1.982667,0.848491
2.008858,0.839789
2.057862,0.831086
2.084600,0.822384
2.135070,0.813681
2.165563,0.804979
2.195664,0.796276
2.248325,0.787574
2.284662,0.778871
2.317637,0.770169
2.373090,0.761466
2.437886,0.752764
2.474348,0.744061
2.533285,0.735359
2.584352,0.726656
2.646654,0.717954
2.710084,0.709251
2.770673,0.700549
2.859545,0.691847
2.928741,0.683144
3.000885,0.674442
3.096575,0.665739
3.173369,0.657037
3.259909,0.648334
3.385555,0.639632
3.472451,0.630929
3.577270,0.622227
3.715167,0.613524
3.836492,0.604822
3.965181,0.596119
4.120205,0.587417
4.281219,0.578714
4.462589,0.570012
4.642262,0.561309
4.831057,0.552607
5.077966,0.543905
5.314970,0.535202
5.606973,0.526500
5.895457,0.517797
6.276766,0.509095
6.636999,0.500392
7.086972,0.491690
7.451862,0.482987
7.449443,0.474285
7.443907,0.465582
7.434271,0.456880
7.411423,0.448177
7.405935,0.439475
7.401020,0.430772
7.396673,0.422070
7.392894,0.413367
7.389681,0.404665
7.387033,0.395962
7.384950,0.387260
7.383430,0.378558
7.382473,0.369855
7.382078,0.361153
7.382245,0.352450
7.382974,0.343748
7.384266,0.335045
7.386121,0.326343
7.388540,0.317640
7.391523,0.308938
7.395072,0.300235
7.399189,0.291533
7.403873,0.282830
7.409129,0.274128
7.414957,0.265425
7.421360,0.256723
7.428340,0.248020
7.435900,0.239318
7.444043,0.230615
7.452772,0.221913
7.462091,0.213211
7.472003,0.204508
7.482511,0.195806
7.493620,0.187103
7.505335,0.178401
7.517660,0.169698
7.530601,0.160996
7.544160,0.152293
7.558346,0.143591
7.573163,0.134888
7.588617,0.126186
7.604715,0.117483
7.621463,0.108781
7.638868,0.100078
7.656937,0.091376
7.675677,0.082673
7.695097,0.073971
7.715205,0.065269
7.736008,0.056566
7.757516,0.047864
7.779739,0.039161
6.441738,-0.395963
6.298116,-0.404665
6.101573,-0.413367
5.988602,-0.422070
5.726829,-0.430772
5.538924,-0.439475
5.271735,-0.448177
5.201090,-0.456880
5.159154,-0.465582
5.118276,-0.474285
5.078424,-0.482987
5.039568,-0.491690
5.028023,-0.500392
4.990881,-0.509095
4.980617,-0.517797
4.970875,-0.526500
4.965909,-0.535202
4.968093,-0.543905
4.971437,-0.552607
1.278885,-0.561310
1.195810,-0.570012
1.188154,-0.578714
1.180686,-0.587417
1.173399,-0.596119
1.117695,-0.604822
1.111048,-0.613524
1.104564,-0.622227
1.098238,-0.630929
1.092066,-0.639632
1.086046,-0.648334
1.080174,-0.657037
1.074447,-0.665739
1.068860,-0.674442
1.063412,-0.683144
1.058100,-0.691847
1.052920,-0.700549
1.047870,-0.709252
0.997602,-0.717954
0.970444,-0.726657
0.966073,-0.735359
0.961814,-0.744061
0.957666,-0.752764
0.909270,-0.761466
0.905518,-0.770169
0.901866,-0.778871
0.898311,-0.787574
0.894851,-0.796276
0.891486,-0.804979
0.888214,-0.813681
0.885032,-0.822384
0.881941,-0.831086
0.878937,-0.839789
0.876020,-0.848491
0.873189,-0.857194
0.870443,-0.865896
0.867779,-0.874599
0.865197,-0.883301
0.862696,-0.892003
0.839293,-0.900706
0.837007,-0.909408
0.834798,-0.918111
0.832663,-0.926813
0.830603,-0.935516
0.828615,-0.944218
0.826700,-0.952921
0.824856,-0.961623
0.823083,-0.970326
0.821380,-0.979028
0.819746,-0.987731
0.818181,-0.996433
0.816684,-1.005136
0.815255,-1.013838
0.813892,-1.022541
0.812596,-1.031243
0.770797,-1.039946
0.769690,-1.048648
0.768645,-1.057350
0.767661,-1.066053
0.766738,-1.074755
0.765875,-1.083458
0.765072,-1.092160
0.764330,-1.100863
0.763646,-1.109565
0.763022,-1.118268
0.762457,-1.126970
0.761951,-1.135673
0.761504,-1.144375
0.761115,-1.153078
0.760784,-1.161780
0.760511,-1.170483
0.760297,-1.179185
0.760140,-1.187888
0.760042,-1.196590
0.760001,-1.205293
0.760018,-1.213995
0.720089,-1.222697
0.720215,-1.231400
0.720396,-1.240102
0.720631,-1.248805
0.720922,-1.257507
0.721269,-1.266210
0.721670,-1.274912
0.722127,-1.283615
0.722640,-1.292317
0.723208,-1.301020
0.723832,-1.309722
0.724513,-1.318425
0.725251,-1.327127
0.726045,-1.335830
0.726896,-1.344532
0.727805,-1.353235
0.728772,-1.361937
0.729797,-1.370639
0.730880,-1.379342
0.732023,-1.388044
0.733225,-1.396747
0.734487,-1.405449
0.735810,-1.414152
0.737193,-1.422854
0.738638,-1.431557
0.740146,-1.440259
0.741716,-1.448962
0.743349,-1.457664
0.745047,-1.466367
0.746809,-1.475069
0.748637,-1.483772
0.750531,-1.492474
0.752492,-1.501177
0.754521,-1.509879
0.756619,-1.518582
0.758786,-1.527284
0.761024,-1.535986
0.763334,-1.544689
0.765716,-1.553391
0.768172,-1.562094
0.770702,-1.570796
