scan.pos:-2.718800,1.073907,1.7352505.353429,1.562094
5.345891,1.553391
5.338779,1.544689
5.332093,1.535986
5.325828,1.527284
5.319982,1.518581
5.314554,1.509879
5.309540,1.501177
5.304940,1.492474
5.300751,1.483772
5.296971,1.475069
5.293601,1.466367
5.290636,1.457664
5.288078,1.448962
5.285924,1.440259
5.284174,1.431557
5.282828,1.422854
5.281885,1.414152
5.281343,1.405449
5.281205,1.396747
5.281468,1.388044
5.282134,1.379342
5.283202,1.370639
5.284674,1.361937
5.286549,1.353234
5.288827,1.344532
5.291512,1.335830
5.294602,1.327127
5.298100,1.318425
5.302006,1.309722
5.306322,1.301020
5.311050,1.292317
5.316192,1.283615
5.321750,1.274912
5.327725,1.266210
5.334120,1.257507
5.340938,1.248805
5.348182,1.240102
5.355853,1.231400
5.363955,1.222697
5.372492,1.213995
5.381466,1.205292
5.390882,1.196590
5.400743,1.187888
5.411053,1.179185
5.421815,1.170483
5.433036,1.161780
5.444718,1.153078
5.456867,1.144375
5.469488,1.135673
5.482586,1.126970
5.496166,1.118268
5.510235,1.109565
5.524797,1.100863
5.539860,1.092160
5.555429,1.083458
5.571511,1.074755
5.588114,1.066053
5.605244,1.057350
5.622909,1.048648
5.641117,1.039945
5.659875,1.031243
5.679192,1.022541
5.699078,1.013838
5.719540,1.005136
5.740588,0.996433
5.762232,0.987731
5.784482,0.979028
5.807349,0.970326
5.830842,0.961623
5.854975,0.952921
5.879758,0.944218
5.905203,0.935516
5.931323,0.926813
5.958130,0.918111
5.985639,0.909408
6.013864,0.900706
6.042818,0.892003
6.072517,0.883301
2.150631,0.874598
2.113516,0.865896
2.076907,0.857194
2.064242,0.848491
2.028664,0.839789
1.993489,0.831086
1.982556,0.822384
1.948234,0.813681
1.914228,0.804979
1.904802,0.796276
1.871493,0.787574
1.863013,0.778871
1.830311,0.770169
1.797801,0.761466
1.790526,0.752764
1.758495,0.744061
1.751997,0.735359
1.720369,0.726656
1.714589,0.717954
1.683294,0.709251
1.678182,0.700549
1.647152,0.691847
1.642660,0.683144
1.611830,0.674442
1.607916,0.665739
1.577222,0.657037
1.573845,0.648334
1.570834,0.639632
1.540348,0.630929
1.537825,0.622227
1.533894,0.613524
1.520717,0.604822
1.507878,0.596119
1.495368,0.587417
1.483175,0.578714
1.471291,0.570012
1.459705,0.561309
1.448411,0.552607
1.437398,0.543905
1.452931,0.535202
1.442266,0.526500
1.431865,0.517797
1.421720,0.509095
1.411824,0.500392
1.402171,0.491690
1.392755,0.482987
1.383569,0.474285
1.374608,0.465582
1.365865,0.456880
1.357335,0.448177
1.373406,0.439475
1.365140,0.430772
1.381179,0.422070
1.373172,0.413367
1.365361,0.404665
1.357741,0.395962
1.350308,0.387260
1.343057,0.378558
1.335986,0.369855
1.329088,0.361153
1.368515,0.352450
1.361727,0.343748
1.355109,0.335045
1.348658,0.326343
1.342369,0.317640
1.336240,0.308938
1.330267,0.300235
1.324448,0.291533
1.318780,0.282830
1.313260,0.274128
1.307885,0.265425
1.302652,0.256723
1.297560,0.248020
1.292605,0.239318
1.287786,0.230615
1.283100,0.221913
1.278545,0.213211
1.274118,0.204508
1.269819,0.195806
1.265645,0.187103
1.261594,0.178401
1.278871,0.169698
1.274996,0.160996
1.271241,0.152293
1.267605,0.143591
1.264085,0.134888
1.260681,0.126186
1.257390,0.117483
1.295808,0.108781
1.292639,0.100078
1.289584,0.091376
1.307292,0.082673
1.304414,0.073971
1.301648,0.065269
1.319511,0.056566
1.337404,0.047864
1.334889,0.039161
1.332485,0.030459
1.391297,0.021756
1.389011,0.013054
1.407141,0.004351
1.425323,-0.004351
1.544786,-0.013054
1.542731,-0.021756
1.540799,-0.030459
1.538989,-0.039161
1.718621,-0.047864
1.817499,-0.056566
1.896214,-0.065269
2.256189,-0.073971
2.394926,-0.082674
2.633935,-0.091376
2.852775,-0.100078
6.257253,-0.108781
6.915086,-0.117483
6.912270,-0.126186
6.909982,-0.134888
6.908222,-0.143591
6.906988,-0.152293
6.906281,-0.160996
6.906099,-0.169698
6.906444,-0.178401
6.907314,-0.187103
6.908711,-0.195806
6.910635,-0.204508
6.913087,-0.213211
6.916067,-0.221913
6.919577,-0.230616
6.923618,-0.239318
6.928192,-0.248021
6.933300,-0.256723
6.938944,-0.265425
6.945127,-0.274128
6.951851,-0.282830
6.959118,-0.291533
6.966932,-0.300235
6.975295,-0.308938
6.984211,-0.317640
6.993683,-0.326343
7.003715,-0.335045
7.014310,-0.343748
7.025473,-0.352450
7.037209,-0.361153
7.049521,-0.369855
7.062416,-0.378558
7.075898,-0.387260
7.089972,-0.395963
7.104644,-0.404665
7.119921,-0.413367
7.135808,-0.422070
7.152312,-0.430772
7.169440,-0.439475
7.187199,-0.448177
7.205595,-0.456880
7.224638,-0.465582
7.244336,-0.474285
5.179745,-0.482987
5.045760,-0.491690
4.982629,-0.500392
4.946672,-0.509095
4.682158,-0.517797
4.570983,-0.526500
4.485647,-0.535202
4.383038,-0.543905
4.284230,-0.552607
4.188962,-0.561310
4.093688,-0.570012
4.023563,-0.578714
3.938776,-0.587417
3.878636,-0.596119
3.799075,-0.604822
3.721842,-0.613524
3.669059,-0.622227
3.596152,-0.630929
3.525168,-0.639632
3.459096,-0.648334
3.414019,-0.657037
3.371909,-0.665739
3.308614,-0.674442
3.269712,-0.683144
3.255464,-0.691847
3.266154,-0.700549
3.255388,-0.709252
3.293179,-0.717954
3.295375,-0.726657
3.314056,-0.735359
3.310606,-0.744061
3.308595,-0.752764
3.315414,-0.761466
3.335230,-0.770169
3.355541,-0.778871
3.376360,-0.787574
3.397699,-0.796276
3.419572,-0.804979
3.441992,-0.813681
3.464974,-0.822384
3.488532,-0.831086
3.512681,-0.839789
3.537439,-0.848491
3.562821,-0.857194
3.588846,-0.865896
3.615531,-0.874599
3.642895,-0.883301
3.670959,-0.892003
3.699742,-0.900706
3.729266,-0.909408
3.759553,-0.918111
3.790628,-0.926813
3.822515,-0.935516
3.855238,-0.944218
3.885612,-0.952921
3.899353,-0.961623
3.941762,-0.970326
3.984624,-0.979028
4.027972,-0.987731
4.071838,-0.996433
4.089376,-1.005136
4.134589,-1.013838
4.180418,-1.022541
4.226900,-1.031243
4.274073,-1.039946
4.296085,-1.048648
4.344942,-1.057350
4.394606,-1.066053
4.445120,-1.074755
4.496532,-1.083458
4.548886,-1.092160
4.602234,-1.100863
4.755414,-1.109565
4.834829,-1.118268
4.890720,-1.126970
4.934732,-1.135673
6.828761,-1.414152
6.683107,-1.422854
6.601666,-1.431557
2.026551,-1.440259
2.021261,-1.448962
1.912163,-1.457664
1.907487,-1.466367
1.882280,-1.475069
1.836682,-1.483772
1.832639,-1.492474
1.828753,-1.501177
1.825021,-1.509879
1.800964,-1.518582
1.797577,-1.527284
1.794340,-1.535986
1.791250,-1.544689
1.788306,-1.553391
1.785508,-1.562094
1.782854,-1.570796
