scan.pos:-0.490293,7.246411,3.0184350.947174,1.562094
0.948235,1.553391
0.949370,1.544689
0.950580,1.535986
0.951866,1.527284
0.993791,1.518581
0.995291,1.509879
0.996872,1.501177
0.998534,1.492474
1.006821,1.483772
1.008659,1.475069
1.010581,1.466367
1.012588,1.457664
1.014680,1.448962
1.016858,1.440259
1.019124,1.431557
1.021477,1.422854
1.023920,1.414152
1.026453,1.405449
1.029076,1.396747
1.031792,1.388044
1.034602,1.379342
1.037506,1.370639
1.040506,1.361937
1.043602,1.353234
1.046798,1.344532
1.050093,1.335830
1.053489,1.327127
1.056989,1.318425
1.060592,1.309722
1.064302,1.301020
1.068119,1.292317
1.072046,1.283615
1.076084,1.274912
1.124039,1.266210
1.128478,1.257507
1.133039,1.248805
1.137724,1.240102
1.164798,1.231400
1.169834,1.222697
1.175004,1.213995
1.225428,1.205292
5.150447,1.196590
5.059808,1.187888
4.989192,1.179185
4.901138,1.170483
4.837720,1.161780
4.768855,1.153078
4.699941,1.144375
4.616191,1.135673
4.557232,1.126970
4.489353,1.118268
4.445102,1.109565
4.388672,1.100863
4.320869,1.092160
4.277000,1.083458
4.222650,1.074755
4.169337,1.066053
4.101510,1.057350
4.058073,1.048648
4.006290,1.039945
3.962937,1.031243
3.912262,1.022541
3.868861,1.013838
3.844895,1.005136
3.827445,0.996433
3.831167,0.987731
3.788068,0.979028
3.767134,0.970326
3.750581,0.961623
3.731042,0.952921
3.714845,0.944218
3.724004,0.935516
3.735929,0.926813
3.719442,0.918111
3.759960,0.909408
3.744274,0.900706
3.759690,0.892003
3.803752,0.883301
3.820692,0.874598
3.865858,0.865896
3.911510,0.857194
3.930792,0.848491
3.977727,0.839789
4.025249,0.831086
4.073397,0.822384
4.096122,0.813681
4.145825,0.804979
4.247700,0.796276
4.298571,0.787574
4.450462,0.778871
4.503634,0.770169
4.556494,0.761466
4.684938,0.752764
4.739372,0.744061
4.794921,0.735359
4.851644,0.726656
4.920707,0.717954
4.991578,0.709251
5.067770,0.700549
5.149451,0.691847
3.096352,0.404665
3.088515,0.395962
3.060202,0.387260
3.011558,0.378558
2.963369,0.369855
2.895014,0.361153
2.868301,0.352450
2.862439,0.343748
2.815856,0.335045
2.810551,0.326343
2.805479,0.317640
2.800638,0.308938
2.796027,0.300235
2.791643,0.291533
2.787484,0.282830
2.783550,0.274128
2.779838,0.265425
2.776347,0.256723
2.773076,0.248020
2.770024,0.239318
2.726934,0.230615
2.704244,0.221913
2.661711,0.213211
2.659601,0.204508
2.637636,0.195806
2.635948,0.187103
2.634464,0.178401
2.593129,0.169698
2.592064,0.160996
2.591198,0.152293
2.590529,0.143591
2.590059,0.134888
2.589785,0.126186
2.589709,0.117483
2.589829,0.108781
2.590147,0.100078
2.590663,0.091376
2.591376,0.082673
2.592287,0.073971
2.593396,0.065269
2.594704,0.056566
2.596211,0.047864
2.597918,0.039161
2.599825,0.030459
2.601933,0.021756
2.604243,0.013054
2.606755,0.004351
2.649777,-0.004351
2.652744,-0.013054
2.615521,-0.021756
2.618855,-0.030459
2.622398,-0.039161
2.626151,-0.047864
2.630115,-0.056566
2.634292,-0.065269
2.638684,-0.073971
2.643292,-0.082674
2.666105,-0.091376
2.662238,-0.100078
2.662331,-0.108781
2.683532,-0.117483
2.673001,-0.126186
2.727108,-0.134888
2.727638,-0.143591
2.706389,-0.152293
2.635436,-0.160996
2.557216,-0.169698
2.480062,-0.178401
2.400485,-0.187103
2.348109,-0.195806
2.275853,-0.204508
2.226660,-0.213211
2.178015,-0.221913
2.114123,-0.230616
2.067901,-0.239318
2.030633,-0.248021
1.986475,-0.256723
1.920933,-0.265425
1.889889,-0.274128
1.847456,-0.282830
1.820497,-0.291533
1.779398,-0.300235
1.734133,-0.308938
1.716131,-0.317640
1.676052,-0.326343
1.657123,-0.335045
1.617901,-0.343748
1.601922,-0.352450
1.563401,-0.361153
1.541103,-0.369855
1.525593,-0.378558
1.510052,-0.387260
1.471483,-0.395963
1.455751,-0.404665
1.439970,-0.413367
1.424136,-0.422070
1.384773,-0.430772
1.368689,-0.439475
1.352534,-0.448177
1.336302,-0.456880
1.319986,-0.465582
1.303581,-0.474285
1.287082,-0.482987
1.270482,-0.491690
1.253774,-0.500392
1.236953,-0.509095
1.220012,-0.517797
1.202943,-0.526500
1.210969,-0.535202
1.193796,-0.543905
1.176478,-0.552607
1.159008,-0.561310
1.141378,-0.570012
1.123579,-0.578714
1.131927,-0.587417
1.113965,-0.596119
1.095813,-0.604822
1.077462,-0.613524
1.086053,-0.622227
1.067496,-0.630929
1.048715,-0.639632
1.057530,-0.648334
1.038509,-0.657037
1.045489,-0.665739
1.036502,-0.674442
1.027745,-0.683144
1.019211,-0.691847
1.010895,-0.700549
1.002789,-0.709252
0.994887,-0.717954
0.987183,-0.726657
0.979672,-0.735359
0.972347,-0.744061
0.965205,-0.752764
0.958239,-0.761466
0.951444,-0.770169
0.944817,-0.778871
0.938352,-0.787574
0.932046,-0.796276
0.925894,-0.804979
0.919892,-0.813681
0.914037,-0.822384
0.908325,-0.831086
0.902751,-0.839789
0.897314,-0.848491
0.892009,-0.857194
0.886834,-0.865896
0.881786,-0.874599
0.876860,-0.883301
0.872056,-0.892003
0.867370,-0.900706
0.862799,-0.909408
0.858341,-0.918111
0.853993,-0.926813
0.849754,-0.935516
0.845621,-0.944218
0.841592,-0.952921
0.837664,-0.961623
0.833836,-0.970326
0.830105,-0.979028
0.826471,-0.987731
0.822931,-0.996433
0.819483,-1.005136
0.816125,-1.013838
0.812857,-1.022541
0.809676,-1.031243
0.806582,-1.039946
0.803571,-1.048648
0.800644,-1.057350
0.797799,-1.066053
0.795034,-1.074755
0.792348,-1.083458
0.789741,-1.092160
0.787210,-1.100863
0.784755,-1.109565
0.782375,-1.118268
0.780068,-1.126970
0.777834,-1.135673
0.775671,-1.144375
0.773579,-1.153078
0.771558,-1.161780
0.769605,-1.170483
0.767720,-1.179185
0.765903,-1.187888
0.764152,-1.196590
0.762467,-1.205293
0.760848,-1.213995
0.759293,-1.222697
0.757802,-1.231400
0.756374,-1.240102
0.755009,-1.248805
0.753707,-1.257507
0.752465,-1.266210
0.751286,-1.274912
0.750167,-1.283615
0.749108,-1.292317
0.748109,-1.301020
0.747169,-1.309722
0.746289,-1.318425
0.745468,-1.327127
0.744704,-1.335830
0.744000,-1.344532
0.743352,-1.353235
0.742763,-1.361937
0.742231,-1.370639
0.741756,-1.379342
0.741339,-1.388044
0.740978,-1.396747
0.740674,-1.405449
0.740426,-1.414152
0.740235,-1.422854
0.740100,-1.431557
0.740022,-1.440259
0.740000,-1.448962
0.740035,-1.457664
0.740126,-1.466367
0.740273,-1.475069
0.740477,-1.483772
0.740737,-1.492474
0.741054,-1.501177
0.741428,-1.509879
0.741858,-1.518582
0.742346,-1.527284
0.742891,-1.535986
0.743493,-1.544689
0.744153,-1.553391
0.744871,-1.562094
0.745648,-1.570796
