scan.pos:6.431350,2.440696,2.9684350.933967,1.562094
0.935430,1.553391
0.936970,1.544689
0.938586,1.535986
0.940279,1.527284
0.942051,1.518581
0.943901,1.509879
0.945831,1.501177
0.947840,1.492474
0.949931,1.483772
0.952104,1.475069
0.954360,1.466367
0.956699,1.457664
0.959123,1.448962
0.961633,1.440259
0.964230,1.431557
0.966914,1.422854
0.969688,1.414152
0.972551,1.405449
0.975507,1.396747
0.978555,1.388044
0.981697,1.379342
0.984934,1.370639
0.988269,1.361937
0.991702,1.353234
0.995235,1.344532
0.998869,1.335830
1.002607,1.327127
1.006450,1.318425
1.010400,1.309722
1.014458,1.301020
1.018627,1.292317
1.022908,1.283615
1.027305,1.274912
1.031818,1.266210
1.036450,1.257507
1.041204,1.248805
1.046081,1.240102
1.051085,1.231400
1.056218,1.222697
1.061482,1.213995
1.066881,1.205292
1.072417,1.196590
1.078094,1.187888
1.083913,1.179185
1.089880,1.170483
1.095996,1.161780
1.102266,1.153078
1.108693,1.144375
1.115281,1.135673
1.122033,1.126970
1.128954,1.118268
1.136048,1.109565
1.143320,1.100863
1.150773,1.092160
1.158413,1.083458
1.166245,1.074755
1.174273,1.066053
1.182503,1.057350
1.190940,1.048648
1.199591,1.039945
1.208461,1.031243
1.217557,1.022541
1.226885,1.013838
1.236452,1.005136
1.246265,0.996433
1.256331,0.987731
1.266658,0.979028
1.277255,0.970326
1.288129,0.961623
1.299290,0.952921
1.291617,0.944218
1.308493,0.935516
1.325186,0.926813
1.341703,0.918111
1.330894,0.909408
1.320357,0.900706
1.336821,0.892003
1.353133,0.883301
1.369300,0.874598
1.385332,0.865896
1.401235,0.857194
1.417015,0.848491
1.432681,0.839789
1.448239,0.831086
1.438458,0.822384
1.428917,0.813681
1.419609,0.804979
1.435275,0.796276
1.475441,0.787574
1.490782,0.778871
1.506049,0.770169
1.521248,0.761466
1.536383,0.752764
1.551460,0.744061
1.590218,0.735359
1.534252,0.726656
1.525964,0.717954
1.517879,0.709251
1.486764,0.700549
1.479193,0.691847
1.402819,0.683144
1.395958,0.674442
1.389269,0.665739
1.382748,0.657037
1.263574,0.648334
1.212964,0.639632
1.185258,0.630929
1.180151,0.622227
1.130830,0.613524
1.126169,0.604822
1.121631,0.596119
1.117214,0.587417
1.069273,0.578714
1.065256,0.570012
1.061350,0.561309
1.035970,0.552607
1.032355,0.543905
1.028843,0.535202
1.025433,0.526500
1.022123,0.517797
0.976457,0.509095
0.973473,0.500392
0.970581,0.491690
0.967779,0.482987
0.965066,0.474285
0.962442,0.465582
0.959905,0.456880
0.957454,0.448177
0.955088,0.439475
0.952806,0.430772
0.950607,0.422070
0.948491,0.413367
0.946455,0.404665
0.944501,0.395962
0.942626,0.387260
0.940829,0.378558
0.939111,0.369855
0.937471,0.361153
0.935907,0.352450
0.934420,0.343748
0.933008,0.335045
0.931672,0.326343
0.930410,0.317640
0.929222,0.308938
0.928108,0.300235
0.927067,0.291533
0.926098,0.282830
0.925202,0.274128
0.924378,0.265425
0.923626,0.256723
0.922946,0.248020
0.922336,0.239318
0.921798,0.230615
0.921330,0.221913
0.920933,0.213211
0.920606,0.204508
0.920349,0.195806
0.920163,0.187103
0.960049,0.178401
0.960001,0.169698
0.960026,0.160996
0.960124,0.152293
0.960295,0.143591
0.960540,0.134888
0.960858,0.126186
0.961249,0.117483
0.981750,0.108781
0.982300,0.100078
1.023044,0.091376
1.023774,0.082673
1.024583,0.073971
1.025471,0.065269
1.066692,0.056566
1.067781,0.047864
1.068954,0.039161
1.070211,0.030459
1.132207,0.021756
1.255185,0.013054
1.256954,0.004351
1.319736,-0.004351
1.403145,-0.013054
1.405455,-0.021756
1.428283,-0.030459
1.430860,-0.039161
1.433555,-0.047864
1.600528,-0.056566
1.603800,-0.065269
1.751444,-0.073971
1.817260,-0.082674
1.821416,-0.091376
1.887972,-0.100078
1.892600,-0.108781
1.939097,-0.117483
2.006886,-0.126186
2.075190,-0.134888
2.186066,-0.143591
2.192337,-0.152293
2.262239,-0.160996
2.311526,-0.169698
2.318749,-0.178401
5.326077,-0.187103
5.343643,-0.195806
5.361734,-0.204508
5.380359,-0.213211
5.399527,-0.221913
5.419245,-0.230616
5.439525,-0.239318
5.460373,-0.248021
5.525733,-0.256723
5.547927,-0.265425
5.615015,-0.274128
5.638616,-0.282830
5.662850,-0.291533
5.710159,-0.300235
5.735794,-0.308938
5.762101,-0.317640
5.789094,-0.326343
5.816786,-0.335045
5.845191,-0.343748
5.874324,-0.352450
5.904202,-0.361153
5.934839,-0.369855
5.966252,-0.378558
5.974896,-0.387260
5.960399,-0.395963
5.993848,-0.404665
6.028137,-0.413367
6.063284,-0.422070
6.099311,-0.430772
6.185023,-0.439475
7.776801,-0.622227
7.710788,-0.630929
7.646464,-0.639632
7.583777,-0.648334
7.522678,-0.657037
7.463119,-0.665739
7.405056,-0.674442
7.348444,-0.683144
7.293242,-0.691847
7.239410,-0.700549
7.186911,-0.709252
7.135707,-0.717954
7.085764,-0.726657
7.037047,-0.735359
6.989524,-0.744061
6.943163,-0.752764
6.897936,-0.761466
6.853812,-0.770169
6.810765,-0.778871
6.768767,-0.787574
6.727794,-0.796276
6.687819,-0.804979
6.648820,-0.813681
6.610774,-0.822384
6.573658,-0.831086
6.537453,-0.839789
6.502136,-0.848491
6.467689,-0.857194
6.434092,-0.865896
6.401327,-0.874599
6.369377,-0.883301
6.338224,-0.892003
6.307853,-0.900706
6.278247,-0.909408
6.249392,-0.918111
6.221272,-0.926813
6.193874,-0.935516
6.167183,-0.944218
6.141188,-0.952921
6.115874,-0.961623
6.091230,-0.970326
6.067245,-0.979028
6.043905,-0.987731
6.021202,-0.996433
5.999123,-1.005136
5.977659,-1.013838
5.956801,-1.022541
5.936538,-1.031243
5.916861,-1.039946
5.897762,-1.048648
5.879232,-1.057350
5.861264,-1.066053
5.843848,-1.074755
5.826979,-1.083458
5.810647,-1.092160
5.794847,-1.100863
5.779571,-1.109565
5.764814,-1.118268
5.750568,-1.126970
5.736829,-1.135673
5.723590,-1.144375
5.710846,-1.153078
5.698591,-1.161780
5.686821,-1.170483
5.675531,-1.179185
5.664717,-1.187888
5.654373,-1.196590
5.644496,-1.205293
5.635081,-1.213995
5.626126,-1.222697
5.617627,-1.231400
5.609579,-1.240102
5.601981,-1.248805
5.594829,-1.257507
5.588120,-1.266210
5.581851,-1.274912
5.576021,-1.283615
5.570626,-1.292317
5.565666,-1.301020
5.561138,-1.309722
5.557039,-1.318425
5.553370,-1.327127
5.550127,-1.335830
5.547311,-1.344532
5.544919,-1.353235
5.542952,-1.361937
5.541408,-1.370639
5.540286,-1.379342
5.539587,-1.388044
5.539309,-1.396747
5.539454,-1.405449
5.540020,-1.414152
5.541008,-1.422854
5.542419,-1.431557
5.544253,-1.440259
5.546511,-1.448962
5.549193,-1.457664
5.552301,-1.466367
5.555836,-1.475069
5.559799,-1.483772
5.564192,-1.492474
5.569016,-1.501177
5.574273,-1.509879
5.579966,-1.518582
5.586096,-1.527284
5.592666,-1.535986
5.599678,-1.544689
5.607135,-1.553391
5.615041,-1.562094
5.623398,-1.570796
