scan.pos:-0.053711,7.101779,2.8184350.843670,1.562094
0.846176,1.553391
0.848761,1.544689
0.851426,1.535986
0.854174,1.527284
0.857005,1.518581
0.859921,1.509879
0.862922,1.501177
0.866011,1.492474
0.869188,1.483772
0.872456,1.475069
0.875815,1.466367
0.879267,1.457664
0.882814,1.448962
0.886458,1.440259
0.890199,1.431557
0.894041,1.422854
0.897985,1.414152
0.902033,1.405449
0.906187,1.396747
0.910449,1.388044
0.914821,1.379342
0.919306,1.370639
0.923905,1.361937
0.928622,1.353234
0.933459,1.344532
0.938418,1.335830
0.943503,1.327127
0.948715,1.318425
0.954059,1.309722
0.959536,1.301020
0.965151,1.292317
0.970906,1.283615
0.976805,1.274912
0.982852,1.266210
0.989049,1.257507
0.995402,1.248805
1.052009,1.240102
1.059017,1.231400
1.066201,1.222697
1.073566,1.213995
1.081116,1.205292
1.088856,1.196590
1.096792,1.187888
1.104929,1.179185
1.115631,1.170483
1.124206,1.161780
1.133002,1.153078
1.142023,1.144375
1.151278,1.135673
1.160774,1.126970
1.170517,1.118268
1.180515,1.109565
1.190778,1.100863
1.182986,1.092160
1.260403,1.083458
1.253491,1.074755
1.303527,1.066053
3.940941,1.057350
3.936748,1.048648
3.959615,1.039945
3.929444,1.031243
3.952615,1.022541
3.949640,1.013838
3.972920,1.005136
3.970439,0.996433
3.993843,0.987731
4.036551,0.979028
4.105089,0.970326
4.133214,0.961623
4.196844,0.952921
4.230154,0.944218
4.281549,0.935516
4.345453,0.926813
4.390524,0.918111
4.520614,0.909408
4.688383,0.900706
4.774248,0.892003
4.838622,0.883301
4.966924,0.874598
5.045606,0.865896
5.109900,0.857194
5.241402,0.848491
5.315499,0.839789
5.366267,0.831086
3.543523,0.526500
3.475880,0.517797
3.449487,0.509095
3.362427,0.500392
3.336825,0.491690
3.291279,0.482987
3.266365,0.474285
3.261988,0.465582
3.217480,0.456880
3.213668,0.448177
3.210110,0.439475
3.206804,0.430772
3.203748,0.422070
3.200942,0.413367
3.198384,0.404665
3.196073,0.395962
3.194009,0.387260
3.192190,0.378558
3.150562,0.369855
3.149249,0.361153
3.128165,0.352450
3.067318,0.343748
3.066741,0.335045
3.066398,0.326343
3.026289,0.317640
3.026411,0.308938
3.026764,0.300235
3.027348,0.291533
3.028162,0.282830
3.029208,0.274128
3.030485,0.265425
3.031994,0.256723
3.033736,0.248020
3.035712,0.239318
3.037921,0.230615
3.040365,0.221913
3.043045,0.213211
3.045962,0.204508
3.049117,0.195806
3.052512,0.187103
3.056147,0.178401
3.060023,0.169698
3.104644,0.160996
3.068509,0.152293
3.073121,0.143591
3.077982,0.134888
3.083094,0.126186
3.088458,0.117483
3.094076,0.108781
3.099952,0.100078
3.115847,0.091376
3.129819,0.082673
3.128595,0.073971
3.135417,0.065269
3.187983,0.056566
3.182445,0.047864
3.149587,0.039161
3.069681,0.030459
2.971329,0.021756
2.892543,0.013054
2.821292,0.004351
2.730715,-0.004351
2.662774,-0.013054
2.600087,-0.021756
2.536585,-0.030459
2.474238,-0.039161
2.421450,-0.047864
2.384069,-0.056566
2.326087,-0.065269
2.259927,-0.073971
2.226336,-0.082674
2.171670,-0.091376
2.134063,-0.100078
2.103555,-0.108781
2.051533,-0.117483
2.019900,-0.126186
1.991872,-0.134888
1.941910,-0.143591
1.915457,-0.152293
1.889433,-0.160996
1.863716,-0.169698
1.819151,-0.178401
1.794751,-0.187103
1.770569,-0.195806
1.729705,-0.204508
1.706618,-0.213211
1.683678,-0.221913
1.646069,-0.230616
1.647626,-0.239318
1.625812,-0.248021
1.591220,-0.256723
1.570167,-0.265425
1.561658,-0.274128
1.541411,-0.282830
1.521171,-0.291533
1.491070,-0.300235
1.471380,-0.308938
1.467816,-0.317640
1.448763,-0.326343
1.429652,-0.335045
1.403384,-0.343748
1.384660,-0.352450
1.385555,-0.361153
1.367341,-0.369855
1.344024,-0.378558
1.352395,-0.387260
1.330554,-0.395963
1.313047,-0.404665
1.295389,-0.413367
1.275108,-0.422070
1.284970,-0.430772
1.268637,-0.439475
1.251475,-0.448177
1.234118,-0.456880
1.244170,-0.465582
1.233459,-0.474285
1.223023,-0.482987
1.212854,-0.491690
1.202944,-0.500392
1.193284,-0.509095
1.183867,-0.517797
1.174687,-0.526500
1.165736,-0.535202
1.157008,-0.543905
1.148497,-0.552607
1.140196,-0.561310
1.132100,-0.570012
1.124202,-0.578714
1.116499,-0.587417
1.108985,-0.596119
1.101654,-0.604822
1.094502,-0.613524
1.087525,-0.622227
1.080719,-0.630929
1.074077,-0.639632
1.067598,-0.648334
1.061278,-0.657037
1.055111,-0.665739
1.049095,-0.674442
1.043226,-0.683144
1.037501,-0.691847
1.031917,-0.700549
1.026470,-0.709252
1.021158,-0.717954
1.015977,-0.726657
1.010926,-0.735359
1.006000,-0.744061
1.001199,-0.752764
0.996518,-0.761466
0.991956,-0.770169
0.987511,-0.778871
0.983179,-0.787574
0.978960,-0.796276
0.974851,-0.804979
0.970850,-0.813681
0.966955,-0.822384
0.963164,-0.831086
0.959475,-0.839789
0.955887,-0.848491
0.952398,-0.857194
0.949007,-0.865896
0.945711,-0.874599
0.942509,-0.883301
0.939401,-0.892003
0.936384,-0.900706
0.933457,-0.909408
0.930619,-0.918111
0.927869,-0.926813
0.925205,-0.935516
0.922627,-0.944218
0.920132,-0.952921
0.917721,-0.961623
0.915392,-0.970326
0.913144,-0.979028
0.910977,-0.987731
0.908889,-0.996433
0.906879,-1.005136
0.904946,-1.013838
0.903091,-1.022541
0.901312,-1.031243
0.899608,-1.039946
0.897979,-1.048648
0.896423,-1.057350
0.894942,-1.066053
0.893533,-1.074755
0.892196,-1.083458
0.890931,-1.092160
0.889737,-1.100863
0.888614,-1.109565
0.887562,-1.118268
0.886579,-1.126970
0.885666,-1.135673
0.884822,-1.144375
0.884047,-1.153078
0.883341,-1.161780
0.882702,-1.170483
0.882132,-1.179185
0.881630,-1.187888
0.881195,-1.196590
0.880828,-1.205293
0.880528,-1.213995
0.880295,-1.222697
0.880130,-1.231400
0.880031,-1.240102
0.880000,-1.248805
0.880036,-1.257507
0.880138,-1.266210
0.880308,-1.274912
0.880545,-1.283615
0.880849,-1.292317
0.881220,-1.301020
0.881659,-1.309722
0.882166,-1.318425
0.882740,-1.327127
0.883382,-1.335830
0.884093,-1.344532
0.884873,-1.353235
0.885721,-1.361937
0.886638,-1.370639
0.887625,-1.379342
0.888682,-1.388044
0.889810,-1.396747
0.891008,-1.405449
0.892277,-1.414152
0.893618,-1.422854
0.895032,-1.431557
0.896518,-1.440259
0.898078,-1.448962
0.899712,-1.457664
0.901420,-1.466367
0.903204,-1.475069
0.905064,-1.483772
0.907001,-1.492474
0.909016,-1.501177
0.911109,-1.509879
0.913282,-1.518582
0.915535,-1.527284
0.917869,-1.535986
0.920285,-1.544689
0.922785,-1.553391
0.925368,-1.562094
0.928038,-1.570796
