scan.pos:-2.504975,1.952863,1.1352500.727963,1.562094
0.730959,1.553391
0.711793,1.544689
0.714856,1.535986
0.718001,1.527284
0.721230,1.518581
0.701900,1.509879
0.682445,1.501177
0.685714,1.492474
0.666098,1.483772
0.669423,1.475069
0.672832,1.466367
0.676328,1.457664
0.679913,1.448962
0.683588,1.440259
0.687356,1.431557
0.691218,1.422854
0.671206,1.414152
0.651013,1.405449
0.654886,1.396747
0.658856,1.388044
0.662925,1.379342
0.667096,1.370639
0.646506,1.361937
0.650725,1.353234
0.655051,1.344532
0.659485,1.335830
0.664030,1.327127
0.668690,1.318425
0.673467,1.309722
0.678365,1.301020
0.657103,1.292317
0.662054,1.283615
0.640447,1.274912
0.645447,1.266210
0.650576,1.257507
0.655837,1.248805
0.661234,1.240102
0.666773,1.231400
0.672456,1.222697
0.678290,1.213995
0.673496,1.205292
0.667786,1.196590
0.689814,1.187888
0.684165,1.179185
0.678660,1.170483
0.673293,1.161780
0.668061,1.153078
0.689478,1.144375
0.684305,1.135673
0.705385,1.126970
0.700276,1.118268
0.721044,1.109565
0.716004,1.100863
0.736483,1.092160
0.731515,1.083458
0.751727,1.074755
0.746836,1.066053
0.766800,1.057350
0.786570,1.048648
0.781726,1.039945
0.801281,1.031243
0.796526,1.022541
0.791887,1.013838
0.787362,1.005136
0.782947,0.996433
0.778640,0.987731
0.774440,0.979028
0.793686,0.970326
0.812791,0.961623
0.808658,0.952921
0.827616,0.944218
0.846451,0.935516
0.865168,0.926813
0.861113,0.918111
0.879718,0.909408
0.898221,0.900706
0.916628,0.892003
0.934944,0.883301
0.953176,0.874598
0.971329,0.865896
0.989408,0.857194
1.007418,0.848491
1.025365,0.839789
1.043254,0.831086
1.061090,0.822384
1.100455,0.813681
1.118124,0.804979
1.135757,0.796276
1.174716,0.787574
1.192221,0.778871
1.230927,0.770169
1.269489,0.761466
1.286819,0.752764
1.325181,0.744061
1.363426,0.735359
1.401564,0.726656
1.439605,0.717954
1.498369,0.709251
1.536194,0.700549
1.594662,0.691847
1.632315,0.683144
1.690538,0.674442
1.769209,0.665739
1.827153,0.657037
1.905493,0.648334
1.983673,0.639632
2.041300,0.630929
2.160010,0.622227
2.237793,0.613524
2.376428,0.604822
4.706033,0.596119
4.746155,0.587417
5.002670,0.578714
5.036707,0.570012
5.091217,0.561309
5.105685,0.552607
5.180903,0.543905
5.497708,0.535202
5.955003,0.526500
6.050578,0.517797
6.046150,0.509095
6.042189,0.500392
6.038692,0.491690
6.035659,0.482987
6.033088,0.474285
6.030979,0.465582
6.029329,0.456880
6.028140,0.448177
6.027410,0.439475
6.027139,0.430772
6.027328,0.422070
6.027975,0.413367
6.029081,0.404665
6.030647,0.395962
6.032674,0.387260
6.035162,0.378558
6.038112,0.369855
6.041525,0.361153
6.045403,0.352450
6.049746,0.343748
6.054557,0.335045
6.059838,0.326343
6.065590,0.317640
6.071816,0.308938
6.078518,0.300235
6.085699,0.291533
6.093361,0.282830
6.101509,0.274128
6.110144,0.265425
6.119269,0.256723
6.128890,0.248020
6.139009,0.239318
6.149631,0.230615
6.160760,0.221913
6.172400,0.213211
6.184556,0.204508
6.197232,0.195806
6.210435,0.187103
6.224169,0.178401
6.238440,0.169698
6.253254,0.160996
6.268617,0.152293
6.284535,0.143591
6.301016,0.134888
6.318065,0.126186
6.335691,0.117483
6.353901,0.108781
4.297391,0.100078
4.183956,0.091376
4.093694,0.082673
4.092421,0.073971
4.033935,0.065269
3.810314,0.056566
3.734241,0.047864
3.651718,0.039161
3.581966,0.030459
3.492657,0.021756
3.443558,0.013054
3.381225,0.004351
3.298633,-0.004351
3.261844,-0.013054
3.181123,-0.021756
3.126235,-0.030459
3.073462,-0.039161
3.022157,-0.047864
2.972030,-0.056566
2.926529,-0.065269
2.879428,-0.073971
2.833284,-0.082674
2.794152,-0.091376
2.750583,-0.100078
2.707793,-0.108781
2.674296,-0.117483
2.633712,-0.126186
2.593759,-0.134888
2.558862,-0.143591
2.527249,-0.152293
2.502120,-0.160996
2.465791,-0.169698
2.429896,-0.178401
2.409028,-0.187103
2.399338,-0.195806
2.406375,-0.204508
2.423724,-0.213211
2.416834,-0.221913
2.428769,-0.230616
2.449344,-0.239318
2.464777,-0.248021
2.487779,-0.256723
2.480595,-0.265425
2.479557,-0.274128
2.479089,-0.282830
2.502348,-0.291533
2.530617,-0.300235
2.557358,-0.308938
2.560801,-0.317640
2.590844,-0.326343
2.596166,-0.335045
2.615767,-0.343748
2.638458,-0.352450
2.663308,-0.361153
2.657833,-0.369855
2.681990,-0.378558
2.732718,-0.387260
2.758454,-0.395963
2.782441,-0.404665
2.810063,-0.413367
2.834975,-0.422070
2.864571,-0.430772
2.890487,-0.439475
2.916680,-0.448177
2.949166,-0.456880
2.976495,-0.465582
3.011221,-0.474285
3.039789,-0.482987
3.076887,-0.491690
3.106809,-0.500392
3.161910,-0.509095
3.202411,-0.517797
3.234167,-0.526500
3.290740,-0.535202
3.310903,-0.543905
3.368962,-0.552607
3.403526,-0.561310
3.452220,-0.570012
3.512419,-0.578714
3.549662,-0.587417
3.603153,-0.596119
3.642755,-0.604822
3.700114,-0.613524
3.765319,-0.622227
3.831339,-0.630929
3.875474,-0.639632
3.940652,-0.648334
4.145895,-0.657037
4.215386,-0.665739
4.287991,-0.674442
4.363992,-0.683144
6.394348,-0.935516
6.301702,-0.944218
6.209851,-0.952921
6.179704,-0.961623
6.170401,-0.970326
6.121090,-0.979028
6.092607,-0.987731
6.044462,-0.996433
5.976722,-1.005136
5.929744,-1.013838
5.863188,-1.022541
5.857546,-1.031243
5.812173,-1.039946
5.747241,-1.048648
5.743035,-1.057350
5.719222,-1.066053
5.715912,-1.074755
5.672985,-1.083458
5.630529,-1.092160
5.628560,-1.100863
5.566999,-1.109565
5.565901,-1.118268
5.505224,-1.126970
5.504977,-1.135673
5.445147,-1.144375
5.405726,-1.153078
5.306686,-1.161780
5.288053,-1.170483
3.227938,-1.179185
2.840408,-1.187888
2.749973,-1.196590
2.691385,-1.205293
2.673051,-1.213995
2.634822,-1.222697
2.636917,-1.231400
2.498457,-1.240102
2.198915,-1.248805
2.060134,-1.257507
1.981726,-1.266210
1.943679,-1.274912
1.946126,-1.283615
1.887988,-1.292317
1.829833,-1.301020
1.751343,-1.309722
1.754097,-1.318425
1.756993,-1.327127
1.719220,-1.335830
1.681444,-1.344532
1.664139,-1.353235
1.667417,-1.361937
1.650270,-1.370639
1.653786,-1.379342
1.657443,-1.388044
1.640542,-1.396747
1.623687,-1.405449
1.627676,-1.414152
1.631810,-1.422854
1.636089,-1.431557
1.640516,-1.440259
1.624069,-1.448962
1.628736,-1.457664
1.633556,-1.466367
1.638529,-1.475069
1.643659,-1.483772
1.648946,-1.492474
1.654394,-1.501177
1.660004,-1.509879
1.665781,-1.518582
1.671725,-1.527284
1.677840,-1.535986
1.684129,-1.544689
1.690595,-1.553391
1.697240,-1.562094
1.704067,-1.570796
