scan.pos:-7.141718,5.948778,1.6684350.864116,1.562094
0.863411,1.553391
0.862772,1.544689
0.862200,1.535986
0.861695,1.527284
0.861256,1.518581
0.860882,1.509879
0.860575,1.501177
0.860333,1.492474
0.860157,1.483772
0.860046,1.475069
0.860001,1.466367
0.860022,1.457664
0.860107,1.448962
0.860259,1.440259
0.860476,1.431557
0.860759,1.422854
0.861107,1.414152
0.861521,1.405449
0.862002,1.396747
0.862549,1.388044
0.863162,1.379342
0.863842,1.370639
0.864589,1.361937
0.865403,1.353234
0.866285,1.344532
0.867234,1.335830
0.868252,1.327127
0.869339,1.318425
0.870494,1.309722
0.871719,1.301020
0.873015,1.292317
0.874380,1.283615
0.875817,1.274912
0.877326,1.266210
0.878907,1.257507
0.880560,1.248805
0.882288,1.240102
0.884089,1.231400
0.885965,1.222697
0.887918,1.213995
0.889946,1.205292
0.892052,1.196590
0.894237,1.187888
0.896500,1.179185
0.898844,1.170483
0.901269,1.161780
0.903775,1.153078
0.906365,1.144375
0.909040,1.135673
0.911800,1.126970
0.914646,1.118268
0.917581,1.109565
0.920604,1.100863
0.923719,1.092160
0.926925,1.083458
0.930224,1.074755
0.933619,1.066053
0.937110,1.057350
0.940699,1.048648
0.944388,1.039945
0.948179,1.031243
0.952072,1.022541
0.956071,1.013838
0.960178,1.005136
0.964393,0.996433
0.968720,0.987731
0.973160,0.979028
0.977716,0.970326
0.982390,0.961623
0.987184,0.952921
0.992101,0.944218
0.997144,0.935516
1.002315,0.926813
1.007617,0.918111
1.013053,0.909408
1.018626,0.900706
1.024339,0.892003
1.030195,0.883301
1.036198,0.874598
1.042352,0.865896
1.048659,0.857194
1.055124,0.848491
1.061750,0.839789
1.068542,0.831086
1.075504,0.822384
1.082640,0.813681
1.089956,0.804979
1.097454,0.796276
1.105142,0.787574
1.110800,0.778871
1.118864,0.770169
1.127133,0.761466
1.135612,0.752764
1.144307,0.744061
1.153225,0.735359
1.162373,0.726656
1.171756,0.717954
1.181383,0.709251
1.191261,0.700549
1.201398,0.691847
1.211802,0.683144
1.207660,0.674442
1.228192,0.665739
1.222301,0.657037
1.243171,0.648334
1.263863,0.639632
1.260318,0.630929
1.281400,0.622227
1.302337,0.613524
1.301199,0.604822
1.322587,0.596119
1.343864,0.587417
1.345218,0.578714
1.367015,0.570012
1.363324,0.561309
1.392697,0.552607
1.415018,0.543905
1.412394,0.535202
1.444016,0.526500
1.466995,0.517797
1.489982,0.509095
1.488696,0.500392
1.523413,0.491690
1.523249,0.482987
1.547305,0.474285
1.584836,0.465582
1.586117,0.456880
1.611266,0.448177
1.636561,0.439475
1.678084,0.430772
1.704438,0.422070
1.708014,0.413367
1.734948,0.404665
1.781156,0.395962
1.809431,0.387260
1.838044,0.378558
1.867021,0.369855
1.896337,0.361153
1.927123,0.352450
1.958397,0.343748
2.012280,0.335045
2.048618,0.326343
2.082612,0.317640
2.117299,0.308938
2.174474,0.300235
2.197696,0.291533
2.192896,0.282830
2.189375,0.274128
2.187198,0.265425
2.179196,0.256723
2.181484,0.248020
2.164185,0.239318
2.169927,0.230615
2.156427,0.221913
2.136898,0.213211
2.130904,0.204508
2.125104,0.195806
2.119497,0.187103
2.114079,0.178401
2.108850,0.169698
2.103806,0.160996
2.098946,0.152293
2.094267,0.143591
2.089768,0.134888
2.085446,0.126186
2.081301,0.117483
2.077330,0.108781
2.073531,0.100078
2.069904,0.091376
2.066447,0.082673
2.063158,0.073971
2.060036,0.065269
2.057080,0.056566
2.054289,0.047864
2.051661,0.039161
2.049196,0.030459
2.046892,0.021756
2.044749,0.013054
2.042766,0.004351
2.040942,-0.004351
2.039277,-0.013054
2.037769,-0.021756
2.036419,-0.030459
2.035225,-0.039161
2.034187,-0.047864
2.033305,-0.056566
2.032579,-0.065269
2.032008,-0.073971
2.031592,-0.082674
2.031331,-0.091376
2.031224,-0.100078
2.031272,-0.108781
2.031475,-0.117483
2.031833,-0.126186
2.032346,-0.134888
2.033013,-0.143591
2.033836,-0.152293
2.034815,-0.160996
2.035950,-0.169698
2.037241,-0.178401
2.038690,-0.187103
2.040296,-0.195806
2.042060,-0.204508
2.043983,-0.213211
2.046065,-0.221913
2.048308,-0.230616
2.050712,-0.239318
2.053278,-0.248021
2.056008,-0.256723
2.058902,-0.265425
2.061961,-0.274128
2.065187,-0.282830
2.068580,-0.291533
2.072143,-0.300235
2.075877,-0.308938
2.079782,-0.317640
2.083862,-0.326343
2.088117,-0.335045
2.092549,-0.343748
2.097160,-0.352450
2.101951,-0.361153
2.106925,-0.369855
2.112085,-0.378558
2.117431,-0.387260
2.122966,-0.395963
2.128693,-0.404665
2.134614,-0.413367
2.140732,-0.422070
2.147048,-0.430772
2.153566,-0.439475
2.160290,-0.448177
2.167220,-0.456880
2.174362,-0.465582
2.181717,-0.474285
2.189290,-0.482987
2.197083,-0.491690
2.205101,-0.500392
2.213644,-0.509095
2.233752,-0.517797
2.233471,-0.526500
2.256584,-0.535202
2.256691,-0.543905
2.261402,-0.552607
2.289612,-0.561310
2.296723,-0.570012
2.306540,-0.578714
2.316745,-0.587417
2.327972,-0.596119
2.340196,-0.604822
2.335622,-0.613524
2.142869,-0.622227
2.088066,-0.630929
1.963500,-0.639632
1.940536,-0.648334
1.910213,-0.657037
1.809116,-0.665739
1.789785,-0.674442
1.760622,-0.683144
1.700355,-0.691847
1.710453,-0.700549
1.712472,-0.709252
1.684873,-0.717954
1.657390,-0.726657
1.646006,-0.735359
1.619418,-0.744061
1.592887,-0.752764
1.591745,-0.761466
1.558780,-0.770169
1.558727,-0.778871
1.533146,-0.787574
1.502438,-0.796276
1.503572,-0.804979
1.478581,-0.813681
1.476611,-0.822384
1.452175,-0.831086
1.452157,-0.839789
1.482836,-0.848491
1.486758,-0.857194
1.462172,-0.865896
1.439023,-0.874599
1.443959,-0.883301
1.434803,-0.892003
1.450465,-0.900706
1.465974,-0.909408
1.453949,-0.918111
1.469397,-0.926813
1.457757,-0.935516
1.446409,-0.944218
1.435345,-0.952921
1.424557,-0.961623
1.414037,-0.970326
1.403777,-0.979028
1.393770,-0.987731
1.384009,-0.996433
1.374489,-1.005136
1.365201,-1.013838
1.381215,-1.022541
1.397123,-1.031243
1.388181,-1.039946
1.379457,-1.048648
1.370946,-1.057350
1.362643,-1.066053
1.354542,-1.074755
1.346638,-1.083458
1.362801,-1.092160
1.378883,-1.100863
1.371284,-1.109565
1.383275,-1.118268
1.376365,-1.126970
1.369643,-1.135673
1.356762,-1.144375
1.351251,-1.153078
1.364180,-1.161780
1.382605,-1.170483
1.375486,-1.179185
1.372375,-1.187888
1.369505,-1.196590
1.366822,-1.205293
1.365430,-1.213995
1.366260,-1.222697
1.366474,-1.231400
1.345016,-1.240102
1.373055,-1.248805
1.397241,-1.257507
1.378176,-1.266210
1.368416,-1.274912
1.394957,-1.283615
1.390152,-1.292317
1.397511,-1.301020
1.426849,-1.309722
1.408432,-1.318425
1.419376,-1.327127
1.409967,-1.335830
1.443172,-1.344532
1.474644,-1.353235
1.470507,-1.361937
1.466504,-1.370639
1.483504,-1.379342
1.500528,-1.388044
1.517581,-1.396747
1.555381,-1.405449
1.551787,-1.414152
1.548328,-1.422854
1.545002,-1.431557
1.685544,-1.440259
1.723180,-1.448962
1.760800,-1.457664
1.798414,-1.466367
1.958315,-1.475069
2.016084,-1.483772
2.073819,-1.492474
2.293802,-1.501177
2.351274,-1.509879
2.469446,-1.518582
2.567294,-1.527284
2.866864,-1.535986
3.004721,-1.544689
3.223041,-1.553391
