scan.pos:-2.973482,5.827316,-2.6147504.797919,1.562094
4.796890,1.553391
4.796234,1.544689
4.773150,1.535986
4.750648,1.527284
4.728714,1.518581
4.752307,1.509879
4.731281,1.501177
4.733085,1.492474
4.757426,1.483772
4.759822,1.475069
4.806583,1.466367
4.875260,1.457664
4.987450,1.448962
5.077405,1.440259
5.239691,1.431557
5.326146,1.422854
5.437563,1.414152
5.552516,1.405449
5.671278,1.396747
5.782487,1.388044
5.857729,1.379342
5.968853,1.370639
6.127521,1.361937
1.540667,1.066053
1.540330,1.057350
1.540110,1.048648
1.420007,1.039945
1.420021,1.031243
1.360137,1.022541
1.360358,1.013838
1.360682,1.005136
1.321077,0.996433
1.321594,0.987731
1.302178,0.979028
1.302886,0.970326
1.303694,0.961623
1.304602,0.952921
1.265439,0.944218
1.266515,0.935516
1.267690,0.926813
1.268964,0.918111
1.270337,0.909408
1.251622,0.900706
1.232958,0.892003
1.234580,0.883301
1.236300,0.874598
1.238119,0.865896
1.240038,0.857194
1.242058,0.848491
1.244179,0.839789
1.246403,0.831086
1.248730,0.822384
1.251161,0.813681
1.253697,0.804979
1.256339,0.796276
1.259089,0.787574
1.261947,0.778871
1.264914,0.770169
1.267992,0.761466
1.271183,0.752764
1.274487,0.744061
1.277905,0.735359
1.281440,0.726656
1.285093,0.717954
1.288864,0.709251
1.292757,0.700549
1.304549,0.691847
1.308714,0.683144
1.313005,0.674442
1.317426,0.665739
1.321977,0.657037
1.326662,0.648334
1.331481,0.639632
1.336438,0.630929
1.341534,0.622227
1.346772,0.613524
1.352155,0.604822
1.357685,0.596119
1.363364,0.587417
1.369196,0.578714
1.375183,0.570012
1.381329,0.561309
1.387635,0.552607
1.394107,0.543905
1.400745,0.535202
1.407556,0.526500
1.414541,0.517797
1.421704,0.509095
1.429050,0.500392
1.436582,0.491690
1.444305,0.482987
1.499552,0.474285
1.507932,0.465582
1.516523,0.456880
1.525330,0.448177
1.534357,0.439475
1.543609,0.430772
1.602113,0.422070
1.612140,0.413367
1.622419,0.404665
1.657936,0.395962
1.668900,0.387260
1.680139,0.378558
1.691660,0.369855
1.703471,0.361153
1.715579,0.352450
1.727994,0.343748
1.740723,0.335045
1.753775,0.326343
1.767160,0.317640
1.780888,0.308938
1.849061,0.300235
1.863940,0.291533
1.879205,0.282830
1.894867,0.274128
1.910939,0.265425
1.927435,0.256723
1.930719,0.248020
1.954260,0.239318
1.977769,0.230615
1.973833,0.221913
1.997547,0.213211
2.024061,0.204508
2.078382,0.195806
2.076395,0.187103
2.109858,0.178401
2.140626,0.169698
2.151868,0.160996
2.185637,0.152293
2.194980,0.143591
2.238262,0.134888
2.243725,0.126186
2.290831,0.117483
6.268080,0.108781
6.227829,0.100078
6.188559,0.091376
6.150247,0.082673
6.112870,0.073971
6.076404,0.065269
6.040827,0.056566
6.006120,0.047864
5.972261,0.039161
5.939231,0.030459
5.907013,0.021756
5.875587,0.013054
5.844936,0.004351
5.815044,-0.004351
5.785895,-0.013054
5.757473,-0.021756
5.729763,-0.030459
5.702750,-0.039161
5.676421,-0.047864
5.650763,-0.056566
5.625762,-0.065269
5.601405,-0.073971
5.577682,-0.082674
5.554580,-0.091376
5.532088,-0.100078
5.510196,-0.108781
5.488893,-0.117483
5.468168,-0.126186
5.448013,-0.134888
5.428417,-0.143591
5.409373,-0.152293
5.390871,-0.160996
5.372902,-0.169698
5.355460,-0.178401
5.338536,-0.187103
5.322122,-0.195806
5.306211,-0.204508
5.290798,-0.213211
5.275874,-0.221913
5.261434,-0.230616
5.247471,-0.239318
5.233980,-0.248021
5.220954,-0.256723
5.208389,-0.265425
5.196279,-0.274128
5.184618,-0.282830
5.173404,-0.291533
5.162630,-0.300235
5.152292,-0.308938
5.142386,-0.317640
5.132909,-0.326343
5.123856,-0.335045
5.115223,-0.343748
5.107008,-0.352450
5.099207,-0.361153
5.091817,-0.369855
5.084835,-0.378558
5.078259,-0.387260
5.072084,-0.395963
5.066311,-0.404665
5.060935,-0.413367
5.055956,-0.422070
5.051371,-0.430772
5.047177,-0.439475
5.043375,-0.448177
5.039962,-0.456880
5.036937,-0.465582
5.034298,-0.474285
5.032046,-0.482987
5.030178,-0.491690
5.028695,-0.500392
5.027595,-0.509095
5.026878,-0.517797
5.026545,-0.526500
5.026594,-0.535202
5.027025,-0.543905
5.027840,-0.552607
5.029038,-0.561310
5.030621,-0.570012
5.032587,-0.578714
5.034938,-0.587417
5.037676,-0.596119
5.040801,-0.604822
5.044313,-0.613524
5.048216,-0.622227
5.052509,-0.630929
5.057196,-0.639632
5.062276,-0.648334
5.067754,-0.657037
5.073630,-0.665739
5.079907,-0.674442
5.086587,-0.683144
5.093674,-0.691847
5.101169,-0.700549
5.109076,-0.709252
2.606285,-0.717954
2.508754,-0.726657
2.411074,-0.735359
2.292749,-0.744061
2.235680,-0.752764
2.137450,-0.761466
2.059572,-0.770169
2.002157,-0.778871
1.923952,-0.787574
1.866267,-0.796276
1.787662,-0.804979
1.750481,-0.813681
1.692351,-0.822384
1.634043,-0.831086
1.596548,-0.839789
1.558965,-0.848491
1.521283,-0.857194
1.483492,-0.865896
1.445583,-0.874599
1.428871,-0.883301
1.369368,-0.892003
1.352509,-0.900706
1.314097,-0.909408
1.297135,-0.918111
1.258452,-0.926813
1.241359,-0.935516
1.224231,-0.944218
1.185118,-0.952921
1.167820,-0.961623
1.150472,-0.970326
1.133067,-0.979028
1.115602,-0.987731
1.075661,-0.996433
1.080468,-1.005136
1.040176,-1.013838
1.045027,-1.022541
1.027177,-1.031243
1.009234,-1.039946
0.991191,-1.048648
0.973043,-1.057350
0.954783,-1.066053
0.936406,-1.074755
0.941439,-1.083458
0.922935,-1.092160
0.904296,-1.100863
0.885515,-1.109565
0.890657,-1.118268
0.871714,-1.126970
0.876970,-1.135673
0.882358,-1.144375
0.887881,-1.153078
0.893542,-1.161780
0.874362,-1.170483
0.880145,-1.179185
0.860755,-1.187888
0.866658,-1.196590
0.847041,-1.205293
0.827211,-1.213995
0.833197,-1.222697
0.813105,-1.231400
0.819202,-1.240102
0.798827,-1.248805
0.805033,-1.257507
0.784351,-1.266210
0.790662,-1.274912
0.769650,-1.283615
0.776065,-1.292317
0.782647,-1.301020
0.789403,-1.309722
0.787653,-1.318425
0.780942,-1.327127
0.774403,-1.335830
0.768031,-1.344532
0.761820,-1.353235
0.755766,-1.361937
0.749864,-1.370639
0.744109,-1.379342
0.764874,-1.388044
0.759207,-1.396747
0.753680,-1.405449
0.774093,-1.414152
0.768655,-1.422854
0.763350,-1.431557
0.758175,-1.440259
0.778231,-1.448962
0.798082,-1.457664
0.792957,-1.466367
0.787957,-1.475069
0.783079,-1.483772
0.778319,-1.492474
0.773676,-1.501177
0.769147,-1.509879
0.788625,-1.518582
0.784179,-1.527284
0.779843,-1.535986
0.775612,-1.544689
0.771486,-1.553391
0.767461,-1.562094
0.763536,-1.570796
