scan.pos:-5.126532,5.524403,2.9684357.671979,1.353234
7.517671,1.344532
7.361550,1.335830
7.220266,1.327127
7.062413,1.318425
6.931330,1.309722
6.801558,1.301020
6.680583,1.292317
6.563702,1.283615
6.450675,1.274912
6.318850,1.266210
6.214414,1.257507
6.112496,1.248805
6.013608,1.240102
5.917583,1.231400
5.829475,1.222697
5.739569,1.213995
5.652073,1.205292
5.566862,1.196590
5.492325,1.187888
5.412122,1.179185
5.333854,1.170483
5.257421,1.161780
5.194345,1.153078
5.122060,1.144375
5.051336,1.135673
5.006487,1.126970
4.953380,1.118268
4.887760,1.109565
4.823406,1.100863
4.760253,1.092160
4.715693,1.083458
4.655471,1.074755
4.596270,1.066053
4.557615,1.057350
4.501003,1.048648
4.471335,1.039945
4.416599,1.031243
4.358575,1.022541
4.332526,1.013838
4.280699,1.005136
4.254058,0.996433
4.204206,0.987731
4.154929,0.979028
4.132887,0.970326
4.085375,0.961623
4.066576,0.952921
4.034152,0.944218
3.999908,0.935516
3.966540,0.926813
3.934022,0.918111
3.902327,0.909408
3.871431,0.900706
3.841311,0.892003
3.811944,0.883301
3.783309,0.874598
3.755384,0.865896
3.728151,0.857194
3.701589,0.848491
3.675682,0.839789
3.650410,0.831086
3.625758,0.822384
3.601709,0.813681
3.578247,0.804979
3.555358,0.796276
3.533028,0.787574
3.511242,0.778871
3.489987,0.770169
3.469251,0.761466
3.449021,0.752764
3.429285,0.744061
3.410031,0.735359
3.391250,0.726656
3.372929,0.717954
3.355060,0.709251
3.337632,0.700549
3.320636,0.691847
3.304062,0.683144
3.287901,0.674442
3.272147,0.665739
3.256789,0.657037
3.241821,0.648334
3.227234,0.639632
3.213021,0.630929
3.199176,0.622227
3.185690,0.613524
3.172559,0.604822
3.159775,0.596119
3.147333,0.587417
3.135226,0.578714
3.123449,0.570012
3.111995,0.561309
3.100862,0.552607
3.090041,0.543905
3.079530,0.535202
3.069323,0.526500
3.059416,0.517797
3.049803,0.509095
3.040482,0.500392
3.031448,0.491690
3.022697,0.482987
3.014225,0.474285
3.006029,0.465582
2.998105,0.456880
2.990450,0.448177
2.983060,0.439475
2.975933,0.430772
2.969065,0.422070
2.962454,0.413367
2.956097,0.404665
2.949992,0.395962
2.944135,0.387260
2.938525,0.378558
2.933159,0.369855
2.928035,0.361153
2.923152,0.352450
2.918507,0.343748
2.914098,0.335045
2.909923,0.326343
2.905981,0.317640
2.902271,0.308938
2.898791,0.300235
2.895539,0.291533
2.892515,0.282830
2.889716,0.274128
2.887143,0.265425
2.884794,0.256723
2.882668,0.248020
2.880764,0.239318
2.879083,0.230615
2.877622,0.221913
2.876381,0.213211
2.875360,0.204508
2.874559,0.195806
2.873977,0.187103
2.873615,0.178401
2.873471,0.169698
2.873546,0.160996
2.873839,0.152293
2.874352,0.143591
2.875084,0.134888
2.876035,0.126186
2.877207,0.117483
2.878598,0.108781
2.880210,0.100078
2.882044,0.091376
2.884100,0.082673
2.886379,0.073971
2.888881,0.065269
2.891608,0.056566
2.894561,0.047864
2.897741,0.039161
2.901149,0.030459
2.904787,0.021756
2.908655,0.013054
2.912756,0.004351
2.917091,-0.004351
2.921662,-0.013054
2.926470,-0.021756
2.931518,-0.030459
2.936807,-0.039161
2.942340,-0.047864
2.948119,-0.056566
2.954145,-0.065269
2.960423,-0.073971
2.966953,-0.082674
2.973740,-0.091376
2.980785,-0.100078
2.988091,-0.108781
2.995663,-0.117483
3.003502,-0.126186
3.011612,-0.134888
3.019996,-0.143591
3.028659,-0.152293
3.037603,-0.160996
3.046834,-0.169698
3.056354,-0.178401
3.066167,-0.187103
3.076279,-0.195806
3.086694,-0.204508
3.097417,-0.213211
3.108451,-0.221913
3.119803,-0.230616
3.131478,-0.239318
3.143480,-0.248021
3.155816,-0.256723
3.168492,-0.265425
3.181513,-0.274128
3.194886,-0.282830
3.208617,-0.291533
3.222713,-0.300235
3.237181,-0.308938
3.252028,-0.317640
3.267262,-0.326343
3.282891,-0.335045
3.298923,-0.343748
3.315365,-0.352450
3.332227,-0.361153
3.349519,-0.369855
3.367248,-0.378558
3.385425,-0.387260
3.404060,-0.395963
3.423163,-0.404665
3.442746,-0.413367
3.462819,-0.422070
3.483395,-0.430772
3.504485,-0.439475
3.526102,-0.448177
3.548259,-0.456880
3.570970,-0.465582
3.594249,-0.474285
3.618112,-0.482987
3.642572,-0.491690
3.667647,-0.500392
3.693352,-0.509095
3.719705,-0.517797
3.746725,-0.526500
3.772013,-0.535202
3.737073,-0.543905
3.695511,-0.552607
3.656428,-0.561310
3.622340,-0.570012
3.589658,-0.578714
3.555232,-0.587417
3.526271,-0.596119
3.498638,-0.604822
3.472311,-0.613524
3.447489,-0.622227
3.418225,-0.630929
3.389710,-0.639632
3.361921,-0.648334
3.334835,-0.657037
3.308432,-0.665739
3.282692,-0.674442
3.257596,-0.683144
3.233125,-0.691847
3.209261,-0.700549
3.185988,-0.709252
3.163289,-0.717954
1.273547,-0.726657
1.188568,-0.735359
1.130069,-0.744061
1.122573,-0.752764
1.120744,-0.761466
1.064083,-0.770169
1.057400,-0.778871
1.026440,-0.787574
1.020227,-0.796276
1.014165,-0.804979
0.960239,-0.813681
0.954744,-0.822384
0.949384,-0.831086
0.944155,-0.839789
0.939055,-0.848491
0.934080,-0.857194
0.929227,-0.865896
0.924496,-0.874599
0.919881,-0.883301
0.915382,-0.892003
0.910996,-0.900706
0.906720,-0.909408
0.902553,-0.918111
0.898492,-0.926813
0.894535,-0.935516
0.890680,-0.944218
0.886926,-0.952921
0.883270,-0.961623
0.879711,-0.970326
0.876247,-0.979028
0.872876,-0.987731
0.869597,-0.996433
0.866408,-1.005136
0.863308,-1.013838
0.860296,-1.022541
0.857370,-1.031243
0.854528,-1.039946
0.851770,-1.048648
0.849093,-1.057350
0.846498,-1.066053
0.843983,-1.074755
0.841547,-1.083458
0.839188,-1.092160
0.836906,-1.100863
0.834700,-1.109565
0.832569,-1.118268
0.830511,-1.126970
0.828527,-1.135673
0.826615,-1.144375
0.824775,-1.153078
0.823005,-1.161780
0.821305,-1.170483
0.819674,-1.179185
0.818112,-1.187888
0.816619,-1.196590
0.815192,-1.205293
0.813832,-1.213995
0.812539,-1.222697
0.811312,-1.231400
0.810149,-1.240102
0.809052,-1.248805
0.808019,-1.257507
0.807050,-1.266210
0.806145,-1.274912
0.805303,-1.283615
0.804524,-1.292317
0.803807,-1.301020
0.803153,-1.309722
0.802561,-1.318425
0.802031,-1.327127
0.801563,-1.335830
0.801156,-1.344532
0.800811,-1.353235
0.800527,-1.361937
0.800304,-1.370639
0.800142,-1.379342
0.800041,-1.388044
0.800001,-1.396747
0.800022,-1.405449
0.800103,-1.414152
0.800246,-1.422854
0.800450,-1.431557
0.800715,-1.440259
0.801041,-1.448962
0.801428,-1.457664
0.801877,-1.466367
0.802388,-1.475069
0.802960,-1.483772
0.803594,-1.492474
0.804291,-1.501177
0.805050,-1.509879
0.805872,-1.518582
0.806758,-1.527284
0.807707,-1.535986
0.808719,-1.544689
0.809796,-1.553391
0.810938,-1.562094
0.812145,-1.570796
