scan.pos:0.896882,6.923406,-0.3647501.134645,1.562094
1.138482,1.553391
1.142432,1.544689
1.146497,1.535986
1.150680,1.527284
1.154981,1.518581
1.159403,1.509879
1.163948,1.501177
1.168618,1.492474
1.173416,1.483772
1.178343,1.475069
1.183402,1.466367
1.188596,1.457664
1.193927,1.448962
1.195544,1.440259
1.201139,1.431557
1.206879,1.422854
1.212767,1.414152
1.218806,1.405449
1.225000,1.396747
1.231350,1.388044
1.237862,1.379342
1.244539,1.370639
1.251383,1.361937
1.258400,1.353234
1.265592,1.344532
1.272965,1.335830
1.280522,1.327127
1.288269,1.318425
1.296209,1.309722
1.304347,1.301020
1.312689,1.292317
1.321239,1.283615
1.330004,1.274912
1.338988,1.266210
1.348198,1.257507
1.357639,1.248805
1.367319,1.240102
1.377243,1.231400
1.387418,1.222697
1.397853,1.213995
1.408553,1.205292
1.419528,1.196590
1.430785,1.187888
1.442332,1.179185
1.454179,1.170483
1.466335,1.161780
1.478809,1.153078
1.491613,1.144375
1.491372,1.135673
1.515919,1.126970
1.512719,1.118268
1.539129,1.109565
1.536885,1.100863
1.561941,1.092160
1.590300,1.083458
1.589186,1.074755
1.614772,1.066053
1.619083,1.057350
1.645332,1.048648
1.671585,1.039945
1.672265,1.031243
1.705747,1.022541
1.707576,1.013838
1.734890,1.005136
1.746009,0.996433
1.774237,0.987731
1.802594,0.979028
1.831101,0.970326
1.846403,0.961623
1.876014,0.952921
1.881834,0.944218
1.912048,0.935516
1.932165,0.926813
1.963710,0.918111
1.995582,0.909408
2.027809,0.900706
2.060420,0.892003
2.087088,0.883301
2.121402,0.874598
2.156214,0.865896
2.191559,0.857194
2.224592,0.848491
2.262041,0.839789
2.300170,0.831086
2.339027,0.822384
2.378664,0.813681
2.421065,0.804979
2.463473,0.796276
2.506869,0.787574
2.573232,0.778871
2.618734,0.770169
2.672939,0.761466
2.722189,0.752764
2.772885,0.744061
2.846645,0.735359
2.900491,0.726656
2.970246,0.717954
3.050622,0.709251
3.111796,0.700549
3.196473,0.691847
3.283557,0.683144
3.374514,0.674442
3.469040,0.665739
3.566808,0.657037
3.668128,0.648334
3.794169,0.639632
3.894943,0.630929
4.011754,0.622227
4.154637,0.613524
4.303424,0.604822
4.438218,0.596119
4.621535,0.587417
4.802246,0.578714
5.006923,0.570012
5.201983,0.561309
5.429794,0.552607
5.712375,0.543905
5.962541,0.535202
6.285966,0.526500
6.611556,0.517797
7.024272,0.509095
7.165193,0.500392
7.162722,0.491690
7.146864,0.482987
7.139380,0.474285
7.123469,0.465582
7.117101,0.456880
7.111286,0.448177
7.106021,0.439475
7.101304,0.430772
7.097133,0.422070
7.093507,0.413367
7.090425,0.404665
7.087884,0.395962
7.085885,0.387260
7.084426,0.378558
7.083508,0.369855
7.083129,0.361153
7.083289,0.352450
7.083989,0.343748
7.085228,0.335045
7.087008,0.326343
7.089329,0.317640
7.092192,0.308938
7.095597,0.300235
7.099547,0.291533
7.104042,0.282830
7.109085,0.274128
7.114677,0.265425
7.120821,0.256723
7.127518,0.248020
7.134772,0.239318
7.142585,0.230615
7.150961,0.221913
7.159902,0.213211
7.169412,0.204508
7.179495,0.195806
7.190155,0.187103
7.201395,0.178401
7.213221,0.169698
7.225637,0.160996
7.238648,0.152293
7.252259,0.143591
7.266476,0.134888
7.281305,0.126186
7.296751,0.117483
7.312820,0.108781
7.329520,0.100078
7.346857,0.091376
7.364839,0.082673
7.383472,0.073971
7.402765,0.065269
7.422727,0.056566
7.443364,0.047864
7.464686,0.039161
7.486703,0.030459
7.509423,0.021756
7.532858,0.013054
7.557016,0.004351
7.581909,-0.004351
7.607548,-0.013054
7.633944,-0.021756
7.661109,-0.030459
7.689056,-0.039161
7.717798,-0.047864
7.747347,-0.056566
7.777719,-0.065269
7.769982,-0.404665
6.153368,-0.413367
6.059189,-0.422070
5.875494,-0.430772
5.797730,-0.439475
5.641582,-0.448177
5.428238,-0.456880
5.248616,-0.465582
4.991384,-0.474285
4.925774,-0.482987
4.888086,-0.491690
4.851338,-0.500392
4.815502,-0.509095
4.780552,-0.517797
4.746466,-0.526500
4.738810,-0.535202
4.706203,-0.543905
4.674395,-0.552607
4.693517,-0.561310
4.693097,-0.570012
4.693309,-0.578714
4.703330,-0.587417
4.690105,-0.596119
4.726998,-0.604822
4.764852,-0.613524
4.803708,-0.622227
4.819733,-0.630929
4.837117,-0.639632
4.855897,-0.648334
4.876117,-0.657037
4.874462,-0.665739
4.897819,-0.674442
4.922759,-0.683144
4.972340,-0.691847
4.954730,-0.700549
4.984889,-0.709252
5.016886,-0.717954
1.150991,-0.726657
1.033473,-0.735359
1.028918,-0.744061
0.979937,-0.752764
0.953625,-0.761466
0.949690,-0.770169
0.945859,-0.778871
0.942131,-0.787574
0.938503,-0.796276
0.934974,-0.804979
0.931541,-0.813681
0.885032,-0.822384
0.881941,-0.831086
0.878937,-0.839789
0.876020,-0.848491
0.873189,-0.857194
0.870443,-0.865896
0.867779,-0.874599
0.865197,-0.883301
0.862696,-0.892003
0.860275,-0.900706
0.857933,-0.909408
0.855668,-0.918111
0.853480,-0.926813
0.851368,-0.935516
0.849330,-0.944218
0.847367,-0.952921
0.845477,-0.961623
0.843660,-0.970326
0.841915,-0.979028
0.840240,-0.987731
0.797727,-0.996433
0.796267,-1.005136
0.774492,-1.013838
0.773198,-1.022541
0.771966,-1.031243
0.770797,-1.039946
0.769690,-1.048648
0.768645,-1.057350
0.767661,-1.066053
0.766738,-1.074755
0.725566,-1.083458
0.724805,-1.092160
0.724102,-1.100863
0.723454,-1.109565
0.722863,-1.118268
0.722328,-1.126970
0.721849,-1.135673
0.721425,-1.144375
0.721056,-1.153078
0.720743,-1.161780
0.720484,-1.170483
0.720281,-1.179185
0.720133,-1.187888
0.720040,-1.196590
0.720001,-1.205293
0.720017,-1.213995
0.720089,-1.222697
0.720215,-1.231400
0.720396,-1.240102
0.720631,-1.248805
0.720922,-1.257507
0.721269,-1.266210
0.721670,-1.274912
0.702068,-1.283615
0.702566,-1.292317
0.703119,-1.301020
0.703726,-1.309722
0.704388,-1.318425
0.705105,-1.327127
0.705877,-1.335830
0.706705,-1.344532
0.707588,-1.353235
0.708528,-1.361937
0.709525,-1.370639
0.710578,-1.379342
0.711689,-1.388044
0.712858,-1.396747
0.714085,-1.405449
0.715371,-1.414152
0.716716,-1.422854
0.718121,-1.431557
0.719586,-1.440259
0.700509,-1.448962
0.681404,-1.457664
0.682960,-1.466367
0.684575,-1.475069
0.686251,-1.483772
0.687987,-1.492474
0.689785,-1.501177
0.691644,-1.509879
0.693567,-1.518582
0.695554,-1.527284
0.697606,-1.535986
0.699723,-1.544689
0.701906,-1.553391
0.704158,-1.562094
0.706477,-1.570796
