scan.pos:-1.865694,7.179542,0.2852500.854530,1.562094
0.852382,1.553391
0.850308,1.544689
0.848309,1.535986
0.846384,1.527284
0.844532,1.518581
0.842751,1.509879
0.841043,1.501177
0.839404,1.492474
0.837836,1.483772
0.836338,1.475069
0.834908,1.466367
0.833546,1.457664
0.832252,1.448962
0.831026,1.440259
0.829866,1.431557
0.828772,1.422854
0.827744,1.414152
0.826782,1.405449
0.825884,1.396747
0.825052,1.388044
0.824283,1.379342
0.823579,1.370639
0.822939,1.361937
0.822362,1.353234
0.821849,1.344532
0.821398,1.335830
0.821011,1.327127
0.820686,1.318425
0.820425,1.309722
0.820226,1.301020
0.820089,1.292317
0.820015,1.283615
0.820003,1.274912
0.820054,1.266210
0.820167,1.257507
0.820343,1.248805
0.820581,1.240102
0.820882,1.231400
0.821246,1.222697
0.821673,1.213995
0.822162,1.205292
0.822715,1.196590
0.823332,1.187888
0.824012,1.179185
0.824756,1.170483
0.825565,1.161780
0.826438,1.153078
0.827376,1.144375
0.828379,1.135673
0.829448,1.126970
0.830584,1.118268
0.831785,1.109565
0.833054,1.100863
0.834390,1.092160
0.835794,1.083458
0.837267,1.074755
0.838809,1.066053
0.840421,1.057350
0.842103,1.048648
0.843857,1.039945
0.845682,1.031243
0.847580,1.022541
0.849551,1.013838
0.851596,1.005136
0.853717,0.996433
0.855913,0.987731
0.858187,0.979028
0.860538,0.970326
0.862968,0.961623
0.865477,0.952921
0.868068,0.944218
0.870741,0.935516
0.873497,0.926813
0.876337,0.918111
0.879263,0.909408
0.882277,0.900706
0.885378,0.892003
0.888569,0.883301
0.891852,0.874598
0.895227,0.865896
0.898697,0.857194
0.902263,0.848491
0.905926,0.839789
0.909689,0.831086
0.913553,0.822384
0.917520,0.813681
0.921593,0.804979
0.925772,0.796276
0.930061,0.787574
0.934461,0.778871
0.938974,0.770169
0.943604,0.761466
0.948352,0.752764
0.953222,0.744061
0.958214,0.735359
0.963333,0.726656
0.968582,0.717954
0.973962,0.709251
0.979478,0.700549
0.985131,0.691847
0.990927,0.683144
0.996867,0.674442
1.002956,0.665739
1.009197,0.657037
1.015593,0.648334
1.022150,0.639632
1.028871,0.630929
1.035760,0.622227
1.042822,0.613524
1.050062,0.604822
1.057484,0.596119
1.065093,0.587417
1.072895,0.578714
1.080895,0.570012
1.089099,0.561309
1.097512,0.552607
1.106141,0.543905
1.114993,0.535202
1.124074,0.526500
1.133390,0.517797
1.142951,0.509095
1.152762,0.500392
1.156503,0.491690
1.174561,0.482987
1.164672,0.474285
1.182536,0.465582
1.200198,0.456880
1.190607,0.448177
1.208105,0.439475
1.199476,0.430772
1.216831,0.422070
1.212432,0.413367
1.230166,0.404665
1.253434,0.395962
1.271397,0.387260
1.263729,0.378558
1.288888,0.369855
1.307197,0.361153
1.333766,0.352450
1.327605,0.343748
1.346354,0.335045
1.375085,0.326343
1.394279,0.317640
1.400435,0.308938
1.420296,0.300235
1.440138,0.291533
1.473044,0.282830
1.469848,0.274128
1.490481,0.265425
1.526181,0.256723
1.547580,0.248020
1.569054,0.239318
1.584693,0.230615
1.607210,0.221913
1.652694,0.213211
1.672066,0.204508
1.695836,0.195806
1.719814,0.187103
1.743482,0.178401
1.791230,0.169698
1.816864,0.160996
1.842824,0.152293
1.872660,0.143591
1.922397,0.134888
1.950543,0.126186
2.007865,0.117483
2.038142,0.108781
2.069029,0.100078
2.132777,0.091376
2.166299,0.082673
2.222042,0.073971
2.278530,0.065269
2.330971,0.056566
2.390849,0.047864
2.451799,0.039161
2.514266,0.030459
2.579592,0.021756
2.646442,0.013054
2.735865,0.004351
2.814733,-0.004351
2.889434,-0.013054
2.987269,-0.021756
3.087660,-0.030459
3.189059,-0.039161
3.319126,-0.047864
3.432336,-0.056566
3.578236,-0.065269
3.704206,-0.073971
3.856344,-0.082674
4.035319,-0.091376
4.205721,-0.100078
4.426009,-0.108781
4.636180,-0.117483
4.898826,-0.126186
5.163771,-0.134888
5.444479,-0.143591
5.826646,-0.152293
6.193278,-0.160996
6.677600,-0.169698
7.165835,-0.178401
2.949187,-0.622227
2.589372,-0.630929
2.528181,-0.639632
2.455082,-0.648334
2.420686,-0.657037
2.366609,-0.665739
2.304257,-0.674442
2.254468,-0.683144
2.181442,-0.691847
2.158714,-0.700549
2.129457,-0.709252
2.085553,-0.717954
2.042593,-0.726657
1.998693,-0.735359
1.980718,-0.744061
1.941290,-0.752764
1.903681,-0.761466
1.866503,-0.770169
1.852576,-0.778871
1.820474,-0.787574
1.785856,-0.796276
1.751670,-0.804979
1.724332,-0.813681
1.714986,-0.822384
1.682834,-0.831086
1.659862,-0.839789
1.629061,-0.848491
1.622247,-0.857194
1.579341,-0.865896
1.573946,-0.874599
1.544818,-0.883301
1.529281,-0.892003
1.501135,-0.900706
1.522307,-0.909408
1.535042,-0.918111
1.533231,-0.926813
1.498675,-0.935516
1.497970,-0.944218
1.472177,-0.952921
1.465579,-0.961623
1.440458,-0.970326
1.435911,-0.979028
1.411396,-0.987731
1.386808,-0.996433
1.384869,-1.005136
1.360801,-1.013838
1.360775,-1.022541
1.337176,-1.031243
1.339027,-1.039946
1.315852,-1.048648
1.319554,-1.057350
1.352996,-1.066053
1.353309,-1.074755
1.341715,-1.083458
1.330419,-1.092160
1.319411,-1.100863
1.308682,-1.109565
1.325284,-1.118268
1.314878,-1.126970
1.304732,-1.135673
1.294839,-1.144375
1.311433,-1.153078
1.327882,-1.161780
1.318332,-1.170483
1.309017,-1.179185
1.299932,-1.187888
1.291069,-1.196590
1.307581,-1.205293
1.298981,-1.213995
1.334516,-1.222697
1.351523,-1.231400
1.353973,-1.240102
1.347166,-1.248805
1.351809,-1.257507
1.370124,-1.266210
1.376892,-1.274912
1.395874,-1.283615
1.404869,-1.292317
1.424591,-1.301020
1.459350,-1.309722
1.479774,-1.318425
1.500241,-1.327127
1.514835,-1.335830
1.536270,-1.344532
1.576426,-1.353235
1.735188,-1.361937
1.754701,-1.370639
1.755219,-1.379342
1.755617,-1.388044
1.802596,-1.396747
1.827441,-1.405449
1.855057,-1.414152
1.859560,-1.422854
1.847293,-1.431557
1.876032,-1.440259
1.905257,-1.448962
1.943120,-1.457664
1.974685,-1.466367
2.039115,-1.475069
2.073323,-1.483772
2.129756,-1.492474
2.180478,-1.501177
2.240085,-1.509879
2.276269,-1.518582
2.339740,-1.527284
2.404480,-1.535986
2.472855,-1.544689
2.542526,-1.553391
2.613995,-1.562094
2.695993,-1.570796
