scan.pos:-1.912852,3.705986,1.6352501.022122,1.562094
1.021586,1.553391
1.021128,1.544689
1.020748,1.535986
1.020445,1.527284
1.020221,1.518581
1.020075,1.509879
1.020006,1.501177
1.020015,1.492474
1.020101,1.483772
1.020265,1.475069
1.020508,1.466367
1.020827,1.457664
1.021225,1.448962
1.021701,1.440259
1.022256,1.431557
1.022889,1.422854
1.023600,1.414152
1.024391,1.405449
1.025261,1.396747
1.026211,1.388044
1.027241,1.379342
1.028352,1.370639
1.029543,1.361937
1.030815,1.353234
1.032170,1.344532
1.033607,1.335830
1.035126,1.327127
1.036730,1.318425
1.038417,1.309722
1.040190,1.301020
1.042048,1.292317
1.043992,1.283615
1.046023,1.274912
1.048142,1.266210
1.050350,1.257507
1.052648,1.248805
1.055036,1.240102
1.057516,1.231400
1.060088,1.222697
1.062754,1.213995
1.065515,1.205292
1.068372,1.196590
1.071325,1.187888
1.074378,1.179185
1.077530,1.170483
1.080783,1.161780
1.084139,1.153078
1.087599,1.144375
1.091164,1.135673
1.094836,1.126970
1.098617,1.118268
1.102509,1.109565
1.106512,1.100863
1.110630,1.092160
1.114864,1.083458
1.119216,1.074755
1.123688,1.066053
1.128281,1.057350
1.133000,1.048648
1.137845,1.039945
1.142819,1.031243
1.147924,1.022541
1.153163,1.013838
1.158540,1.005136
1.164055,0.996433
1.169713,0.987731
1.175516,0.979028
1.181467,0.970326
1.234141,0.961623
1.240644,0.952921
1.247312,0.944218
1.254147,0.935516
1.261155,0.926813
1.268338,0.918111
1.275701,0.909408
1.307461,0.900706
1.315343,0.892003
1.323422,0.883301
1.381025,0.874598
1.414646,0.865896
4.355527,0.857194
4.289734,0.848491
4.249139,0.839789
4.208739,0.831086
4.168509,0.822384
4.102577,0.813681
4.062428,0.804979
4.022374,0.796276
3.982390,0.787574
3.942454,0.778871
3.902541,0.770169
3.862628,0.761466
3.822692,0.752764
3.810194,0.744061
3.770369,0.735359
3.730454,0.726656
3.690427,0.717954
3.677119,0.709251
3.645782,0.700549
3.615247,0.691847
3.585491,0.683144
3.556489,0.674442
3.528219,0.665739
3.500659,0.657037
3.473789,0.648334
3.447589,0.639632
3.422040,0.630929
3.397124,0.622227
3.372823,0.613524
3.349120,0.604822
3.325999,0.596119
3.303446,0.587417
3.281444,0.578714
3.259980,0.570012
3.239041,0.561309
3.218612,0.552607
3.198681,0.543905
3.179236,0.535202
3.160265,0.526500
3.165796,0.517797
3.171501,0.509095
3.153618,0.500392
3.148443,0.491690
3.121159,0.482987
3.111774,0.474285
3.121146,0.465582
3.095259,0.456880
3.102584,0.448177
3.112608,0.439475
3.148219,0.430772
3.138065,0.422070
3.135077,0.413367
3.157907,0.404665
3.161356,0.395962
3.169622,0.387260
3.189342,0.378558
3.220333,0.369855
3.229302,0.361153
3.238444,0.352450
3.313283,0.343748
3.387802,0.335045
3.440345,0.326343
3.492768,0.317640
3.502034,0.308938
3.511502,0.300235
3.521173,0.291533
3.531047,0.282830
3.604854,0.274128
3.593766,0.265425
3.604132,0.256723
3.719973,0.248020
3.835433,0.239318
3.929609,0.230615
4.065335,0.221913
4.200662,0.213211
4.314849,0.204508
4.428805,0.195806
4.418503,0.187103
4.408583,0.178401
4.404621,0.169698
4.394093,0.160996
4.390180,0.152293
4.385994,0.143591
4.381371,0.134888
4.365990,0.126186
4.367581,0.117483
4.360665,0.108781
4.348312,0.100078
4.329623,0.091376
4.323682,0.082673
4.318085,0.073971
4.312830,0.065269
4.307916,0.056566
4.303340,0.047864
4.299102,0.039161
4.295198,0.030459
4.291628,0.021756
4.288391,0.013054
4.285484,0.004351
4.282907,-0.004351
4.280659,-0.013054
4.278738,-0.021756
4.277146,-0.030459
4.275880,-0.039161
4.274940,-0.047864
4.274326,-0.056566
4.274038,-0.065269
4.274075,-0.073971
4.274438,-0.082674
4.275126,-0.091376
4.276140,-0.100078
4.277481,-0.108781
4.279148,-0.117483
4.281143,-0.126186
4.283466,-0.134888
4.286118,-0.143591
4.289101,-0.152293
4.292414,-0.160996
4.296060,-0.169698
4.300040,-0.178401
4.304356,-0.187103
4.309008,-0.195806
4.314000,-0.204508
4.319332,-0.213211
4.325008,-0.221913
4.331028,-0.230616
4.337397,-0.239318
4.344115,-0.248021
4.351186,-0.256723
4.358613,-0.265425
4.366397,-0.274128
4.374544,-0.282830
4.383055,-0.291533
4.391935,-0.300235
4.401187,-0.308938
4.410814,-0.317640
4.420821,-0.326343
4.431211,-0.335045
4.441990,-0.343748
4.453162,-0.352450
4.464730,-0.361153
4.476700,-0.369855
4.489078,-0.378558
4.501868,-0.387260
2.487618,-0.395963
2.420400,-0.404665
2.380540,-0.413367
2.317567,-0.422070
2.263537,-0.430772
2.247001,-0.439475
2.253125,-0.448177
2.229385,-0.456880
2.195655,-0.465582
2.084080,-0.474285
2.048304,-0.482987
1.946573,-0.491690
1.928242,-0.500392
1.877193,-0.509095
1.847106,-0.517797
1.819936,-0.526500
1.793114,-0.535202
1.745527,-0.543905
1.720148,-0.552607
1.698274,-0.561310
1.674257,-0.570012
1.632505,-0.578714
1.609584,-0.587417
1.586795,-0.596119
1.571645,-0.604822
1.549884,-0.613524
1.513786,-0.622227
1.516479,-0.630929
1.482559,-0.639632
1.462410,-0.648334
1.454457,-0.657037
1.435048,-0.665739
1.404934,-0.674442
1.386046,-0.683144
1.382241,-0.691847
1.363955,-0.700549
1.337190,-0.709252
1.319289,-0.717954
1.319288,-0.726657
1.301883,-0.735359
1.257602,-0.744061
1.240692,-0.752764
1.223633,-0.761466
1.232644,-0.770169
1.215461,-0.778871
1.198111,-0.787574
1.180584,-0.796276
1.162873,-0.804979
1.172228,-0.813681
1.154341,-0.822384
1.136246,-0.831086
1.117933,-0.839789
1.127581,-0.848491
1.125356,-0.857194
1.115765,-0.865896
1.106420,-0.874599
1.097314,-0.883301
1.088438,-0.892003
1.079786,-0.900706
1.071352,-0.909408
1.063128,-0.918111
1.055110,-0.926813
1.047291,-0.935516
1.039665,-0.944218
1.032228,-0.952921
1.024974,-0.961623
1.017898,-0.970326
1.010996,-0.979028
1.004262,-0.987731
0.997694,-0.996433
0.991285,-1.005136
0.985033,-1.013838
0.978933,-1.022541
0.972982,-1.031243
0.967176,-1.039946
0.961512,-1.048648
0.955986,-1.057350
0.950596,-1.066053
0.945337,-1.074755
0.940207,-1.083458
0.935204,-1.092160
0.930324,-1.100863
0.925565,-1.109565
0.920924,-1.118268
0.916399,-1.126970
0.911987,-1.135673
0.907686,-1.144375
0.903494,-1.153078
0.899409,-1.161780
0.895429,-1.170483
0.891551,-1.179185
0.887774,-1.187888
0.884095,-1.196590
0.880514,-1.205293
0.877029,-1.213995
0.873637,-1.222697
0.870337,-1.231400
0.867128,-1.240102
0.864008,-1.248805
0.860976,-1.257507
0.858030,-1.266210
0.855169,-1.274912
0.852392,-1.283615
0.849697,-1.292317
0.847083,-1.301020
0.844550,-1.309722
0.842096,-1.318425
0.839720,-1.327127
0.837420,-1.335830
0.835197,-1.344532
0.833049,-1.353235
0.830974,-1.361937
0.828974,-1.370639
0.827045,-1.379342
0.825188,-1.388044
0.823402,-1.396747
0.821687,-1.405449
0.820040,-1.414152
0.818463,-1.422854
0.837377,-1.431557
0.876675,-1.440259
0.875197,-1.448962
0.873791,-1.457664
0.892745,-1.466367
0.952230,-1.475069
0.991388,-1.483772
1.010311,-1.492474
1.009082,-1.501177
1.007932,-1.509879
1.006862,-1.518582
1.025987,-1.527284
1.125551,-1.535986
1.225028,-1.544689
1.364575,-1.553391
1.504025,-1.562094
1.763662,-1.570796
