scan.pos:-4.402141,-4.408180,0.4852501.107898,1.562094
1.057850,1.553391
1.053146,1.544689
1.048563,1.535986
1.044099,1.527284
1.039752,1.518581
1.035519,1.509879
1.031399,1.501177
1.027390,1.492474
1.023489,1.483772
1.019695,1.475069
1.016006,1.466367
1.012421,1.457664
1.008937,1.448962
1.005554,1.440259
1.002269,1.431557
0.999081,1.422854
0.995990,1.414152
0.992992,1.405449
0.990088,1.396747
0.987276,1.388044
0.984555,1.379342
0.981923,1.370639
0.979379,1.361937
0.976923,1.353234
0.974553,1.344532
0.972269,1.335830
0.970068,1.327127
0.967952,1.318425
0.965918,1.309722
0.963966,1.301020
0.962094,1.292317
0.960303,1.283615
0.958592,1.274912
0.956959,1.266210
0.955405,1.257507
0.953928,1.248805
0.952528,1.240102
0.951204,1.231400
0.949957,1.222697
0.948785,1.213995
0.947687,1.205292
0.946665,1.196590
0.945716,1.187888
0.944842,1.179185
0.944040,1.170483
0.943312,1.161780
0.942657,1.153078
0.942074,1.144375
0.941564,1.135673
0.941126,1.126970
0.940760,1.118268
0.940466,1.109565
0.940243,1.100863
0.940092,1.092160
0.940013,1.083458
0.940006,1.074755
0.940070,1.066053
0.940205,1.057350
0.940413,1.048648
0.940692,1.039945
0.941043,1.031243
0.941465,1.022541
0.941960,1.013838
0.942528,1.005136
0.943168,0.996433
0.943880,0.987731
0.944666,0.979028
0.945525,0.970326
0.946458,0.961623
0.947465,0.952921
0.948547,0.944218
0.949703,0.935516
0.950935,0.926813
0.952242,0.918111
0.953626,0.909408
0.955086,0.900706
0.956624,0.892003
0.958241,0.883301
0.959935,0.874598
0.961709,0.865896
0.963564,0.857194
0.965499,0.848491
0.967516,0.839789
0.969615,0.831086
0.971797,0.822384
0.974064,0.813681
0.976416,0.804979
0.978853,0.796276
0.981378,0.787574
0.983992,0.778871
0.986694,0.770169
0.989487,0.761466
0.992372,0.752764
0.995349,0.744061
0.998421,0.735359
1.001588,0.726656
1.004852,0.717954
1.008214,0.709251
1.011677,0.700549
1.058442,0.691847
1.062265,0.683144
1.087956,0.674442
1.135765,0.665739
1.140176,0.657037
1.210749,0.648334
1.215674,0.639632
1.220733,0.630929
1.225928,0.622227
1.231261,0.613524
1.236735,0.604822
1.242354,0.596119
6.852879,0.552607
6.719114,0.543905
6.633446,0.535202
6.549494,0.526500
6.467163,0.517797
6.386364,0.509095
6.259211,0.500392
6.180948,0.491690
6.103968,0.482987
6.028196,0.474285
5.953562,0.465582
5.879998,0.456880
5.733089,0.448177
5.660994,0.439475
5.614877,0.430772
5.569910,0.422070
5.551498,0.413367
5.508878,0.404665
5.518901,0.395962
5.478673,0.387260
5.483151,0.378558
5.471335,0.369855
5.486341,0.361153
5.475214,0.352450
5.518325,0.343748
5.562548,0.335045
5.607915,0.326343
5.654463,0.317640
5.702228,0.308938
5.751248,0.300235
5.787350,0.291533
5.831588,0.282830
5.906580,0.274128
5.954840,0.265425
6.007216,0.256723
6.030186,0.248020
6.084617,0.239318
6.144801,0.230615
6.208127,0.221913
6.274664,0.213211
6.334064,0.204508
6.400478,0.195806
6.475534,0.187103
6.540549,0.178401
6.625037,0.169698
6.709646,0.160996
6.786028,0.152293
6.863611,0.143591
6.940135,0.134888
7.011578,0.126186
7.098580,0.117483
7.199011,0.108781
7.298204,0.100078
7.291035,0.091376
7.309450,0.082673
7.329422,0.073971
7.351002,0.065269
7.421053,0.056566
7.469040,0.047864
7.461613,0.039161
3.920686,0.030459
3.786661,0.021756
3.722701,0.013054
3.682350,0.004351
3.665265,-0.004351
3.648615,-0.013054
3.632391,-0.021756
3.616584,-0.030459
3.601188,-0.039161
3.586194,-0.047864
3.571595,-0.056566
3.557385,-0.065269
3.543555,-0.073971
3.530101,-0.082674
3.517016,-0.091376
3.504292,-0.100078
3.491926,-0.108781
3.479911,-0.117483
3.468241,-0.126186
3.456912,-0.134888
3.445918,-0.143591
3.435254,-0.152293
3.424917,-0.160996
3.414900,-0.169698
3.405200,-0.178401
3.395814,-0.187103
3.386736,-0.195806
3.377963,-0.204508
3.369492,-0.213211
3.361318,-0.221913
3.353438,-0.230616
3.345850,-0.239318
3.338549,-0.248021
3.331534,-0.256723
3.324800,-0.265425
3.318346,-0.274128
3.312169,-0.282830
3.306266,-0.291533
3.300634,-0.300235
3.295273,-0.308938
3.290179,-0.317640
3.285350,-0.326343
3.280786,-0.335045
3.276483,-0.343748
3.272440,-0.352450
3.268656,-0.361153
3.265128,-0.369855
3.261857,-0.378558
3.258840,-0.387260
3.256076,-0.395963
3.273635,-0.404665
3.271361,-0.413367
3.309428,-0.422070
3.367735,-0.430772
3.406216,-0.439475
3.404891,-0.448177
3.443846,-0.456880
3.463036,-0.465582
3.662501,-0.474285
3.722193,-0.482987
7.722185,-0.970326
7.579905,-0.979028
7.461842,-0.987731
7.347353,-0.996433
7.218904,-1.005136
7.111735,-1.013838
7.007592,-1.022541
6.914473,-1.031243
6.816728,-1.039946
6.721563,-1.048648
6.639359,-1.057350
6.549742,-1.066053
6.462335,-1.074755
6.365626,-1.083458
6.282918,-1.092160
6.202106,-1.100863
6.138077,-1.109565
6.061511,-1.118268
6.002998,-1.126970
5.930336,-1.135673
5.859152,-1.144375
5.782484,-1.153078
5.740208,-1.161780
5.673759,-1.170483
5.603209,-1.179185
5.539649,-1.187888
5.499274,-1.196590
5.438563,-1.205293
5.375565,-1.213995
5.344289,-1.222697
5.287127,-1.231400
5.229033,-1.240102
5.174027,-1.248805
5.146888,-1.257507
5.094101,-1.266210
5.062205,-1.274912
5.018899,-1.283615
4.976704,-1.292317
4.935584,-1.301020
4.895509,-1.309722
4.856446,-1.318425
4.818365,-1.327127
4.781238,-1.335830
4.745038,-1.344532
4.709737,-1.353235
4.675312,-1.361937
4.641737,-1.370639
4.608988,-1.379342
4.577045,-1.388044
4.545886,-1.396747
4.515490,-1.405449
4.485837,-1.414152
4.456907,-1.422854
4.428684,-1.431557
4.401149,-1.440259
4.374285,-1.448962
4.348076,-1.457664
4.322507,-1.466367
4.297562,-1.475069
4.273227,-1.483772
4.249488,-1.492474
4.226331,-1.501177
4.203743,-1.509879
4.181713,-1.518582
4.160227,-1.527284
4.139275,-1.535986
4.118844,-1.544689
4.098925,-1.553391
4.079507,-1.562094
4.060580,-1.570796
