scan.pos:-3.539389,-4.152586,0.2852501.104637,1.562094
1.143439,1.553391
1.182136,1.544689
1.220738,1.535986
1.259254,1.527284
1.297695,1.518581
1.356624,1.509879
1.415413,1.501177
1.453603,1.492474
1.512192,1.483772
1.591082,1.475069
1.649452,1.466367
1.748414,1.457664
1.826895,1.448962
1.925547,1.440259
2.024063,1.431557
2.142679,1.422854
2.301533,1.414152
2.419849,1.405449
2.638801,1.396747
2.817250,1.388044
6.345561,1.379342
6.340140,1.370639
6.335210,1.361937
6.330770,1.353234
6.326817,1.344532
6.323350,1.335830
6.320369,1.327127
6.317871,1.318425
6.315856,1.309722
6.314322,1.301020
6.333273,1.292317
6.332700,1.283615
6.332610,1.274912
6.373004,1.266210
6.373884,1.257507
6.415267,1.248805
6.417130,1.240102
6.419484,1.231400
6.422329,1.222697
6.445707,1.213995
6.489655,1.205292
6.554219,1.196590
6.780025,1.187888
6.167301,0.848491
6.042715,0.839789
5.943616,0.831086
5.870075,0.822384
5.777435,0.813681
5.620276,0.804979
5.532995,0.796276
5.448303,0.787574
5.366058,0.778871
5.286128,0.770169
5.116330,0.761466
5.040200,0.752764
4.966023,0.744061
4.893695,0.735359
4.870112,0.726656
4.825077,0.717954
4.805641,0.709251
4.769084,0.700549
4.772584,0.691847
4.752323,0.683144
4.732183,0.674442
4.736625,0.665739
4.766098,0.657037
4.746768,0.648334
4.777413,0.639632
4.808826,0.630929
4.841026,0.622227
4.874033,0.613524
4.907870,0.604822
4.942559,0.596119
4.978124,0.587417
5.014589,0.578714
5.051980,0.570012
5.090322,0.561309
5.129646,0.552607
5.169978,0.543905
5.211349,0.535202
5.226375,0.526500
5.269694,0.517797
5.314145,0.509095
5.359764,0.500392
5.386750,0.491690
5.434562,0.482987
5.494036,0.474285
5.552368,0.465582
5.584457,0.456880
5.641344,0.448177
5.700337,0.439475
5.755708,0.430772
5.814268,0.422070
5.868273,0.413367
5.912233,0.404665
6.005200,0.395962
6.063184,0.387260
6.121435,0.378558
6.198050,0.369855
6.281412,0.361153
6.339850,0.352450
6.414647,0.343748
6.448632,0.335045
6.399849,0.326343
6.459796,0.317640
6.496128,0.308938
6.485243,0.300235
2.967945,0.291533
2.855892,0.282830
2.840002,0.274128
2.800958,0.265425
2.785964,0.256723
2.771340,0.248020
2.757078,0.239318
2.743169,0.230615
2.729607,0.221913
2.716385,0.213211
2.703494,0.204508
2.690930,0.195806
2.678684,0.187103
2.666752,0.178401
2.655127,0.169698
2.643803,0.160996
2.632775,0.152293
2.622038,0.143591
2.611586,0.134888
2.601414,0.126186
2.591518,0.117483
2.570570,0.108781
2.572533,0.100078
2.563437,0.091376
2.554598,0.082673
2.546013,0.073971
2.537678,0.065269
2.529589,0.056566
2.521744,0.047864
2.514138,0.039161
2.506768,0.030459
2.499630,0.021756
2.492723,0.013054
2.486042,0.004351
2.479586,-0.004351
2.473351,-0.013054
2.467334,-0.021756
2.461534,-0.030459
2.455947,-0.039161
2.450572,-0.047864
2.445406,-0.056566
2.440448,-0.065269
2.435695,-0.073971
2.431145,-0.082674
2.426796,-0.091376
2.422647,-0.100078
2.418696,-0.108781
2.414942,-0.117483
2.411382,-0.126186
2.408016,-0.134888
2.404843,-0.143591
2.401860,-0.152293
2.399067,-0.160996
2.396464,-0.169698
2.394047,-0.178401
2.391818,-0.187103
2.389775,-0.195806
2.387917,-0.204508
2.386243,-0.213211
2.384753,-0.221913
2.383446,-0.230616
2.382322,-0.239318
2.381381,-0.248021
2.380621,-0.256723
2.380043,-0.265425
2.399649,-0.274128
2.399432,-0.282830
2.399398,-0.291533
2.399546,-0.300235
2.439886,-0.308938
2.500434,-0.317640
2.541188,-0.326343
2.542121,-0.335045
2.583308,-0.343748
2.584650,-0.352450
2.606244,-0.361153
2.808659,-0.369855
7.749249,-0.804979
7.651517,-0.813681
7.534193,-0.822384
7.420116,-0.831086
7.318005,-0.839789
7.210723,-0.848491
7.106212,-0.857194
7.028223,-0.865896
6.928985,-0.874599
6.832131,-0.883301
6.751003,-0.892003
6.659310,-0.900706
6.594279,-0.909408
6.506739,-0.918111
6.437419,-0.926813
6.354223,-0.935516
6.272708,-0.944218
6.218228,-0.952921
6.140013,-0.961623
6.083162,-0.970326
6.008488,-0.979028
5.961295,-0.987731
5.889378,-0.996433
5.841387,-1.005136
5.772500,-1.013838
5.704685,-1.022541
5.665083,-1.031243
5.597646,-1.039946
5.561089,-1.048648
5.497983,-1.057350
5.463814,-1.066053
5.426275,-1.074755
5.379788,-1.083458
5.334494,-1.092160
5.290356,-1.100863
5.247339,-1.109565
5.205409,-1.118268
5.164533,-1.126970
5.124682,-1.135673
5.085825,-1.144375
5.047935,-1.153078
5.010984,-1.161780
4.974946,-1.170483
4.939797,-1.179185
4.905511,-1.187888
4.872067,-1.196590
4.839442,-1.205293
4.807614,-1.213995
4.776564,-1.222697
4.746271,-1.231400
4.716717,-1.240102
4.687883,-1.248805
4.659753,-1.257507
4.632309,-1.266210
4.605535,-1.274912
4.579415,-1.283615
4.553935,-1.292317
4.529080,-1.301020
4.504836,-1.309722
4.481189,-1.318425
4.458127,-1.327127
4.435637,-1.335830
4.413708,-1.344532
4.392327,-1.353235
4.371484,-1.361937
4.351167,-1.370639
4.331367,-1.379342
4.312073,-1.388044
4.293275,-1.396747
4.274965,-1.405449
4.257133,-1.414152
4.239771,-1.422854
4.222870,-1.431557
4.206423,-1.440259
4.190421,-1.448962
4.174857,-1.457664
4.159723,-1.466367
4.145014,-1.475069
4.130722,-1.483772
4.116840,-1.492474
4.103363,-1.501177
4.090284,-1.509879
4.077598,-1.518582
4.065299,-1.527284
4.053381,-1.535986
4.041841,-1.544689
4.030672,-1.553391
4.019869,-1.562094
4.009429,-1.570796
