scan.pos:4.265006,7.088310,-2.9147504.606318,1.562094
4.597232,1.553391
4.588532,1.544689
4.539394,1.535986
4.511149,1.527284
4.503683,1.518581
4.415350,1.509879
4.408736,1.501177
4.382228,1.492474
4.376348,1.483772
4.330423,1.475069
4.325285,1.466367
4.300337,1.457664
4.295900,1.448962
4.251578,1.440259
4.207661,1.431557
4.184214,1.422854
4.120997,1.414152
4.118327,1.405449
4.075900,1.396747
4.073882,1.388044
4.032138,1.379342
4.010746,1.370639
4.009678,1.361937
3.948908,1.353234
3.908457,1.344532
3.908310,1.335830
3.868459,1.327127
3.868902,1.318425
3.849634,1.309722
3.850662,1.301020
3.851984,1.292317
3.853601,1.283615
3.855513,1.274912
3.857720,1.266210
3.860225,1.257507
3.863027,1.248805
3.886220,1.240102
3.889638,1.231400
3.893359,1.222697
3.897384,1.213995
3.901715,1.205292
3.946747,1.196590
3.992190,1.187888
4.058306,1.179185
4.124915,1.170483
4.293576,1.161780
4.402063,1.153078
4.429739,1.144375
4.478257,1.135673
4.649971,1.126970
4.761221,1.118268
5.037477,1.109565
5.130115,1.100863
5.244147,1.092160
5.400393,1.083458
5.474935,1.074755
5.529489,1.066053
5.563923,1.057350
5.619815,1.048648
5.634597,1.039945
5.649889,1.031243
5.665697,1.022541
5.682026,1.013838
5.698886,1.005136
5.716283,0.996433
5.691656,0.987731
5.710012,0.979028
5.728925,0.970326
5.748403,0.961623
5.768455,0.952921
5.789089,0.944218
5.810316,0.935516
5.832144,0.926813
5.854585,0.918111
5.875946,0.909408
5.901345,0.900706
5.925687,0.892003
5.950686,0.883301
5.976353,0.874598
5.980255,0.865896
6.007197,0.857194
6.034845,0.848491
6.063212,0.839789
6.092314,0.831086
6.122165,0.822384
6.152780,0.813681
6.184177,0.804979
6.216372,0.796276
6.249381,0.787574
6.236056,0.778871
6.270491,0.770169
6.305792,0.761466
6.341978,0.752764
6.379070,0.744061
6.417090,0.735359
6.456061,0.726656
6.496006,0.717954
6.536948,0.709251
6.578915,0.700549
6.621932,0.691847
6.716446,0.683144
6.863513,0.674442
6.910898,0.665739
6.959477,0.657037
7.009281,0.648334
7.060344,0.639632
7.112702,0.630929
7.166393,0.622227
7.221455,0.613524
4.222410,0.604822
4.151362,0.596119
4.135141,0.587417
4.092330,0.578714
4.050024,0.570012
4.008193,0.561309
3.995090,0.552607
3.960554,0.543905
3.927031,0.535202
3.894364,0.526500
3.862528,0.517797
3.831498,0.509095
3.801250,0.500392
3.771760,0.491690
3.743007,0.482987
3.717196,0.474285
3.739843,0.465582
3.712800,0.456880
3.686425,0.448177
3.660698,0.439475
3.686362,0.430772
3.661540,0.422070
3.637325,0.413367
3.613701,0.404665
3.615375,0.395962
3.592736,0.387260
3.570648,0.378558
3.549099,0.369855
3.528076,0.361153
3.507566,0.352450
3.487557,0.343748
3.468037,0.335045
3.448996,0.326343
3.430423,0.317640
3.412307,0.308938
3.394639,0.300235
3.371479,0.291533
3.360607,0.282830
3.344225,0.274128
3.328254,0.265425
3.312686,0.256723
3.274966,0.248020
3.215390,0.239318
3.201279,0.230615
3.187534,0.221913
3.174146,0.213211
3.161111,0.204508
3.148421,0.195806
3.136070,0.187103
3.124053,0.178401
3.112363,0.169698
3.100996,0.160996
3.111516,0.152293
3.122199,0.143591
3.111623,0.134888
3.122706,0.126186
3.133953,0.117483
3.145367,0.108781
3.156950,0.100078
3.210882,0.091376
3.222686,0.082673
3.255638,0.073971
3.288657,0.065269
3.363467,0.056566
3.362270,0.047864
3.426358,0.039161
3.412268,0.030459
3.506956,0.021756
3.566206,0.013054
3.655306,0.004351
3.658738,-0.004351
3.794462,-0.013054
3.785255,-0.021756
3.907438,-0.030459
4.059553,-0.039161
4.282680,-0.047864
4.492579,-0.056566
4.720487,-0.065269
5.239056,-0.073971
7.754481,-0.143591
7.648554,-0.152293
7.583453,-0.160996
7.559083,-0.169698
7.515286,-0.178401
7.512140,-0.187103
7.509568,-0.195806
7.507569,-0.204508
7.466137,-0.213211
7.385284,-0.221913
7.385006,-0.230616
7.345289,-0.239318
7.346132,-0.248021
7.347534,-0.256723
7.349496,-0.265425
7.352020,-0.274128
7.355105,-0.282830
7.358755,-0.291533
7.403066,-0.300235
7.367748,-0.308938
7.390364,-0.317640
7.380527,-0.326343
7.386957,-0.335045
7.447885,-0.343748
7.282805,-0.352450
6.754858,-0.361153
6.363773,-0.369855
5.961934,-0.378558
5.645420,-0.387260
5.329940,-0.395963
5.078284,-0.404665
4.861513,-0.413367
4.616578,-0.422070
4.443645,-0.430772
4.245469,-0.439475
4.073959,-0.448177
3.930028,-0.456880
3.771846,-0.465582
3.660415,-0.474285
3.515536,-0.482987
3.416477,-0.491690
3.300615,-0.500392
3.209025,-0.509095
3.099802,-0.517797
3.029570,-0.526500
2.927884,-0.535202
2.849428,-0.543905
2.794172,-0.552607
2.719814,-0.561310
2.650961,-0.570012
2.581609,-0.578714
2.513660,-0.587417
2.468419,-0.596119
2.402999,-0.604822
2.349983,-0.613524
2.309621,-0.622227
2.248538,-0.630929
2.210038,-0.639632
2.167026,-0.648334
2.131317,-0.657037
2.074259,-0.665739
2.039845,-0.674442
2.006050,-0.683144
1.972710,-0.691847
1.940993,-0.700549
1.909748,-0.709252
1.878942,-0.717954
1.852149,-0.726657
1.823004,-0.735359
1.794188,-0.744061
1.765675,-0.752764
1.744461,-0.761466
1.717293,-0.770169
1.690341,-0.778871
1.663585,-0.787574
1.647214,-0.796276
1.621558,-0.804979
1.596029,-0.813681
1.570609,-0.822384
1.558512,-0.831086
1.533997,-0.839789
1.509534,-0.848491
1.500530,-0.857194
1.476847,-0.865896
1.478212,-0.874599
1.454688,-0.883301
1.424041,-0.892003
1.426551,-0.900706
1.403628,-0.909408
1.375122,-0.918111
1.378685,-0.926813
1.356238,-0.935516
1.329705,-0.944218
1.334248,-0.952921
1.312162,-0.961623
1.314589,-0.970326
1.292926,-0.979028
1.271100,-0.987731
1.275916,-0.996433
1.254454,-1.005136
1.260977,-1.013838
1.250117,-1.022541
1.239535,-1.031243
1.229224,-1.039946
1.219176,-1.048648
1.209381,-1.057350
1.199834,-1.066053
1.190525,-1.074755
1.181450,-1.083458
1.172600,-1.092160
1.163970,-1.100863
1.155553,-1.109565
1.147344,-1.118268
1.139337,-1.126970
1.131527,-1.135673
1.123908,-1.144375
1.116475,-1.153078
1.109224,-1.161780
1.112421,-1.170483
1.105455,-1.179185
1.098659,-1.187888
1.092028,-1.196590
1.085559,-1.205293
1.079249,-1.213995
1.073092,-1.222697
1.067086,-1.231400
1.061227,-1.240102
1.055513,-1.248805
1.049938,-1.257507
1.044502,-1.266210
1.039200,-1.274912
1.034031,-1.283615
1.028990,-1.292317
1.024076,-1.301020
1.019286,-1.309722
1.014617,-1.318425
1.010068,-1.327127
1.005635,-1.335830
1.001317,-1.344532
0.997112,-1.353235
0.993017,-1.361937
0.989030,-1.370639
0.985151,-1.379342
0.981376,-1.388044
0.977704,-1.396747
0.974133,-1.405449
0.970662,-1.414152
0.967288,-1.422854
0.964012,-1.431557
0.960830,-1.440259
0.957743,-1.448962
0.954747,-1.457664
0.951842,-1.466367
0.949027,-1.475069
0.946301,-1.483772
0.943661,-1.492474
0.941108,-1.501177
0.938640,-1.509879
0.936256,-1.518582
0.933955,-1.527284
0.931736,-1.535986
0.929598,-1.544689
0.927541,-1.553391
0.925563,-1.562094
0.923663,-1.570796
