scan.pos:6.568056,2.583565,-1.9147501.499788,1.562094
1.504548,1.553391
1.509454,1.544689
1.514508,1.535986
1.519711,1.527284
1.525068,1.518581
1.530579,1.509879
1.536247,1.501177
1.542075,1.492474
1.548066,1.483772
1.554223,1.475069
1.560548,1.466367
1.567045,1.457664
1.573716,1.448962
1.580565,1.440259
1.587596,1.431557
1.594811,1.422854
1.602215,1.414152
1.609811,1.405449
1.617603,1.396747
1.625596,1.388044
1.633793,1.379342
1.642198,1.370639
1.650817,1.361937
1.670149,1.353234
1.688781,1.344532
1.684368,1.335830
1.704310,1.327127
1.712972,1.318425
1.710772,1.309722
1.733319,1.301020
1.746362,1.292317
1.746276,1.283615
1.771375,1.274912
1.763728,1.266210
1.790649,1.257507
1.793011,1.248805
1.821212,1.240102
1.818170,1.231400
1.822396,1.222697
1.847695,1.213995
1.853397,1.205292
1.833105,1.196590
1.809029,1.187888
1.789210,1.179185
1.769355,1.170483
1.747182,1.161780
1.755157,1.153078
1.735848,1.144375
1.715678,1.135673
1.696695,1.126970
1.695979,1.118268
1.681475,1.109565
1.667343,1.100863
1.653572,1.092160
1.640150,1.083458
1.627067,1.074755
1.614313,1.066053
1.601879,1.057350
1.589754,1.048648
1.525490,1.039945
1.514343,1.031243
1.503472,1.022541
1.492868,1.013838
1.457043,1.005136
1.447127,0.996433
1.437455,0.987731
1.428018,0.979028
1.418812,0.970326
1.409831,0.961623
1.401068,0.952921
1.388179,0.944218
1.379865,0.935516
1.371753,0.926813
1.363840,0.918111
1.356120,0.909408
1.348589,0.900706
1.341243,0.892003
1.334077,0.883301
1.327089,0.874598
1.320273,0.865896
1.313626,0.857194
1.307145,0.848491
1.300826,0.839789
1.294666,0.831086
1.288662,0.822384
1.282810,0.813681
1.277108,0.804979
1.271553,0.796276
1.266142,0.787574
1.260873,0.778871
1.255743,0.770169
1.250749,0.761466
1.245889,0.752764
1.241160,0.744061
1.236562,0.735359
1.232090,0.726656
1.227745,0.717954
1.223522,0.709251
1.219421,0.700549
1.215440,0.691847
1.211577,0.683144
1.207829,0.674442
1.204197,0.665739
1.200677,0.657037
1.197269,0.648334
1.193970,0.639632
1.190781,0.630929
1.187698,0.622227
1.184721,0.613524
1.181849,0.604822
1.179081,0.596119
1.176414,0.587417
1.173849,0.578714
1.171384,0.570012
1.169019,0.561309
1.166751,0.552607
1.164581,0.543905
1.162507,0.535202
1.160529,0.526500
1.158646,0.517797
1.156857,0.509095
1.155161,0.500392
1.113082,0.491690
1.111624,0.482987
1.110254,0.474285
1.108971,0.465582
1.107776,0.456880
1.106668,0.448177
1.105646,0.439475
1.104710,0.430772
1.103860,0.422070
1.103095,0.413367
1.102415,0.404665
1.101819,0.395962
1.101308,0.387260
1.100881,0.378558
1.100539,0.369855
1.100280,0.361153
1.100105,0.352450
1.060014,0.343748
1.060007,0.335045
1.060081,0.326343
1.060235,0.317640
1.060471,0.308938
1.060787,0.300235
1.061184,0.291533
1.061663,0.282830
1.062223,0.274128
1.062864,0.265425
1.063587,0.256723
1.064393,0.248020
1.065280,0.239318
1.066251,0.230615
1.067304,0.221913
1.068442,0.213211
1.069663,0.204508
1.070968,0.195806
1.072359,0.187103
1.073835,0.178401
1.075397,0.169698
1.077046,0.160996
1.078782,0.152293
1.080606,0.143591
1.082519,0.134888
1.084521,0.126186
1.086614,0.117483
1.088798,0.108781
1.091074,0.100078
1.093443,0.091376
1.095906,0.082673
1.098464,0.073971
1.101118,0.065269
1.103869,0.056566
1.106718,0.047864
1.109667,0.039161
1.112716,0.030459
1.115868,0.021756
1.119123,0.013054
1.122482,0.004351
1.125948,-0.004351
1.129522,-0.013054
1.133205,-0.021756
1.136999,-0.030459
1.140905,-0.039161
1.144926,-0.047864
1.149064,-0.056566
1.153319,-0.065269
1.157695,-0.073971
1.162192,-0.082674
1.166814,-0.091376
1.171563,-0.100078
1.176440,-0.108781
1.181449,-0.117483
1.186591,-0.126186
1.191869,-0.134888
1.197285,-0.143591
1.202844,-0.152293
1.208546,-0.160996
1.214396,-0.169698
1.220397,-0.178401
1.226550,-0.187103
1.232861,-0.195806
1.239331,-0.204508
1.245965,-0.213211
1.252767,-0.221913
1.259739,-0.230616
1.266887,-0.239318
1.274214,-0.248021
1.281724,-0.256723
1.289422,-0.265425
1.297313,-0.274128
1.305401,-0.282830
1.313690,-0.291533
1.322188,-0.300235
1.330897,-0.308938
1.339826,-0.317640
1.348978,-0.326343
1.358360,-0.335045
1.367978,-0.343748
1.377839,-0.352450
1.387950,-0.361153
1.398318,-0.369855
1.408950,-0.378558
1.419854,-0.387260
1.431037,-0.395963
1.442509,-0.404665
1.454278,-0.413367
1.466354,-0.422070
1.478745,-0.430772
1.491461,-0.439475
1.493677,-0.448177
1.508845,-0.456880
1.523871,-0.465582
1.538762,-0.474285
1.526272,-0.482987
1.514098,-0.491690
1.555881,-0.500392
1.570515,-0.509095
1.585046,-0.517797
1.599479,-0.526500
1.613821,-0.535202
1.628078,-0.543905
1.642256,-0.552607
1.630878,-0.561310
1.619780,-0.570012
1.634093,-0.578714
1.648340,-0.587417
1.687342,-0.596119
1.701317,-0.604822
1.715247,-0.613524
1.729135,-0.622227
1.767195,-0.630929
1.780872,-0.639632
1.722745,-0.648334
1.712994,-0.657037
1.679821,-0.665739
1.623610,-0.674442
1.591531,-0.683144
1.583193,-0.691847
1.459249,-0.700549
1.451902,-0.709252
1.375942,-0.717954
1.369290,-0.726657
1.317379,-0.735359
1.311270,-0.744061
1.305315,-0.752764
1.254703,-0.761466
1.249245,-0.770169
1.221716,-0.778871
1.216632,-0.787574
1.211681,-0.796276
1.206863,-0.804979
1.158458,-0.813681
1.154061,-0.822384
1.149785,-0.831086
1.145628,-0.839789
1.141587,-0.848491
1.137661,-0.857194
1.133848,-0.865896
1.130146,-0.874599
1.126554,-0.883301
1.123070,-0.892003
1.119692,-0.900706
1.116419,-0.909408
1.113250,-0.918111
1.110183,-0.926813
1.107217,-0.935516
1.104351,-0.944218
1.101583,-0.952921
1.098912,-0.961623
1.096338,-0.970326
1.093859,-0.979028
1.091474,-0.987731
1.089182,-0.996433
1.086982,-1.005136
1.084874,-1.013838
1.082856,-1.022541
1.080928,-1.031243
1.079089,-1.039946
1.077337,-1.048648
1.075674,-1.057350
1.074097,-1.066053
1.072606,-1.074755
1.071201,-1.083458
1.110254,-1.092160
1.108971,-1.100863
1.107776,-1.109565
1.106668,-1.118268
1.105646,-1.126970
1.104710,-1.135673
1.103860,-1.144375
1.123151,-1.153078
1.122459,-1.161780
1.161918,-1.170483
1.161379,-1.179185
1.160929,-1.187888
1.160568,-1.196590
1.200306,-1.205293
1.200115,-1.213995
1.200016,-1.222697
1.200008,-1.231400
1.260096,-1.240102
1.260280,-1.248805
1.380613,-1.257507
1.381024,-1.266210
1.381542,-1.274912
1.442259,-1.283615
1.443019,-1.292317
1.524107,-1.301020
1.525144,-1.309722
1.546382,-1.318425
1.547671,-1.327127
1.549081,-1.335830
1.611026,-1.344532
1.713538,-1.353235
1.715497,-1.361937
1.859039,-1.370639
1.861453,-1.379342
1.924798,-1.388044
1.927598,-1.396747
1.971197,-1.405449
1.994729,-1.414152
1.998102,-1.422854
2.103763,-1.431557
2.107655,-1.440259
2.173228,-1.448962
2.239226,-1.457664
2.285079,-1.466367
2.310672,-1.475069
2.357232,-1.483772
2.404185,-1.492474
2.409993,-1.501177
5.340283,-1.509879
5.354068,-1.518582
5.368333,-1.527284
5.383086,-1.535986
5.398333,-1.544689
5.414079,-1.553391
5.430332,-1.562094
5.447099,-1.570796
