scan.pos:-4.454038,-4.454793,0.7852501.527124,1.562094
1.513974,1.553391
1.501162,1.544689
1.488677,1.535986
1.476510,1.527284
1.410404,1.518581
1.399271,1.509879
1.388418,1.501177
1.351339,1.492474
1.341219,1.483772
1.331350,1.475069
1.321725,1.466367
1.312337,1.457664
1.303181,1.448962
1.294249,1.440259
1.285536,1.431557
1.277036,1.422854
1.268744,1.414152
1.260654,1.405449
1.252761,1.396747
1.245061,1.388044
1.237549,1.379342
1.230219,1.370639
1.223069,1.361937
1.216094,1.353234
1.209289,1.344532
1.202651,1.335830
1.196176,1.327127
1.189860,1.318425
1.183701,1.309722
1.177694,1.301020
1.171836,1.292317
1.166125,1.283615
1.160558,1.274912
1.155131,1.266210
1.149841,1.257507
1.144686,1.248805
1.139664,1.240102
1.134772,1.231400
1.130007,1.222697
1.125368,1.213995
1.076896,1.205292
1.072673,1.196590
1.068563,1.187888
1.064566,1.179185
1.060679,1.170483
1.056901,1.161780
1.053229,1.153078
1.049662,1.144375
1.046199,1.135673
1.042838,1.126970
1.039577,1.118268
1.036415,1.109565
1.033351,1.100863
1.030383,1.092160
1.027511,1.083458
1.024732,1.074755
1.022045,1.066053
1.019450,1.057350
1.016946,1.048648
1.014530,1.039945
1.012204,1.031243
1.009964,1.022541
1.007811,1.013838
1.005744,1.005136
1.003761,0.996433
1.001862,0.987731
1.000047,0.979028
0.998314,0.970326
0.996662,0.961623
0.995092,0.952921
0.993602,0.944218
0.992193,0.935516
0.990862,0.926813
0.989610,0.918111
0.988437,0.909408
0.987342,0.900706
0.986324,0.892003
0.985383,0.883301
0.984519,0.874598
0.983731,0.865896
0.983019,0.857194
0.982383,0.848491
0.981822,0.839789
0.981337,0.831086
0.980927,0.822384
0.980592,0.813681
0.980332,0.804979
0.980147,0.796276
0.980036,0.787574
0.980000,0.778871
0.980039,0.770169
0.980152,0.761466
0.980340,0.752764
0.980602,0.744061
0.980940,0.735359
0.981353,0.726656
0.981840,0.717954
0.982403,0.709251
0.983042,0.700549
0.983756,0.691847
0.984547,0.683144
0.985413,0.674442
0.986357,0.665739
0.987378,0.657037
0.988476,0.648334
0.989652,0.639632
0.990906,0.630929
0.992239,0.622227
0.993652,0.613524
0.995144,0.604822
0.996717,0.596119
0.998371,0.587417
1.000107,0.578714
1.001925,0.570012
1.003827,0.561309
1.005812,0.552607
1.007883,0.543905
1.010039,0.535202
1.012281,0.526500
1.014611,0.517797
1.017029,0.509095
1.019537,0.500392
1.022135,0.491690
1.024824,0.482987
1.027607,0.474285
1.030483,0.465582
1.033454,0.456880
1.036521,0.448177
1.039686,0.439475
1.042951,0.430772
1.046315,0.422070
1.049782,0.413367
1.053352,0.404665
1.057027,0.395962
1.060809,0.387260
1.108157,0.378558
1.112322,0.369855
1.116603,0.361153
1.142983,0.352450
1.191730,0.343748
1.196647,0.335045
1.268458,0.326343
1.273931,0.317640
1.279549,0.308938
1.285315,0.300235
1.291232,0.291533
6.850684,0.248020
6.764393,0.239318
6.656419,0.230615
6.620625,0.221913
6.539503,0.213211
6.436033,0.204508
6.309723,0.195806
6.232444,0.187103
6.156420,0.178401
6.081581,0.169698
6.007856,0.160996
5.861010,0.152293
5.788846,0.143591
5.717595,0.134888
5.647199,0.126186
5.653750,0.117483
5.610979,0.108781
5.569269,0.100078
5.580426,0.091376
5.528817,0.082673
5.543521,0.073971
5.532367,0.065269
5.548175,0.056566
5.564655,0.047864
5.608953,0.039161
5.654397,0.030459
5.701021,0.021756
5.748861,0.013054
5.797956,0.004351
5.846201,-0.004351
5.890954,-0.013054
5.937050,-0.021756
5.984542,-0.030459
6.061315,-0.039161
6.058259,-0.047864
6.138816,-0.056566
6.197811,-0.065269
6.255948,-0.073971
6.325273,-0.082674
6.383846,-0.091376
6.454764,-0.100078
6.523051,-0.108781
6.600375,-0.117483
6.678219,-0.126186
6.737556,-0.134888
6.822443,-0.143591
6.907563,-0.152293
6.992977,-0.160996
7.078747,-0.169698
7.164936,-0.178401
7.238395,-0.187103
7.350483,-0.195806
7.355248,-0.204508
7.361172,-0.213211
7.380897,-0.221913
7.439979,-0.230616
7.486958,-0.239318
7.519909,-0.248021
7.536272,-0.256723
3.941855,-0.265425
3.853318,-0.274128
3.788808,-0.282830
3.747962,-0.291533
3.730435,-0.300235
3.713353,-0.308938
3.696707,-0.317640
3.680488,-0.326343
3.664689,-0.335045
3.649301,-0.343748
3.634318,-0.352450
3.619732,-0.361153
3.605536,-0.369855
3.591724,-0.378558
3.578288,-0.387260
3.565223,-0.395963
3.552522,-0.404665
3.540181,-0.413367
3.528192,-0.422070
3.516551,-0.430772
3.505254,-0.439475
3.494293,-0.448177
3.483665,-0.456880
3.473366,-0.465582
3.463390,-0.474285
3.453734,-0.482987
3.444393,-0.491690
3.435363,-0.500392
3.426641,-0.509095
3.418222,-0.517797
3.410104,-0.526500
3.402283,-0.535202
3.394756,-0.543905
3.387519,-0.552607
3.380570,-0.561310
3.373905,-0.570012
3.367523,-0.578714
3.361421,-0.587417
3.355595,-0.596119
3.350045,-0.604822
3.344767,-0.613524
3.339760,-0.622227
3.335021,-0.630929
3.330549,-0.639632
3.326342,-0.648334
3.322398,-0.657037
3.318716,-0.665739
3.315294,-0.674442
3.312131,-0.683144
3.329319,-0.691847
3.326654,-0.700549
3.364371,-0.709252
3.362194,-0.717954
3.420387,-0.726657
3.498806,-0.735359
3.497344,-0.744061
3.516162,-0.752764
3.715297,-0.761466
3.774604,-0.770169
7.787487,-1.257507
7.661878,-1.266210
7.543000,-1.274912
7.403340,-1.283615
7.289904,-1.292317
7.185207,-1.301020
7.056107,-1.309722
6.953009,-1.318425
6.860625,-1.327127
6.763918,-1.335830
6.669785,-1.344532
6.588315,-1.353235
6.499722,-1.361937
6.413332,-1.370639
6.317408,-1.379342
6.235710,-1.388044
6.169876,-1.396747
6.092597,-1.405449
6.017027,-1.414152
5.934351,-1.422854
5.887558,-1.431557
5.809723,-1.440259
5.741467,-1.448962
5.674543,-1.457664
5.628592,-1.466367
5.564852,-1.475069
5.497266,-1.483772
5.436285,-1.492474
5.398870,-1.501177
5.340624,-1.509879
5.280351,-1.518582
5.224439,-1.527284
5.196724,-1.535986
5.141211,-1.544689
5.088434,-1.553391
5.035894,-1.562094
5.012938,-1.570796
