scan.pos:0.572436,7.179662,2.7684350.923558,1.562094
0.926760,1.553391
0.930055,1.544689
0.933444,1.535986
0.936931,1.527284
0.940515,1.518581
0.944199,1.509879
0.947984,1.501177
0.951872,1.492474
0.955866,1.483772
0.959967,1.475069
0.964177,1.466367
0.968498,1.457664
0.972932,1.448962
0.977482,1.440259
0.982150,1.431557
0.986938,1.422854
0.991849,1.414152
0.996885,1.405449
1.002049,1.396747
1.007345,1.388044
1.012774,1.379342
1.018340,1.370639
1.024046,1.361937
1.029895,1.353234
1.035890,1.344532
1.042036,1.335830
1.048335,1.327127
1.054792,1.318425
1.061410,1.309722
1.068194,1.301020
1.075147,1.292317
1.082274,1.283615
1.114491,1.274912
1.122152,1.266210
1.130005,1.257507
1.138056,1.248805
1.146311,1.240102
1.154775,1.231400
1.163454,1.222697
1.172354,1.213995
1.181483,1.205292
1.190846,1.196590
1.200451,1.187888
1.210305,1.179185
1.220415,1.170483
1.230791,1.161780
1.241440,1.153078
1.239978,1.144375
1.262758,1.135673
1.259086,1.126970
1.282226,1.118268
1.280379,1.109565
1.303918,1.100863
1.303922,1.092160
1.327904,1.083458
1.329796,1.074755
1.354272,1.066053
1.358098,1.057350
1.383123,1.048648
1.382495,1.039945
1.414578,1.031243
1.414942,1.022541
1.448775,1.013838
1.450186,1.005136
1.485875,0.996433
1.488400,0.987731
1.589103,0.979028
1.602687,0.970326
1.630529,0.961623
1.634491,0.952921
1.662548,0.944218
1.653200,0.935516
1.710263,0.926813
1.731098,0.918111
4.982326,0.909408
5.127351,0.900706
5.319878,0.892003
5.409478,0.883301
5.572414,0.874598
5.641753,0.865896
5.800685,0.857194
5.859738,0.848491
5.973467,0.839789
4.109587,0.561309
4.082358,0.552607
3.994580,0.543905
3.968235,0.535202
3.922013,0.526500
3.896446,0.517797
3.891447,0.509095
3.846400,0.500392
3.842061,0.491690
3.838023,0.482987
3.834286,0.474285
3.830848,0.465582
3.827707,0.456880
3.824862,0.448177
3.822312,0.439475
3.820057,0.430772
3.758005,0.422070
3.716320,0.413367
3.694964,0.404665
3.693912,0.395962
3.653134,0.387260
3.652650,0.378558
3.652444,0.369855
3.652517,0.361153
3.652867,0.352450
3.653497,0.343748
3.654404,0.335045
3.655591,0.326343
3.657056,0.317640
3.658802,0.308938
3.660829,0.300235
3.663136,0.291533
3.665726,0.282830
3.668599,0.274128
3.671757,0.265425
3.715449,0.256723
3.678930,0.248020
3.682948,0.239318
3.687257,0.230615
3.691856,0.221913
3.696750,0.213211
3.713056,0.204508
3.713568,0.195806
3.726483,0.187103
3.725698,0.178401
3.784010,0.169698
3.789070,0.160996
3.698721,0.152293
3.545003,0.143591
3.427895,0.134888
3.315006,0.126186
3.187282,0.117483
3.084286,0.108781
2.984119,0.100078
2.886486,0.091376
2.803591,0.082673
2.712533,0.073971
2.644155,0.065269
2.577441,0.056566
2.512038,0.047864
2.450018,0.039161
2.389169,0.030459
2.313106,0.021756
2.277144,0.013054
2.220731,0.004351
2.165059,-0.004351
2.121045,-0.013054
2.068012,-0.021756
2.037185,-0.030459
2.000141,-0.039161
1.949770,-0.047864
1.921670,-0.056566
1.868525,-0.065269
1.842252,-0.073971
1.816329,-0.082674
1.790367,-0.091376
1.743617,-0.100078
1.719439,-0.108781
1.697972,-0.117483
1.652401,-0.126186
1.629622,-0.134888
1.612131,-0.143591
1.590484,-0.152293
1.568940,-0.160996
1.531819,-0.169698
1.511120,-0.178401
1.490468,-0.187103
1.479868,-0.195806
1.460044,-0.204508
1.440222,-0.213211
1.432696,-0.221913
1.413592,-0.230616
1.383859,-0.239318
1.365255,-0.248021
1.346587,-0.256723
1.343812,-0.265425
1.325706,-0.274128
1.299733,-0.282830
1.281971,-0.291533
1.264092,-0.300235
1.265607,-0.308938
1.248173,-0.317640
1.225466,-0.326343
1.208250,-0.335045
1.217322,-0.343748
1.226114,-0.352450
1.208799,-0.361153
1.191303,-0.369855
1.200912,-0.378558
1.183252,-0.387260
1.165390,-0.395963
1.147314,-0.404665
1.157241,-0.413367
1.152033,-0.422070
1.142240,-0.430772
1.132698,-0.439475
1.123399,-0.448177
1.114335,-0.456880
1.105500,-0.465582
1.096887,-0.474285
1.088489,-0.482987
1.080301,-0.491690
1.072315,-0.500392
1.064528,-0.509095
1.056933,-0.517797
1.049524,-0.526500
1.042298,-0.535202
1.035249,-0.543905
1.028372,-0.552607
1.021663,-0.561310
1.015118,-0.570012
1.008733,-0.578714
1.002503,-0.587417
0.996426,-0.596119
0.990496,-0.604822
0.984711,-0.613524
0.979068,-0.622227
0.973562,-0.630929
0.968192,-0.639632
0.962953,-0.648334
0.957843,-0.657037
0.952860,-0.665739
0.948000,-0.674442
0.943260,-0.683144
0.938639,-0.691847
0.934134,-0.700549
0.929742,-0.709252
0.925461,-0.717954
0.921290,-0.726657
0.917225,-0.735359
0.913266,-0.744061
0.909409,-0.752764
0.905654,-0.761466
0.901998,-0.770169
0.898439,-0.778871
0.894976,-0.787574
0.891608,-0.796276
0.888332,-0.804979
0.885147,-0.813681
0.882052,-0.822384
0.879046,-0.831086
0.876126,-0.839789
0.873291,-0.848491
0.870542,-0.857194
0.867875,-0.865896
0.865290,-0.874599
0.862786,-0.883301
0.860362,-0.892003
0.858017,-0.900706
0.855749,-0.909408
0.853559,-0.918111
0.851444,-0.926813
0.849404,-0.935516
0.847438,-0.944218
0.845545,-0.952921
0.843725,-0.961623
0.841977,-0.970326
0.840300,-0.979028
0.838693,-0.987731
0.837157,-0.996433
0.835689,-1.005136
0.834290,-1.013838
0.832958,-1.022541
0.831695,-1.031243
0.830498,-1.039946
0.829368,-1.048648
0.828304,-1.057350
0.827305,-1.066053
0.826372,-1.074755
0.825503,-1.083458
0.824700,-1.092160
0.823960,-1.100863
0.823285,-1.109565
0.822673,-1.118268
0.822124,-1.126970
0.821639,-1.135673
0.821217,-1.144375
0.820858,-1.153078
0.820561,-1.161780
0.820328,-1.170483
0.820157,-1.179185
0.820048,-1.187888
0.820002,-1.196590
0.820018,-1.205293
0.820097,-1.213995
0.820238,-1.222697
0.820442,-1.231400
0.820708,-1.240102
0.821037,-1.248805
0.821429,-1.257507
0.821884,-1.266210
0.822402,-1.274912
0.822984,-1.283615
0.823629,-1.292317
0.824338,-1.301020
0.825111,-1.309722
0.825948,-1.318425
0.826850,-1.327127
0.827817,-1.335830
0.828850,-1.344532
0.829949,-1.353235
0.831114,-1.361937
0.832345,-1.370639
0.833644,-1.379342
0.835011,-1.388044
0.836445,-1.396747
0.837949,-1.405449
0.839522,-1.414152
0.841166,-1.422854
0.842880,-1.431557
0.844665,-1.440259
0.846523,-1.448962
0.848454,-1.457664
0.850458,-1.466367
0.852537,-1.475069
0.854691,-1.483772
0.856922,-1.492474
0.859230,-1.501177
0.861616,-1.509879
0.864082,-1.518582
0.866628,-1.527284
0.869255,-1.535986
0.871965,-1.544689
0.874759,-1.553391
0.877637,-1.562094
0.880602,-1.570796
