scan.pos:7.178447,4.327505,-1.4147500.830086,1.562094
0.828979,1.553391
0.827939,1.544689
0.826964,1.535986
0.826054,1.527284
0.825208,1.518581
0.824428,1.509879
0.823711,1.501177
0.823058,1.492474
0.822469,1.483772
0.821943,1.475069
0.821481,1.466367
0.821081,1.457664
0.820745,1.448962
0.820471,1.440259
0.820259,1.431557
0.820111,1.422854
0.820024,1.414152
0.820000,1.405449
0.820039,1.396747
0.820140,1.388044
0.820304,1.379342
0.820530,1.370639
0.820819,1.361937
0.821170,1.353234
0.821585,1.344532
0.822062,1.335830
0.822603,1.327127
0.823207,1.318425
0.823875,1.309722
0.824607,1.301020
0.825403,1.292317
0.826263,1.283615
0.827189,1.274912
0.828179,1.266210
0.829236,1.257507
0.830358,1.248805
0.831546,1.240102
0.832802,1.231400
0.834125,1.222697
0.835516,1.213995
0.836975,1.205292
0.838504,1.196590
0.840102,1.187888
0.841771,1.179185
0.843510,1.170483
0.845321,1.161780
0.847205,1.153078
0.849162,1.144375
0.851193,1.135673
0.853299,1.126970
0.855480,1.118268
0.857739,1.109565
0.860075,1.100863
0.862489,1.092160
0.864983,1.083458
0.867558,1.074755
0.870215,1.066053
0.872955,1.057350
0.875778,1.048648
0.878688,1.039945
0.881684,1.031243
0.884768,1.022541
0.887942,1.013838
0.891207,1.005136
0.894564,0.996433
0.898015,0.987731
0.901562,0.979028
0.905207,0.970326
0.908950,0.961623
0.912794,0.952921
0.916741,0.944218
0.920793,0.935516
0.924951,0.926813
0.929218,0.918111
0.933597,0.909408
0.938088,0.900706
0.942695,0.892003
0.947420,0.883301
0.952266,0.874598
0.957234,0.865896
0.962329,0.857194
0.967552,0.848491
0.972906,0.839789
0.978395,0.831086
0.984022,0.822384
0.989789,0.813681
0.995701,0.804979
1.001760,0.796276
1.007972,0.787574
1.014338,0.778871
1.020863,0.770169
1.027552,0.761466
1.034408,0.752764
1.041436,0.744061
1.048641,0.735359
1.056027,0.726656
1.063599,0.717954
1.071363,0.709251
1.079324,0.700549
1.087488,0.691847
1.095860,0.683144
1.104447,0.674442
1.113255,0.665739
1.122290,0.657037
1.131561,0.648334
1.115404,0.639632
1.124946,0.630929
1.132461,0.622227
1.123259,0.613524
1.142083,0.604822
1.162231,0.596119
1.153806,0.587417
1.175261,0.578714
1.194489,0.570012
1.186861,0.561309
1.209992,0.552607
1.229425,0.543905
1.227691,0.535202
1.247542,0.526500
1.267264,0.517797
1.267969,0.509095
1.288172,0.500392
1.308280,0.491690
1.311533,0.482987
1.332195,0.474285
1.352795,0.465582
1.358739,0.456880
1.379979,0.448177
1.401197,0.439475
1.422403,0.430772
1.431968,0.422070
1.453948,0.413367
1.475962,0.404665
1.488690,0.395962
1.511603,0.387260
1.534603,0.378558
1.573981,0.369855
1.597914,0.361153
1.621998,0.352450
1.646252,0.343748
1.667199,0.335045
1.692750,0.326343
1.718551,0.317640
1.743897,0.308938
1.771235,0.300235
1.821161,0.291533
1.849130,0.282830
1.880823,0.274128
1.910729,0.265425
1.941147,0.256723
1.993917,0.248020
2.033276,0.239318
2.066644,0.230615
2.122314,0.221913
2.157147,0.213211
2.227387,0.204508
2.265393,0.195806
2.325747,0.187103
2.387128,0.178401
2.447820,0.169698
2.513370,0.160996
2.580370,0.152293
2.648964,0.143591
2.725230,0.134888
2.799703,0.126186
2.897231,0.117483
2.976399,0.108781
3.037627,0.100078
3.037642,0.091376
3.026227,0.082673
3.019244,0.073971
3.017144,0.065269
3.010886,0.056566
3.003801,0.047864
3.007259,0.039161
3.002071,0.030459
2.997129,0.021756
2.992431,0.013054
2.987975,0.004351
2.983759,-0.004351
2.979782,-0.013054
2.976041,-0.021756
2.932196,-0.030459
2.928970,-0.039161
2.925973,-0.047864
2.923204,-0.056566
2.900573,-0.065269
2.898274,-0.073971
2.896200,-0.082674
2.894348,-0.091376
2.892720,-0.100078
2.891313,-0.108781
2.890127,-0.117483
2.889162,-0.126186
2.888418,-0.134888
2.887894,-0.143591
2.887590,-0.152293
2.887506,-0.160996
2.887643,-0.169698
2.887999,-0.178401
2.888575,-0.187103
2.889371,-0.195806
2.890388,-0.204508
2.891626,-0.213211
2.893085,-0.221913
2.894767,-0.230616
2.896671,-0.239318
2.898798,-0.248021
2.901150,-0.256723
2.903727,-0.265425
2.906530,-0.274128
2.909560,-0.282830
2.912819,-0.291533
2.916307,-0.300235
2.920027,-0.308938
2.883473,-0.317640
2.887601,-0.326343
2.891961,-0.335045
2.896555,-0.343748
2.901385,-0.352450
2.906453,-0.361153
2.891310,-0.369855
2.876330,-0.378558
2.882043,-0.387260
2.887999,-0.395963
2.894200,-0.404665
2.900650,-0.413367
2.907350,-0.422070
2.914303,-0.430772
2.921513,-0.439475
2.928982,-0.448177
2.936714,-0.456880
2.944712,-0.465582
2.952978,-0.474285
2.961518,-0.482987
2.970334,-0.491690
2.979430,-0.500392
2.988810,-0.509095
2.998479,-0.517797
3.008440,-0.526500
3.018698,-0.535202
3.029258,-0.543905
3.040124,-0.552607
3.051302,-0.561310
3.062797,-0.570012
3.074613,-0.578714
3.086757,-0.587417
3.099234,-0.596119
3.112051,-0.604822
3.125212,-0.613524
3.138726,-0.622227
3.152598,-0.630929
3.166836,-0.639632
3.181446,-0.648334
3.196436,-0.657037
3.211814,-0.665739
3.227587,-0.674442
3.243764,-0.683144
3.260354,-0.691847
3.257242,-0.700549
3.278342,-0.709252
3.277538,-0.717954
3.288438,-0.726657
3.315049,-0.735359
3.343275,-0.744061
3.361529,-0.752764
3.344969,-0.761466
3.353821,-0.770169
3.363926,-0.778871
3.390775,-0.787574
3.404071,-0.796276
2.758840,-0.804979
2.745531,-0.813681
2.707567,-0.822384
2.643988,-0.831086
2.652520,-0.839789
2.616309,-0.848491
2.601576,-0.857194
2.566628,-0.865896
2.531920,-0.874599
2.547463,-0.883301
2.541017,-0.892003
2.535174,-0.900706
2.528007,-0.909408
2.496246,-0.918111
2.519338,-0.926813
2.516834,-0.935516
2.512509,-0.944218
2.518924,-0.952921
2.525420,-0.961623
2.504454,-0.970326
2.538661,-0.979028
2.545407,-0.987731
2.579127,-0.996433
2.585837,-1.005136
2.619117,-1.013838
2.625816,-1.022541
2.606529,-1.031243
2.613616,-1.039946
2.646513,-1.048648
2.675712,-1.057350
2.686181,-1.066053
2.677206,-1.074755
2.678886,-1.083458
2.681198,-1.092160
2.684152,-1.100863
2.712305,-1.109565
2.716420,-1.118268
2.745464,-1.126970
2.774912,-1.135673
2.756855,-1.144375
2.787462,-1.153078
2.808433,-1.161780
2.840803,-1.170483
2.865180,-1.179185
2.852846,-1.187888
2.888019,-1.196590
2.894684,-1.205293
2.886250,-1.213995
2.923538,-1.222697
2.915020,-1.231400
2.908388,-1.240102
2.929138,-1.248805
2.951082,-1.257507
2.974518,-1.266210
2.977775,-1.274912
3.029179,-1.283615
3.014496,-1.292317
3.050092,-1.301020
3.040314,-1.309722
3.076275,-1.318425
3.082226,-1.327127
3.092639,-1.335830
3.124773,-1.344532
3.113945,-1.353235
3.146256,-1.361937
3.135904,-1.370639
3.189683,-1.379342
3.222155,-1.388044
3.318108,-1.396747
3.413739,-1.405449
3.424986,-1.414152
