scan.pos:0.426733,7.231116,3.1184350.920247,1.562094
0.920468,1.553391
0.920759,1.544689
0.921121,1.535986
0.921553,1.527284
0.922056,1.518581
0.922630,1.509879
0.923274,1.501177
0.923990,1.492474
0.924778,1.483772
0.925638,1.475069
0.926569,1.466367
0.927574,1.457664
0.928651,1.448962
0.929802,1.440259
0.931026,1.431557
0.932325,1.422854
0.933699,1.414152
0.935148,1.405449
0.936673,1.396747
0.938275,1.388044
0.939954,1.379342
0.941710,1.370639
0.943546,1.361937
0.945460,1.353234
0.947455,1.344532
0.949530,1.335830
0.951688,1.327127
0.953928,1.318425
0.956251,1.309722
0.958659,1.301020
0.961153,1.292317
0.963733,1.283615
0.966401,1.274912
0.969157,1.266210
0.972004,1.257507
0.974942,1.248805
0.977972,1.240102
0.981096,1.231400
0.984316,1.222697
0.987632,1.213995
0.991046,1.205292
0.994560,1.196590
0.998175,1.187888
1.001894,1.179185
1.005717,1.170483
1.009646,1.161780
1.013684,1.153078
1.017831,1.144375
1.022092,1.135673
1.026466,1.126970
1.030957,1.118268
1.035567,1.109565
1.040297,1.100863
1.045151,1.092160
1.062819,1.083458
1.067989,1.074755
1.073292,1.066053
1.078730,1.057350
1.084307,1.048648
1.090025,1.039945
1.095887,1.031243
1.101897,1.022541
1.108059,1.013838
1.114375,1.005136
1.120849,0.996433
1.127485,0.987731
1.134287,0.979028
1.141260,0.970326
1.148406,0.961623
1.155731,0.952921
1.163239,0.944218
1.170936,0.935516
1.178825,0.926813
1.186912,0.918111
1.195203,0.909408
1.203702,0.900706
1.212416,0.892003
1.221351,0.883301
1.230513,0.874598
1.239909,0.865896
1.249545,0.857194
1.259429,0.848491
1.269568,0.839789
1.279970,0.831086
1.290642,0.822384
1.301594,0.813681
1.312835,0.804979
1.315983,0.796276
1.314986,0.787574
1.343250,0.778871
1.343120,0.770169
1.370499,0.761466
1.373572,0.752764
1.374657,0.744061
1.402631,0.735359
1.487583,0.726656
1.489364,0.717954
1.491497,0.709251
1.525648,0.700549
1.528841,0.691847
1.557851,0.683144
1.569086,0.674442
1.598902,0.665739
1.603861,0.657037
1.618350,0.648334
1.649346,0.639632
4.549874,0.630929
4.604377,0.622227
4.672521,0.613524
4.732127,0.604822
4.794120,0.596119
4.848121,0.587417
5.000764,0.578714
5.174470,0.570012
5.246802,0.561309
5.338043,0.552607
5.467527,0.543905
5.568509,0.535202
5.694924,0.526500
5.791695,0.517797
5.902172,0.509095
3.976137,0.230615
3.948395,0.221913
3.859893,0.213211
3.833046,0.204508
3.786259,0.195806
3.760194,0.187103
3.754752,0.178401
3.709148,0.169698
3.704358,0.160996
3.699862,0.152293
3.695658,0.143591
3.691744,0.134888
3.688119,0.126186
3.684781,0.117483
3.681730,0.108781
3.638830,0.100078
3.616321,0.091376
3.574075,0.082673
3.552179,0.073971
3.550596,0.065269
3.549286,0.056566
3.508229,0.047864
3.507468,0.039161
3.506975,0.030459
3.506749,0.021756
3.506790,0.013054
3.507098,0.004351
3.507673,-0.004351
3.508516,-0.013054
3.509626,-0.021756
3.511005,-0.030459
3.512652,-0.039161
3.514569,-0.047864
3.516756,-0.056566
3.519213,-0.065269
3.521943,-0.073971
3.565153,-0.082674
3.528222,-0.091376
3.531773,-0.100078
3.535601,-0.108781
3.539708,-0.117483
3.544094,-0.126186
3.566523,-0.134888
3.573286,-0.143591
3.561927,-0.152293
3.582482,-0.160996
3.572443,-0.169698
3.632345,-0.178401
3.623028,-0.187103
3.456216,-0.195806
3.335535,-0.204508
3.198947,-0.213211
3.106287,-0.221913
3.001078,-0.230616
2.898945,-0.239318
2.799560,-0.248021
2.702634,-0.256723
2.640968,-0.265425
2.550549,-0.274128
2.482743,-0.282830
2.416543,-0.291533
2.351801,-0.300235
2.289799,-0.308938
2.229317,-0.317640
2.191114,-0.326343
2.132640,-0.335045
2.082946,-0.343748
2.027543,-0.352450
1.994315,-0.361153
1.961806,-0.369855
1.908265,-0.378558
1.870011,-0.387260
1.840440,-0.395963
1.789410,-0.404665
1.760694,-0.413367
1.729895,-0.422070
1.703009,-0.430772
1.676449,-0.439475
1.627777,-0.448177
1.603148,-0.456880
1.578238,-0.465582
1.553532,-0.474285
1.529011,-0.482987
1.509701,-0.491690
1.486344,-0.500392
1.463101,-0.509095
1.439956,-0.517797
1.425252,-0.526500
1.403052,-0.535202
1.380894,-0.543905
1.358764,-0.552607
1.348121,-0.561310
1.326765,-0.570012
1.305390,-0.578714
1.297695,-0.587417
1.276983,-0.596119
1.256214,-0.604822
1.260201,-0.613524
1.231064,-0.622227
1.210770,-0.630929
1.208402,-0.639632
1.188598,-0.648334
1.168667,-0.657037
1.174454,-0.665739
1.149241,-0.674442
1.129574,-0.683144
1.136170,-0.691847
1.112704,-0.700549
1.120052,-0.709252
1.097925,-0.717954
1.078743,-0.726657
1.086838,-0.735359
1.066283,-0.744061
1.047150,-0.752764
1.055971,-0.761466
1.068724,-0.770169
1.059622,-0.778871
1.050754,-0.787574
1.042111,-0.796276
1.033687,-0.804979
1.025476,-0.813681
1.017472,-0.822384
1.009667,-0.831086
1.002058,-0.839789
0.994637,-0.848491
0.987400,-0.857194
0.980341,-0.865896
0.973457,-0.874599
0.966741,-0.883301
0.960190,-0.892003
0.953800,-0.900706
0.947566,-0.909408
0.941483,-0.918111
0.935550,-0.926813
0.929761,-0.935516
0.924113,-0.944218
0.918603,-0.952921
0.913227,-0.961623
0.907983,-0.970326
0.902866,-0.979028
0.897876,-0.987731
0.893007,-0.996433
0.888259,-1.005136
0.883627,-1.013838
0.879111,-1.022541
0.874706,-1.031243
0.870411,-1.039946
0.866224,-1.048648
0.862143,-1.057350
0.858164,-1.066053
0.854288,-1.074755
0.850510,-1.083458
0.846830,-1.092160
0.843245,-1.100863
0.839755,-1.109565
0.836356,-1.118268
0.833048,-1.126970
0.829830,-1.135673
0.826698,-1.144375
0.823653,-1.153078
0.820692,-1.161780
0.817815,-1.170483
0.815020,-1.179185
0.812305,-1.187888
0.809670,-1.196590
0.807113,-1.205293
0.804633,-1.213995
0.802229,-1.222697
0.799901,-1.231400
0.797646,-1.240102
0.795464,-1.248805
0.793355,-1.257507
0.791317,-1.266210
0.789349,-1.274912
0.787451,-1.283615
0.785622,-1.292317
0.783861,-1.301020
0.782167,-1.309722
0.780539,-1.318425
0.778978,-1.327127
0.777482,-1.335830
0.776051,-1.344532
0.774683,-1.353235
0.773380,-1.361937
0.772139,-1.370639
0.770961,-1.379342
0.769846,-1.388044
0.768791,-1.396747
0.767799,-1.405449
0.766867,-1.414152
0.765995,-1.422854
0.765184,-1.431557
0.764433,-1.440259
0.763741,-1.448962
0.763108,-1.457664
0.762535,-1.466367
0.762020,-1.475069
0.761564,-1.483772
0.761167,-1.492474
0.760828,-1.501177
0.760547,-1.509879
0.760324,-1.518582
0.760159,-1.527284
0.760052,-1.535986
0.760003,-1.544689
0.760012,-1.553391
0.760079,-1.562094
0.760204,-1.570796
