scan.pos:1.905832,6.538153,-0.3647501.543381,1.562094
1.548600,1.553391
1.553973,1.544689
1.559503,1.535986
1.565192,1.527284
1.571043,1.518581
1.577058,1.509879
1.583240,1.501177
1.589593,1.492474
1.596119,1.483772
1.602821,1.475069
1.609703,1.466367
1.616768,1.457664
1.624019,1.448962
1.631460,1.440259
1.639096,1.431557
1.646929,1.422854
1.654964,1.414152
1.663205,1.405449
1.671656,1.396747
1.680323,1.388044
1.689209,1.379342
1.698320,1.370639
1.707660,1.361937
1.717235,1.353234
1.727050,1.344532
1.737111,1.335830
1.747424,1.327127
1.757995,1.318425
1.768830,1.309722
1.779935,1.301020
1.791319,1.292317
1.802987,1.283615
1.814947,1.274912
1.827207,1.266210
1.839775,1.257507
1.852659,1.248805
1.865867,1.240102
1.879410,1.231400
1.893296,1.222697
1.907535,1.213995
1.922137,1.205292
1.937113,1.196590
1.952475,1.187888
1.968233,1.179185
1.984399,1.170483
2.000987,1.161780
2.018010,1.153078
2.035481,1.144375
2.037277,1.135673
2.063286,1.126970
2.089292,1.118268
2.087922,1.109565
2.114198,1.100863
2.140518,1.092160
2.166900,1.083458
2.193361,1.074755
2.193577,1.066053
2.220444,1.057350
2.247438,1.048648
2.274579,1.039945
2.301885,1.031243
2.310955,1.022541
2.339356,1.013838
2.367983,1.005136
2.405487,0.996433
2.435188,0.987731
2.474945,0.979028
2.481397,0.970326
2.523721,0.961623
2.556099,0.952921
2.588893,0.944218
2.634879,0.935516
2.645485,0.926813
2.694508,0.918111
2.730716,0.909408
2.767526,0.900706
2.821027,0.892003
2.859865,0.883301
2.893929,0.874598
2.935154,0.865896
3.000014,0.857194
3.040009,0.848491
3.084772,0.839789
3.153053,0.831086
3.199813,0.822384
3.271092,0.813681
3.321299,0.804979
3.375859,0.796276
3.451987,0.787574
3.507631,0.778871
3.571288,0.770169
3.653396,0.761466
3.724387,0.752764
3.811660,0.744061
3.879609,0.735359
3.971507,0.726656
4.080066,0.717954
4.178776,0.709251
4.259319,0.700549
4.383267,0.691847
4.493746,0.683144
4.608235,0.674442
4.751269,0.665739
4.876888,0.657037
5.007835,0.648334
5.175104,0.639632
5.341430,0.630929
5.494158,0.622227
5.692861,0.613524
5.885865,0.604822
6.088803,0.596119
6.241235,0.587417
6.231613,0.578714
6.231121,0.570012
6.206829,0.561309
6.189994,0.552607
6.179648,0.543905
6.169806,0.535202
6.160463,0.526500
6.151617,0.517797
6.143262,0.509095
6.135397,0.500392
6.128018,0.491690
6.121123,0.482987
6.114708,0.474285
6.108771,0.465582
6.103311,0.456880
6.098323,0.448177
6.093808,0.439475
6.089763,0.430772
6.086186,0.422070
6.083077,0.413367
6.080434,0.404665
6.078255,0.395962
6.076541,0.387260
6.075290,0.378558
6.074502,0.369855
6.074177,0.361153
6.074315,0.352450
6.074915,0.343748
6.075978,0.335045
6.077504,0.326343
6.079494,0.317640
6.081949,0.308938
6.084869,0.300235
6.088257,0.291533
6.092112,0.282830
6.096436,0.274128
6.101232,0.265425
6.106500,0.256723
6.112244,0.248020
6.118464,0.239318
6.125165,0.230615
6.132347,0.221913
6.140015,0.213211
6.148170,0.204508
6.156816,0.195806
6.165958,0.187103
6.175597,0.178401
6.185739,0.169698
6.196386,0.160996
6.207544,0.152293
6.219216,0.143591
6.231408,0.134888
6.244124,0.126186
6.257370,0.117483
6.271150,0.108781
6.285471,0.100078
6.300339,0.091376
6.315759,0.082673
6.331738,0.073971
6.348283,0.065269
6.365401,0.056566
6.383099,0.047864
6.401384,0.039161
6.420265,0.030459
6.439749,0.021756
6.459845,0.013054
6.480562,0.004351
6.501909,-0.004351
6.523896,-0.013054
6.546532,-0.021756
6.569828,-0.030459
6.593794,-0.039161
6.618442,-0.047864
6.643782,-0.056566
6.669827,-0.065269
6.696589,-0.073971
6.724081,-0.082674
6.752315,-0.091376
6.781306,-0.100078
6.811069,-0.108781
6.841617,-0.117483
6.872966,-0.126186
6.905132,-0.134888
6.938131,-0.143591
6.971981,-0.152293
7.006699,-0.160996
7.042304,-0.169698
7.078813,-0.178401
7.116249,-0.187103
7.154629,-0.195806
7.193977,-0.204508
7.234314,-0.213211
7.275664,-0.221913
7.318049,-0.230616
7.361495,-0.239318
7.406027,-0.248021
7.451672,-0.256723
7.498458,-0.265425
7.546413,-0.274128
7.595568,-0.282830
7.645953,-0.291533
7.697602,-0.300235
7.750547,-0.308938
7.782576,-0.361153
7.700435,-0.369855
7.566065,-0.378558
7.465634,-0.387260
7.395047,-0.395963
7.329729,-0.404665
7.270211,-0.413367
7.214761,-0.422070
7.160234,-0.430772
7.098140,-0.439475
6.984900,-0.448177
6.927592,-0.456880
6.817393,-0.465582
6.763376,-0.474285
6.710714,-0.482987
5.252691,-0.491690
5.186860,-0.500392
5.096251,-0.509095
4.929478,-0.517797
4.868557,-0.526500
4.834455,-0.535202
4.724943,-0.543905
4.642520,-0.552607
4.486321,-0.561310
4.382336,-0.570012
4.304774,-0.578714
4.130128,-0.587417
4.055748,-0.596119
4.006879,-0.604822
3.983051,-0.613524
3.959805,-0.622227
3.937126,-0.630929
3.915003,-0.639632
3.893421,-0.648334
3.872370,-0.657037
3.875194,-0.665739
3.855046,-0.674442
3.835397,-0.683144
3.816236,-0.691847
3.797554,-0.700549
3.824900,-0.709252
3.806931,-0.717954
3.857123,-0.726657
3.839751,-0.735359
3.867559,-0.744061
3.873148,-0.752764
3.891720,-0.761466
3.924772,-0.770169
3.959709,-0.778871
3.979881,-0.787574
3.998308,-0.796276
4.048385,-0.804979
4.072927,-0.813681
4.057034,-0.822384
4.077154,-0.831086
4.111993,-0.839789
4.142888,-0.848491
4.186133,-0.857194
4.190756,-0.865896
4.218536,-0.874599
4.276105,-0.883301
4.296422,-0.892003
4.341403,-0.900706
4.434207,-0.909408
4.464242,-0.918111
4.536093,-0.926813
4.524867,-0.935516
4.596901,-0.944218
4.586276,-0.952921
4.679154,-0.961623
4.669096,-0.970326
4.741574,-0.979028
4.752637,-0.987731
4.784473,-0.996433
4.836970,-1.005136
4.828504,-1.013838
4.861128,-1.022541
4.873701,-1.031243
4.906888,-1.039946
4.896053,-1.048648
4.886409,-1.057350
4.886923,-1.066053
4.881046,-1.074755
4.875554,-1.083458
4.870444,-1.092160
4.865716,-1.100863
4.861366,-1.109565
4.817235,-1.118268
4.813668,-1.126970
4.810472,-1.135673
4.807647,-1.144375
4.805191,-1.153078
4.803103,-1.161780
4.801382,-1.170483
4.800028,-1.179185
4.799040,-1.187888
4.798418,-1.196590
4.798161,-1.205293
4.798269,-1.213995
4.798744,-1.222697
4.799583,-1.231400
4.800789,-1.240102
4.802361,-1.248805
4.804300,-1.257507
4.806607,-1.266210
4.789236,-1.274912
4.792269,-1.283615
4.795671,-1.292317
4.799443,-1.301020
4.803587,-1.309722
4.808105,-1.318425
4.812998,-1.327127
4.818269,-1.335830
4.823919,-1.344532
4.829951,-1.353235
4.836366,-1.361937
4.843168,-1.370639
2.639290,-1.379342
2.501078,-1.388044
2.403349,-1.396747
2.285071,-1.405449
2.186990,-1.414152
2.109192,-1.422854
2.010738,-1.431557
1.953162,-1.440259
1.916099,-1.448962
1.920319,-1.457664
1.924704,-1.466367
1.846278,-1.475069
1.809206,-1.483772
1.813783,-1.492474
1.818523,-1.501177
1.781509,-1.509879
1.744427,-1.518582
1.686192,-1.527284
1.670026,-1.535986
1.675094,-1.544689
1.616512,-1.553391
1.579020,-1.562094
1.541404,-1.570796
