scan.pos:7.174651,4.342004,-1.2647500.859960,1.562094
0.857628,1.553391
0.855374,1.544689
0.853196,1.535986
0.851094,1.527284
0.849066,1.518581
0.847113,1.509879
0.845233,1.501177
0.843425,1.492474
0.841689,1.483772
0.840024,1.475069
0.838429,1.466367
0.836904,1.457664
0.835447,1.448962
0.834060,1.440259
0.832740,1.431557
0.831488,1.422854
0.830302,1.414152
0.829183,1.405449
0.828130,1.396747
0.827143,1.388044
0.826220,1.379342
0.825363,1.370639
0.824570,1.361937
0.823841,1.353234
0.823177,1.344532
0.822576,1.335830
0.822038,1.327127
0.821563,1.318425
0.821152,1.309722
0.820803,1.301020
0.820518,1.292317
0.820294,1.283615
0.820134,1.274912
0.820036,1.266210
0.820000,1.257507
0.820027,1.248805
0.820116,1.240102
0.820268,1.231400
0.820482,1.222697
0.820759,1.213995
0.821099,1.205292
0.821502,1.196590
0.821967,1.187888
0.822496,1.179185
0.823088,1.170483
0.823744,1.161780
0.824464,1.153078
0.825248,1.144375
0.826096,1.135673
0.827009,1.126970
0.827987,1.118268
0.829031,1.109565
0.830141,1.100863
0.831317,1.092160
0.832560,1.083458
0.833870,1.074755
0.835248,1.066053
0.836695,1.057350
0.838210,1.048648
0.839795,1.039945
0.841450,1.031243
0.843176,1.022541
0.844974,1.013838
0.846844,1.005136
0.848787,0.996433
0.850804,0.987731
0.852896,0.979028
0.855063,0.970326
0.857307,0.961623
0.859628,0.952921
0.862027,0.944218
0.864506,0.935516
0.867066,0.926813
0.869707,0.918111
0.872431,0.909408
0.875239,0.900706
0.878132,0.892003
0.881112,0.883301
0.884179,0.874598
0.887336,0.865896
0.890584,0.857194
0.893923,0.848491
0.897357,0.839789
0.900885,0.831086
0.904511,0.822384
0.908236,0.813681
0.912061,0.804979
0.915988,0.796276
0.920020,0.787574
0.924158,0.778871
0.928405,0.770169
0.932762,0.761466
0.937232,0.752764
0.941817,0.744061
0.946519,0.735359
0.951342,0.726656
0.956287,0.717954
0.961357,0.709251
0.966556,0.700549
0.971885,0.691847
0.977349,0.683144
0.982949,0.674442
0.988690,0.665739
0.994574,0.657037
1.000605,0.648334
1.006788,0.639632
1.013124,0.630929
1.019619,0.622227
1.026277,0.613524
1.033101,0.604822
1.040096,0.596119
1.047267,0.587417
1.054619,0.578714
1.062156,0.570012
1.069883,0.561309
1.077807,0.552607
1.085932,0.543905
1.094264,0.535202
1.102810,0.526500
1.111575,0.517797
1.120567,0.509095
1.129793,0.500392
1.139259,0.491690
1.148974,0.482987
1.158944,0.474285
1.129929,0.465582
1.148305,0.456880
1.140323,0.448177
1.158995,0.439475
1.179906,0.430772
1.198683,0.422070
1.190562,0.413367
1.213143,0.404665
1.232118,0.395962
1.229789,0.387260
1.249176,0.378558
1.268430,0.369855
1.268527,0.361153
1.288252,0.352450
1.307876,0.343748
1.335559,0.335045
1.330670,0.326343
1.350766,0.317640
1.380639,0.308938
1.376782,0.300235
1.397470,0.291533
1.429738,0.282830
1.451006,0.274128
1.448432,0.265425
1.483339,0.256723
1.505463,0.248020
1.527650,0.239318
1.542022,0.230615
1.565189,0.221913
1.588474,0.213211
1.606491,0.204508
1.630923,0.195806
1.655543,0.187103
1.703027,0.178401
1.726128,0.169698
1.752269,0.160996
1.778706,0.152293
1.806516,0.143591
1.834644,0.134888
1.885255,0.126186
1.914144,0.117483
1.948818,0.108781
2.001666,0.100078
2.033213,0.091376
2.087057,0.082673
2.108445,0.073971
2.164907,0.065269
2.222083,0.056566
2.258691,0.047864
2.312107,0.039161
2.373601,0.030459
2.436217,0.021756
2.500067,0.013054
2.587806,0.004351
2.635430,-0.004351
2.705828,-0.013054
2.799008,-0.021756
2.883363,-0.030459
2.962504,-0.039161
3.065089,-0.047864
3.046642,-0.056566
3.052649,-0.065269
3.045345,-0.073971
3.022348,-0.082674
3.025275,-0.091376
3.027830,-0.100078
3.023063,-0.108781
3.017803,-0.117483
3.012791,-0.126186
3.008024,-0.134888
3.003500,-0.143591
2.999218,-0.152293
2.995176,-0.160996
2.991372,-0.169698
2.947456,-0.178401
2.944170,-0.187103
2.941115,-0.195806
2.938289,-0.204508
2.935693,-0.213211
2.913246,-0.221913
2.911119,-0.230616
2.909216,-0.239318
2.907537,-0.248021
2.906080,-0.256723
2.904847,-0.265425
2.903836,-0.274128
2.903046,-0.282830
2.902478,-0.291533
2.902131,-0.300235
2.902004,-0.308938
2.902099,-0.317640
2.902416,-0.326343
2.902953,-0.335045
2.903711,-0.343748
2.904691,-0.352450
2.905894,-0.361153
2.907318,-0.369855
2.908966,-0.378558
2.910837,-0.387260
2.912933,-0.395963
2.915254,-0.404665
2.917801,-0.413367
2.920575,-0.422070
2.923578,-0.430772
2.926809,-0.439475
2.930271,-0.448177
2.933965,-0.456880
2.897398,-0.465582
2.901503,-0.474285
2.905841,-0.482987
2.910414,-0.491690
2.915224,-0.500392
2.920273,-0.509095
2.884673,-0.517797
2.890128,-0.526500
2.895824,-0.535202
2.901765,-0.543905
2.907951,-0.552607
2.914387,-0.561310
2.921074,-0.570012
2.928015,-0.578714
2.935213,-0.587417
2.942672,-0.596119
2.950393,-0.604822
2.958381,-0.613524
2.966640,-0.622227
2.975171,-0.630929
2.983980,-0.639632
2.993069,-0.648334
3.002444,-0.657037
3.012107,-0.665739
3.022064,-0.674442
3.032319,-0.683144
3.042875,-0.691847
3.053739,-0.700549
3.064915,-0.709252
3.076409,-0.717954
3.088225,-0.726657
3.100369,-0.735359
3.112847,-0.744061
3.125664,-0.752764
3.138828,-0.761466
3.152344,-0.770169
3.166219,-0.778871
3.180461,-0.787574
3.195075,-0.796276
3.210070,-0.804979
3.225453,-0.813681
3.241232,-0.822384
3.257416,-0.831086
3.274013,-0.839789
3.278203,-0.848491
3.307836,-0.857194
3.284231,-0.865896
3.309179,-0.874599
3.322845,-0.883301
3.351670,-0.892003
3.357973,-0.900706
3.330228,-0.909408
3.363947,-0.918111
3.374657,-0.926813
3.411314,-0.935516
3.415862,-0.944218
2.780156,-0.952921
2.734062,-0.961623
2.696602,-0.970326
2.659043,-0.979028
2.642416,-0.987731
2.606699,-0.996433
2.597367,-1.005136
2.557865,-1.013838
2.550131,-1.022541
2.539501,-1.031243
2.560397,-1.039946
2.528097,-1.048648
2.521275,-1.057350
2.517550,-1.066053
2.541172,-1.074755
2.511315,-1.083458
2.538086,-1.092160
2.545735,-1.100863
2.524158,-1.109565
2.530722,-1.118268
2.564730,-1.126970
2.544099,-1.135673
2.577842,-1.144375
2.611254,-1.153078
2.617836,-1.161780
2.624516,-1.170483
2.631296,-1.179185
2.638176,-1.187888
2.645157,-1.196590
2.677808,-1.205293
2.692484,-1.213995
2.693151,-1.222697
2.694441,-1.231400
2.671473,-1.240102
2.698926,-1.248805
2.702138,-1.257507
2.730435,-1.266210
2.783387,-1.274912
2.788183,-1.283615
2.781903,-1.292317
2.812748,-1.301020
2.820354,-1.309722
2.842846,-1.318425
2.876149,-1.327127
2.855465,-1.335830
2.891031,-1.344532
2.897913,-1.353235
2.912824,-1.361937
2.901305,-1.370639
2.919218,-1.379342
2.915556,-1.388044
2.933940,-1.396747
2.978745,-1.405449
2.979957,-1.414152
2.983614,-1.422854
3.013101,-1.431557
2.998903,-1.440259
3.052609,-1.448962
3.069330,-1.457664
3.083840,-1.466367
3.080256,-1.475069
3.090638,-1.483772
3.122757,-1.492474
3.111884,-1.501177
3.144178,-1.509879
3.133781,-1.518582
3.187554,-1.527284
3.220006,-1.535986
3.315973,-1.544689
3.390522,-1.553391
3.570060,-1.562094
