scan.pos:4.881233,6.564776,1.9184353.766549,1.562094
3.754819,1.553391
3.743446,1.544689
3.732425,1.535986
3.721751,1.527284
3.711420,1.518581
3.701427,1.509879
3.691768,1.501177
3.661642,1.492474
3.646738,1.483772
3.602664,1.475069
3.594444,1.466367
3.586534,1.457664
3.578931,1.448962
3.571631,1.440259
3.564632,1.431557
3.557930,1.422854
3.551524,1.414152
3.545410,1.405449
3.539587,1.396747
3.574658,1.388044
3.569347,1.379342
3.584569,1.370639
3.620238,1.361937
3.635899,1.353234
3.712305,1.344532
3.708233,1.335830
3.865460,1.327127
3.861816,1.318425
3.938832,1.309722
4.076241,1.301020
4.193696,1.292317
4.191029,1.283615
4.328935,1.274912
5.007727,1.266210
7.671899,1.031243
7.322016,1.022541
6.993783,1.013838
6.725369,1.005136
6.443385,0.996433
6.210132,0.987731
5.989787,0.979028
5.780951,0.970326
5.582412,0.961623
5.399109,0.952921
5.241514,0.944218
5.091400,0.935516
4.927205,0.926813
4.789999,0.918111
4.658422,0.909408
4.530671,0.900706
4.410810,0.892003
4.316352,0.883301
4.183463,0.874598
4.096616,0.865896
3.999044,0.857194
3.920260,0.848491
3.822875,0.839789
3.728041,0.831086
3.670129,0.822384
3.581228,0.813681
3.516134,0.804979
3.453045,0.796276
3.369839,0.787574
3.307278,0.778871
3.250420,0.770169
3.195073,0.761466
3.141144,0.752764
3.088544,0.744061
3.039128,0.735359
2.989868,0.726656
2.941689,0.717954
2.894528,0.709251
2.853803,0.700549
2.809336,0.691847
2.765696,0.683144
2.722833,0.674442
2.689466,0.665739
2.648805,0.657037
2.608774,0.648334
2.569332,0.639632
2.542298,0.630929
2.504673,0.622227
2.467520,0.613524
2.455246,0.604822
2.409311,0.596119
2.398853,0.587417
2.364151,0.578714
2.329768,0.570012
2.313359,0.561309
2.280244,0.552607
2.247368,0.543905
2.234512,0.535202
2.202747,0.526500
2.197288,0.517797
2.161619,0.509095
2.130996,0.500392
2.127212,0.491690
2.094088,0.482987
2.064424,0.474285
2.062186,0.465582
2.031413,0.456880
2.030387,0.448177
2.001746,0.439475
1.998579,0.430772
1.981413,0.422070
1.964688,0.413367
1.948389,0.404665
1.932505,0.395962
1.917023,0.387260
1.901930,0.378558
1.887216,0.369855
1.872869,0.361153
1.858879,0.352450
1.845236,0.343748
1.831931,0.335045
1.818953,0.326343
1.806295,0.317640
1.793947,0.308938
1.781902,0.300235
1.770151,0.291533
1.758687,0.282830
1.747503,0.274128
1.736592,0.265425
1.725947,0.256723
1.715561,0.248020
1.705429,0.239318
1.695544,0.230615
1.685901,0.221913
1.676493,0.213211
1.667317,0.204508
1.658365,0.195806
1.649635,0.187103
1.641120,0.178401
1.632816,0.169698
1.624719,0.160996
1.616825,0.152293
1.609129,0.143591
1.601627,0.134888
1.594315,0.126186
1.587191,0.117483
1.580249,0.108781
1.573487,0.100078
1.566902,0.091376
1.560490,0.082673
1.554248,0.073971
1.548174,0.065269
1.542263,0.056566
1.536514,0.047864
1.530924,0.039161
1.525490,0.030459
1.520210,0.021756
1.515082,0.013054
1.510102,0.004351
1.505270,-0.004351
1.500582,-0.013054
1.496037,-0.021756
1.491632,-0.030459
1.487366,-0.039161
1.483238,-0.047864
1.479244,-0.056566
1.475384,-0.065269
1.471656,-0.073971
1.468058,-0.082674
1.464589,-0.091376
1.461247,-0.100078
1.458032,-0.108781
1.454941,-0.117483
1.451973,-0.126186
1.449128,-0.134888
1.446404,-0.143591
1.443799,-0.152293
1.441314,-0.160996
1.438946,-0.169698
1.436696,-0.178401
1.434562,-0.187103
1.432543,-0.195806
1.430638,-0.204508
1.428847,-0.213211
1.427169,-0.221913
1.425604,-0.230616
1.424150,-0.239318
1.422807,-0.248021
1.421576,-0.256723
1.420454,-0.265425
1.419442,-0.274128
1.418540,-0.282830
1.417746,-0.291533
1.417062,-0.300235
1.416485,-0.308938
1.416017,-0.317640
1.415658,-0.326343
1.415406,-0.335045
1.415262,-0.343748
1.415225,-0.352450
1.415297,-0.361153
1.415476,-0.369855
1.415763,-0.378558
1.416159,-0.387260
1.416662,-0.395963
1.417274,-0.404665
1.417994,-0.413367
1.418823,-0.422070
1.419761,-0.430772
1.420809,-0.439475
1.421966,-0.448177
1.423234,-0.456880
1.424613,-0.465582
1.426103,-0.474285
1.427706,-0.482987
1.429420,-0.491690
1.431248,-0.500392
1.433190,-0.509095
1.435247,-0.517797
1.437419,-0.526500
1.439708,-0.535202
1.442114,-0.543905
1.444638,-0.552607
1.447281,-0.561310
1.450045,-0.570012
1.452930,-0.578714
1.455938,-0.587417
1.459070,-0.596119
1.462326,-0.604822
1.465709,-0.613524
1.469221,-0.622227
1.472861,-0.630929
1.476632,-0.639632
1.480535,-0.648334
1.484573,-0.657037
1.488746,-0.665739
1.493057,-0.674442
1.497507,-0.683144
1.502099,-0.691847
1.506834,-0.700549
1.511714,-0.709252
1.516742,-0.717954
1.521920,-0.726657
1.527250,-0.735359
1.532735,-0.744061
1.538376,-0.752764
1.544178,-0.761466
1.550142,-0.770169
1.556271,-0.778871
1.562568,-0.787574
1.569036,-0.796276
1.575679,-0.804979
1.582499,-0.813681
1.589500,-0.822384
1.596686,-0.831086
1.604059,-0.839789
1.611624,-0.848491
1.619385,-0.857194
1.627345,-0.865896
1.635509,-0.874599
1.643881,-0.883301
1.652466,-0.892003
1.661268,-0.900706
1.670292,-0.909408
1.679544,-0.918111
1.689028,-0.926813
1.698750,-0.935516
1.708715,-0.944218
1.718929,-0.952921
1.729399,-0.961623
1.740130,-0.970326
1.751130,-0.979028
1.762405,-0.987731
1.773962,-0.996433
1.785808,-1.005136
1.797951,-1.013838
1.810400,-1.022541
1.823161,-1.031243
1.836245,-1.039946
1.849660,-1.048648
1.863415,-1.057350
1.877521,-1.066053
1.891987,-1.074755
1.906823,-1.083458
1.922042,-1.092160
1.937655,-1.100863
1.953673,-1.109565
1.970109,-1.118268
1.986977,-1.126970
2.002192,-1.135673
2.007127,-1.144375
2.040290,-1.153078
2.045924,-1.161780
2.052037,-1.170483
2.088286,-1.179185
2.095663,-1.187888
2.130218,-1.196590
2.138417,-1.205293
2.173416,-1.213995
2.182494,-1.222697
2.223626,-1.231400
2.234170,-1.240102
2.270833,-1.248805
2.282400,-1.257507
2.319776,-1.266210
2.332446,-1.274912
2.354616,-1.283615
2.393893,-1.292317
2.433574,-1.301020
2.449301,-1.309722
2.490039,-1.318425
2.507181,-1.327127
2.549107,-1.335830
2.580765,-1.344532
2.624660,-1.353235
2.669230,-1.361937
2.691083,-1.370639
2.737265,-1.379342
2.784264,-1.388044
2.809058,-1.396747
2.852767,-1.405449
2.903528,-1.414152
2.955357,-1.422854
3.008323,-1.431557
3.062500,-1.440259
3.095537,-1.448962
3.152476,-1.457664
3.210877,-1.466367
3.273145,-1.475069
3.335822,-1.483772
3.400306,-1.492474
3.401083,-1.501177
3.382629,-1.509879
3.367026,-1.518582
3.354403,-1.527284
3.344905,-1.535986
3.328645,-1.544689
3.317415,-1.553391
3.306512,-1.562094
3.295931,-1.570796
