scan.pos:-1.659596,6.591582,-2.6147501.133736,1.562094
1.151074,1.553391
1.168328,1.544689
1.185503,1.535986
1.202605,1.527284
1.242224,1.518581
1.236609,1.509879
1.231138,1.501177
1.225808,1.492474
1.220616,1.483772
1.237662,1.475069
1.276674,1.466367
1.293546,1.457664
1.332224,1.448962
1.348951,1.440259
1.424967,1.431557
1.444003,1.422854
1.495727,1.414152
1.516237,1.405449
1.558295,1.396747
1.594433,1.388044
1.638223,1.379342
1.679512,1.370639
1.704318,1.361937
1.771671,1.353234
1.821136,1.344532
1.870191,1.335830
1.926847,1.327127
1.979393,1.318425
2.032803,1.309722
2.101360,1.301020
2.180181,1.292317
2.239668,1.283615
2.323492,1.274912
2.410103,1.266210
2.507918,1.257507
2.602920,1.248805
2.700994,1.240102
5.047469,1.231400
5.038965,1.222697
5.030872,1.213995
5.063766,1.205292
5.056427,1.196590
5.089958,1.187888
5.123786,1.179185
5.198282,1.170483
5.373790,1.161780
5.871512,1.153078
6.328429,1.144375
6.443283,1.135673
4.334898,0.735359
4.091340,0.726656
3.976205,0.717954
3.887357,0.709251
3.783112,0.700549
3.701016,0.691847
3.621121,0.683144
3.521856,0.674442
3.445781,0.665739
3.371426,0.657037
3.298656,0.648334
3.227348,0.639632
3.157389,0.630929
3.088675,0.622227
3.043053,0.613524
2.976629,0.604822
2.933302,0.596119
2.868838,0.587417
2.827508,0.578714
2.764716,0.570012
2.725124,0.561309
2.686365,0.552607
2.648387,0.543905
2.633970,0.535202
2.643400,0.526500
2.607833,0.517797
2.572881,0.509095
2.538506,0.500392
2.528083,0.491690
2.531980,0.482987
2.522195,0.474285
2.512493,0.465582
2.502875,0.456880
2.493337,0.448177
2.508093,0.439475
2.474496,0.430772
2.489699,0.422070
2.505282,0.413367
2.496434,0.404665
2.487663,0.395962
2.504114,0.387260
2.520978,0.378558
2.538265,0.369855
2.555987,0.361153
2.574155,0.352450
2.592782,0.343748
2.611881,0.335045
2.631466,0.326343
2.651550,0.317640
2.672147,0.308938
2.693274,0.300235
2.714947,0.291533
2.737180,0.282830
2.759994,0.274128
2.783404,0.265425
2.807430,0.256723
2.819996,0.248020
2.853942,0.239318
2.849256,0.230615
2.949844,0.221913
2.986489,0.213211
3.075588,0.204508
3.137356,0.195806
3.172465,0.187103
3.185863,0.178401
3.222425,0.169698
3.259401,0.160996
3.374227,0.152293
3.385949,0.143591
3.430892,0.134888
3.470006,0.126186
3.509702,0.117483
3.583490,0.108781
3.609164,0.100078
3.656307,0.091376
3.697714,0.082673
3.742569,0.073971
3.815146,0.065269
7.619844,0.056566
7.576065,0.047864
7.533356,0.039161
7.491693,0.030459
7.451053,0.021756
7.411412,0.013054
7.372750,0.004351
7.335044,-0.004351
7.298275,-0.013054
7.262424,-0.021756
7.227470,-0.030459
7.193397,-0.039161
7.160186,-0.047864
7.127820,-0.056566
7.096284,-0.065269
7.065562,-0.073971
7.035638,-0.082674
7.006497,-0.091376
6.978127,-0.100078
6.950511,-0.108781
6.923639,-0.117483
6.897498,-0.126186
6.872074,-0.134888
6.847356,-0.143591
6.823334,-0.152293
6.799995,-0.160996
6.777330,-0.169698
6.755329,-0.178401
6.733981,-0.187103
6.713276,-0.195806
6.693207,-0.204508
6.673765,-0.213211
6.654940,-0.221913
6.636725,-0.230616
6.619113,-0.239318
6.602095,-0.248021
6.585664,-0.256723
6.569815,-0.265425
6.554539,-0.274128
6.539831,-0.282830
6.525684,-0.291533
6.512094,-0.300235
6.499054,-0.308938
6.486559,-0.317640
6.474605,-0.326343
6.463185,-0.335045
6.452296,-0.343748
6.441934,-0.352450
6.432094,-0.361153
6.422772,-0.369855
6.413965,-0.378558
6.405669,-0.387260
2.038720,-0.395963
1.875132,-0.404665
1.873143,-0.413367
1.810948,-0.422070
1.809306,-0.430772
1.787722,-0.439475
1.746241,-0.448177
1.745059,-0.456880
1.703929,-0.465582
1.703036,-0.474285
1.682252,-0.482987
1.681628,-0.491690
1.641115,-0.500392
1.640756,-0.509095
1.620520,-0.517797
1.620413,-0.526500
1.620429,-0.535202
1.620568,-0.543905
1.620831,-0.552607
1.621217,-0.561310
1.581694,-0.570012
1.582312,-0.578714
1.583052,-0.587417
1.583912,-0.596119
1.584895,-0.604822
1.585999,-0.613524
1.587226,-0.622227
1.588576,-0.630929
1.590050,-0.639632
1.591647,-0.648334
1.593369,-0.657037
1.595217,-0.665739
1.597190,-0.674442
1.599291,-0.683144
1.601519,-0.691847
1.603876,-0.700549
1.606362,-0.709252
1.608978,-0.717954
1.611726,-0.726657
1.614607,-0.735359
1.617621,-0.744061
1.600259,-0.752764
1.582951,-0.761466
1.565691,-0.770169
1.569118,-0.778871
1.572680,-0.787574
1.534905,-0.796276
1.538641,-0.804979
1.542512,-0.813681
1.525628,-0.822384
1.529720,-0.831086
1.533951,-0.839789
1.538324,-0.848491
1.542839,-0.857194
1.526306,-0.865896
1.509788,-0.874599
1.514608,-0.883301
1.519575,-0.892003
1.524691,-0.900706
1.529958,-0.909408
1.535380,-0.918111
1.540957,-0.926813
1.546694,-0.935516
1.552592,-0.944218
1.558654,-0.952921
1.564884,-0.961623
1.571284,-0.970326
1.577856,-0.979028
1.584606,-0.987731
1.591535,-0.996433
1.598647,-1.005136
1.605946,-1.013838
1.613435,-1.022541
1.621119,-1.031243
1.629000,-1.039946
1.637084,-1.048648
1.645375,-1.057350
1.653876,-1.066053
1.662593,-1.074755
1.671531,-1.083458
1.680693,-1.092160
1.690086,-1.100863
1.699715,-1.109565
1.709586,-1.118268
1.719703,-1.126970
1.754433,-1.135673
1.740702,-1.144375
1.751597,-1.153078
1.762765,-1.161780
1.774211,-1.170483
1.785944,-1.179185
1.797972,-1.187888
1.810301,-1.196590
1.822940,-1.205293
1.835897,-1.213995
1.849182,-1.222697
1.862804,-1.231400
1.876772,-1.240102
1.891096,-1.248805
1.905786,-1.257507
1.920854,-1.266210
1.936311,-1.274912
1.952168,-1.283615
1.996155,-1.292317
1.985135,-1.301020
1.974077,-1.309722
1.979323,-1.318425
1.949972,-1.327127
1.921539,-1.335830
1.921435,-1.344532
1.894562,-1.353235
1.895555,-1.361937
1.870204,-1.370639
1.845704,-1.379342
1.848418,-1.388044
1.825391,-1.396747
1.829177,-1.405449
1.791275,-1.414152
1.778690,-1.422854
1.766414,-1.431557
1.754439,-1.440259
1.742757,-1.448962
1.731360,-1.457664
1.720242,-1.466367
1.709395,-1.475069
1.698813,-1.483772
1.688488,-1.492474
1.678416,-1.501177
1.668589,-1.509879
1.659002,-1.518582
1.649650,-1.527284
1.640526,-1.535986
1.631627,-1.544689
1.622947,-1.553391
1.614480,-1.562094
1.606224,-1.570796
