scan.pos:-7.193874,7.037524,1.5684350.820002,1.562094
0.820050,1.553391
0.820161,1.544689
0.820334,1.535986
0.820570,1.527284
0.820868,1.518581
0.821229,1.509879
0.821653,1.501177
0.822140,1.492474
0.822691,1.483772
0.823305,1.475069
0.823982,1.466367
0.824724,1.457664
0.825530,1.448962
0.826400,1.440259
0.827335,1.431557
0.828336,1.422854
0.829402,1.414152
0.830534,1.405449
0.831733,1.396747
0.832999,1.388044
0.834332,1.379342
0.835734,1.370639
0.837204,1.361937
0.838743,1.353234
0.840351,1.344532
0.842031,1.335830
0.843781,1.327127
0.845603,1.318425
0.847498,1.309722
0.849466,1.301020
0.851509,1.292317
0.853626,1.283615
0.855819,1.274912
0.858089,1.266210
0.860437,1.257507
0.862863,1.248805
0.865370,1.240102
0.867957,1.231400
0.870626,1.222697
0.873379,1.213995
0.876216,1.205292
0.879138,1.196590
0.882148,1.187888
0.885245,1.179185
0.888433,1.170483
0.891712,1.161780
0.895083,1.153078
0.898549,1.144375
0.902110,1.135673
0.905770,1.126970
0.909528,1.118268
0.913388,1.109565
0.917351,1.100863
0.921419,1.092160
0.925593,1.083458
0.929877,1.074755
0.934273,1.066053
0.938782,1.057350
0.943406,1.048648
0.948150,1.039945
0.953014,1.031243
0.958001,1.022541
0.963115,1.013838
0.968358,1.005136
0.973732,0.996433
0.979242,0.987731
0.984890,0.979028
0.990679,0.970326
0.996613,0.961623
1.002696,0.952921
1.008930,0.944218
1.015320,0.935516
1.021870,0.926813
1.028584,0.918111
1.035466,0.909408
1.042521,0.900706
1.049753,0.892003
1.057167,0.883301
1.064768,0.874598
1.072562,0.865896
1.080553,0.857194
1.088748,0.848491
1.097153,0.839789
1.105773,0.831086
1.114615,0.822384
1.123686,0.813681
1.132992,0.804979
1.142542,0.796276
1.152343,0.787574
1.156927,0.778871
1.147008,0.770169
1.165084,0.761466
1.182948,0.752764
1.200608,0.744061
1.191007,0.735359
1.208504,0.726656
1.225820,0.717954
1.242965,0.709251
1.233697,0.700549
1.224660,0.691847
1.241715,0.683144
1.232935,0.674442
1.224372,0.665739
1.216018,0.657037
1.207869,0.648334
1.199919,0.639632
1.192163,0.630929
1.184597,0.622227
1.177215,0.613524
1.170013,0.604822
1.162986,0.596119
1.156131,0.587417
1.149444,0.578714
1.142920,0.570012
1.136555,0.561309
1.130347,0.552607
1.124291,0.543905
1.118385,0.535202
1.112624,0.526500
1.107007,0.517797
1.101529,0.509095
1.096188,0.500392
1.090982,0.491690
1.085907,0.482987
1.080961,0.474285
1.076142,0.465582
1.071446,0.456880
1.066872,0.448177
1.062418,0.439475
1.058081,0.430772
1.053859,0.422070
1.049750,0.413367
1.045753,0.404665
1.041865,0.395962
1.038084,0.387260
1.034410,0.378558
1.030839,0.369855
1.027371,0.361153
1.024004,0.352450
1.020736,0.343748
1.017567,0.335045
1.014494,0.326343
1.011516,0.317640
1.008633,0.308938
1.005842,0.300235
1.003143,0.291533
1.000534,0.282830
0.998015,0.274128
0.995583,0.265425
0.993240,0.256723
0.990982,0.248020
0.988810,0.239318
0.986722,0.230615
0.984718,0.221913
0.982797,0.213211
0.980957,0.204508
0.979199,0.195806
0.977522,0.187103
0.975925,0.178401
0.974407,0.169698
0.972967,0.160996
0.971606,0.152293
0.970322,0.143591
0.969116,0.134888
0.967986,0.126186
0.966932,0.117483
0.965954,0.108781
0.965051,0.100078
0.964224,0.091376
0.963471,0.082673
0.962792,0.073971
0.962188,0.065269
0.961658,0.056566
0.961201,0.047864
0.960818,0.039161
0.960509,0.030459
0.960272,0.021756
0.960109,0.013054
0.960019,0.004351
0.960003,-0.004351
0.960059,-0.013054
0.960189,-0.021756
0.960391,-0.030459
0.960667,-0.039161
0.961016,-0.047864
0.961439,-0.056566
0.961936,-0.065269
0.962506,-0.073971
0.963150,-0.082674
0.963869,-0.091376
0.964662,-0.100078
0.965530,-0.108781
0.966474,-0.117483
0.967493,-0.126186
0.968588,-0.134888
0.969759,-0.143591
0.971007,-0.152293
0.972333,-0.160996
0.973736,-0.169698
0.975218,-0.178401
0.976779,-0.187103
0.978420,-0.195806
0.980141,-0.204508
0.981942,-0.213211
0.983826,-0.221913
0.985792,-0.230616
0.987841,-0.239318
0.989975,-0.248021
0.992193,-0.256723
0.994497,-0.265425
0.996888,-0.274128
0.999367,-0.282830
1.001934,-0.291533
1.004592,-0.300235
1.007341,-0.308938
1.010182,-0.317640
1.013116,-0.326343
1.016145,-0.335045
1.019270,-0.343748
1.022492,-0.352450
1.025813,-0.361153
1.029235,-0.369855
1.032758,-0.378558
1.036385,-0.387260
1.040117,-0.395963
1.043955,-0.404665
1.047902,-0.413367
1.051960,-0.422070
1.056129,-0.430772
1.060413,-0.439475
1.064813,-0.448177
1.069332,-0.456880
1.073972,-0.465582
1.078734,-0.474285
1.083622,-0.482987
1.088637,-0.491690
1.093783,-0.500392
1.099061,-0.509095
1.104476,-0.517797
1.110029,-0.526500
1.115723,-0.535202
1.121562,-0.543905
1.127549,-0.552607
1.133687,-0.561310
1.139979,-0.570012
1.146430,-0.578714
1.153042,-0.587417
1.159819,-0.596119
1.166767,-0.604822
1.173887,-0.613524
1.181186,-0.622227
1.188668,-0.630929
1.196336,-0.639632
1.204196,-0.648334
1.212253,-0.657037
1.220512,-0.665739
1.228979,-0.674442
1.237659,-0.683144
1.246558,-0.691847
1.255682,-0.700549
1.265038,-0.709252
1.274632,-0.717954
1.284471,-0.726657
1.294563,-0.735359
1.304915,-0.744061
1.315534,-0.752764
1.326430,-0.761466
1.337610,-0.770169
1.349085,-0.778871
1.354451,-0.787574
1.370815,-0.796276
1.359265,-0.804979
1.375520,-0.813681
1.391614,-0.822384
1.407554,-0.831086
1.423349,-0.839789
1.439006,-0.848491
1.454533,-0.857194
1.469937,-0.865896
1.485226,-0.874599
1.500406,-0.883301
1.515483,-0.892003
1.530464,-0.900706
1.545356,-0.909408
1.560164,-0.918111
1.474900,-0.926813
1.440530,-0.935516
1.382029,-0.944218
1.373417,-0.952921
1.365015,-0.961623
1.332588,-0.970326
1.324734,-0.979028
1.317071,-0.987731
1.309595,-0.996433
1.302303,-1.005136
1.295189,-1.013838
1.288250,-1.022541
1.234883,-1.031243
1.228523,-1.039946
1.222320,-1.048648
1.216272,-1.057350
1.210375,-1.066053
1.204626,-1.074755
1.199022,-1.083458
1.193561,-1.092160
1.188240,-1.100863
1.183055,-1.109565
1.178005,-1.118268
1.173086,-1.126970
1.124211,-1.135673
1.119725,-1.144375
1.115360,-1.153078
1.111112,-1.161780
1.106981,-1.170483
1.102964,-1.179185
1.099060,-1.187888
1.095266,-1.196590
1.091582,-1.205293
1.088004,-1.213995
1.084532,-1.222697
1.081165,-1.231400
1.077900,-1.240102
1.074736,-1.248805
1.071672,-1.257507
1.068707,-1.266210
1.065839,-1.274912
1.063067,-1.283615
1.060390,-1.292317
1.057807,-1.301020
1.055317,-1.309722
1.052918,-1.318425
1.050610,-1.327127
1.048392,-1.335830
1.046263,-1.344532
1.044221,-1.353235
1.042267,-1.361937
1.040399,-1.370639
1.038617,-1.379342
1.036920,-1.388044
1.035307,-1.396747
1.033778,-1.405449
1.032331,-1.414152
1.030967,-1.422854
1.029685,-1.431557
1.028485,-1.440259
1.027365,-1.448962
1.026326,-1.457664
1.025367,-1.466367
1.024487,-1.475069
1.023688,-1.483772
1.022967,-1.492474
1.022325,-1.501177
1.021761,-1.509879
1.021276,-1.518582
1.020869,-1.527284
1.020540,-1.535986
1.020289,-1.544689
1.020116,-1.553391
1.020021,-1.562094
1.020003,-1.570796
