scan.pos:4.840352,6.677598,1.9184353.723067,1.562094
3.711472,1.553391
3.700230,1.544689
3.689336,1.535986
3.678786,1.527284
3.647613,1.518581
3.595982,1.509879
3.586599,1.501177
3.577536,1.492474
3.568789,1.483772
3.560356,1.475069
3.552233,1.466367
3.544416,1.457664
3.536902,1.448962
3.529688,1.440259
3.522771,1.431557
3.557029,1.422854
3.571029,1.414152
3.564881,1.405449
3.599696,1.396747
3.594067,1.388044
3.649547,1.379342
3.684900,1.370639
3.760872,1.361937
3.836934,1.353234
3.913104,1.344532
3.908812,1.335830
4.045709,1.327127
4.162538,1.318425
4.199113,1.309722
4.289338,1.301020
4.807031,1.292317
5.172442,1.283615
7.771042,1.048648
7.374259,1.039945
7.044364,1.031243
6.735044,1.022541
6.431827,1.013838
6.186346,1.005136
5.935302,0.996433
5.717905,0.987731
5.512218,0.979028
5.317248,0.970326
5.134283,0.961623
4.959519,0.952921
4.812903,0.944218
4.673056,0.935516
4.531871,0.926813
4.405907,0.918111
4.284924,0.909408
4.168490,0.900706
4.056221,0.892003
3.968934,0.883301
3.846835,0.874598
3.768035,0.865896
3.670913,0.857194
3.597903,0.848491
3.506001,0.839789
3.427928,0.831086
3.363425,0.822384
3.300985,0.813681
3.218646,0.804979
3.159844,0.796276
3.102719,0.787574
3.044149,0.778871
2.991108,0.770169
2.939414,0.761466
2.888981,0.752764
2.839732,0.744061
2.793527,0.735359
2.747345,0.726656
2.702118,0.717954
2.657789,0.709251
2.619782,0.700549
2.577924,0.691847
2.536789,0.683144
2.496332,0.674442
2.456509,0.665739
2.426833,0.657037
2.412668,0.648334
2.375409,0.639632
2.338623,0.630929
2.314883,0.622227
2.279689,0.613524
2.244866,0.604822
2.234976,0.596119
2.200963,0.587417
2.158589,0.578714
2.150754,0.570012
2.118247,0.561309
2.085952,0.552607
2.072943,0.543905
2.041706,0.535202
2.036559,0.526500
2.000849,0.517797
1.997010,0.509095
1.967112,0.500392
1.937277,0.491690
1.931535,0.482987
1.902477,0.474285
1.900806,0.465582
1.870562,0.456880
1.870028,0.448177
1.841841,0.439475
1.839253,0.430772
1.823455,0.422070
1.808063,0.413367
1.793064,0.404665
1.778446,0.395962
1.764198,0.387260
1.750308,0.378558
1.736767,0.369855
1.723564,0.361153
1.710689,0.352450
1.698134,0.343748
1.685889,0.335045
1.673946,0.326343
1.662297,0.317640
1.650934,0.308938
1.639848,0.300235
1.629035,0.291533
1.618485,0.282830
1.608192,0.274128
1.598151,0.265425
1.588354,0.256723
1.578797,0.248020
1.569472,0.239318
1.560375,0.230615
1.551501,0.221913
1.542843,0.213211
1.534398,0.204508
1.526161,0.195806
1.518126,0.187103
1.510290,0.178401
1.502648,0.169698
1.495197,0.160996
1.487932,0.152293
1.480849,0.143591
1.473945,0.134888
1.467217,0.126186
1.460660,0.117483
1.454272,0.108781
1.448049,0.100078
1.441989,0.091376
1.436088,0.082673
1.430344,0.073971
1.424753,0.065269
1.419314,0.056566
1.414023,0.047864
1.408879,0.039161
1.403878,0.030459
1.399019,0.021756
1.394300,0.013054
1.389717,0.004351
1.385270,-0.004351
1.380955,-0.013054
1.376773,-0.021756
1.372719,-0.030459
1.368794,-0.039161
1.364994,-0.047864
1.361319,-0.056566
1.357767,-0.065269
1.354336,-0.073971
1.351025,-0.082674
1.347832,-0.091376
1.344757,-0.100078
1.341798,-0.108781
1.338953,-0.117483
1.336222,-0.126186
1.333604,-0.134888
1.331096,-0.143591
1.328700,-0.152293
1.326412,-0.160996
1.324234,-0.169698
1.322163,-0.178401
1.320199,-0.187103
1.318340,-0.195806
1.316588,-0.204508
1.314939,-0.213211
1.313395,-0.221913
1.311955,-0.230616
1.310617,-0.239318
1.309381,-0.248021
1.308248,-0.256723
1.307215,-0.265425
1.306284,-0.274128
1.305454,-0.282830
1.304724,-0.291533
1.304093,-0.300235
1.303563,-0.308938
1.303133,-0.317640
1.302801,-0.326343
1.302570,-0.335045
1.302437,-0.343748
1.302404,-0.352450
1.302469,-0.361153
1.302634,-0.369855
1.302899,-0.378558
1.303262,-0.387260
1.303726,-0.395963
1.304289,-0.404665
1.304951,-0.413367
1.305714,-0.422070
1.306578,-0.430772
1.307542,-0.439475
1.308607,-0.448177
1.309774,-0.456880
1.311043,-0.465582
1.312414,-0.474285
1.313889,-0.482987
1.315467,-0.491690
1.317149,-0.500392
1.318936,-0.509095
1.320829,-0.517797
1.322828,-0.526500
1.324934,-0.535202
1.327148,-0.543905
1.329471,-0.552607
1.331904,-0.561310
1.334448,-0.570012
1.337103,-0.578714
1.339871,-0.587417
1.342753,-0.596119
1.345750,-0.604822
1.348863,-0.613524
1.352094,-0.622227
1.355444,-0.630929
1.358915,-0.639632
1.362507,-0.648334
1.366223,-0.657037
1.370063,-0.665739
1.374031,-0.674442
1.378126,-0.683144
1.382352,-0.691847
1.386709,-0.700549
1.391201,-0.709252
1.395828,-0.717954
1.400593,-0.726657
1.405498,-0.735359
1.410545,-0.744061
1.415737,-0.752764
1.421076,-0.761466
1.426565,-0.770169
1.432205,-0.778871
1.438000,-0.787574
1.443953,-0.796276
1.450066,-0.804979
1.456342,-0.813681
1.462785,-0.822384
1.469398,-0.831086
1.476183,-0.839789
1.483145,-0.848491
1.490287,-0.857194
1.497613,-0.865896
1.505126,-0.874599
1.512831,-0.883301
1.520731,-0.892003
1.528832,-0.900706
1.537137,-0.909408
1.545651,-0.918111
1.554379,-0.926813
1.563325,-0.935516
1.572496,-0.944218
1.581896,-0.952921
1.591531,-0.961623
1.601407,-0.970326
1.611530,-0.979028
1.621906,-0.987731
1.632541,-0.996433
1.643443,-1.005136
1.654619,-1.013838
1.666075,-1.022541
1.677819,-1.031243
1.689860,-1.039946
1.702205,-1.048648
1.714864,-1.057350
1.727845,-1.066053
1.741158,-1.074755
1.754812,-1.083458
1.768817,-1.092160
1.783185,-1.100863
1.797926,-1.109565
1.813052,-1.118268
1.828576,-1.126970
1.842249,-1.135673
1.844780,-1.144375
1.875499,-1.153078
1.878649,-1.161780
1.909546,-1.170483
1.915911,-1.179185
1.920668,-1.187888
1.952554,-1.196590
1.984497,-1.205293
1.990252,-1.213995
2.001585,-1.222697
2.034732,-1.231400
2.068022,-1.240102
2.075954,-1.248805
2.109779,-1.257507
2.126368,-1.266210
2.161357,-1.274912
2.171761,-1.283615
2.207473,-1.292317
2.218963,-1.301020
2.266043,-1.309722
2.279297,-1.318425
2.317356,-1.327127
2.355864,-1.335830
2.371030,-1.344532
2.410673,-1.353235
2.441573,-1.361937
2.483157,-1.370639
2.525390,-1.379342
2.545123,-1.388044
2.588907,-1.396747
2.633478,-1.405449
2.674552,-1.414152
2.721745,-1.422854
2.769913,-1.431557
2.796591,-1.440259
2.847011,-1.448962
2.898612,-1.457664
2.951472,-1.466367
3.007986,-1.475069
3.064681,-1.483772
3.122940,-1.492474
3.182873,-1.501177
3.266390,-1.509879
3.329946,-1.518582
3.395555,-1.527284
3.387597,-1.535986
3.373476,-1.544689
3.362523,-1.553391
3.354909,-1.562094
3.350828,-1.570796
