scan.pos:-1.987567,4.863578,1.6352506.024944,1.562094
6.021781,1.553391
6.019080,1.544689
6.016840,1.535986
6.015059,1.527284
6.013737,1.518581
6.012873,1.509879
6.012467,1.501177
6.012520,1.492474
6.013030,1.483772
6.013998,1.475069
6.015425,1.466367
6.017311,1.457664
6.019656,1.448962
6.022462,1.440259
6.025731,1.431557
6.029461,1.422854
6.033657,1.414152
6.038318,1.405449
6.043447,1.396747
6.049046,1.388044
6.055117,1.379342
6.061662,1.370639
6.068684,1.361937
6.076185,1.353234
6.084169,1.344532
6.092638,1.335830
6.101597,1.327127
6.111048,1.318425
6.120995,1.309722
6.131442,1.301020
6.142394,1.292317
6.153853,1.283615
6.165827,1.274912
6.178319,1.266210
6.191333,1.257507
6.204876,1.248805
6.218954,1.240102
6.233571,1.231400
6.248733,1.222697
6.264448,1.213995
6.280722,1.205292
6.297561,1.196590
6.314973,1.187888
6.332966,1.179185
6.351546,1.170483
6.370722,1.161780
6.390502,1.153078
6.410896,1.144375
6.431911,1.135673
6.453557,1.126970
3.910430,1.118268
3.816855,1.109565
3.724678,1.100863
3.655556,1.092160
3.587763,1.083458
3.521201,1.074755
3.455777,1.066053
3.391405,1.057350
3.328007,1.048648
3.265505,1.039945
3.203831,1.031243
3.165425,1.022541
3.105312,1.013838
3.045840,1.005136
3.009778,0.996433
2.951533,0.987731
2.916821,0.979028
2.882777,0.970326
2.826077,0.961623
2.793135,0.952921
2.737215,0.944218
2.705225,0.935516
2.673726,0.926813
2.642689,0.918111
2.612085,0.909408
2.557675,0.900706
2.527712,0.892003
2.498101,0.883301
2.481448,0.874598
2.472446,0.865896
2.438538,0.857194
2.429516,0.848491
2.369931,0.839789
2.335203,0.831086
2.325837,0.822384
2.290670,0.813681
2.255172,0.804979
2.271780,0.796276
2.235964,0.787574
2.253025,0.778871
2.243691,0.770169
2.234383,0.761466
2.197836,0.752764
2.160862,0.744061
2.178867,0.735359
2.141447,0.726656
2.159928,0.717954
2.142577,0.709251
2.121061,0.700549
2.128171,0.691847
2.135778,0.683144
2.143891,0.674442
2.155301,0.665739
2.138167,0.657037
2.121979,0.648334
2.133111,0.639632
2.118608,0.630929
2.136362,0.622227
2.149883,0.613524
2.147861,0.604822
2.133034,0.596119
2.143845,0.587417
2.154673,0.578714
2.165522,0.570012
2.176394,0.561309
2.187293,0.552607
2.173748,0.543905
2.209183,0.535202
2.244360,0.526500
2.279292,0.517797
2.266192,0.509095
2.300943,0.500392
2.359115,0.491690
2.393324,0.482987
2.403968,0.474285
2.414682,0.465582
2.402330,0.456880
2.413307,0.448177
2.424359,0.439475
2.435487,0.430772
2.446694,0.422070
2.457982,0.413367
2.469353,0.404665
2.503196,0.395962
2.492355,0.387260
2.503990,0.378558
2.559923,0.369855
2.615593,0.361153
2.649090,0.352450
2.726208,0.343748
2.781187,0.335045
2.814288,0.326343
2.890563,0.317640
2.966516,0.308938
2.999267,0.300235
3.061156,0.291533
3.131373,0.282830
3.220062,0.274128
3.316431,0.265425
3.309090,0.256723
3.283357,0.248020
3.281573,0.239318
3.282822,0.230615
3.266451,0.221913
3.253701,0.213211
3.244856,0.204508
3.233657,0.195806
3.236369,0.187103
3.223650,0.178401
3.216727,0.169698
3.216188,0.160996
3.202211,0.152293
3.196175,0.143591
3.182465,0.134888
3.176849,0.126186
3.171493,0.117483
3.166396,0.108781
3.161556,0.100078
3.156970,0.091376
3.152638,0.082673
3.148557,0.073971
3.144726,0.065269
3.141143,0.056566
3.137806,0.047864
3.134716,0.039161
3.131869,0.030459
3.129266,0.021756
3.126905,0.013054
3.124786,0.004351
3.122907,-0.004351
3.121268,-0.013054
3.119868,-0.021756
3.118706,-0.030459
3.117783,-0.039161
3.117098,-0.047864
3.116650,-0.056566
3.116440,-0.065269
3.116467,-0.073971
3.116731,-0.082674
3.117233,-0.091376
3.117973,-0.100078
3.118950,-0.108781
3.120166,-0.117483
3.121621,-0.126186
3.123315,-0.134888
3.125248,-0.143591
3.127423,-0.152293
3.129839,-0.160996
3.132498,-0.169698
3.135400,-0.178401
3.138546,-0.187103
3.141939,-0.195806
3.145578,-0.204508
3.149467,-0.213211
3.153605,-0.221913
3.157995,-0.230616
3.162638,-0.239318
3.167537,-0.248021
3.172693,-0.256723
3.178108,-0.265425
3.183784,-0.274128
3.189724,-0.282830
3.195931,-0.291533
3.202405,-0.300235
3.209151,-0.308938
3.216171,-0.317640
3.223468,-0.326343
3.231044,-0.335045
3.238904,-0.343748
3.247049,-0.352450
3.255484,-0.361153
3.264213,-0.369855
3.273238,-0.378558
3.282564,-0.387260
3.292194,-0.395963
3.302134,-0.404665
3.312387,-0.413367
3.322957,-0.422070
3.333850,-0.430772
3.345070,-0.439475
3.356622,-0.448177
3.368512,-0.456880
3.380745,-0.465582
3.393326,-0.474285
3.406262,-0.482987
3.419558,-0.491690
3.433220,-0.500392
3.447256,-0.509095
3.461672,-0.517797
3.476475,-0.526500
3.491672,-0.535202
3.507270,-0.543905
3.523279,-0.552607
3.539704,-0.561310
3.556556,-0.570012
3.573843,-0.578714
3.591573,-0.587417
3.609756,-0.596119
3.628402,-0.604822
3.647521,-0.613524
3.667123,-0.622227
3.687219,-0.630929
3.707821,-0.639632
3.728940,-0.648334
3.750587,-0.657037
3.772777,-0.665739
3.795522,-0.674442
3.818835,-0.683144
1.493602,-0.691847
1.486631,-0.700549
1.455093,-0.709252
1.440920,-0.717954
1.413051,-0.726657
1.397251,-0.735359
1.400207,-0.744061
1.395738,-0.752764
1.365584,-0.761466
1.356924,-0.770169
1.353800,-0.778871
1.324375,-0.787574
1.321688,-0.796276
1.292270,-0.804979
1.287816,-0.813681
1.286330,-0.822384
1.285141,-0.831086
1.284246,-0.839789
1.311836,-0.848491
1.304803,-0.857194
1.293683,-0.865896
1.282848,-0.874599
1.272289,-0.883301
1.261998,-0.892003
1.278961,-0.900706
1.268971,-0.909408
1.259231,-0.918111
1.249734,-0.926813
1.240472,-0.935516
1.205449,-0.944218
1.196825,-0.952921
1.188415,-0.961623
1.180210,-0.970326
1.172207,-0.979028
1.164400,-0.987731
1.156784,-0.996433
1.149354,-1.005136
1.092853,-1.013838
1.086086,-1.022541
1.079483,-1.031243
1.073042,-1.039946
1.066758,-1.048648
1.060627,-1.057350
1.054646,-1.066053
1.048812,-1.074755
1.043121,-1.083458
1.037570,-1.092160
1.032156,-1.100863
1.026876,-1.109565
1.021727,-1.118268
1.016706,-1.126970
1.011811,-1.135673
1.007040,-1.144375
1.002389,-1.153078
0.997857,-1.161780
0.993441,-1.170483
0.989138,-1.179185
0.984948,-1.187888
0.980867,-1.196590
0.976894,-1.205293
0.973027,-1.213995
0.969264,-1.222697
0.965603,-1.231400
0.962042,-1.240102
0.958581,-1.248805
0.955217,-1.257507
0.951948,-1.266210
0.948774,-1.274912
0.945693,-1.283615
0.934667,-1.292317
0.931792,-1.301020
0.929005,-1.309722
0.926305,-1.318425
0.923692,-1.327127
0.921162,-1.335830
0.918717,-1.344532
0.916353,-1.353235
0.914072,-1.361937
0.911871,-1.370639
0.909750,-1.379342
0.907707,-1.388044
0.905743,-1.396747
0.903855,-1.405449
0.902044,-1.414152
0.900309,-1.422854
0.898649,-1.431557
0.897063,-1.440259
0.895551,-1.448962
0.894111,-1.457664
0.892745,-1.466367
0.891450,-1.475069
0.890226,-1.483772
0.889074,-1.492474
0.887992,-1.501177
0.886980,-1.509879
0.886038,-1.518582
0.885166,-1.527284
0.884362,-1.535986
0.883627,-1.544689
0.882960,-1.553391
0.882362,-1.562094
0.881831,-1.570796
