scan.pos:-0.096153,7.098475,0.1852500.915667,1.562094
0.914207,1.553391
0.912820,1.544689
0.911508,1.535986
0.910268,1.527284
0.909101,1.518581
0.908006,1.509879
0.906982,1.501177
0.906030,1.492474
0.905149,1.483772
0.904338,1.475069
0.903597,1.466367
0.902926,1.457664
0.902325,1.448962
0.901793,1.440259
0.901331,1.431557
0.900937,1.422854
0.900613,1.414152
0.900357,1.405449
0.900170,1.396747
0.900052,1.388044
0.900002,1.379342
0.900020,1.370639
0.900108,1.361937
0.900263,1.353234
0.900488,1.344532
0.900781,1.335830
0.901143,1.327127
0.901574,1.318425
0.902074,1.309722
0.902643,1.301020
0.903282,1.292317
0.903991,1.283615
0.904770,1.274912
0.905619,1.266210
0.906539,1.257507
0.907530,1.248805
0.908592,1.240102
0.909727,1.231400
0.910933,1.222697
0.912213,1.213995
0.913565,1.205292
0.914991,1.196590
0.916492,1.187888
0.918068,1.179185
0.919719,1.170483
0.921447,1.161780
0.923251,1.153078
0.925133,1.144375
0.927094,1.135673
0.929134,1.126970
0.931254,1.118268
0.933455,1.109565
0.935737,1.100863
0.938103,1.092160
0.940552,1.083458
0.943086,1.074755
0.945706,1.066053
0.948413,1.057350
0.951209,1.048648
0.954093,1.039945
0.957069,1.031243
0.960136,1.022541
0.963296,1.013838
0.966552,1.005136
0.969903,0.996433
0.973352,0.987731
0.976901,0.979028
0.980550,0.970326
0.984302,0.961623
0.988159,0.952921
0.992121,0.944218
0.996192,0.935516
1.000373,0.926813
1.004665,0.918111
1.009072,0.909408
1.013596,0.900706
1.018237,0.892003
1.023000,0.883301
1.027887,0.874598
1.032899,0.865896
1.038040,0.857194
1.043312,0.848491
1.048718,0.839789
1.054261,0.831086
1.059944,0.822384
1.065771,0.813681
1.071744,0.804979
1.077867,0.796276
1.084143,0.787574
1.090576,0.778871
1.097170,0.770169
1.103929,0.761466
1.110857,0.752764
1.117958,0.744061
1.125237,0.735359
1.132697,0.726656
1.140345,0.717954
1.148185,0.709251
1.156222,0.700549
1.164462,0.691847
1.172910,0.683144
1.181572,0.674442
1.190454,0.665739
1.199563,0.657037
1.208905,0.648334
1.218488,0.639632
1.228317,0.630929
1.238402,0.622227
1.248749,0.613524
1.259368,0.604822
1.270266,0.596119
1.264304,0.587417
1.281416,0.578714
1.298337,0.570012
1.287680,0.561309
1.304470,0.552607
1.321090,0.543905
1.337551,0.535202
1.353858,0.526500
1.370022,0.517797
1.386049,0.509095
1.401947,0.500392
1.417723,0.491690
1.410231,0.482987
1.425987,0.474285
1.423910,0.465582
1.440173,0.456880
1.464964,0.448177
1.481614,0.439475
1.507940,0.430772
1.525039,0.422070
1.528699,0.413367
1.546458,0.404665
1.576307,0.395962
1.594650,0.387260
1.626365,0.378558
1.645378,0.369855
1.655614,0.361153
1.698878,0.352450
1.718733,0.343748
1.732298,0.335045
1.776189,0.326343
1.792413,0.317640
1.814339,0.308938
1.856211,0.300235
1.879325,0.291533
1.925147,0.282830
1.948565,0.274128
1.973347,0.265425
2.022546,0.256723
2.048971,0.248020
2.097814,0.239318
2.130151,0.230615
2.180818,0.221913
2.210138,0.213211
2.270411,0.204508
2.323769,0.195806
2.367486,0.187103
2.423554,0.178401
2.480409,0.169698
2.532391,0.160996
2.592686,0.152293
2.675263,0.143591
2.737179,0.134888
2.802944,0.126186
2.870275,0.117483
2.965437,0.108781
3.059345,0.100078
3.134532,0.091376
3.244924,0.082673
3.348443,0.073971
3.472266,0.065269
3.585106,0.056566
3.701938,0.047864
3.849786,0.039161
4.000175,0.030459
4.176900,0.021756
4.337064,0.013054
4.512177,0.004351
4.757471,-0.004351
4.972462,-0.013054
5.238206,-0.021756
5.506397,-0.030459
5.864820,-0.039161
6.199496,-0.047864
6.620496,-0.056566
7.072649,-0.065269
7.575685,-0.073971
1.697642,-0.831086
1.620239,-0.839789
1.601138,-0.848491
1.600826,-0.857194
1.582355,-0.865896
1.454680,-0.874599
1.378604,-0.883301
1.359813,-0.892003
1.363254,-0.900706
1.344919,-0.909408
1.323354,-0.918111
1.332308,-0.926813
1.312150,-0.935516
1.266894,-0.944218
1.220999,-0.952921
1.203396,-0.961623
1.213810,-0.970326
1.151922,-0.979028
1.142132,-0.987731
1.132592,-0.996433
1.123296,-1.005136
1.114235,-1.013838
1.105402,-1.022541
1.096791,-1.031243
1.088396,-1.039946
1.027517,-1.048648
1.019923,-1.057350
1.012518,-1.066053
1.005295,-1.074755
0.998250,-1.083458
0.991378,-1.092160
0.984674,-1.100863
0.978135,-1.109565
0.971755,-1.118268
0.965531,-1.126970
0.959459,-1.135673
0.953535,-1.144375
0.947755,-1.153078
0.942117,-1.161780
0.936616,-1.170483
0.931249,-1.179185
0.926014,-1.187888
0.920906,-1.196590
0.915925,-1.205293
0.911065,-1.213995
0.906326,-1.222697
0.901704,-1.231400
0.897197,-1.240102
0.892803,-1.248805
0.888519,-1.257507
0.884342,-1.266210
0.880272,-1.274912
0.876305,-1.283615
0.872440,-1.292317
0.868675,-1.301020
0.865007,-1.309722
0.861436,-1.318425
0.857959,-1.327127
0.854575,-1.335830
0.851282,-1.344532
0.848079,-1.353235
0.844964,-1.361937
0.841936,-1.370639
0.838993,-1.379342
0.836134,-1.388044
0.833357,-1.396747
0.830662,-1.405449
0.828047,-1.414152
0.825512,-1.422854
0.823054,-1.431557
0.820673,-1.440259
0.818368,-1.448962
0.816138,-1.457664
0.813982,-1.466367
0.811899,-1.475069
0.809888,-1.483772
0.807948,-1.492474
0.806079,-1.501177
0.804279,-1.509879
0.802549,-1.518582
0.800887,-1.527284
0.799292,-1.535986
0.797765,-1.544689
0.796304,-1.553391
0.794908,-1.562094
0.793578,-1.570796
