scan.pos:6.537474,2.498926,-2.0147501.597375,1.562094
1.604094,1.553391
1.610992,1.544689
1.618075,1.535986
1.625344,1.527284
1.654185,1.518581
1.647752,1.509879
1.664689,1.501177
1.659384,1.492474
1.683727,1.483772
1.680328,1.475069
1.700692,1.466367
1.706831,1.457664
1.705655,1.448962
1.728581,1.440259
1.739219,1.431557
1.740137,1.422854
1.741435,1.414152
1.756243,1.405449
1.783425,1.396747
1.786725,1.388044
1.790392,1.379342
1.810469,1.370639
1.815581,1.361937
1.813342,1.353234
1.794360,1.344532
1.775387,1.335830
1.776013,1.327127
1.731837,1.318425
1.739430,1.309722
1.716536,1.301020
1.698669,1.292317
1.677202,1.283615
1.659717,1.274912
1.642154,1.266210
1.622462,1.257507
1.605212,1.248805
1.614577,1.240102
1.569821,1.231400
1.580964,1.222697
1.570477,1.213995
1.557154,1.205292
1.488969,1.196590
1.476769,1.187888
1.464877,1.179185
1.453286,1.170483
1.389960,1.161780
1.379340,1.153078
1.368984,1.144375
1.358885,1.135673
1.349036,1.126970
1.339430,1.118268
1.330060,1.109565
1.320920,1.100863
1.312005,1.092160
1.303307,1.083458
1.294822,1.074755
1.286545,1.066053
1.278469,1.057350
1.270590,1.048648
1.262903,1.039945
1.255403,1.031243
1.248087,1.022541
1.240949,1.013838
1.233986,1.005136
1.227194,0.996433
1.220568,0.987731
1.214106,0.979028
1.207803,0.970326
1.201656,0.961623
1.195662,0.952921
1.189818,0.944218
1.184120,0.935516
1.178566,0.926813
1.173153,0.918111
1.167878,0.909408
1.162738,0.900706
1.157731,0.892003
1.152854,0.883301
1.148106,0.874598
1.143482,0.865896
1.138983,0.857194
1.134605,0.848491
1.130346,0.839789
1.126204,0.831086
1.122178,0.822384
1.118265,0.813681
1.114464,0.804979
1.110773,0.796276
1.107191,0.787574
1.103715,0.778871
1.100345,0.770169
1.097078,0.761466
1.093914,0.752764
1.090851,0.744061
1.087888,0.735359
1.085023,0.726656
1.082255,0.717954
1.079584,0.709251
1.077007,0.700549
1.074524,0.691847
1.072134,0.683144
1.069836,0.674442
1.067629,0.665739
1.065512,0.657037
1.063485,0.648334
1.020717,0.639632
1.018936,0.630929
1.017239,0.622227
1.015625,0.613524
1.014093,0.604822
1.012643,0.596119
1.011274,0.587417
1.009985,0.578714
1.008776,0.570012
1.007647,0.561309
1.006597,0.552607
1.005626,0.543905
1.004733,0.535202
1.003918,0.526500
1.003180,0.517797
1.002520,0.509095
1.001937,0.500392
0.961374,0.491690
0.960962,0.482987
0.960623,0.474285
0.960357,0.465582
0.960165,0.456880
0.960046,0.448177
0.960001,0.439475
0.960028,0.430772
0.960128,0.422070
0.960302,0.413367
0.960549,0.404665
0.960869,0.395962
0.961262,0.387260
0.961730,0.378558
0.962270,0.369855
0.962885,0.361153
0.963574,0.352450
0.964338,0.343748
0.965176,0.335045
0.966090,0.326343
0.967079,0.317640
0.968144,0.308938
0.969284,0.300235
0.970502,0.291533
0.971797,0.282830
0.973170,0.274128
0.974620,0.265425
0.976150,0.256723
0.977759,0.248020
0.979447,0.239318
0.981217,0.230615
0.983068,0.221913
0.985001,0.213211
0.987017,0.204508
0.989117,0.195806
0.991302,0.187103
0.993571,0.178401
0.995928,0.169698
0.998372,0.160996
1.000904,0.152293
1.003526,0.143591
1.006238,0.134888
1.009042,0.126186
1.011939,0.117483
1.014930,0.108781
1.018017,0.100078
1.021200,0.091376
1.024482,0.082673
1.027864,0.073971
1.031346,0.065269
1.034932,0.056566
1.038622,0.047864
1.042418,0.039161
1.046321,0.030459
1.050335,0.021756
1.054459,0.013054
1.058698,0.004351
1.063052,-0.004351
1.067523,-0.013054
1.072114,-0.021756
1.076827,-0.030459
1.081665,-0.039161
1.086629,-0.047864
1.091723,-0.056566
1.096949,-0.065269
1.102309,-0.073971
1.107806,-0.082674
1.113444,-0.091376
1.119225,-0.100078
1.125153,-0.108781
1.131231,-0.117483
1.137461,-0.126186
1.143848,-0.134888
1.150396,-0.143591
1.157107,-0.152293
1.163987,-0.160996
1.171038,-0.169698
1.178266,-0.178401
1.185674,-0.187103
1.193267,-0.195806
1.201051,-0.204508
1.209029,-0.213211
1.217207,-0.221913
1.225591,-0.230616
1.234185,-0.239318
1.242997,-0.248021
1.252031,-0.256723
1.261294,-0.265425
1.270792,-0.274128
1.280533,-0.282830
1.290524,-0.291533
1.300771,-0.300235
1.311284,-0.308938
1.322069,-0.317640
1.333135,-0.326343
1.344491,-0.335045
1.356147,-0.343748
1.347415,-0.352450
1.363817,-0.361153
1.380047,-0.369855
1.396114,-0.378558
1.412026,-0.387260
1.427793,-0.395963
1.443420,-0.404665
1.432391,-0.413367
1.421637,-0.422070
1.437282,-0.430772
1.452808,-0.439475
1.468221,-0.448177
1.483528,-0.456880
1.498737,-0.465582
1.539083,-0.474285
1.553943,-0.482987
1.543827,-0.491690
1.533957,-0.500392
1.524328,-0.509095
1.563803,-0.517797
1.578629,-0.526500
1.593397,-0.535202
1.608112,-0.543905
1.622780,-0.552607
1.661135,-0.561310
1.675592,-0.570012
1.690018,-0.578714
1.634373,-0.587417
1.625888,-0.596119
1.617614,-0.604822
1.586552,-0.613524
1.510154,-0.622227
1.502922,-0.630929
1.495872,-0.639632
1.489002,-0.648334
1.370010,-0.657037
1.319260,-0.665739
1.291315,-0.674442
1.285876,-0.683144
1.236421,-0.691847
1.231443,-0.700549
1.226597,-0.709252
1.178243,-0.717954
1.173821,-0.726657
1.169520,-0.735359
1.143758,-0.744061
1.139770,-0.752764
1.135896,-0.761466
1.132134,-0.770169
1.085899,-0.778871
1.082490,-0.787574
1.079184,-0.796276
1.075981,-0.804979
1.072877,-0.813681
1.069873,-0.822384
1.066967,-0.831086
1.064157,-0.839789
1.061442,-0.848491
1.058822,-0.857194
1.056295,-0.865896
1.053860,-0.874599
1.051516,-0.883301
1.049263,-0.892003
1.047098,-0.900706
1.045022,-0.909408
1.043033,-0.918111
1.041131,-0.926813
1.039315,-0.935516
1.037584,-0.944218
1.035938,-0.952921
1.034375,-0.961623
1.032896,-0.970326
1.031499,-0.979028
1.030185,-0.987731
1.028952,-0.996433
1.027800,-1.005136
1.026729,-1.013838
1.025738,-1.022541
1.024827,-1.031243
1.023996,-1.039946
1.023244,-1.048648
1.022570,-1.057350
1.021976,-1.066053
1.021460,-1.074755
1.061062,-1.083458
1.060688,-1.092160
1.060395,-1.100863
1.060183,-1.109565
1.060051,-1.118268
1.060001,-1.126970
1.060031,-1.135673
1.080144,-1.144375
1.080340,-1.153078
1.120640,-1.161780
1.121014,-1.170483
1.121473,-1.179185
1.122018,-1.187888
1.162743,-1.196590
1.163486,-1.205293
1.164319,-1.213995
1.165242,-1.222697
1.226578,-1.231400
1.348500,-1.240102
1.349881,-1.248805
1.411876,-1.257507
1.494314,-1.266210
1.496191,-1.274912
1.518433,-1.283615
1.520577,-1.292317
1.522844,-1.301020
1.586243,-1.309722
1.690708,-1.318425
1.754843,-1.327127
1.839782,-1.335830
1.904694,-1.344532
1.908440,-1.353235
1.953472,-1.361937
1.978234,-1.370639
1.982603,-1.379342
2.090640,-1.388044
2.157844,-1.396747
2.163139,-1.405449
2.272886,-1.414152
2.299746,-1.422854
2.347888,-1.431557
2.396475,-1.440259
5.373263,-1.448962
5.389146,-1.457664
5.405536,-1.466367
5.422441,-1.475069
5.439866,-1.483772
5.457821,-1.492474
5.476314,-1.501177
5.495352,-1.509879
5.514945,-1.518582
5.535100,-1.527284
5.599425,-1.535986
5.620903,-1.544689
5.686913,-1.553391
5.709771,-1.562094
5.733252,-1.570796
