scan.pos:4.772216,6.865634,1.9184353.586778,1.562094
3.575608,1.553391
3.564777,1.544689
3.554282,1.535986
3.544118,1.527284
3.534280,1.518581
3.524764,1.509879
3.515566,1.501177
3.506683,1.492474
3.539603,1.483772
3.531239,1.475069
3.543833,1.466367
3.536034,1.457664
3.569660,1.448962
3.582899,1.440259
3.616836,1.431557
3.650918,1.422854
3.787171,1.414152
3.801020,1.405449
3.815112,1.396747
3.870055,1.388044
3.904853,1.379342
4.109521,1.370639
4.115530,1.361937
4.244482,1.353234
4.318802,1.344532
4.606248,1.335830
4.882820,1.327127
5.400638,1.318425
7.414322,1.066053
6.992061,1.057350
6.639844,1.048648
6.300095,1.039945
6.020417,1.031243
5.758911,1.022541
5.513190,1.013838
5.281260,1.005136
5.061441,0.996433
4.893372,0.987731
4.714361,0.979028
4.544134,0.970326
4.404844,0.961623
4.251576,0.952921
4.125045,0.944218
4.004004,0.935516
3.867069,0.926813
3.755470,0.918111
3.665695,0.909408
3.563974,0.900706
3.465597,0.892003
3.391443,0.883301
3.298998,0.874598
3.209129,0.865896
3.142993,0.857194
3.066443,0.848491
3.006153,0.839789
2.947808,0.831086
2.869612,0.822384
2.814682,0.813681
2.761320,0.804979
2.709419,0.796276
2.654792,0.787574
2.606605,0.778871
2.559577,0.770169
2.513633,0.761466
2.468700,0.752764
2.424714,0.744061
2.383546,0.735359
2.342189,0.726656
2.301585,0.717954
2.261683,0.709251
2.245435,0.700549
2.206918,0.691847
2.176125,0.683144
2.139528,0.674442
2.103413,0.665739
2.067746,0.657037
2.056229,0.648334
2.021493,0.639632
1.998968,0.630929
1.965663,0.622227
1.956939,0.613524
1.924336,0.604822
1.891973,0.596119
1.875362,0.587417
1.844127,0.578714
1.838127,0.570012
1.807367,0.561309
1.802140,0.552607
1.765297,0.543905
1.761317,0.535202
1.731818,0.526500
1.728503,0.517797
1.699267,0.509095
1.692673,0.500392
1.664148,0.491690
1.635597,0.482987
1.634162,0.474285
1.603824,0.465582
1.603412,0.456880
1.575525,0.448177
1.575607,0.439475
1.573708,0.430772
1.560191,0.422070
1.547022,0.413367
1.534188,0.404665
1.521681,0.395962
1.509490,0.387260
1.497605,0.378558
1.486019,0.369855
1.474722,0.361153
1.463706,0.352450
1.452964,0.343748
1.442487,0.335045
1.432268,0.326343
1.422301,0.317640
1.412578,0.308938
1.403093,0.300235
1.393841,0.291533
1.384814,0.282830
1.376008,0.274128
1.367416,0.265425
1.359034,0.256723
1.350856,0.248020
1.342878,0.239318
1.335094,0.230615
1.327501,0.221913
1.320093,0.213211
1.312868,0.204508
1.305819,0.195806
1.298945,0.187103
1.292240,0.178401
1.285702,0.169698
1.279326,0.160996
1.273110,0.152293
1.267050,0.143591
1.261142,0.134888
1.255385,0.126186
1.249775,0.117483
1.244310,0.108781
1.238985,0.100078
1.233800,0.091376
1.228751,0.082673
1.223836,0.073971
1.219053,0.065269
1.214399,0.056566
1.209872,0.047864
1.205470,0.039161
1.201192,0.030459
1.197034,0.021756
1.192996,0.013054
1.189075,0.004351
1.185270,-0.004351
1.187552,-0.013054
1.183955,-0.021756
1.180469,-0.030459
1.177093,-0.039161
1.173826,-0.047864
1.170665,-0.056566
1.167611,-0.065269
1.164660,-0.073971
1.161813,-0.082674
1.159067,-0.091376
1.156423,-0.100078
1.153878,-0.108781
1.151432,-0.117483
1.149083,-0.126186
1.146831,-0.134888
1.144675,-0.143591
1.142614,-0.152293
1.140648,-0.160996
1.138774,-0.169698
1.136993,-0.178401
1.135304,-0.187103
1.133706,-0.195806
1.132199,-0.204508
1.130781,-0.213211
1.129453,-0.221913
1.128214,-0.230616
1.127064,-0.239318
1.126002,-0.248021
1.125027,-0.256723
1.124139,-0.265425
1.123338,-0.274128
1.122624,-0.282830
1.121996,-0.291533
1.121454,-0.300235
1.120998,-0.308938
1.120628,-0.317640
1.120343,-0.326343
1.120144,-0.335045
1.120030,-0.343748
1.120001,-0.352450
1.120058,-0.361153
1.120200,-0.369855
1.120427,-0.378558
1.120740,-0.387260
1.121138,-0.395963
1.121622,-0.404665
1.122192,-0.413367
1.122848,-0.422070
1.123591,-0.430772
1.124420,-0.439475
1.125336,-0.448177
1.126339,-0.456880
1.127431,-0.465582
1.128610,-0.474285
1.129878,-0.482987
1.131235,-0.491690
1.132682,-0.500392
1.134218,-0.509095
1.135846,-0.517797
1.137565,-0.526500
1.139376,-0.535202
1.141280,-0.543905
1.143278,-0.552607
1.145370,-0.561310
1.147557,-0.570012
1.149841,-0.578714
1.152221,-0.587417
1.154699,-0.596119
1.157277,-0.604822
1.159954,-0.613524
1.162733,-0.622227
1.165613,-0.630929
1.168598,-0.639632
1.171687,-0.648334
1.174882,-0.657037
1.178185,-0.665739
1.181597,-0.674442
1.185119,-0.683144
1.188752,-0.691847
1.192500,-0.700549
1.196362,-0.709252
1.200341,-0.717954
1.204439,-0.726657
1.208657,-0.735359
1.212997,-0.744061
1.217462,-0.752764
1.215907,-0.761466
1.220603,-0.770169
1.225429,-0.778871
1.230387,-0.787574
1.235480,-0.796276
1.240711,-0.804979
1.246081,-0.813681
1.251594,-0.822384
1.257252,-0.831086
1.263058,-0.839789
1.269014,-0.848491
1.275125,-0.857194
1.281393,-0.865896
1.287822,-0.874599
1.294414,-0.883301
1.301174,-0.892003
1.308105,-0.900706
1.315211,-0.909408
1.322496,-0.918111
1.329963,-0.926813
1.337618,-0.935516
1.345465,-0.944218
1.353508,-0.952921
1.361752,-0.961623
1.370202,-0.970326
1.378863,-0.979028
1.387741,-0.987731
1.396841,-0.996433
1.406169,-1.005136
1.415731,-1.013838
1.425533,-1.022541
1.435582,-1.031243
1.445884,-1.039946
1.456447,-1.048648
1.467278,-1.057350
1.478385,-1.066053
1.489776,-1.074755
1.501459,-1.083458
1.513442,-1.092160
1.525735,-1.100863
1.538348,-1.109565
1.551291,-1.118268
1.564573,-1.126970
1.575623,-1.135673
1.573817,-1.144375
1.600135,-1.153078
1.598815,-1.161780
1.627229,-1.170483
1.626914,-1.179185
1.653849,-1.187888
1.657633,-1.196590
1.685208,-1.205293
1.712773,-1.213995
1.714269,-1.222697
1.747665,-1.231400
1.750309,-1.240102
1.778902,-1.248805
1.807573,-1.257507
1.818892,-1.266210
1.848492,-1.274912
1.853379,-1.283615
1.883441,-1.292317
1.899110,-1.301020
1.930287,-1.309722
1.961695,-1.318425
1.969260,-1.327127
2.001347,-1.335830
2.022891,-1.344532
2.056386,-1.353235
2.090251,-1.361937
2.124518,-1.370639
2.151518,-1.379342
2.187503,-1.388044
2.224005,-1.396747
2.238100,-1.405449
2.275862,-1.414152
2.310802,-1.422854
2.350779,-1.431557
2.391504,-1.440259
2.433029,-1.448962
2.497741,-1.457664
2.519987,-1.466367
2.565284,-1.475069
2.611656,-1.483772
2.681145,-1.492474
2.729816,-1.501177
2.779809,-1.509879
2.839150,-1.518582
2.893322,-1.527284
2.970729,-1.535986
3.028305,-1.544689
3.087821,-1.553391
3.170767,-1.562094
3.250718,-1.570796
