scan.pos:6.471034,2.442756,-2.9147500.985241,1.562094
0.983297,1.553391
0.981436,1.544689
0.979657,1.535986
0.977959,1.527284
0.976340,1.518581
0.974801,1.509879
0.973341,1.501177
0.971959,1.492474
0.970655,1.483772
0.969428,1.475069
0.968277,1.466367
0.967203,1.457664
0.925947,1.448962
0.925063,1.440259
0.924251,1.431557
0.923510,1.422854
0.922841,1.414152
0.922243,1.405449
0.921716,1.396747
0.921260,1.388044
0.920874,1.379342
0.920559,1.370639
0.920314,1.361937
0.920139,1.353234
0.920035,1.344532
0.920000,1.335830
0.920035,1.327127
0.920141,1.318425
0.920317,1.309722
0.920562,1.301020
0.920878,1.292317
0.921265,1.283615
0.921722,1.274912
0.922250,1.266210
0.922848,1.257507
0.923518,1.248805
0.924260,1.240102
0.925072,1.231400
0.925957,1.222697
0.926915,1.213995
0.927945,1.205292
0.929048,1.196590
0.930225,1.187888
0.931475,1.179185
0.932801,1.170483
0.934201,1.161780
0.935677,1.153078
0.937229,1.144375
0.938857,1.135673
0.940563,1.126970
0.942348,1.118268
0.944211,1.109565
0.946153,1.100863
0.948176,1.092160
0.950281,1.083458
0.952467,1.074755
0.954736,1.066053
0.957089,1.057350
0.959527,1.048648
0.962051,1.039945
0.964662,1.031243
0.967361,1.022541
0.970149,1.013838
0.973028,1.005136
0.975998,0.996433
0.979061,0.987731
0.982219,0.979028
0.985472,0.970326
0.988823,0.961623
0.992272,0.952921
0.995822,0.944218
0.999473,0.935516
1.003228,0.926813
1.007088,0.918111
1.011055,0.909408
1.015131,0.900706
1.019319,0.892003
1.023619,0.883301
1.028034,0.874598
1.032567,0.865896
1.037218,0.857194
1.041992,0.848491
1.046890,0.839789
1.051915,0.831086
1.057069,0.822384
1.062355,0.813681
1.067776,0.804979
1.073335,0.796276
1.079035,0.787574
1.084878,0.778871
1.090869,0.770169
1.097010,0.761466
1.103305,0.752764
1.109758,0.744061
1.116372,0.735359
1.123152,0.726656
1.130101,0.717954
1.137224,0.709251
1.144525,0.700549
1.152008,0.691847
1.159679,0.683144
1.167542,0.674442
1.175603,0.665739
1.183867,0.657037
1.192339,0.648334
1.201025,0.639632
1.209932,0.630929
1.219065,0.622227
1.228432,0.613524
1.238038,0.604822
1.247892,0.596119
1.258000,0.587417
1.268371,0.578714
1.279012,0.570012
1.289933,0.561309
1.301142,0.552607
1.289806,0.543905
1.306690,0.535202
1.323392,0.526500
1.339918,0.517797
1.356279,0.509095
1.372483,0.500392
1.361836,0.491690
1.351454,0.482987
1.367632,0.474285
1.383674,0.465582
1.399587,0.456880
1.415378,0.448177
1.431055,0.439475
1.446624,0.430772
1.462092,0.422070
1.477464,0.413367
1.467869,0.404665
1.458507,0.395962
1.473940,0.387260
1.489293,0.378558
1.504572,0.369855
1.519783,0.361153
1.534931,0.352450
1.573868,0.343748
1.588773,0.335045
1.603632,0.326343
1.618452,0.317640
1.563242,0.308938
1.555148,0.300235
1.547254,0.291533
1.516578,0.282830
1.463453,0.274128
1.433706,0.265425
1.427000,0.256723
1.420464,0.248020
1.301865,0.239318
1.296152,0.230615
1.246084,0.221913
1.218692,0.213211
1.213687,0.204508
1.164858,0.195806
1.160289,0.187103
1.155842,0.178401
1.108064,0.169698
1.104017,0.160996
1.100083,0.152293
1.074765,0.143591
1.071124,0.134888
1.067589,0.126186
1.064158,0.117483
1.060830,0.108781
1.015298,0.100078
1.012296,0.091376
1.009387,0.082673
1.006572,0.073971
1.003849,0.065269
1.001216,0.056566
0.998673,0.047864
0.996219,0.039161
0.993852,0.030459
0.991571,0.021756
0.989377,0.013054
0.987267,0.004351
0.985241,-0.004351
0.983297,-0.013054
0.981436,-0.021756
0.979657,-0.030459
0.977959,-0.039161
0.976340,-0.047864
0.974801,-0.056566
0.973341,-0.065269
0.971959,-0.073971
0.970655,-0.082674
0.969428,-0.091376
0.968277,-0.100078
0.967203,-0.108781
0.966205,-0.117483
0.965283,-0.126186
0.964435,-0.134888
0.963663,-0.143591
0.962965,-0.152293
0.962341,-0.160996
0.961791,-0.169698
0.961315,-0.178401
0.960912,-0.187103
0.960584,-0.195806
0.960328,-0.204508
0.960145,-0.213211
1.000038,-0.221913
1.000000,-0.230616
1.000039,-0.239318
1.000153,-0.248021
1.000344,-0.256723
1.000611,-0.265425
1.000955,-0.274128
1.001375,-0.282830
1.021909,-0.291533
1.022494,-0.300235
1.063282,-0.308938
1.064054,-0.317640
1.064908,-0.326343
1.065844,-0.335045
1.107123,-0.343748
1.108268,-0.352450
1.109499,-0.361153
1.171408,-0.369855
1.294226,-0.378558
1.295966,-0.387260
1.358644,-0.395963
1.441918,-0.404665
1.444196,-0.413367
1.466966,-0.422070
1.469516,-0.430772
1.472186,-0.439475
1.536436,-0.448177
1.642106,-0.456880
1.789464,-0.465582
1.793290,-0.474285
1.859245,-0.482987
1.904934,-0.491690
1.930227,-0.500392
1.934985,-0.509095
2.044210,-0.517797
2.112330,-0.526500
2.222917,-0.535202
2.229136,-0.543905
2.256651,-0.552607
2.305653,-0.561310
2.355126,-0.570012
5.354012,-0.578714
5.371280,-0.587417
5.389071,-0.596119
5.407393,-0.604822
5.426255,-0.613524
5.445665,-0.622227
5.465633,-0.630929
5.486166,-0.639632
5.544986,-0.648334
5.572930,-0.657037
5.639534,-0.665739
5.662796,-0.674442
5.686686,-0.683144
5.733563,-0.691847
5.758842,-0.700549
5.784787,-0.709252
5.811411,-0.717954
5.838728,-0.726657
5.866752,-0.735359
5.895498,-0.744061
5.924980,-0.752764
5.955214,-0.761466
5.986217,-0.770169
5.994547,-0.778871
6.003426,-0.787574
6.012862,-0.796276
6.046712,-0.804979
6.081411,-0.813681
6.116980,-0.822384
6.153438,-0.831086
6.312889,-0.839789
7.763012,-1.022541
7.697303,-1.031243
7.633274,-1.039946
7.570872,-1.048648
7.510050,-1.057350
7.450761,-1.066053
7.392959,-1.074755
7.336601,-1.083458
7.281646,-1.092160
7.228055,-1.100863
7.175789,-1.109565
7.124813,-1.118268
7.075090,-1.126970
7.026589,-1.135673
6.979275,-1.144375
6.933119,-1.153078
6.888091,-1.161780
6.844161,-1.170483
6.801303,-1.179185
6.759490,-1.187888
6.718697,-1.196590
6.678898,-1.205293
6.640070,-1.213995
6.602192,-1.222697
6.565240,-1.231400
6.529194,-1.240102
6.494034,-1.248805
6.459740,-1.257507
6.426292,-1.266210
6.393674,-1.274912
6.361867,-1.283615
6.330855,-1.292317
6.300621,-1.301020
6.271150,-1.309722
6.242426,-1.318425
6.214436,-1.327127
6.187164,-1.335830
6.160598,-1.344532
6.134725,-1.353235
6.109530,-1.361937
6.085004,-1.370639
6.061133,-1.379342
6.037907,-1.388044
6.015315,-1.396747
5.993346,-1.405449
5.971990,-1.414152
5.951237,-1.422854
5.931077,-1.431557
5.911503,-1.440259
5.892505,-1.448962
5.874074,-1.457664
5.856203,-1.466367
5.838884,-1.475069
5.822109,-1.483772
5.805871,-1.492474
5.790162,-1.501177
5.774977,-1.509879
5.760310,-1.518582
5.746152,-1.527284
5.732500,-1.535986
5.719347,-1.544689
5.706688,-1.553391
5.694518,-1.562094
5.682831,-1.570796
