scan.pos:-2.023636,5.422415,1.6352505.988800,1.562094
5.985656,1.553391
5.982971,1.544689
5.980744,1.535986
5.978974,1.527284
5.977660,1.518581
5.976801,1.509879
5.976398,1.501177
5.976450,1.492474
5.976957,1.483772
5.977920,1.475069
5.979338,1.466367
5.981213,1.457664
5.983544,1.448962
5.986333,1.440259
5.989582,1.431557
5.993290,1.422854
5.997460,1.414152
6.002094,1.405449
6.007192,1.396747
6.012757,1.388044
6.018792,1.379342
6.025297,1.370639
6.032277,1.361937
6.039733,1.353234
6.047669,1.344532
6.056088,1.335830
6.064993,1.327127
6.074387,1.318425
6.084274,1.309722
6.094659,1.301020
6.105545,1.292317
6.116936,1.283615
6.128838,1.274912
6.141254,1.266210
3.731825,1.257507
3.606616,1.248805
3.483124,1.240102
3.368319,1.231400
3.280415,1.222697
3.184474,1.213995
3.130069,1.205292
2.991822,1.196590
2.916068,1.187888
2.882244,1.179185
2.827316,1.170483
2.708701,1.161780
2.653339,1.153078
2.619155,1.144375
2.499369,1.135673
2.464845,1.126970
2.430275,1.118268
2.352412,1.109565
2.317562,1.100863
2.282633,1.092160
2.203894,1.083458
2.190551,1.074755
2.155237,1.066053
2.097679,1.057350
2.062020,1.048648
2.048527,1.039945
1.990257,1.031243
1.954132,1.022541
1.940440,1.013838
1.881337,1.005136
1.890293,0.996433
1.899481,0.987731
1.885855,0.979028
1.872237,0.970326
1.812051,0.961623
1.798190,0.952921
1.784320,0.944218
1.770435,0.935516
1.780327,0.926813
1.766536,0.918111
1.728652,0.909408
1.738879,0.900706
1.725004,0.892003
1.735600,0.883301
1.746460,0.874598
1.732773,0.865896
1.719043,0.857194
1.730408,0.848491
1.716745,0.839789
1.728514,0.831086
1.714913,0.822384
1.704375,0.813681
1.724881,0.804979
1.719966,0.796276
1.689048,0.787574
1.711391,0.778871
1.734550,0.770169
1.704451,0.761466
1.728843,0.752764
1.726593,0.744061
1.752456,0.735359
1.723288,0.726656
1.722229,0.717954
1.740904,0.709251
1.726068,0.700549
1.766933,0.691847
1.779822,0.683144
1.792637,0.674442
1.805382,0.665739
1.818064,0.657037
1.830687,0.648334
1.869635,0.639632
1.881962,0.630929
1.920242,0.622227
1.906506,0.613524
1.944356,0.604822
1.930934,0.596119
1.943115,0.587417
1.930174,0.578714
1.942491,0.570012
1.954796,0.561309
1.942466,0.552607
1.930438,0.543905
1.943027,0.535202
1.955613,0.526500
1.968198,0.517797
1.980786,0.509095
1.993382,0.500392
1.982354,0.491690
2.018608,0.482987
2.031246,0.474285
2.043905,0.465582
2.102866,0.456880
2.118155,0.448177
2.146229,0.439475
2.174685,0.430772
2.226242,0.422070
2.255442,0.413367
2.283910,0.404665
2.337433,0.395962
2.369040,0.387260
2.423450,0.378558
2.456224,0.369855
2.511709,0.361153
2.550793,0.352450
2.608705,0.343748
2.667346,0.335045
2.705111,0.326343
2.765506,0.317640
2.762283,0.308938
2.751516,0.300235
2.752827,0.291533
2.734532,0.282830
2.718173,0.274128
2.725032,0.265425
2.712808,0.256723
2.703778,0.248020
2.698217,0.239318
2.695362,0.230615
2.674535,0.221913
2.677773,0.213211
2.663624,0.204508
2.667397,0.195806
2.663816,0.187103
2.644266,0.178401
2.632402,0.169698
2.626917,0.160996
2.621654,0.152293
2.616611,0.143591
2.611785,0.134888
2.607176,0.126186
2.602781,0.117483
2.598598,0.108781
2.594625,0.100078
2.590862,0.091376
2.587306,0.082673
2.583957,0.073971
2.580813,0.065269
2.577873,0.056566
2.575135,0.047864
2.572598,0.039161
2.570262,0.030459
2.568126,0.021756
2.566188,0.013054
2.564449,0.004351
2.562907,-0.004351
2.561562,-0.013054
2.560413,-0.021756
2.559459,-0.030459
2.558702,-0.039161
2.558140,-0.047864
2.557772,-0.056566
2.557600,-0.065269
2.557622,-0.073971
2.557839,-0.082674
2.558251,-0.091376
2.558858,-0.100078
2.559660,-0.108781
2.560658,-0.117483
2.561851,-0.126186
2.563241,-0.134888
2.564828,-0.143591
2.566613,-0.152293
2.568596,-0.160996
2.570778,-0.169698
2.573159,-0.178401
2.575742,-0.187103
2.578526,-0.195806
2.581513,-0.204508
2.584704,-0.213211
2.588100,-0.221913
2.591703,-0.230616
2.595514,-0.239318
2.599534,-0.248021
2.603765,-0.256723
2.608209,-0.265425
2.612868,-0.274128
2.617743,-0.282830
2.622836,-0.291533
2.628150,-0.300235
2.633686,-0.308938
2.639447,-0.317640
2.645435,-0.326343
2.651653,-0.335045
2.658103,-0.343748
2.664788,-0.352450
2.671710,-0.361153
2.678874,-0.369855
2.686280,-0.378558
2.693934,-0.387260
2.701838,-0.395963
2.709995,-0.404665
2.718409,-0.413367
2.727084,-0.422070
2.736024,-0.430772
2.745232,-0.439475
2.754712,-0.448177
2.764470,-0.456880
2.774509,-0.465582
2.784834,-0.474285
2.795450,-0.482987
2.806362,-0.491690
2.817575,-0.500392
2.829094,-0.509095
2.840925,-0.517797
2.853073,-0.526500
2.865545,-0.535202
2.878346,-0.543905
2.891484,-0.552607
2.904964,-0.561310
2.918794,-0.570012
2.932981,-0.578714
2.947531,-0.587417
2.962454,-0.596119
2.977757,-0.604822
2.993447,-0.613524
3.009534,-0.622227
3.026026,-0.630929
3.042934,-0.639632
3.060266,-0.648334
3.078032,-0.657037
3.096242,-0.665739
3.114908,-0.674442
3.134041,-0.683144
3.153652,-0.691847
3.173753,-0.700549
3.194356,-0.709252
3.215476,-0.717954
3.237124,-0.726657
3.259316,-0.735359
3.282067,-0.744061
3.305390,-0.752764
3.329303,-0.761466
3.353821,-0.770169
3.378962,-0.778871
3.404745,-0.787574
3.431187,-0.796276
3.458308,-0.804979
3.486130,-0.813681
3.514672,-0.822384
3.543958,-0.831086
3.574011,-0.839789
3.604854,-0.848491
3.623173,-0.857194
3.661040,-0.865896
3.699583,-0.874599
3.709308,-0.883301
3.746124,-0.892003
3.785177,-0.900706
3.824711,-0.909408
3.860965,-0.918111
3.923123,-0.926813
3.958255,-0.935516
3.998282,-0.944218
4.038940,-0.952921
4.073895,-0.961623
1.302446,-0.970326
1.217790,-0.979028
1.209679,-0.987731
1.201766,-0.996433
1.194047,-1.005136
1.186516,-1.013838
1.130222,-1.022541
1.123351,-1.031243
1.116648,-1.039946
1.110109,-1.048648
1.103729,-1.057350
1.097505,-1.066053
1.091434,-1.074755
1.085512,-1.083458
1.079735,-1.092160
1.074101,-1.100863
1.068606,-1.109565
1.063248,-1.118268
1.058023,-1.126970
1.052930,-1.135673
1.047964,-1.144375
1.043125,-1.153078
1.038408,-1.161780
1.033812,-1.170483
1.029335,-1.179185
1.024974,-1.187888
1.020728,-1.196590
1.016593,-1.205293
1.008583,-1.213995
1.004682,-1.222697
1.000888,-1.231400
0.997197,-1.240102
0.993609,-1.248805
0.990122,-1.257507
0.986734,-1.266210
0.983444,-1.274912
1.022870,-1.283615
1.019636,-1.292317
1.016500,-1.301020
1.013460,-1.309722
1.010515,-1.318425
1.007663,-1.327127
1.004904,-1.335830
1.023116,-1.344532
1.020485,-1.353235
1.017944,-1.361937
1.015493,-1.370639
1.013130,-1.379342
1.010856,-1.388044
1.008668,-1.396747
1.006566,-1.405449
1.004550,-1.414152
0.982156,-1.422854
0.980344,-1.431557
0.978614,-1.440259
0.976964,-1.448962
0.975394,-1.457664
0.973903,-1.466367
0.972491,-1.475069
0.971156,-1.483772
0.969899,-1.492474
0.968719,-1.501177
0.967615,-1.509879
0.966587,-1.518582
0.965635,-1.527284
0.964758,-1.535986
0.963956,-1.544689
0.963229,-1.553391
0.922469,-1.562094
0.921914,-1.570796
