scan.pos:4.562243,7.134440,2.7184355.916274,1.562094
5.939844,1.553391
5.964059,1.544689
5.988930,1.535986
6.014470,1.527284
6.040690,1.518581
6.067604,1.509879
6.095225,1.501177
6.123568,1.492474
6.152645,1.483772
6.159552,1.475069
6.190033,1.466367
6.221293,1.457664
6.253349,1.448962
6.286219,1.440259
6.319920,1.431557
6.354470,1.422854
6.389890,1.414152
6.426198,1.405449
6.415312,1.396747
6.453179,1.388044
6.491992,1.379342
6.531776,1.370639
6.572554,1.361937
6.614351,1.353234
6.657194,1.344532
6.701108,1.335830
6.746123,1.327127
6.792268,1.318425
6.839572,1.309722
6.939719,1.301020
7.093858,1.292317
7.145985,1.283615
7.199436,1.274912
7.254250,1.266210
7.310465,1.257507
7.368124,1.248805
7.427270,1.240102
7.487948,1.231400
7.605575,1.222697
4.458794,1.213995
4.420444,1.205292
4.396748,1.196590
4.359197,1.187888
4.322608,1.179185
4.286953,1.170483
4.252203,1.161780
4.218329,1.153078
4.185308,1.144375
4.153112,1.135673
4.121721,1.126970
4.091109,1.118268
4.061256,1.109565
4.032140,1.100863
4.003741,1.092160
3.976040,1.083458
3.976451,1.074755
3.972913,1.066053
3.946868,1.057350
3.946261,1.048648
3.945960,1.039945
3.921469,1.031243
3.897576,1.022541
3.874265,1.013838
3.875578,1.005136
3.853253,0.996433
3.831474,0.987731
3.810227,0.979028
3.789503,0.970326
3.769288,0.961623
3.749571,0.952921
3.730343,0.944218
3.711591,0.935516
3.693307,0.926813
3.675481,0.918111
3.658104,0.909408
3.641166,0.900706
3.624659,0.892003
3.608574,0.883301
3.570603,0.874598
3.555435,0.865896
3.496436,0.857194
3.482233,0.848491
3.468409,0.839789
3.454956,0.831086
3.441868,0.822384
3.429139,0.813681
3.416763,0.804979
3.404734,0.796276
3.393048,0.787574
3.424474,0.778871
3.413316,0.770169
3.423739,0.761466
3.413172,0.752764
3.445172,0.744061
3.456184,0.735359
3.446395,0.726656
3.520692,0.717954
3.511309,0.709251
3.627238,0.700549
3.659731,0.691847
3.662013,0.683144
3.707440,0.674442
3.756728,0.665739
3.836709,0.657037
3.964239,0.648334
3.959960,0.639632
4.089900,0.630929
4.082276,0.622227
4.228956,0.613524
4.399522,0.604822
4.630215,0.596119
4.880915,0.587417
5.068217,0.578714
7.744100,0.439475
7.682909,0.430772
7.642318,0.422070
7.642313,0.413367
7.642889,0.404665
7.644047,0.395962
7.645789,0.387260
7.648114,0.378558
7.651022,0.369855
7.654517,0.361153
7.658597,0.352450
7.663267,0.343748
7.675862,0.335045
7.681407,0.326343
7.686031,0.317640
7.720152,0.308938
7.186100,0.300235
6.637764,0.291533
6.253040,0.282830
5.835127,0.274128
5.530769,0.265425
5.202010,0.256723
4.969583,0.248020
4.698782,0.239318
4.495967,0.230615
4.282000,0.221913
4.120717,0.213211
3.946290,0.204508
3.798185,0.195806
3.650168,0.187103
3.515135,0.178401
3.404593,0.169698
3.301715,0.160996
3.179822,0.152293
3.081276,0.143591
2.996956,0.134888
2.905245,0.126186
2.836294,0.117483
2.745473,0.108781
2.660667,0.100078
2.598218,0.091376
2.539877,0.082673
2.481461,0.073971
2.423999,0.065269
2.375102,0.056566
2.320781,0.047864
2.256202,0.039161
2.204445,0.030459
2.153178,0.021756
2.116974,0.013054
2.067789,0.004351
2.040847,-0.004351
1.988588,-0.013054
1.963474,-0.021756
1.937072,-0.030459
1.891336,-0.039161
1.845677,-0.047864
1.823869,-0.056566
1.801913,-0.065269
1.760587,-0.073971
1.739770,-0.082674
1.719087,-0.091376
1.681247,-0.100078
1.661511,-0.108781
1.625999,-0.117483
1.607089,-0.126186
1.597242,-0.134888
1.579182,-0.143591
1.537351,-0.152293
1.530508,-0.160996
1.513060,-0.169698
1.484237,-0.178401
1.467315,-0.187103
1.440169,-0.195806
1.423703,-0.204508
1.422928,-0.213211
1.407014,-0.221913
1.406941,-0.230616
1.391099,-0.239318
1.375149,-0.248021
1.359083,-0.256723
1.342895,-0.265425
1.326577,-0.274128
1.310122,-0.282830
1.293524,-0.291533
1.276773,-0.300235
1.286667,-0.308938
1.269798,-0.317640
1.252757,-0.326343
1.235535,-0.335045
1.218123,-0.343748
1.228431,-0.352450
1.210849,-0.361153
1.211053,-0.369855
1.200710,-0.378558
1.190632,-0.387260
1.180811,-0.395963
1.171240,-0.404665
1.161909,-0.413367
1.152814,-0.422070
1.143946,-0.430772
1.135299,-0.439475
1.126868,-0.448177
1.118645,-0.456880
1.110625,-0.465582
1.102803,-0.474285
1.095173,-0.482987
1.087730,-0.491690
1.080469,-0.500392
1.073386,-0.509095
1.066476,-0.517797
1.059734,-0.526500
1.053157,-0.535202
1.046740,-0.543905
1.040480,-0.552607
1.034372,-0.561310
1.028413,-0.570012
1.022601,-0.578714
1.016930,-0.587417
1.011399,-0.596119
1.006003,-0.604822
1.000741,-0.613524
0.995609,-0.622227
0.990605,-0.630929
0.985725,-0.639632
0.980967,-0.648334
0.976329,-0.657037
0.971808,-0.665739
0.967403,-0.674442
0.963110,-0.683144
0.958928,-0.691847
0.954854,-0.700549
0.950887,-0.709252
0.947024,-0.717954
0.943265,-0.726657
0.939606,-0.735359
0.936047,-0.744061
0.932585,-0.752764
0.929219,-0.761466
0.925948,-0.770169
0.922769,-0.778871
0.919683,-0.787574
0.916686,-0.796276
0.913778,-0.804979
0.910958,-0.813681
0.908224,-0.822384
0.905575,-0.831086
0.903010,-0.839789
0.900529,-0.848491
0.898128,-0.857194
0.895809,-0.865896
0.893569,-0.874599
0.891409,-0.883301
0.889326,-0.892003
0.887321,-0.900706
0.885391,-0.909408
0.883538,-0.918111
0.881759,-0.926813
0.880054,-0.935516
0.878422,-0.944218
0.876863,-0.952921
0.875376,-0.961623
0.873961,-0.970326
0.872617,-0.979028
0.871343,-0.987731
0.870138,-0.996433
0.869004,-1.005136
0.867938,-1.013838
0.866941,-1.022541
0.866011,-1.031243
0.865150,-1.039946
0.864356,-1.048648
0.863630,-1.057350
0.862970,-1.066053
0.862377,-1.074755
0.861850,-1.083458
0.861390,-1.092160
0.860995,-1.100863
0.860666,-1.109565
0.860404,-1.118268
0.860206,-1.126970
0.860075,-1.135673
0.860009,-1.144375
0.860008,-1.153078
0.860073,-1.161780
0.860203,-1.170483
0.860399,-1.179185
0.860661,-1.187888
0.860988,-1.196590
0.861381,-1.205293
0.861840,-1.213995
0.862366,-1.222697
0.862958,-1.231400
0.863616,-1.240102
0.864342,-1.248805
0.865134,-1.257507
0.865994,-1.266210
0.866922,-1.274912
0.867918,-1.283615
0.868982,-1.292317
0.870116,-1.301020
0.871318,-1.309722
0.872591,-1.318425
0.873934,-1.327127
0.875348,-1.335830
0.876834,-1.344532
0.878391,-1.353235
0.880021,-1.361937
0.881725,-1.370639
0.883502,-1.379342
0.885355,-1.388044
0.887282,-1.396747
0.889286,-1.405449
0.891367,-1.414152
0.893527,-1.422854
0.895765,-1.431557
0.898082,-1.440259
0.900481,-1.448962
0.902961,-1.457664
0.905525,-1.466367
0.908172,-1.475069
0.910904,-1.483772
0.913723,-1.492474
0.916629,-1.501177
0.919623,-1.509879
0.922709,-1.518582
0.925885,-1.527284
0.929154,-1.535986
0.932518,-1.544689
0.935978,-1.553391
0.939536,-1.562094
0.943192,-1.570796
