scan.pos:-4.878365,-4.878994,0.7852504.415036,1.562094
4.437795,1.553391
4.489382,1.544689
4.513988,1.535986
4.569002,1.527284
4.596065,1.518581
4.651173,1.509879
4.683813,1.501177
4.737171,1.492474
4.794848,1.483772
4.848391,1.475069
4.881445,1.466367
4.935522,1.457664
4.996151,1.448962
5.050740,1.440259
5.113034,1.431557
5.168314,1.422854
5.232483,1.414152
5.288640,1.405449
5.354909,1.396747
5.436555,1.388044
5.505017,1.379342
5.575048,1.370639
5.634467,1.361937
5.707259,1.353234
5.792052,1.344532
5.867776,1.335830
5.968944,1.327127
6.056446,1.318425
6.137516,1.309722
6.227067,1.301020
6.335005,1.292317
6.422397,1.283615
6.538815,1.274912
6.630717,1.266210
6.748137,1.257507
6.869316,1.248805
6.969485,1.240102
7.094260,1.231400
7.222663,1.222697
7.376845,1.213995
1.713138,1.205292
1.706419,1.196590
1.656267,1.187888
1.650071,1.179185
1.644046,1.170483
1.638190,1.161780
1.632499,1.153078
1.626970,1.144375
1.621602,1.135673
1.616392,1.126970
1.568907,1.118268
1.564135,1.109565
1.559510,1.100863
1.555031,1.092160
1.529726,1.083458
1.525589,1.074755
1.521589,1.066053
1.517726,1.057350
1.513997,1.048648
1.510402,1.039945
1.506938,1.031243
1.492985,1.022541
1.500398,1.013838
1.497320,1.005136
1.494369,0.996433
1.491542,0.987731
1.488839,0.979028
1.486259,0.970326
1.483800,0.961623
1.481463,0.952921
1.479245,0.944218
1.477146,0.935516
1.475165,0.926813
1.473302,0.918111
1.471555,0.909408
1.469924,0.900706
1.468408,0.892003
1.467008,0.883301
1.465721,0.874598
1.464548,0.865896
1.463488,0.857194
1.462542,0.848491
1.461707,0.839789
1.460985,0.831086
1.460374,0.822384
1.459876,0.813681
1.459489,0.804979
1.459212,0.796276
1.419046,0.787574
1.418994,0.778871
1.419050,0.770169
1.419214,0.761466
1.419486,0.752764
1.419866,0.744061
1.420355,0.735359
1.420952,0.726656
1.421659,0.717954
1.422474,0.709251
1.423398,0.700549
1.424433,0.691847
1.425577,0.683144
1.426832,0.674442
1.428199,0.665739
1.429676,0.657037
1.431266,0.648334
1.432969,0.639632
1.434785,0.630929
1.436716,0.622227
1.438761,0.613524
1.440922,0.604822
1.443200,0.596119
1.445595,0.587417
1.448108,0.578714
1.450741,0.570012
1.453494,0.561309
1.456369,0.552607
1.459367,0.543905
1.462489,0.535202
1.465736,0.526500
1.469109,0.517797
1.472610,0.509095
1.476241,0.500392
1.480003,0.491690
1.483898,0.482987
1.487926,0.474285
1.492090,0.465582
1.496392,0.456880
1.500834,0.448177
1.505417,0.439475
1.510143,0.430772
1.515015,0.422070
1.520035,0.413367
1.521571,0.404665
1.509181,0.395962
1.536002,0.387260
1.541636,0.378558
1.547429,0.369855
1.553385,0.361153
1.559506,0.352450
1.565795,0.343748
1.572255,0.335045
1.578890,0.326343
1.585702,0.317640
1.592694,0.308938
1.599872,0.300235
1.607237,0.291533
1.614794,0.282830
1.622546,0.274128
1.630498,0.265425
1.638653,0.256723
1.647017,0.248020
1.702263,0.239318
1.781680,0.230615
1.862088,0.221913
1.872373,0.213211
1.882916,0.204508
1.893723,0.195806
7.026855,0.187103
6.892177,0.178401
6.817685,0.169698
6.733578,0.160996
6.635380,0.152293
6.578037,0.143591
6.422032,0.134888
6.349425,0.126186
6.295075,0.117483
6.223067,0.108781
6.222112,0.100078
6.176802,0.091376
6.178885,0.082673
6.127758,0.073971
6.121016,0.065269
6.141347,0.056566
6.162467,0.047864
6.184393,0.039161
6.234499,0.030459
6.285906,0.021756
6.338655,0.013054
6.392787,0.004351
6.446100,-0.004351
6.501282,-0.013054
6.557767,-0.021756
6.615805,-0.030459
6.679918,-0.039161
6.688959,-0.047864
6.781795,-0.056566
6.826560,-0.065269
6.887015,-0.073971
6.975487,-0.082674
7.051874,-0.091376
7.110423,-0.100078
7.206313,-0.108781
7.276896,-0.117483
7.355261,-0.126186
7.445331,-0.134888
7.517927,-0.143591
7.616252,-0.152293
7.715176,-0.160996
7.790213,-0.169698
4.572861,-0.230616
4.430969,-0.239318
4.360914,-0.248021
4.315129,-0.256723
4.293231,-0.265425
4.271878,-0.274128
4.251059,-0.282830
4.230762,-0.291533
4.210978,-0.300235
4.191695,-0.308938
4.172904,-0.317640
4.154596,-0.326343
4.136762,-0.335045
4.119392,-0.343748
4.099700,-0.352450
4.086014,-0.361153
4.069989,-0.369855
4.054397,-0.378558
4.039231,-0.387260
4.024483,-0.395963
4.010146,-0.404665
3.996215,-0.413367
3.982682,-0.422070
3.969542,-0.430772
3.956789,-0.439475
3.944416,-0.448177
3.932420,-0.456880
3.920793,-0.465582
3.909533,-0.474285
3.898632,-0.482987
3.888088,-0.491690
3.877895,-0.500392
3.868049,-0.509095
3.858546,-0.517797
3.849382,-0.526500
3.840554,-0.535202
3.832057,-0.543905
3.823888,-0.552607
3.816043,-0.561310
3.808520,-0.570012
3.801316,-0.578714
3.814837,-0.587417
3.808226,-0.596119
3.842607,-0.604822
3.836553,-0.613524
3.932197,-0.622227
3.926618,-0.630929
3.961796,-0.639632
3.976987,-0.648334
4.093305,-0.657037
4.169368,-0.665739
4.225456,-0.674442
5.289369,-0.683144
7.656758,-1.205293
7.491762,-1.213995
7.350622,-1.222697
7.218525,-1.231400
7.090935,-1.240102
6.967588,-1.248805
6.848243,-1.257507
6.734468,-1.266210
6.623377,-1.274912
6.515631,-1.283615
6.411048,-1.292317
6.309457,-1.301020
6.216901,-1.309722
6.121655,-1.318425
6.028938,-1.327127
5.962077,-1.335830
5.860012,-1.344532
5.798618,-1.353235
5.715681,-1.361937
5.634681,-1.370639
5.555522,-1.379342
5.491350,-1.388044
5.416336,-1.396747
5.367463,-1.405449
5.295668,-1.414152
5.241444,-1.422854
5.173137,-1.431557
5.106109,-1.440259
5.040294,-1.448962
4.994627,-1.457664
4.931764,-1.466367
4.895856,-1.475069
4.830198,-1.483772
4.797286,-1.492474
4.739145,-1.501177
4.681838,-1.509879
4.649264,-1.518582
4.594197,-1.527284
4.567181,-1.535986
4.512222,-1.544689
4.487660,-1.553391
4.436109,-1.562094
4.413115,-1.570796
