scan.pos:-3.270703,-4.073795,0.2852502.021694,1.562094
2.078979,1.553391
2.177619,1.544689
2.234571,1.535986
2.291430,1.527284
2.389406,1.518581
2.487144,1.509879
2.584667,1.501177
2.681999,1.492474
2.779165,1.483772
2.916983,1.475069
3.034177,1.466367
6.336776,1.457664
6.326940,1.448962
6.317615,1.440259
6.308796,1.431557
6.300482,1.422854
6.292668,1.414152
6.285351,1.405449
6.278529,1.396747
6.272199,1.388044
6.266358,1.379342
6.261005,1.370639
6.256136,1.361937
6.251751,1.353234
6.247848,1.344532
6.264459,1.335830
6.261505,1.327127
6.259030,1.318425
6.297055,1.309722
6.295526,1.301020
6.334482,1.292317
6.333909,1.283615
6.333818,1.274912
6.334211,1.266210
6.335085,1.257507
6.356451,1.248805
6.418340,1.240102
6.460737,1.231400
5.978847,0.883301
5.859463,0.874598
5.738264,0.865896
5.672299,0.857194
5.566457,0.848491
5.419982,0.839789
5.320858,0.831086
5.224869,0.822384
5.131832,0.813681
5.041573,0.804979
4.863612,0.796276
4.803689,0.787574
4.721413,0.778871
4.664208,0.770169
4.655308,0.761466
4.618933,0.752764
4.596149,0.744061
4.550110,0.735359
4.527427,0.726656
4.528468,0.717954
4.529868,0.709251
4.531631,0.700549
4.533761,0.691847
4.536263,0.683144
4.563456,0.674442
4.591329,0.665739
4.619899,0.657037
4.649182,0.648334
4.679198,0.639632
4.709965,0.630929
4.726290,0.622227
4.773832,0.613524
4.806973,0.604822
4.840949,0.596119
4.875782,0.587417
4.911498,0.578714
4.948120,0.570012
4.985674,0.561309
4.997421,0.552607
5.036713,0.543905
5.077018,0.535202
5.118366,0.526500
5.160790,0.517797
5.204322,0.509095
5.248998,0.500392
5.289605,0.491690
5.318594,0.482987
5.375720,0.474285
5.431023,0.465582
5.487327,0.456880
5.540897,0.448177
5.593405,0.439475
5.648522,0.430772
5.699512,0.422070
5.754189,0.413367
5.803792,0.404665
5.884035,0.395962
5.932191,0.387260
6.011739,0.378558
6.065857,0.369855
6.154950,0.361153
6.186252,0.352450
6.146702,0.343748
6.192651,0.335045
2.783757,0.326343
2.644895,0.317640
2.580578,0.308938
2.541299,0.300235
2.526611,0.291533
2.512282,0.282830
2.498303,0.274128
2.484668,0.265425
2.471367,0.256723
2.458395,0.248020
2.445743,0.239318
2.433405,0.230615
2.421374,0.221913
2.409645,0.213211
2.398210,0.204508
2.387064,0.195806
2.376202,0.187103
2.365617,0.178401
2.355304,0.169698
2.345259,0.160996
2.335477,0.152293
2.325952,0.143591
2.316680,0.134888
2.307657,0.126186
2.298878,0.117483
2.290340,0.108781
2.282037,0.100078
2.273968,0.091376
2.266127,0.082673
2.258512,0.073971
2.251118,0.065269
2.243943,0.056566
2.236983,0.047864
2.230236,0.039161
2.223698,0.030459
2.217367,0.021756
2.211239,0.013054
2.205313,0.004351
2.199586,-0.004351
2.194055,-0.013054
2.188718,-0.021756
2.183572,-0.030459
2.178617,-0.039161
2.173848,-0.047864
2.169266,-0.056566
2.164867,-0.065269
2.160651,-0.073971
2.156615,-0.082674
2.152757,-0.091376
2.149077,-0.100078
2.145572,-0.108781
2.142241,-0.117483
2.139084,-0.126186
2.136098,-0.134888
2.133283,-0.143591
2.130637,-0.152293
2.128160,-0.160996
2.116545,-0.169698
2.123707,-0.178401
2.121729,-0.187103
2.119916,-0.195806
2.118268,-0.204508
2.116783,-0.213211
2.115462,-0.221913
2.114303,-0.230616
2.113306,-0.239318
2.112470,-0.248021
2.111797,-0.256723
2.111284,-0.265425
2.110932,-0.274128
2.110741,-0.282830
2.110711,-0.291533
2.110842,-0.300235
2.111133,-0.308938
2.131594,-0.317640
2.132213,-0.326343
2.132995,-0.335045
2.174001,-0.343748
2.175131,-0.352450
2.236586,-0.361153
2.278223,-0.369855
2.279930,-0.378558
2.322010,-0.387260
2.324107,-0.395963
2.547878,-0.404665
2.611044,-0.413367
7.760661,-0.456880
7.772497,-0.465582
7.784964,-0.474285
7.675740,-0.822384
7.575948,-0.831086
7.471872,-0.839789
7.356687,-0.848491
7.258804,-0.857194
7.163483,-0.865896
7.070602,-0.874599
6.980045,-0.883301
6.891703,-0.892003
6.805472,-0.900706
6.721255,-0.909408
6.638957,-0.918111
6.558491,-0.926813
6.479771,-0.935516
6.402718,-0.944218
6.327254,-0.952921
6.278917,-0.961623
6.206595,-0.970326
6.135655,-0.979028
6.066034,-0.987731
6.024032,-0.996433
5.957062,-1.005136
5.891236,-1.013838
5.826499,-1.022541
5.789990,-1.031243
5.727490,-1.039946
5.665928,-1.048648
5.633132,-1.057350
5.573541,-1.066053
5.537400,-1.074755
5.489961,-1.083458
5.443739,-1.092160
5.398697,-1.100863
5.354799,-1.109565
5.312010,-1.118268
5.270298,-1.126970
5.229630,-1.135673
5.189979,-1.144375
5.151312,-1.153078
5.113605,-1.161780
5.076829,-1.170483
5.040959,-1.179185
5.005971,-1.187888
4.971842,-1.196590
4.938549,-1.205293
4.906069,-1.213995
4.874383,-1.222697
4.843470,-1.231400
4.813311,-1.240102
4.783886,-1.248805
4.755180,-1.257507
4.727174,-1.266210
4.699852,-1.274912
4.673197,-1.283615
4.647195,-1.292317
4.621831,-1.301020
4.597090,-1.309722
4.572959,-1.318425
4.549425,-1.327127
4.526475,-1.335830
4.504097,-1.344532
4.482278,-1.353235
4.461008,-1.361937
4.440275,-1.370639
4.420069,-1.379342
4.400380,-1.388044
4.381197,-1.396747
4.362512,-1.405449
4.344315,-1.414152
4.326598,-1.422854
4.309350,-1.431557
4.292566,-1.440259
4.276237,-1.448962
4.260354,-1.457664
4.244911,-1.466367
4.229900,-1.475069
4.215315,-1.483772
4.201149,-1.492474
4.187396,-1.501177
4.174049,-1.509879
4.161103,-1.518582
4.148552,-1.527284
4.136391,-1.535986
4.124614,-1.544689
4.113216,-1.553391
4.102192,-1.562094
4.091538,-1.570796
