scan.pos:7.175037,4.278137,-1.9147500.871017,1.562094
0.873781,1.553391
0.876630,1.544689
0.879565,1.535986
0.882587,1.527284
0.885698,1.518581
0.888898,1.509879
0.892190,1.501177
0.895575,1.492474
0.899054,1.483772
0.902630,1.475069
0.906303,1.466367
0.910076,1.457664
0.913951,1.448962
0.917929,1.440259
0.922012,1.431557
0.926202,1.422854
0.930502,1.414152
0.934913,1.405449
0.939439,1.396747
0.944080,1.388044
0.948841,1.379342
0.953722,1.370639
0.958728,1.361937
0.963860,1.353234
0.969121,1.344532
0.974515,1.335830
0.980045,1.327127
0.985713,1.318425
0.991522,1.309722
0.997478,1.301020
1.003582,1.292317
1.009838,1.283615
1.016251,1.274912
1.022824,1.266210
1.029562,1.257507
1.036469,1.248805
1.043549,1.240102
1.050807,1.231400
1.058247,1.222697
1.065876,1.213995
1.054008,1.205292
1.061881,1.196590
1.069955,1.187888
1.078235,1.179185
1.086728,1.170483
1.095440,1.161780
1.104377,1.153078
1.113547,1.144375
1.122957,1.135673
1.132614,1.126970
1.135165,1.118268
1.127563,1.109565
1.147918,1.100863
1.169750,1.092160
1.162934,1.083458
1.183404,1.074755
1.206878,1.066053
1.200882,1.057350
1.221551,1.048648
1.220556,1.039945
1.241644,1.031243
1.262606,1.022541
1.264055,1.013838
1.285504,1.005136
1.306862,0.996433
1.310870,0.987731
1.332794,0.979028
1.354664,0.970326
1.361377,0.961623
1.383904,0.952921
1.382066,0.944218
1.404731,0.935516
1.439300,0.926813
1.438690,0.918111
1.462193,0.909408
1.485759,0.900706
1.500302,0.892003
1.524833,0.883301
1.549486,0.874598
1.574277,0.865896
1.593386,0.857194
1.619363,0.848491
1.645552,0.839789
1.671976,0.831086
1.696333,0.822384
1.724224,0.813681
1.774849,0.804979
1.803328,0.796276
1.833735,0.787574
1.864057,0.778871
1.894865,0.770169
1.926197,0.761466
1.963953,0.752764
2.019403,0.744061
2.053694,0.735359
2.110355,0.726656
2.146137,0.717954
2.194942,0.709251
2.255351,0.700549
2.295380,0.691847
2.357838,0.683144
2.400243,0.674442
2.463856,0.665739
2.531958,0.657037
2.601654,0.648334
2.673102,0.639632
2.753031,0.630929
2.830758,0.622227
2.931741,0.613524
2.993884,0.604822
2.997094,0.596119
2.981853,0.587417
2.975393,0.578714
2.973735,0.570012
2.956871,0.561309
2.945977,0.552607
2.960628,0.543905
2.955356,0.535202
2.950327,0.526500
2.945539,0.517797
2.940990,0.509095
2.936678,0.500392
2.932603,0.491690
2.928761,0.482987
2.925152,0.474285
2.881447,0.465582
2.878342,0.456880
2.875463,0.448177
2.852705,0.439475
2.850290,0.430772
2.848096,0.422070
2.846122,0.413367
2.844367,0.404665
2.842830,0.395962
2.841512,0.387260
2.840411,0.378558
2.839527,0.369855
2.838859,0.361153
2.838408,0.352450
2.838174,0.343748
2.838155,0.335045
2.838353,0.326343
2.838767,0.317640
2.839397,0.308938
2.840244,0.300235
2.841307,0.291533
2.842589,0.282830
2.844088,0.274128
2.845805,0.265425
2.847741,0.256723
2.849898,0.248020
2.852275,0.239318
2.854873,0.230615
2.857694,0.221913
2.860739,0.213211
2.864008,0.204508
2.867504,0.195806
2.830761,0.187103
2.834657,0.178401
2.838781,0.169698
2.843133,0.160996
2.847716,0.152293
2.852531,0.143591
2.857581,0.134888
2.821942,0.126186
2.827387,0.117483
2.833070,0.108781
2.838992,0.100078
2.845156,0.091376
2.851564,0.082673
2.858220,0.073971
2.865125,0.065269
2.872284,0.056566
2.879698,0.047864
2.887370,0.039161
2.895305,0.030459
2.903505,0.021756
2.908067,0.013054
2.920717,0.004351
2.929735,-0.004351
2.939034,-0.013054
2.948617,-0.021756
2.958488,-0.030459
2.968653,-0.039161
2.979116,-0.047864
2.989882,-0.056566
3.000954,-0.065269
3.012340,-0.073971
3.024043,-0.082674
3.036069,-0.091376
3.048425,-0.100078
3.061116,-0.108781
3.074148,-0.117483
3.087527,-0.126186
3.101261,-0.134888
3.115355,-0.143591
3.129818,-0.152293
3.144657,-0.160996
3.159878,-0.169698
3.175491,-0.178401
3.191503,-0.187103
3.207922,-0.195806
3.224759,-0.204508
3.223078,-0.213211
3.230797,-0.221913
3.230953,-0.230616
3.256384,-0.239318
3.283434,-0.248021
3.300696,-0.256723
3.307209,-0.265425
3.290518,-0.274128
3.299411,-0.282830
3.325260,-0.291533
3.362287,-0.300235
3.375746,-0.308938
2.725724,-0.317640
2.686743,-0.326343
2.673769,-0.335045
2.604497,-0.343748
2.618626,-0.352450
2.581870,-0.361153
2.545378,-0.369855
2.531934,-0.378558
2.496602,-0.387260
2.488459,-0.395963
2.505857,-0.404665
2.499615,-0.413367
2.465013,-0.422070
2.488096,-0.430772
2.484083,-0.439475
2.501258,-0.448177
2.479867,-0.456880
2.486732,-0.465582
2.493671,-0.474285
2.473430,-0.482987
2.480738,-0.491690
2.514943,-0.500392
2.495572,-0.509095
2.529518,-0.517797
2.563148,-0.526500
2.570449,-0.535202
2.577839,-0.543905
2.559658,-0.552607
2.618372,-0.561310
2.600553,-0.570012
2.644904,-0.578714
2.666112,-0.587417
2.650339,-0.596119
2.654014,-0.604822
2.633839,-0.613524
2.687690,-0.622227
2.669008,-0.630929
2.723503,-0.639632
2.754224,-0.648334
2.737823,-0.657037
2.746099,-0.665739
2.778678,-0.674442
2.788393,-0.683144
2.822212,-0.691847
2.833474,-0.700549
2.845615,-0.709252
2.881596,-0.717954
2.868536,-0.726657
2.884391,-0.735359
2.888227,-0.744061
2.895354,-0.752764
2.915063,-0.761466
2.915083,-0.770169
2.961004,-0.778871
2.944294,-0.787574
2.971917,-0.796276
2.983848,-0.804979
2.993960,-0.813681
3.027750,-0.822384
3.071615,-0.831086
3.045601,-0.839789
3.074787,-0.848491
3.085677,-0.857194
3.096728,-0.865896
3.129265,-0.874599
3.119318,-0.883301
3.173241,-0.892003
3.163697,-0.900706
3.217643,-0.909408
3.313533,-0.918111
3.409139,-0.926813
6.172355,-1.153078
5.787714,-1.161780
5.744522,-1.170483
5.741858,-1.179185
5.739633,-1.187888
5.737846,-1.196590
5.736498,-1.205293
5.735587,-1.213995
5.735112,-1.222697
5.735075,-1.231400
5.735474,-1.240102
5.736310,-1.248805
5.737584,-1.257507
5.739295,-1.266210
5.741445,-1.274912
5.744033,-1.283615
5.747062,-1.292317
5.790641,-1.301020
5.794581,-1.309722
5.839135,-1.318425
5.844005,-1.327127
5.849329,-1.335830
5.875247,-1.344532
5.881506,-1.353235
5.888228,-1.361937
5.895415,-1.370639
5.903069,-1.379342
5.911194,-1.388044
5.919794,-1.396747
5.928870,-1.405449
5.938426,-1.414152
5.948468,-1.422854
5.958998,-1.431557
5.970021,-1.440259
5.961039,-1.448962
5.931933,-1.457664
5.944333,-1.466367
5.957240,-1.475069
5.970658,-1.483772
5.984594,-1.492474
5.999053,-1.501177
6.055696,-1.509879
6.133971,-1.518582
6.506246,-1.527284
