scan.pos:3.961101,5.753379,-0.3647502.383420,1.562094
2.391479,1.553391
2.399777,1.544689
2.408317,1.535986
2.417102,1.527284
2.426137,1.518581
2.435426,1.509879
2.444973,1.501177
2.454783,1.492474
2.464861,1.483772
2.475211,1.475069
2.485839,1.466367
2.496749,1.457664
2.507947,1.448962
2.519439,1.440259
2.531230,1.431557
2.543326,1.422854
2.555735,1.414152
2.568461,1.405449
2.581513,1.396747
2.594897,1.388044
2.608619,1.379342
2.622689,1.370639
2.637112,1.361937
2.651899,1.353234
2.667056,1.344532
2.682594,1.335830
2.698520,1.327127
2.714844,1.318425
2.731576,1.309722
2.748727,1.301020
2.766306,1.292317
2.784324,1.283615
2.802794,1.274912
2.821727,1.266210
2.841136,1.257507
2.861032,1.248805
2.881430,1.240102
2.902344,1.231400
2.923788,1.222697
2.945776,1.213995
2.968327,1.205292
2.991454,1.196590
3.015176,1.187888
3.039511,1.179185
3.064477,1.170483
3.090093,1.161780
3.116381,1.153078
3.143362,1.144375
3.155313,1.135673
3.191837,1.126970
3.202392,1.118268
3.240201,1.109565
3.280702,1.100863
3.292717,1.092160
3.332275,1.083458
3.376115,1.074755
3.417013,1.066053
3.437133,1.057350
3.479702,1.048648
3.522804,1.039945
3.547348,1.031243
3.592329,1.022541
3.637954,1.013838
3.667265,1.005136
3.715012,0.996433
3.763530,0.987731
3.822621,0.979028
3.848949,0.970326
3.900792,0.961623
3.965125,0.952921
3.995559,0.944218
4.051239,0.935516
4.121449,0.926813
4.180143,0.918111
4.240138,0.909408
4.293507,0.900706
4.357136,0.892003
4.422310,0.883301
4.483603,0.874598
4.552996,0.865896
4.578674,0.857194
4.561387,0.848491
4.545025,0.839789
4.514593,0.831086
4.494691,0.822384
4.475304,0.813681
4.456420,0.804979
4.438033,0.796276
4.420131,0.787574
4.402708,0.778871
4.385754,0.770169
4.369261,0.761466
4.353222,0.752764
4.337630,0.744061
4.322476,0.735359
4.307756,0.726656
4.293461,0.717954
4.279586,0.709251
4.266123,0.700549
4.253068,0.691847
4.240415,0.683144
4.228158,0.674442
4.216291,0.665739
4.204811,0.657037
4.193711,0.648334
4.182987,0.639632
4.172635,0.630929
4.162651,0.622227
4.153029,0.613524
4.143766,0.604822
4.134860,0.596119
4.126305,0.587417
4.118098,0.578714
4.110236,0.570012
4.102716,0.561309
4.095534,0.552607
4.088689,0.543905
4.082177,0.535202
4.075995,0.526500
4.070142,0.517797
4.064615,0.509095
4.059411,0.500392
4.054529,0.491690
4.049966,0.482987
4.045722,0.474285
4.041794,0.465582
4.038181,0.456880
4.034882,0.448177
4.031894,0.439475
4.029218,0.430772
4.026851,0.422070
4.024794,0.413367
4.023045,0.404665
4.021604,0.395962
4.020470,0.387260
4.019642,0.378558
4.019121,0.369855
4.018906,0.361153
4.018997,0.352450
4.019393,0.343748
4.020097,0.335045
4.021107,0.326343
4.022424,0.317640
4.024048,0.308938
4.025980,0.300235
4.028221,0.291533
4.030772,0.282830
4.033633,0.274128
4.036806,0.265425
4.040291,0.256723
4.044092,0.248020
4.048207,0.239318
4.052640,0.230615
4.057393,0.221913
4.062466,0.213211
4.067862,0.204508
4.073583,0.195806
4.079631,0.187103
4.086009,0.178401
4.092719,0.169698
4.099763,0.160996
4.107146,0.152293
4.114869,0.143591
4.122935,0.134888
4.131349,0.126186
4.140112,0.117483
4.149230,0.108781
4.158706,0.100078
4.168543,0.091376
4.178745,0.082673
4.189318,0.073971
4.200264,0.065269
4.211590,0.056566
4.223300,0.047864
4.235398,0.039161
4.247890,0.030459
4.260781,0.021756
4.274078,0.013054
4.287785,0.004351
4.301909,-0.004351
4.316456,-0.013054
4.331433,-0.021756
4.346847,-0.030459
4.362703,-0.039161
4.379011,-0.047864
4.395777,-0.056566
4.413010,-0.065269
4.430717,-0.073971
4.448906,-0.082674
4.467587,-0.091376
4.486769,-0.100078
4.506461,-0.108781
4.526673,-0.117483
4.547414,-0.126186
4.568696,-0.134888
4.590530,-0.143591
4.612926,-0.152293
4.635897,-0.160996
4.659454,-0.169698
4.683611,-0.178401
4.708379,-0.187103
4.733774,-0.195806
4.759808,-0.204508
4.786496,-0.213211
4.813855,-0.221913
4.841898,-0.230616
4.870644,-0.239318
4.900108,-0.248021
4.930308,-0.256723
4.961263,-0.265425
4.992992,-0.274128
5.025515,-0.282830
5.058852,-0.291533
5.093025,-0.300235
5.128055,-0.308938
5.163967,-0.317640
5.200784,-0.326343
5.238532,-0.335045
5.277236,-0.343748
5.316925,-0.352450
5.357626,-0.361153
5.399370,-0.369855
5.442187,-0.378558
5.486109,-0.387260
5.531171,-0.395963
5.577407,-0.404665
5.624856,-0.413367
5.673553,-0.422070
5.707404,-0.430772
5.766320,-0.439475
5.845953,-0.448177
5.880165,-0.456880
5.941437,-0.465582
5.894360,-0.474285
5.848465,-0.482987
5.803718,-0.491690
5.760086,-0.500392
5.717537,-0.509095
5.624126,-0.517797
5.558253,-0.526500
5.519319,-0.535202
5.481341,-0.543905
5.444294,-0.552607
5.408154,-0.561310
5.372896,-0.570012
5.338500,-0.578714
5.304942,-0.587417
5.272202,-0.596119
5.240261,-0.604822
5.209099,-0.613524
5.178697,-0.622227
5.101289,-0.630929
5.072623,-0.639632
5.044661,-0.648334
4.970420,-0.657037
4.944064,-0.665739
4.918359,-0.674442
4.893291,-0.683144
4.868845,-0.691847
4.845010,-0.700549
4.821772,-0.709252
4.799120,-0.717954
4.777041,-0.726657
4.755526,-0.735359
4.734562,-0.744061
4.714140,-0.752764
4.694250,-0.761466
3.681019,-0.770169
3.562988,-0.778871
3.476439,-0.787574
3.463052,-0.796276
3.428286,-0.804979
3.415701,-0.813681
3.403466,-0.822384
3.348555,-0.831086
3.337152,-0.839789
3.304711,-0.848491
3.294031,-0.857194
3.198748,-0.865896
3.188959,-0.874599
3.158369,-0.883301
3.149240,-0.892003
3.140401,-0.900706
3.090000,-0.909408
3.081843,-0.918111
3.053146,-0.926813
3.045590,-0.935516
3.038302,-0.944218
2.989944,-0.952921
2.942033,-0.961623
2.915133,-0.970326
2.868032,-0.979028
2.862328,-0.987731
2.836409,-0.996433
2.790385,-1.005136
2.785501,-1.013838
2.780845,-1.022541
2.735786,-1.031243
2.711359,-1.039946
2.707466,-1.048648
2.663334,-1.057350
2.639722,-1.066053
2.596193,-1.074755
2.593272,-1.083458
2.550287,-1.092160
2.547811,-1.100863
2.545533,-1.109565
2.523374,-1.118268
2.521506,-1.126970
2.519832,-1.135673
2.518352,-1.144375
2.517065,-1.153078
2.515971,-1.161780
2.515070,-1.170483
2.514361,-1.179185
2.513843,-1.187888
2.513517,-1.196590
2.513383,-1.205293
2.513439,-1.213995
2.513688,-1.222697
2.514128,-1.231400
2.534770,-1.240102
2.535600,-1.248805
2.536624,-1.257507
2.537842,-1.266210
2.539255,-1.274912
2.540863,-1.283615
2.582813,-1.292317
2.584845,-1.301020
2.627290,-1.309722
2.649886,-1.318425
2.652583,-1.327127
2.695823,-1.335830
2.698985,-1.344532
2.864094,-1.353235
2.989360,-1.361937
3.034108,-1.370639
3.058915,-1.379342
3.104366,-1.388044
3.150198,-1.396747
3.216828,-1.405449
3.283938,-1.414152
3.392501,-1.422854
3.583811,-1.431557
3.735041,-1.440259
3.866584,-1.448962
3.875099,-1.457664
3.987427,-1.466367
4.059093,-1.475069
4.110619,-1.483772
4.121019,-1.492474
4.194495,-1.501177
4.247723,-1.509879
4.259533,-1.518582
4.271735,-1.527284
4.284334,-1.535986
4.297336,-1.544689
4.310747,-1.553391
4.324571,-1.562094
4.338817,-1.570796
