scan.pos:-5.868462,-5.868797,0.7852503.014537,1.562094
3.019973,1.553391
3.053901,1.544689
3.088067,1.535986
3.122494,1.527284
3.130084,1.518581
3.165323,1.509879
3.200894,1.501177
3.236822,1.492474
3.273136,1.483772
3.309862,1.475069
3.347029,1.466367
3.358934,1.457664
3.422803,1.448962
3.436094,1.440259
3.475496,1.431557
3.523690,1.422854
3.564865,1.414152
3.606710,1.405449
3.659150,1.396747
3.703033,1.388044
3.758769,1.379342
3.804897,1.370639
3.840209,1.361937
3.888950,1.353234
3.952226,1.344532
4.003700,1.335830
4.071148,1.327127
4.125649,1.318425
4.174435,1.309722
4.255508,1.301020
4.314826,1.292317
4.371217,1.283615
4.457335,1.274912
4.519644,1.266210
4.587401,1.257507
4.679577,1.248805
4.751444,1.240102
4.848631,1.231400
4.928015,1.222697
5.030893,1.213995
5.114343,1.205292
5.227994,1.196590
5.318512,1.187888
5.441851,1.179185
5.540438,1.170483
5.664458,1.161780
5.804068,1.153078
5.916333,1.144375
6.054775,1.135673
6.214205,1.126970
6.364735,1.118268
6.521249,1.109565
6.705132,1.100863
6.876991,1.092160
7.060244,1.083458
7.271306,1.074755
7.470757,1.066053
7.711448,1.057350
4.294716,0.726656
3.455273,0.717954
3.357009,0.709251
3.218757,0.700549
2.819562,0.691847
2.781642,0.683144
2.562876,0.674442
2.565330,0.665739
2.567985,0.657037
2.530494,0.648334
2.533505,0.639632
2.536716,0.630929
2.540129,0.622227
2.543745,0.613524
2.547566,0.604822
2.551592,0.596119
2.515077,0.587417
2.519450,0.578714
2.524031,0.570012
2.508335,0.561309
2.513296,0.552607
2.518469,0.543905
2.523857,0.535202
2.529460,0.526500
2.535282,0.517797
2.541324,0.509095
2.547590,0.500392
2.554082,0.491690
2.560803,0.482987
2.567755,0.474285
2.574941,0.465582
2.582366,0.456880
2.590030,0.448177
2.597939,0.439475
2.606096,0.430772
2.614503,0.422070
2.623166,0.413367
2.632087,0.404665
2.598127,0.395962
2.607423,0.387260
2.616986,0.378558
2.626820,0.369855
2.636930,0.361153
2.647321,0.352450
2.657997,0.343748
2.668963,0.335045
2.680226,0.326343
2.691789,0.317640
2.703660,0.308938
2.715843,0.300235
2.728346,0.291533
2.741174,0.282830
2.754334,0.274128
2.767833,0.265425
2.781677,0.256723
2.795875,0.248020
2.810433,0.239318
2.825360,0.230615
2.840664,0.221913
2.856354,0.213211
2.872437,0.204508
2.888924,0.195806
2.905824,0.187103
2.923147,0.178401
2.940903,0.169698
2.959103,0.160996
2.977757,0.152293
2.996878,0.143591
3.016477,0.134888
3.162629,0.126186
3.260227,0.117483
7.727448,0.100078
7.626660,0.091376
7.630096,0.082673
7.582185,0.073971
7.561239,0.065269
7.543220,0.056566
7.548388,0.047864
7.554217,0.039161
7.588071,0.030459
7.650639,0.021756
7.714839,0.013054
7.780724,0.004351
5.942677,-0.178401
5.736961,-0.187103
5.678864,-0.195806
5.645857,-0.204508
5.613657,-0.213211
5.582244,-0.221913
5.551602,-0.230616
5.521713,-0.239318
5.492559,-0.248021
5.464127,-0.256723
5.436398,-0.265425
5.409359,-0.274128
5.382997,-0.282830
5.357296,-0.291533
5.332242,-0.300235
5.307825,-0.308938
5.284031,-0.317640
5.260848,-0.326343
5.238265,-0.335045
5.216270,-0.343748
5.194854,-0.352450
5.174005,-0.361153
5.143960,-0.369855
5.133969,-0.378558
5.114764,-0.387260
5.096089,-0.395963
5.077935,-0.404665
5.060295,-0.413367
5.043158,-0.422070
5.026519,-0.430772
5.031652,-0.439475
5.058351,-0.448177
5.085269,-0.456880
5.133501,-0.465582
5.118757,-0.474285
5.146424,-0.482987
5.237070,-0.491690
5.347945,-0.500392
5.396997,-0.509095
5.550790,-0.517797
5.713753,-0.526500
6.152678,-0.535202
6.380583,-0.543905
6.600431,-0.552607
7.128571,-0.561310
7.401849,-0.570012
7.704267,-1.066053
7.464059,-1.074755
7.244062,-1.083458
7.054252,-1.092160
6.871376,-1.100863
6.699801,-1.109565
6.516239,-1.118268
6.359965,-1.126970
6.209659,-1.135673
6.050486,-1.144375
5.912236,-1.153078
5.800152,-1.161780
5.660753,-1.170483
5.536888,-1.179185
5.438448,-1.187888
5.315285,-1.196590
5.224896,-1.205293
5.111401,-1.213995
5.005995,-1.222697
4.925291,-1.231400
4.846043,-1.240102
4.748948,-1.248805
4.677203,-1.257507
4.585109,-1.266210
4.517432,-1.274912
4.455230,-1.283615
4.369180,-1.292317
4.312887,-1.301020
4.230537,-1.309722
4.179650,-1.318425
4.123919,-1.327127
4.069475,-1.335830
4.002102,-1.344532
3.950679,-1.353235
3.887473,-1.361937
3.838778,-1.370639
3.803536,-1.379342
3.757451,-1.388044
3.701775,-1.396747
3.657930,-1.405449
3.605547,-1.414152
3.563737,-1.422854
3.522596,-1.431557
3.474454,-1.440259
3.435083,-1.448962
3.396270,-1.457664
3.357983,-1.466367
3.346113,-1.475069
3.308973,-1.483772
3.272273,-1.492474
3.235985,-1.501177
3.200081,-1.509879
3.164534,-1.518582
3.129318,-1.527284
3.121758,-1.535986
3.087352,-1.544689
3.053207,-1.553391
3.019299,-1.562094
3.013530,-1.570796
