scan.pos:0.038519,7.087818,-2.9147500.800508,1.562094
0.798929,1.553391
0.797417,1.544689
0.795971,1.535986
0.794591,1.527284
0.793276,1.518581
0.792026,1.509879
0.790839,1.501177
0.789717,1.492474
0.788657,1.483772
0.787660,1.475069
0.786725,1.466367
0.785853,1.457664
0.785042,1.448962
0.784292,1.440259
0.783604,1.431557
0.782976,1.422854
0.782409,1.414152
0.781902,1.405449
0.781455,1.396747
0.781068,1.388044
0.780741,1.379342
0.780474,1.370639
0.780266,1.361937
0.780118,1.353234
0.780029,1.344532
0.780000,1.335830
0.780030,1.327127
0.780119,1.318425
0.780268,1.309722
0.780477,1.301020
0.780745,1.292317
0.781072,1.283615
0.781460,1.274912
0.781907,1.266210
0.782415,1.257507
0.782983,1.248805
0.783611,1.240102
0.784301,1.231400
0.785051,1.222697
0.785863,1.213995
0.786736,1.205292
0.787671,1.196590
0.788669,1.187888
0.789729,1.179185
0.790853,1.170483
0.792040,1.161780
0.793291,1.153078
0.794607,1.144375
0.795988,1.135673
0.797434,1.126970
0.798947,1.118268
0.800526,1.109565
0.802173,1.100863
0.803889,1.092160
0.805673,1.083458
0.807526,1.074755
0.809450,1.066053
0.811445,1.057350
0.813512,1.048648
0.815652,1.039945
0.817866,1.031243
0.820154,1.022541
0.822518,1.013838
0.824958,1.005136
0.827477,0.996433
0.830074,0.987731
0.832751,0.979028
0.835509,0.970326
0.838350,0.961623
0.841274,0.952921
0.844283,0.944218
0.847379,0.935516
0.850563,0.926813
0.853835,0.918111
0.857199,0.909408
0.860655,0.900706
0.864205,0.892003
0.867851,0.883301
0.871594,0.874598
0.875437,0.865896
0.879381,0.857194
0.883428,0.848491
0.887581,0.839789
0.891841,0.831086
0.896211,0.822384
0.900693,0.813681
0.905289,0.804979
0.910001,0.796276
0.914834,0.787574
0.919788,0.778871
0.924867,0.770169
0.930074,0.761466
0.935411,0.752764
0.940882,0.744061
0.946490,0.735359
0.952238,0.726656
0.958129,0.717954
0.964168,0.709251
0.970358,0.700549
0.976703,0.691847
0.983206,0.683144
0.989873,0.674442
0.996707,0.665739
1.003713,0.657037
1.010896,0.648334
1.018260,0.639632
1.025812,0.630929
1.086558,0.622227
1.094906,0.613524
1.103469,0.604822
1.112251,0.596119
1.121261,0.587417
1.130505,0.578714
1.139989,0.570012
1.149723,0.561309
1.159713,0.552607
1.161261,0.543905
1.180918,0.535202
1.199868,0.526500
1.193257,0.517797
1.212538,0.509095
1.234619,0.500392
1.227349,0.491690
1.250815,0.482987
1.248847,0.474285
1.321465,0.465582
4.015412,0.456880
4.012621,0.448177
4.035727,0.439475
4.033440,0.430772
4.056698,0.422070
4.119256,0.413367
4.170294,0.404665
4.214993,0.395962
4.261604,0.387260
4.320648,0.378558
4.385086,0.369855
4.425204,0.361153
4.504728,0.352450
4.622985,0.343748
4.801978,0.335045
4.878406,0.326343
5.022939,0.317640
5.082200,0.308938
5.176159,0.300235
5.289773,0.291533
5.351104,0.282830
5.448234,0.274128
3.631383,-0.030459
3.563965,-0.039161
3.537726,-0.047864
3.450916,-0.056566
3.425469,-0.065269
3.380107,-0.073971
3.355350,-0.082674
3.351108,-0.091376
3.306787,-0.100078
3.303119,-0.108781
3.299711,-0.117483
3.296560,-0.126186
3.293666,-0.134888
3.291028,-0.143591
3.288644,-0.152293
3.286513,-0.160996
3.284635,-0.169698
3.283009,-0.178401
3.241597,-0.187103
3.220475,-0.195806
3.219618,-0.204508
3.158997,-0.213211
3.158638,-0.221913
3.158519,-0.230616
3.118639,-0.239318
3.118997,-0.248021
3.119592,-0.256723
3.120425,-0.265425
3.121496,-0.274128
3.122807,-0.282830
3.124356,-0.291533
3.126145,-0.300235
3.128174,-0.308938
3.130445,-0.317640
3.132957,-0.326343
3.135713,-0.335045
3.138713,-0.343748
3.141958,-0.352450
3.145449,-0.361153
3.149189,-0.369855
3.153177,-0.378558
3.197916,-0.387260
3.161909,-0.395963
3.166655,-0.404665
3.171657,-0.413367
3.176918,-0.422070
3.182439,-0.430772
3.188222,-0.439475
3.194270,-0.448177
3.213966,-0.456880
3.208456,-0.465582
3.228765,-0.474285
3.236592,-0.482987
3.290125,-0.491690
3.285527,-0.500392
3.211910,-0.509095
3.111934,-0.517797
3.035207,-0.526500
2.936141,-0.535202
2.865557,-0.543905
2.796717,-0.552607
2.710351,-0.561310
2.646198,-0.570012
2.588680,-0.578714
2.507140,-0.587417
2.469286,-0.596119
2.420899,-0.604822
2.364806,-0.613524
2.309403,-0.622227
2.268631,-0.630929
2.215693,-0.639632
2.163227,-0.648334
2.128896,-0.657037
2.078392,-0.665739
2.050345,-0.674442
2.021628,-0.683144
1.973082,-0.691847
1.947988,-0.700549
1.923321,-0.709252
1.876285,-0.717954
1.855662,-0.726657
1.832551,-0.735359
1.786660,-0.744061
1.770011,-0.752764
1.724949,-0.761466
1.710950,-0.770169
1.690030,-0.778871
1.669200,-0.787574
1.634941,-0.796276
1.614886,-0.804979
1.606608,-0.813681
1.587372,-0.822384
1.557106,-0.831086
1.538468,-0.839789
1.509938,-0.848491
1.491820,-0.857194
1.473654,-0.865896
1.472290,-0.874599
1.454716,-0.883301
1.429964,-0.892003
1.412761,-0.900706
1.389418,-0.909408
1.398452,-0.918111
1.376631,-0.926813
1.360202,-0.935516
1.351572,-0.944218
1.335252,-0.952921
1.318780,-0.961623
1.302148,-0.970326
1.312696,-0.979028
1.295944,-0.987731
1.279012,-0.996433
1.261891,-1.005136
1.272728,-1.013838
1.261767,-1.022541
1.251087,-1.031243
1.240680,-1.039946
1.230537,-1.048648
1.220651,-1.057350
1.211015,-1.066053
1.201620,-1.074755
1.192460,-1.083458
1.183528,-1.092160
1.174817,-1.100863
1.166322,-1.109565
1.158037,-1.118268
1.149955,-1.126970
1.142072,-1.135673
1.134382,-1.144375
1.126879,-1.153078
1.119561,-1.161780
1.112421,-1.170483
1.105455,-1.179185
1.098659,-1.187888
1.092028,-1.196590
1.085559,-1.205293
1.079249,-1.213995
1.073092,-1.222697
1.067086,-1.231400
1.061227,-1.240102
1.055513,-1.248805
1.049938,-1.257507
1.044502,-1.266210
1.039200,-1.274912
1.034031,-1.283615
1.028990,-1.292317
1.024076,-1.301020
1.019286,-1.309722
1.014617,-1.318425
1.010068,-1.327127
1.005635,-1.335830
1.001317,-1.344532
0.997112,-1.353235
0.993017,-1.361937
0.989030,-1.370639
0.985151,-1.379342
0.981376,-1.388044
0.977704,-1.396747
0.974133,-1.405449
0.970662,-1.414152
0.967288,-1.422854
0.964012,-1.431557
0.960830,-1.440259
0.957743,-1.448962
0.954747,-1.457664
0.951842,-1.466367
0.949027,-1.475069
0.946301,-1.483772
0.943661,-1.492474
0.941108,-1.501177
0.938640,-1.509879
0.936256,-1.518582
0.933955,-1.527284
0.931736,-1.535986
0.929598,-1.544689
0.927541,-1.553391
0.925563,-1.562094
0.923663,-1.570796
