scan.pos:-2.114336,7.076898,1.0352501.139548,1.562094
1.145524,1.553391
1.151650,1.544689
1.157931,1.535986
1.164371,1.527284
1.170971,1.518581
1.177738,1.509879
1.184673,1.501177
1.191783,1.492474
1.199070,1.483772
1.206539,1.475069
1.214194,1.466367
1.222041,1.457664
1.230085,1.448962
1.238330,1.440259
1.246782,1.431557
1.255446,1.422854
1.264329,1.414152
1.273435,1.405449
1.282773,1.396747
1.292347,1.388044
1.302165,1.379342
1.365795,1.370639
1.349554,1.361937
1.333156,1.353234
1.316596,1.344532
1.327519,1.335830
1.310838,1.327127
1.293972,1.318425
1.296906,1.309722
1.285806,1.301020
1.274991,1.292317
1.264452,1.283615
1.254181,1.274912
1.244169,1.266210
1.234409,1.257507
1.224893,1.248805
1.215615,1.240102
1.206567,1.231400
1.197744,1.222697
1.189139,1.213995
1.180745,1.205292
1.172558,1.196590
1.164572,1.187888
1.156782,1.179185
1.149182,1.170483
1.141767,1.161780
1.134534,1.153078
1.127476,1.144375
1.120591,1.135673
1.113874,1.126970
1.107321,1.118268
1.100927,1.109565
1.094690,1.100863
1.088606,1.092160
1.082671,1.083458
1.076882,1.074755
1.071235,1.066053
1.065728,1.057350
1.060358,1.048648
1.055122,1.039945
1.050017,1.031243
1.045040,1.022541
1.040188,1.013838
1.035461,1.005136
1.030854,0.996433
1.026365,0.987731
1.021994,0.979028
1.017736,0.970326
1.013591,0.961623
1.009555,0.952921
1.005628,0.944218
1.001808,0.935516
0.998092,0.926813
0.994479,0.918111
0.990968,0.909408
0.987556,0.900706
0.984242,0.892003
0.981024,0.883301
0.977902,0.874598
0.974874,0.865896
0.971938,0.857194
0.969094,0.848491
0.966339,0.839789
0.963673,0.831086
0.961095,0.822384
0.958603,0.813681
0.956197,0.804979
0.953876,0.796276
0.951638,0.787574
0.949482,0.778871
0.947409,0.770169
0.945416,0.761466
0.943503,0.752764
0.941670,0.744061
0.939915,0.735359
0.938238,0.726656
0.936638,0.717954
0.935114,0.709251
0.933667,0.700549
0.932295,0.691847
0.930998,0.683144
0.929775,0.674442
0.928626,0.665739
0.927550,0.657037
0.926547,0.648334
0.925617,0.639632
0.924759,0.630929
0.923973,0.622227
0.923259,0.613524
0.922616,0.604822
0.922044,0.596119
0.921542,0.587417
0.921112,0.578714
0.920752,0.570012
0.920462,0.561309
0.920243,0.552607
0.920093,0.543905
0.920014,0.535202
0.920005,0.526500
0.920066,0.517797
0.920197,0.509095
0.920398,0.500392
0.920669,0.491690
0.921011,0.482987
0.921423,0.474285
0.921906,0.465582
0.922459,0.456880
0.923084,0.448177
0.923779,0.439475
0.924547,0.430772
0.925386,0.422070
0.926297,0.413367
0.927281,0.404665
0.928337,0.395962
0.929467,0.387260
0.930670,0.378558
0.931948,0.369855
0.933301,0.361153
0.934728,0.352450
0.936232,0.343748
0.937811,0.335045
0.939468,0.326343
0.941203,0.317640
0.943015,0.308938
0.944907,0.300235
0.946879,0.291533
0.948932,0.282830
0.951065,0.274128
0.953282,0.265425
0.955581,0.256723
0.957965,0.248020
0.960434,0.239318
0.962990,0.230615
0.965632,0.221913
0.968364,0.213211
0.971185,0.204508
0.974096,0.195806
0.977100,0.187103
0.980198,0.178401
0.983390,0.169698
0.986678,0.160996
0.990065,0.152293
0.993550,0.143591
0.997136,0.134888
1.000825,0.126186
1.004618,0.117483
1.008517,0.108781
1.012524,0.100078
1.016640,0.091376
1.020868,0.082673
1.025210,0.073971
1.029667,0.065269
1.034243,0.056566
1.038939,0.047864
1.043757,0.039161
1.048701,0.030459
1.053773,0.021756
1.058974,0.013054
1.064309,0.004351
1.069780,-0.004351
1.075390,-0.013054
1.081141,-0.021756
1.087038,-0.030459
1.093083,-0.039161
1.099279,-0.047864
1.105631,-0.056566
1.112142,-0.065269
1.118816,-0.073971
1.125657,-0.082674
1.132669,-0.091376
1.139856,-0.100078
1.147223,-0.108781
1.154774,-0.117483
1.162514,-0.126186
1.170448,-0.134888
1.178582,-0.143591
1.186921,-0.152293
1.195470,-0.160996
1.204236,-0.169698
1.213224,-0.178401
1.222441,-0.187103
1.231894,-0.195806
1.241589,-0.204508
1.251535,-0.213211
1.261737,-0.221913
1.272206,-0.230616
1.282948,-0.239318
1.293972,-0.248021
1.296906,-0.256723
1.313759,-0.265425
1.302709,-0.274128
1.319429,-0.282830
1.335975,-0.291533
1.352357,-0.300235
1.368583,-0.308938
1.384662,-0.317640
1.400599,-0.326343
1.416405,-0.335045
1.432085,-0.343748
1.447647,-0.352450
1.463097,-0.361153
1.478443,-0.369855
1.468374,-0.378558
1.508846,-0.387260
1.504110,-0.395963
1.519321,-0.404665
1.519306,-0.413367
1.535096,-0.422070
1.561496,-0.430772
1.577765,-0.439475
1.605863,-0.448177
1.622680,-0.456880
1.652594,-0.465582
1.670036,-0.474285
1.701896,-0.482987
1.720050,-0.491690
1.754007,-0.500392
1.772971,-0.509095
1.809196,-0.517797
1.829082,-0.526500
1.867766,-0.535202
1.888703,-0.543905
1.907454,-0.552607
1.952203,-0.561310
1.974091,-0.570012
2.020007,-0.578714
2.043819,-0.587417
2.092606,-0.596119
2.140104,-0.604822
2.170572,-0.613524
2.219799,-0.622227
2.254573,-0.630929
2.305835,-0.639632
2.357583,-0.648334
2.399060,-0.657037
2.453369,-0.665739
2.500482,-0.674442
2.579149,-0.683144
2.637347,-0.691847
2.693448,-0.700549
2.776646,-0.709252
2.840401,-0.717954
2.928059,-0.726657
2.996321,-0.735359
3.093767,-0.744061
3.188889,-0.752764
3.276496,-0.761466
3.378902,-0.770169
3.484238,-0.778871
3.632444,-0.787574
3.747650,-0.796276
3.887705,-0.804979
4.040624,-0.813681
4.194536,-0.822384
4.391197,-0.831086
4.563101,-0.839789
4.764050,-0.848491
5.005288,-0.857194
5.253675,-0.865896
5.536234,-0.874599
5.844130,-0.883301
6.210598,-0.892003
6.580801,-0.900706
7.056379,-0.909408
7.562929,-0.918111
2.763768,-1.318425
2.677119,-1.327127
2.588283,-1.335830
2.529807,-1.344532
2.435999,-1.353235
2.399212,-1.361937
2.327463,-1.370639
2.278492,-1.379342
2.215710,-1.388044
2.171171,-1.396747
2.115436,-1.405449
2.074665,-1.414152
2.025142,-1.422854
1.987594,-1.431557
1.950875,-1.440259
1.908814,-1.448962
1.874715,-1.457664
1.798700,-1.466367
1.783912,-1.475069
1.769138,-1.483772
1.742619,-1.492474
1.713178,-1.501177
1.685301,-1.509879
1.680097,-1.518582
1.678433,-1.527284
1.675110,-1.535986
1.654133,-1.544689
1.629423,-1.553391
1.611386,-1.562094
1.587834,-1.570796
