scan.pos:6.972710,3.713279,-1.9147501.083459,1.562094
1.086898,1.553391
1.090442,1.544689
1.094093,1.535986
1.097852,1.527284
1.101722,1.518581
1.105703,1.509879
1.109798,1.501177
1.114008,1.492474
1.118336,1.483772
1.122784,1.475069
1.127353,1.466367
1.132046,1.457664
1.136866,1.448962
1.141814,1.440259
1.146892,1.431557
1.152105,1.422854
1.157453,1.414152
1.162941,1.405449
1.168570,1.396747
1.174344,1.388044
1.180265,1.379342
1.186337,1.370639
1.192564,1.361937
1.198948,1.353234
1.205492,1.344532
1.212202,1.335830
1.219080,1.327127
1.226130,1.318425
1.233357,1.309722
1.240765,1.301020
1.248358,1.292317
1.240487,1.283615
1.248365,1.274912
1.256440,1.266210
1.264716,1.257507
1.273200,1.248805
1.281897,1.240102
1.290813,1.231400
1.299953,1.222697
1.309324,1.213995
1.318932,1.205292
1.328784,1.196590
1.338887,1.187888
1.349249,1.179185
1.359877,1.170483
1.370778,1.161780
1.381962,1.153078
1.393437,1.144375
1.405211,1.135673
1.417296,1.126970
1.421521,1.118268
1.414501,1.109565
1.436698,1.100863
1.458051,1.092160
1.479273,1.083458
1.476023,1.074755
1.497733,1.066053
1.523034,1.057350
1.518653,1.048648
1.540818,1.039945
1.568143,1.031243
1.564878,1.022541
1.593871,1.013838
1.617112,1.005136
1.615043,0.996433
1.646335,0.987731
1.670331,0.979028
1.694372,0.970326
1.703357,0.961623
1.728263,0.952921
1.753266,0.944218
1.765464,0.935516
1.791459,0.926813
1.817611,0.918111
1.833283,0.909408
1.860579,0.900706
1.888102,0.892003
1.930973,0.883301
1.959699,0.874598
1.988737,0.865896
2.018112,0.857194
2.042864,0.848491
2.073865,0.839789
2.105307,0.831086
2.134900,0.822384
2.168254,0.813681
2.224583,0.804979
2.259019,0.796276
2.295650,0.787574
2.332478,0.778871
2.392120,0.770169
2.435211,0.761466
2.475607,0.752764
2.517008,0.744061
2.516098,0.735359
2.504534,0.726656
2.508013,0.717954
2.504227,0.709251
2.495834,0.700549
2.487685,0.691847
2.479778,0.683144
2.472108,0.674442
2.464673,0.665739
2.457469,0.657037
2.450493,0.648334
2.443742,0.639632
2.437214,0.630929
2.430904,0.622227
2.424812,0.613524
2.418934,0.604822
2.413267,0.596119
2.407810,0.587417
2.361372,0.578714
2.356414,0.570012
2.351655,0.561309
2.347094,0.552607
2.322297,0.543905
2.318161,0.535202
2.314217,0.526500
2.310461,0.517797
2.306893,0.509095
2.303511,0.500392
2.300314,0.491690
2.297301,0.482987
2.294470,0.474285
2.291820,0.465582
2.289350,0.456880
2.287060,0.448177
2.284948,0.439475
2.283014,0.430772
2.281256,0.422070
2.279675,0.413367
2.278270,0.404665
2.277039,0.395962
2.275983,0.387260
2.275101,0.378558
2.274393,0.369855
2.273858,0.361153
2.273497,0.352450
2.273309,0.343748
2.273294,0.335045
2.273453,0.326343
2.273784,0.317640
2.274289,0.308938
2.274967,0.300235
2.275819,0.291533
2.276845,0.282830
2.278046,0.274128
2.279422,0.265425
2.280972,0.256723
2.282700,0.248020
2.284604,0.239318
2.246449,0.230615
2.248669,0.221913
2.251065,0.213211
2.253637,0.204508
2.256388,0.195806
2.259318,0.187103
2.262428,0.178401
2.265719,0.169698
2.228549,0.160996
2.232141,0.152293
2.235916,0.143591
2.239874,0.134888
2.244017,0.126186
2.248348,0.117483
2.252866,0.108781
2.257576,0.100078
2.262477,0.091376
2.267573,0.082673
2.272866,0.073971
2.278357,0.065269
2.284050,0.056566
2.289945,0.047864
2.296046,0.039161
2.302356,0.030459
2.308877,0.021756
2.315612,0.013054
2.322563,0.004351
2.329735,-0.004351
2.337129,-0.013054
2.344750,-0.021756
2.352600,-0.030459
2.360683,-0.039161
2.369003,-0.047864
2.377564,-0.056566
2.386369,-0.065269
2.395422,-0.073971
2.404729,-0.082674
2.414292,-0.091376
2.424118,-0.100078
2.434209,-0.108781
2.444572,-0.117483
2.455212,-0.126186
2.466133,-0.134888
2.477341,-0.143591
2.488842,-0.152293
2.500642,-0.160996
2.512746,-0.169698
2.525161,-0.178401
2.537894,-0.187103
2.550951,-0.195806
2.564339,-0.204508
2.578066,-0.213211
2.592139,-0.221913
2.606566,-0.230616
2.621356,-0.239318
2.636516,-0.248021
2.652056,-0.256723
2.651856,-0.265425
2.639690,-0.274128
2.652904,-0.282830
2.682876,-0.291533
2.698888,-0.300235
2.715929,-0.308938
2.726577,-0.317640
2.720756,-0.326343
2.715603,-0.335045
2.731090,-0.343748
2.753947,-0.352450
2.773034,-0.361153
2.798456,-0.369855
2.824917,-0.378558
2.340153,-0.387260
2.230216,-0.395963
2.144034,-0.404665
2.142119,-0.413367
2.113031,-0.422070
2.111084,-0.430772
2.082756,-0.439475
2.075240,-0.448177
2.057492,-0.456880
2.024535,-0.465582
2.023349,-0.474285
2.006926,-0.482987
1.990917,-0.491690
1.975312,-0.500392
1.960096,-0.509095
1.945261,-0.517797
1.957015,-0.526500
1.968745,-0.535202
1.954612,-0.543905
1.940826,-0.552607
1.952863,-0.561310
1.939573,-0.570012
1.951748,-0.578714
1.963910,-0.587417
1.951250,-0.596119
1.988211,-0.604822
1.975854,-0.613524
1.963798,-0.622227
1.976245,-0.630929
1.988693,-0.639632
2.001148,-0.648334
2.013612,-0.657037
2.073409,-0.665739
2.085645,-0.674442
2.097907,-0.683144
2.086917,-0.691847
2.076199,-0.700549
2.111838,-0.709252
2.124352,-0.717954
2.136904,-0.726657
2.194925,-0.735359
2.184745,-0.744061
2.174825,-0.752764
2.187563,-0.761466
2.178048,-0.770169
2.168780,-0.778871
2.226116,-0.787574
2.217058,-0.796276
2.252127,-0.804979
2.308949,-0.813681
2.300186,-0.822384
2.291664,-0.831086
2.329452,-0.839789
2.373140,-0.848491
2.408207,-0.857194
2.401427,-0.865896
2.432281,-0.874599
2.450870,-0.883301
2.449642,-0.892003
2.471138,-0.900706
2.494735,-0.909408
2.479401,-0.918111
2.508117,-0.926813
2.518022,-0.935516
2.559909,-0.944218
2.569713,-0.952921
2.563483,-0.961623
2.599681,-0.970326
2.604308,-0.979028
2.658669,-0.987731
2.696866,-0.996433
2.686794,-1.005136
2.698469,-1.013838
2.709909,-1.022541
2.745873,-1.031243
2.781921,-1.039946
2.777407,-1.048648
2.773118,-1.057350
2.829850,-1.066053
2.947350,-1.074755
5.954031,-1.248805
5.755265,-1.257507
5.576848,-1.266210
5.538891,-1.274912
5.541389,-1.283615
5.544311,-1.292317
5.547659,-1.301020
5.551434,-1.309722
5.555637,-1.318425
5.560271,-1.327127
5.565337,-1.335830
5.570836,-1.344532
5.576771,-1.353235
5.583145,-1.361937
5.589960,-1.370639
5.588432,-1.379342
5.604921,-1.388044
5.613075,-1.396747
5.662324,-1.405449
5.671452,-1.414152
5.721819,-1.422854
5.731948,-1.431557
5.742551,-1.440259
5.774134,-1.448962
5.785739,-1.457664
5.797834,-1.466367
5.810422,-1.475069
5.823510,-1.483772
5.837102,-1.492474
5.851204,-1.501177
5.865823,-1.509879
5.880964,-1.518582
5.896633,-1.527284
5.912838,-1.535986
5.929585,-1.544689
5.925765,-1.553391
5.901196,-1.562094
5.919418,-1.570796
