scan.pos:-2.522344,-0.109902,1.7352505.552572,1.562094
5.544753,1.553391
5.537377,1.544689
5.530442,1.535986
5.523944,1.527284
5.517881,1.518581
5.512251,1.509879
5.507051,1.501177
5.502279,1.492474
5.497934,1.483772
5.494014,1.475069
5.490518,1.466367
5.487443,1.457664
5.484789,1.448962
5.482556,1.440259
5.480741,1.431557
5.479345,1.422854
5.478366,1.414152
5.477805,1.405449
5.477661,1.396747
5.477934,1.388044
5.478625,1.379342
5.479733,1.370639
5.481259,1.361937
5.483203,1.353234
5.485567,1.344532
5.488351,1.335830
5.491557,1.327127
5.495184,1.318425
5.499236,1.309722
5.503713,1.301020
5.508617,1.292317
5.513950,1.283615
5.519714,1.274912
5.525912,1.266210
5.532545,1.257507
5.539617,1.248805
5.547129,1.240102
5.555086,1.231400
5.563490,1.222697
5.572344,1.213995
5.581652,1.205292
5.591418,1.196590
5.601646,1.187888
5.612339,1.179185
5.623502,1.170483
5.635140,1.161780
5.647257,1.153078
5.659858,1.144375
5.672948,1.135673
5.686533,1.126970
5.700619,1.118268
5.715210,1.109565
5.730315,1.100863
5.745938,1.092160
5.762086,1.083458
5.778767,1.074755
5.795987,1.066053
5.813755,1.057350
5.832077,1.048648
5.850961,1.039945
5.870417,1.031243
5.890453,1.022541
5.911078,1.013838
5.932302,1.005136
5.954133,0.996433
5.976582,0.987731
5.999660,0.979028
6.023377,0.970326
6.047745,0.961623
6.072775,0.952921
6.098480,0.944218
6.124871,0.935516
6.151963,0.926813
6.179768,0.918111
6.208300,0.909408
6.237574,0.900706
6.267605,0.892003
6.298409,0.883301
6.330001,0.874598
6.362400,0.865896
6.395620,0.857194
6.429682,0.848491
6.464603,0.839789
6.500404,0.831086
6.537104,0.822384
6.574725,0.813681
6.613287,0.804979
6.652814,0.796276
6.693329,0.787574
6.734857,0.778871
6.777422,0.770169
6.821052,0.761466
6.865773,0.752764
6.911614,0.744061
6.958605,0.735359
7.006777,0.726656
7.056161,0.717954
7.106792,0.709251
7.158704,0.700549
7.211933,0.691847
7.266516,0.683144
7.322495,0.674442
7.379908,0.665739
7.438800,0.657037
7.499216,0.648334
7.561201,0.639632
7.624804,0.630929
7.690078,0.622227
7.750954,0.613524
3.236353,0.578714
3.102048,0.570012
3.050742,0.561309
3.027137,0.552607
3.004121,0.543905
2.981677,0.535202
2.959790,0.526500
2.938445,0.517797
2.917625,0.509095
2.897318,0.500392
2.877509,0.491690
2.858185,0.482987
2.839334,0.474285
2.820943,0.465582
2.803001,0.456880
2.785497,0.448177
2.768420,0.439475
2.751758,0.430772
2.735504,0.422070
2.719646,0.413367
2.704175,0.404665
2.689084,0.395962
2.674362,0.387260
2.660002,0.378558
2.645996,0.369855
2.632336,0.361153
2.619015,0.352450
2.606025,0.343748
2.593360,0.335045
2.581013,0.326343
2.568978,0.317640
2.557249,0.308938
2.545819,0.300235
2.557016,0.291533
2.546072,0.282830
2.535415,0.274128
2.525037,0.265425
2.514935,0.256723
2.505104,0.248020
2.495538,0.239318
2.529663,0.230615
2.520458,0.221913
2.511510,0.213211
2.502816,0.204508
2.494370,0.195806
2.528853,0.187103
2.520759,0.178401
2.512906,0.169698
2.505293,0.160996
2.497916,0.152293
2.490770,0.143591
2.483855,0.134888
2.477165,0.126186
2.470699,0.117483
2.464454,0.108781
2.458428,0.100078
2.452617,0.091376
2.467670,0.082673
2.462238,0.073971
2.457016,0.065269
2.493042,0.056566
2.488155,0.047864
2.503917,0.039161
2.540215,0.030459
2.535841,0.021756
2.572345,0.013054
2.588624,0.004351
2.706417,-0.004351
2.743096,-0.013054
2.739448,-0.021756
2.958137,-0.030459
3.075675,-0.039161
3.354355,-0.047864
3.552196,-0.056566
3.910777,-0.065269
4.188647,-0.073971
7.136223,-0.082674
7.472150,-0.091376
6.255524,-0.395963
6.068352,-0.404665
6.017118,-0.413367
5.629290,-0.422070
5.395648,-0.430772
5.272597,-0.439475
5.106965,-0.448177
4.960495,-0.456880
4.820368,-0.465582
4.682739,-0.474285
4.555635,-0.482987
4.433802,-0.491690
4.338742,-0.500392
4.247740,-0.509095
4.251286,-0.517797
4.240453,-0.526500
4.254554,-0.535202
4.269075,-0.543905
4.262440,-0.552607
4.256084,-0.561310
4.271747,-0.570012
4.287853,-0.578714
4.304410,-0.587417
4.321425,-0.596119
4.338908,-0.604822
4.356866,-0.613524
4.375308,-0.622227
4.394242,-0.630929
4.413678,-0.639632
4.433627,-0.648334
4.454097,-0.657037
4.475100,-0.665739
4.496645,-0.674442
4.518745,-0.683144
4.541411,-0.691847
4.564655,-0.700549
4.588489,-0.709252
4.612926,-0.717954
4.637980,-0.726657
4.663665,-0.735359
4.689995,-0.744061
4.716986,-0.752764
4.744652,-0.761466
4.773010,-0.770169
4.802077,-0.778871
4.831871,-0.787574
4.862409,-0.796276
4.893711,-0.804979
4.925796,-0.813681
4.958684,-0.822384
4.992398,-0.831086
5.026958,-0.839789
5.062389,-0.848491
5.098713,-0.857194
5.135957,-0.865896
5.174146,-0.874599
5.213306,-0.883301
5.253467,-0.892003
5.294658,-0.900706
5.418392,-0.909408
5.462398,-0.918111
5.507547,-0.926813
2.259701,-0.935516
2.234850,-0.944218
2.206505,-0.952921
2.187551,-0.961623
2.169082,-0.970326
2.151086,-0.979028
2.133547,-0.987731
2.116451,-0.996433
2.099786,-1.005136
2.083538,-1.013838
2.067697,-1.022541
2.052249,-1.031243
2.037185,-1.039946
2.022493,-1.048648
2.008163,-1.057350
2.019714,-1.066053
2.005905,-1.074755
1.992435,-1.083458
1.979294,-1.092160
1.966473,-1.100863
1.953966,-1.109565
1.941764,-1.118268
1.929859,-1.126970
1.918245,-1.135673
1.906914,-1.144375
1.895859,-1.153078
1.861248,-1.161780
1.850861,-1.170483
1.821303,-1.179185
1.825987,-1.187888
1.821204,-1.196590
1.811802,-1.205293
1.802633,-1.213995
1.793693,-1.222697
1.784976,-1.231400
1.776477,-1.240102
1.768194,-1.248805
1.760121,-1.257507
1.752254,-1.266210
1.744589,-1.274912
1.737122,-1.283615
1.729851,-1.292317
1.722771,-1.301020
1.715878,-1.309722
1.709171,-1.318425
1.702644,-1.327127
1.696296,-1.335830
1.690123,-1.344532
1.684123,-1.353235
1.678293,-1.361937
1.672630,-1.370639
1.667131,-1.379342
1.661795,-1.388044
1.656618,-1.396747
1.651600,-1.405449
1.646736,-1.414152
1.642025,-1.422854
1.637466,-1.431557
1.633056,-1.440259
1.628794,-1.448962
1.583081,-1.457664
1.579210,-1.466367
1.575477,-1.475069
1.571881,-1.483772
1.568421,-1.492474
1.565095,-1.501177
1.561901,-1.509879
1.558840,-1.518582
1.555908,-1.527284
1.553105,-1.535986
1.550431,-1.544689
1.547883,-1.553391
1.545461,-1.562094
1.543164,-1.570796
