scan.pos:-5.993372,5.676021,2.9684357.760757,1.475069
7.517552,1.466367
7.281176,1.457664
7.055628,1.448962
6.860825,1.440259
6.671180,1.431557
6.495731,1.422854
6.327795,1.414152
6.166759,1.405449
5.994337,1.396747
5.868360,1.388044
5.726514,1.379342
5.589604,1.370639
5.466955,1.361937
5.340266,1.353234
5.239097,1.344532
5.133771,1.335830
5.041089,1.327127
4.929781,1.318425
4.821350,1.309722
4.734296,1.301020
4.654335,1.292317
4.576861,1.283615
4.501445,1.274912
4.407053,1.266210
4.337043,1.257507
4.271521,1.248805
4.183423,1.240102
4.119657,1.231400
4.057491,1.222697
4.002894,1.213995
3.944502,1.205292
3.887447,1.196590
3.840164,1.187888
3.786358,1.179185
3.733670,1.170483
3.669065,1.161780
3.619058,1.153078
3.582349,1.144375
3.534900,1.135673
3.488277,1.126970
3.457011,1.118268
3.412629,1.109565
3.368935,1.100863
3.317614,1.092160
3.275728,1.083458
3.259763,1.074755
3.212495,1.066053
3.172915,1.057350
3.133799,1.048648
3.121196,1.039945
3.083111,1.031243
3.045406,1.022541
3.008051,1.013838
2.997899,1.005136
2.961375,0.996433
2.925126,0.987731
2.916659,0.979028
2.881109,0.970326
2.845760,0.961623
2.838833,0.952921
2.817168,0.944218
2.793254,0.935516
2.769953,0.926813
2.747244,0.918111
2.725111,0.909408
2.703535,0.900706
2.682502,0.892003
2.661994,0.883301
2.641997,0.874598
2.622496,0.865896
2.603478,0.857194
2.584929,0.848491
2.566837,0.839789
2.549189,0.831086
2.531974,0.822384
2.515180,0.813681
2.498796,0.804979
2.482812,0.796276
2.467218,0.787574
2.452004,0.778871
2.437161,0.770169
2.422681,0.761466
2.408553,0.752764
2.394771,0.744061
2.381326,0.735359
2.368210,0.726656
2.355417,0.717954
2.342938,0.709251
2.330767,0.700549
2.318898,0.691847
2.307324,0.683144
2.296039,0.674442
2.285037,0.665739
2.274312,0.657037
2.263859,0.648334
2.253673,0.639632
2.243748,0.630929
2.234079,0.622227
2.224662,0.613524
2.215492,0.604822
2.206565,0.596119
2.197876,0.587417
2.189421,0.578714
2.181197,0.570012
2.173199,0.561309
2.165423,0.552607
2.157867,0.543905
2.150527,0.535202
2.143399,0.526500
2.136481,0.517797
2.129768,0.509095
2.123259,0.500392
2.116950,0.491690
2.110839,0.482987
2.104923,0.474285
2.099199,0.465582
2.093665,0.456880
2.088320,0.448177
2.083159,0.439475
2.078182,0.430772
2.073386,0.422070
2.068769,0.413367
2.064330,0.404665
2.060067,0.395962
2.055977,0.387260
2.052059,0.378558
2.048312,0.369855
2.044734,0.361153
2.041324,0.352450
2.038080,0.343748
2.035001,0.335045
2.032085,0.326343
2.029333,0.317640
2.026742,0.308938
2.024312,0.300235
2.022041,0.291533
2.019929,0.282830
2.017975,0.274128
2.016178,0.265425
2.014537,0.256723
2.013053,0.248020
2.011723,0.239318
2.010549,0.230615
2.009528,0.221913
2.008662,0.213211
2.007949,0.204508
2.007390,0.195806
2.006984,0.187103
2.006730,0.178401
2.006630,0.169698
2.006682,0.160996
2.006887,0.152293
2.007245,0.143591
2.007756,0.134888
2.008421,0.126186
2.009239,0.117483
2.010210,0.108781
2.011336,0.100078
2.012617,0.091376
2.014052,0.082673
2.015644,0.073971
2.017391,0.065269
2.019296,0.056566
2.021358,0.047864
2.023578,0.039161
2.025958,0.030459
2.028499,0.021756
2.031200,0.013054
2.034064,0.004351
2.037091,-0.004351
2.040283,-0.013054
2.043641,-0.021756
2.047166,-0.030459
2.050859,-0.039161
2.054723,-0.047864
2.058758,-0.056566
2.062967,-0.065269
2.067351,-0.073971
2.071911,-0.082674
2.076651,-0.091376
2.081570,-0.100078
2.086673,-0.108781
2.091960,-0.117483
2.097434,-0.126186
2.103098,-0.134888
2.108953,-0.143591
2.115002,-0.152293
2.121248,-0.160996
2.127694,-0.169698
2.134342,-0.178401
2.141196,-0.187103
2.148257,-0.195806
2.155530,-0.204508
2.163018,-0.213211
2.170723,-0.221913
2.178651,-0.230616
2.186804,-0.239318
2.195185,-0.248021
2.203800,-0.256723
2.212652,-0.265425
2.221745,-0.274128
2.231083,-0.282830
2.240672,-0.291533
2.250516,-0.300235
2.260619,-0.308938
2.270988,-0.317640
2.281626,-0.326343
2.292540,-0.335045
2.303735,-0.343748
2.315218,-0.352450
2.326993,-0.361153
2.339068,-0.369855
2.351449,-0.378558
2.364142,-0.387260
2.377156,-0.395963
2.390496,-0.404665
2.404171,-0.413367
2.418189,-0.422070
2.432558,-0.430772
2.447285,-0.439475
2.462381,-0.448177
2.477854,-0.456880
2.493714,-0.465582
2.509971,-0.474285
2.526634,-0.482987
2.543716,-0.491690
2.561226,-0.500392
2.579177,-0.509095
2.597580,-0.517797
2.616449,-0.526500
2.635796,-0.535202
2.655635,-0.543905
2.675980,-0.552607
2.696846,-0.561310
2.718249,-0.570012
2.740205,-0.578714
2.762730,-0.587417
2.785843,-0.596119
2.809561,-0.604822
2.833905,-0.613524
2.843506,-0.622227
2.878721,-0.630929
2.886524,-0.639632
2.922382,-0.648334
2.958482,-0.657037
2.967902,-0.665739
3.004772,-0.674442
3.041957,-0.683144
3.026821,-0.691847
3.011109,-0.700549
2.989273,-0.709252
2.967975,-0.717954
2.947202,-0.726657
2.926939,-0.735359
2.907173,-0.744061
2.887890,-0.752764
2.869078,-0.761466
2.850726,-0.770169
2.832821,-0.778871
2.815353,-0.787574
2.798311,-0.796276
2.781684,-0.804979
2.765463,-0.813681
2.749639,-0.822384
2.734201,-0.831086
2.719142,-0.839789
2.704452,-0.848491
2.690125,-0.857194
2.676150,-0.865896
2.662523,-0.874599
2.649233,-0.883301
2.636276,-0.892003
2.623644,-0.900706
2.611330,-0.909408
2.599328,-0.918111
2.587632,-0.926813
2.576236,-0.935516
2.565135,-0.944218
2.554322,-0.952921
2.543793,-0.961623
2.533543,-0.970326
2.523566,-0.979028
2.513859,-0.987731
2.504416,-0.996433
2.495233,-1.005136
2.486305,-1.013838
2.477629,-1.022541
2.469201,-1.031243
2.461017,-1.039946
2.453074,-1.048648
2.445366,-1.057350
2.437892,-1.066053
2.430649,-1.074755
2.423632,-1.083458
2.416839,-1.092160
2.410267,-1.100863
2.403914,-1.109565
2.397776,-1.118268
2.391851,-1.126970
2.386136,-1.135673
2.380630,-1.144375
2.375329,-1.153078
2.370232,-1.161780
2.365336,-1.170483
2.360640,-1.179185
2.372526,-1.187888
2.368194,-1.196590
2.364057,-1.205293
2.360114,-1.213995
2.356364,-1.222697
2.352804,-1.231400
2.349433,-1.240102
2.346251,-1.248805
2.343255,-1.257507
1.371985,-1.266210
1.370446,-1.274912
1.308617,-1.283615
1.307351,-1.292317
1.306187,-1.301020
1.305124,-1.309722
1.123586,-1.318425
1.122844,-1.327127
1.122188,-1.335830
1.121619,-1.344532
1.041054,-1.353235
1.040685,-1.361937
1.020387,-1.370639
1.020181,-1.379342
1.020052,-1.388044
1.020001,-1.396747
1.020028,-1.405449
0.960124,-1.414152
0.960295,-1.422854
0.960540,-1.431557
0.960858,-1.440259
0.961249,-1.448962
0.921643,-1.457664
0.922159,-1.466367
0.922746,-1.475069
0.863182,-1.483772
0.863864,-1.492474
0.864613,-1.501177
0.865429,-1.509879
0.866313,-1.518582
0.867265,-1.527284
0.827899,-1.535986
0.828937,-1.544689
0.830041,-1.553391
0.810938,-1.562094
0.812145,-1.570796
