scan.pos:4.513725,7.144182,-3.0647504.357039,1.562094
4.334233,1.553391
4.331819,1.544689
4.289686,1.535986
4.287952,1.527284
4.246523,1.518581
4.185436,1.509879
4.184701,1.501177
4.164285,1.492474
4.124188,1.483772
4.124406,1.475069
4.084931,1.466367
4.085770,1.457664
4.026879,1.448962
4.008300,1.440259
3.969981,1.431557
3.972008,1.422854
3.934237,1.414152
3.936848,1.405449
3.919683,1.396747
3.922886,1.388044
3.926394,1.379342
3.930207,1.370639
3.934327,1.361937
3.938757,1.353234
3.943497,1.344532
3.948550,1.335830
3.974172,1.327127
3.979884,1.318425
3.985918,1.309722
3.992274,1.301020
4.039717,1.292317
4.046798,1.283615
4.115575,1.274912
4.164432,1.266210
4.460206,1.257507
4.510604,1.248805
4.582180,1.240102
4.695755,1.231400
4.768775,1.222697
5.153975,1.213995
5.354103,1.205292
5.451303,1.196590
5.549427,1.187888
5.606539,1.179185
5.685437,1.170483
5.744118,1.161780
5.761255,1.153078
5.778935,1.144375
5.797167,1.135673
5.815958,1.126970
5.835319,1.118268
5.855255,1.109565
5.832606,1.100863
5.853568,1.092160
5.875130,1.083458
5.897303,1.074755
5.920096,1.066053
5.943520,1.057350
5.967587,1.048648
5.992307,1.039945
6.017694,1.031243
6.043758,1.022541
6.070514,1.013838
6.097974,1.005136
6.126152,0.996433
6.132284,0.987731
6.161832,0.979028
6.192141,0.970326
6.223225,0.961623
6.255102,0.952921
6.287788,0.944218
6.321301,0.935516
6.355660,0.926813
6.390885,0.918111
6.426994,0.909408
6.415986,0.900706
6.453646,0.892003
6.492247,0.883301
6.531813,0.874598
6.572369,0.865896
6.613937,0.857194
6.656546,0.848491
6.700220,0.839789
6.744988,0.831086
6.790879,0.822384
6.837923,0.813681
7.040775,0.804979
7.091331,0.796276
7.143166,0.787574
7.196316,0.778871
7.250820,0.770169
7.306716,0.761466
7.364046,0.752764
7.422853,0.744061
7.483180,0.735359
4.433561,0.726656
4.378109,0.717954
4.355117,0.709251
4.339545,0.700549
4.302292,0.691847
4.265995,0.683144
4.230625,0.674442
4.196154,0.665739
4.162554,0.657037
4.129800,0.648334
4.097867,0.639632
4.066732,0.630929
4.036371,0.622227
4.006763,0.613524
3.977887,0.604822
3.949723,0.596119
3.973293,0.587417
3.946147,0.578714
3.919666,0.570012
3.893832,0.561309
3.918327,0.552607
3.893423,0.543905
3.869127,0.535202
3.845423,0.526500
3.846537,0.517797
3.823832,0.509095
3.801682,0.500392
3.780072,0.491690
3.758992,0.482987
3.738429,0.474285
3.718371,0.465582
3.698807,0.456880
3.679727,0.448177
3.661120,0.439475
3.642976,0.430772
3.625286,0.422070
3.604888,0.413367
3.591230,0.404665
3.574847,0.395962
3.558882,0.387260
3.520999,0.378558
3.461476,0.369855
3.446999,0.361153
3.432904,0.352450
3.419182,0.343748
3.405828,0.335045
3.392835,0.326343
3.380197,0.317640
3.367909,0.308938
3.355964,0.300235
3.365839,0.291533
3.375902,0.282830
3.364816,0.274128
3.375328,0.265425
3.407233,0.256723
3.396922,0.248020
3.408008,0.239318
3.440306,0.230615
3.472684,0.221913
3.505149,0.213211
3.603236,0.204508
3.611962,0.195806
3.672363,0.187103
3.658139,0.178401
3.752728,0.169698
3.812572,0.160996
3.901817,0.152293
3.912514,0.143591
4.032400,0.134888
4.048292,0.126186
4.218087,0.117483
4.424181,0.108781
4.624942,0.100078
4.862392,0.091376
5.082006,0.082673
7.767419,-0.021756
7.763687,-0.030459
7.760548,-0.039161
7.758003,-0.047864
7.696032,-0.056566
7.634673,-0.065269
7.633914,-0.073971
7.593736,-0.082674
7.594138,-0.091376
7.595118,-0.100078
7.596677,-0.108781
7.598815,-0.117483
7.601534,-0.126186
7.604834,-0.134888
7.608716,-0.143591
7.613183,-0.152293
7.621947,-0.160996
7.624488,-0.169698
7.631560,-0.178401
7.690646,-0.187103
7.249183,-0.195806
6.712393,-0.204508
6.292689,-0.213211
5.881914,-0.221913
5.565183,-0.230616
5.227496,-0.239318
4.968725,-0.248021
4.707958,-0.256723
4.499233,-0.265425
4.320772,-0.274128
4.112707,-0.282830
3.954577,-0.291533
3.782237,-0.300235
3.650289,-0.308938
3.512211,-0.317640
3.398860,-0.326343
3.292555,-0.335045
3.168326,-0.343748
3.088361,-0.352450
3.001354,-0.361153
2.886958,-0.369855
2.816238,-0.378558
2.744163,-0.387260
2.657887,-0.395963
2.594034,-0.404665
2.533856,-0.413367
2.452971,-0.422070
2.415563,-0.430772
2.343728,-0.439475
2.309720,-0.448177
2.233542,-0.456880
2.191029,-0.465582
2.160511,-0.474285
2.108884,-0.482987
2.051368,-0.491690
2.023594,-0.500392
1.996287,-0.509095
1.944347,-0.517797
1.918829,-0.526500
1.893653,-0.535202
1.846490,-0.543905
1.822786,-0.552607
1.778720,-0.561310
1.756296,-0.570012
1.734054,-0.578714
1.693738,-0.587417
1.672557,-0.596119
1.651491,-0.604822
1.614469,-0.613524
1.594284,-0.622227
1.582948,-0.630929
1.563658,-0.639632
1.520655,-0.648334
1.512393,-0.657037
1.493770,-0.665739
1.463607,-0.674442
1.445539,-0.683144
1.451872,-0.691847
1.424096,-0.700549
1.406593,-0.709252
1.380381,-0.717954
1.363273,-0.726657
1.338529,-0.735359
1.347170,-0.744061
1.330688,-0.752764
1.314303,-0.761466
1.297785,-0.770169
1.281125,-0.778871
1.264318,-0.787574
1.273894,-0.796276
1.256970,-0.804979
1.239879,-0.813681
1.222611,-0.822384
1.205157,-0.831086
1.215125,-0.839789
1.197505,-0.848491
1.179676,-0.857194
1.185928,-0.865896
1.175748,-0.874599
1.165828,-0.883301
1.156162,-0.892003
1.146742,-0.900706
1.137560,-0.909408
1.128608,-0.918111
1.119882,-0.926813
1.111373,-0.935516
1.103076,-0.944218
1.094984,-0.952921
1.087093,-0.961623
1.079396,-0.970326
1.071889,-0.979028
1.064565,-0.987731
1.057421,-0.996433
1.050452,-1.005136
1.043653,-1.013838
1.037020,-1.022541
1.030549,-1.031243
1.024235,-1.039946
1.018075,-1.048648
1.012066,-1.057350
1.006203,-1.066053
1.000484,-1.074755
0.994905,-1.083458
0.989462,-1.092160
0.984153,-1.100863
0.978975,-1.109565
0.973925,-1.118268
0.969000,-1.126970
0.964198,-1.135673
0.959516,-1.144375
0.954952,-1.153078
0.950502,-1.161780
0.946166,-1.170483
0.941941,-1.179185
0.937824,-1.187888
0.933814,-1.196590
0.929909,-1.205293
0.926106,-1.213995
0.922404,-1.222697
0.918802,-1.231400
0.915296,-1.240102
0.911887,-1.248805
0.908572,-1.257507
0.905350,-1.266210
0.902219,-1.274912
0.899177,-1.283615
0.896224,-1.292317
0.893359,-1.301020
0.890579,-1.309722
0.887884,-1.318425
0.885272,-1.327127
0.882743,-1.335830
0.880295,-1.344532
0.877927,-1.353235
0.875638,-1.361937
0.873428,-1.370639
0.871295,-1.379342
0.869238,-1.388044
0.867257,-1.396747
0.865351,-1.405449
0.863518,-1.414152
0.861759,-1.422854
0.860072,-1.431557
0.858458,-1.440259
0.856914,-1.448962
0.855441,-1.457664
0.854038,-1.466367
0.852704,-1.475069
0.851440,-1.483772
0.850243,-1.492474
0.849115,-1.501177
0.848054,-1.509879
0.847060,-1.518582
0.846133,-1.527284
0.845272,-1.535986
0.844478,-1.544689
0.843748,-1.553391
0.843085,-1.562094
0.842486,-1.570796
