scan.pos:3.213730,6.038751,-0.3647502.077951,1.562094
2.084978,1.553391
2.092212,1.544689
2.099657,1.535986
2.107316,1.527284
2.115194,1.518581
2.123292,1.509879
2.131616,1.501177
2.140169,1.492474
2.148955,1.483772
2.157978,1.475069
2.167244,1.466367
2.176756,1.457664
2.186518,1.448962
2.196537,1.440259
2.206817,1.431557
2.217364,1.422854
2.228182,1.414152
2.239277,1.405449
2.250656,1.396747
2.262324,1.388044
2.274288,1.379342
2.286554,1.370639
2.299130,1.361937
2.312021,1.353234
2.325236,1.344532
2.338782,1.335830
2.352667,1.327127
2.366899,1.318425
2.381486,1.309722
2.396439,1.301020
2.411765,1.292317
2.427474,1.283615
2.443577,1.274912
2.460083,1.266210
2.477004,1.257507
2.494351,1.248805
2.512135,1.240102
2.530368,1.231400
2.549063,1.222697
2.568234,1.213995
2.587894,1.205292
2.608057,1.196590
2.628739,1.187888
2.649955,1.179185
2.671721,1.170483
2.694055,1.161780
2.716974,1.153078
2.740496,1.144375
2.751259,1.135673
2.787103,1.126970
2.795503,1.118268
2.831948,1.109565
2.841443,1.100863
2.878572,1.092160
2.915970,1.083458
2.927123,1.074755
2.965342,1.066053
3.003910,1.057350
3.042855,1.048648
3.056437,1.039945
3.096410,1.031243
3.136850,1.022541
3.152547,1.013838
3.194188,1.005136
3.236395,0.996433
3.279203,0.987731
3.322652,0.979028
3.366781,0.970326
3.411630,0.961623
3.457245,0.952921
3.479656,0.944218
3.527075,0.935516
3.575397,0.926813
3.624676,0.918111
3.674965,0.909408
3.749682,0.900706
3.802051,0.892003
3.849262,0.883301
3.904941,0.874598
3.961978,0.865896
4.039452,0.857194
4.100236,0.848491
4.160686,0.839789
4.248244,0.831086
4.315096,0.822384
4.407115,0.813681
4.478966,0.804979
4.553081,0.796276
4.633652,0.787574
4.735757,0.778871
4.818636,0.770169
4.933702,0.761466
5.023840,0.752764
5.138988,0.744061
5.139890,0.735359
5.114089,0.726656
5.093410,0.717954
5.075434,0.709251
5.059469,0.700549
5.043986,0.691847
5.028979,0.683144
5.014443,0.674442
5.000370,0.665739
4.986754,0.657037
4.973590,0.648334
4.960872,0.639632
4.948595,0.630929
4.936753,0.622227
4.925343,0.613524
4.914358,0.604822
4.903795,0.596119
4.893649,0.587417
4.883915,0.578714
4.874592,0.570012
4.865673,0.561309
4.857156,0.552607
4.849038,0.543905
4.841315,0.535202
4.833984,0.526500
4.827042,0.517797
4.820487,0.509095
4.814315,0.500392
4.808525,0.491690
4.803114,0.482987
4.798081,0.474285
4.793422,0.465582
4.789137,0.456880
4.785224,0.448177
4.781681,0.439475
4.778507,0.430772
4.775701,0.422070
4.773261,0.413367
4.771186,0.404665
4.769477,0.395962
4.768132,0.387260
4.767150,0.378558
4.766532,0.369855
4.766277,0.361153
4.766385,0.352450
4.766856,0.343748
4.767690,0.335045
4.768888,0.326343
4.770449,0.317640
4.772376,0.308938
4.774667,0.300235
4.777325,0.291533
4.780350,0.282830
4.783743,0.274128
4.787506,0.265425
4.791640,0.256723
4.796147,0.248020
4.801028,0.239318
4.806286,0.230615
4.811922,0.221913
4.817938,0.213211
4.824337,0.204508
4.831122,0.195806
4.838295,0.187103
4.845859,0.178401
4.853817,0.169698
4.862172,0.160996
4.870927,0.152293
4.880086,0.143591
4.889653,0.134888
4.899631,0.126186
4.910024,0.117483
4.920837,0.108781
4.932075,0.100078
4.943741,0.091376
4.955841,0.082673
4.968380,0.073971
4.981362,0.065269
4.994794,0.056566
5.008681,0.047864
5.023029,0.039161
5.037844,0.030459
5.053133,0.021756
5.068902,0.013054
5.085158,0.004351
5.101909,-0.004351
5.119162,-0.013054
5.136924,-0.021756
5.155203,-0.030459
5.174009,-0.039161
5.193349,-0.047864
5.213233,-0.056566
5.233670,-0.065269
5.254670,-0.073971
5.276242,-0.082674
5.298397,-0.091376
5.321146,-0.100078
5.344500,-0.108781
5.368471,-0.117483
5.393070,-0.126186
5.418310,-0.134888
5.444203,-0.143591
5.470765,-0.152293
5.498007,-0.160996
5.525945,-0.169698
5.554594,-0.178401
5.583968,-0.187103
5.614085,-0.195806
5.644960,-0.204508
5.676612,-0.213211
5.709058,-0.221913
5.742317,-0.230616
5.776408,-0.239318
5.811351,-0.248021
5.847168,-0.256723
5.883880,-0.265425
5.921509,-0.274128
5.960080,-0.282830
5.999616,-0.291533
6.040143,-0.300235
6.081689,-0.308938
6.124279,-0.317640
6.167943,-0.326343
6.212710,-0.335045
6.258612,-0.343748
6.305682,-0.352450
6.353952,-0.361153
6.403458,-0.369855
6.454237,-0.378558
6.515118,-0.387260
6.579643,-0.395963
6.619819,-0.404665
6.634969,-0.413367
6.596153,-0.422070
6.543104,-0.430772
6.487520,-0.439475
6.433358,-0.448177
6.325791,-0.456880
6.247616,-0.465582
6.198113,-0.474285
6.149853,-0.482987
6.102800,-0.491690
6.056920,-0.500392
6.012178,-0.509095
5.968544,-0.517797
5.925986,-0.526500
5.884476,-0.535202
5.843986,-0.543905
5.735562,-0.552607
5.715804,-0.561310
5.628716,-0.570012
5.592681,-0.578714
5.557526,-0.587417
5.523227,-0.596119
5.489765,-0.604822
5.457119,-0.613524
5.425270,-0.622227
5.394199,-0.630929
5.363888,-0.639632
4.083005,-0.648334
4.060928,-0.657037
4.016037,-0.665739
3.995157,-0.674442
3.928559,-0.683144
3.885931,-0.691847
3.775349,-0.700549
3.757241,-0.709252
3.716918,-0.717954
3.699818,-0.726657
3.638221,-0.735359
3.599815,-0.744061
3.584287,-0.752764
3.524809,-0.761466
3.510265,-0.770169
3.386122,-0.778871
3.350865,-0.787574
3.337961,-0.796276
3.281921,-0.804979
3.226547,-0.813681
3.214990,-0.822384
3.182248,-0.831086
3.107098,-0.839789
3.054054,-0.848491
3.001590,-0.857194
2.992148,-0.865896
2.961826,-0.874599
2.953014,-0.883301
2.944479,-0.892003
2.936215,-0.900706
2.928220,-0.909408
2.920490,-0.918111
2.913022,-0.926813
2.905813,-0.935516
2.898859,-0.944218
2.892159,-0.952921
2.885709,-0.961623
2.879506,-0.970326
2.894083,-0.979028
2.888327,-0.987731
2.882812,-0.996433
2.877538,-1.005136
2.872501,-1.013838
2.908395,-1.022541
2.903763,-1.031243
2.899365,-1.039946
2.935712,-1.048648
2.951952,-1.057350
2.988576,-1.066053
2.984982,-1.074755
3.042087,-1.083458
3.139566,-1.092160
3.136518,-1.100863
3.194002,-1.109565
3.251631,-1.118268
3.289353,-1.126970
3.287169,-1.135673
3.345358,-1.144375
3.343648,-1.153078
3.382237,-1.161780
3.441065,-1.170483
3.500118,-1.179185
3.559409,-1.187888
3.598949,-1.196590
3.658757,-1.205293
3.658840,-1.213995
3.779216,-1.222697
3.919919,-1.231400
3.940915,-1.240102
4.042293,-1.248805
4.043925,-1.257507
4.126008,-1.266210
4.188444,-1.274912
4.211155,-1.283615
4.254291,-1.292317
4.257638,-1.301020
4.301527,-1.309722
4.325698,-1.318425
4.370392,-1.327127
4.375178,-1.335830
4.380309,-1.344532
4.385785,-1.353235
4.391611,-1.361937
4.397787,-1.370639
4.404316,-1.379342
4.411202,-1.388044
4.418446,-1.396747
4.385246,-1.405449
4.393143,-1.414152
4.401403,-1.422854
4.410032,-1.431557
4.419031,-1.440259
4.428405,-1.448962
4.438158,-1.457664
4.448293,-1.466367
4.458815,-1.475069
4.469728,-1.483772
4.481037,-1.492474
4.492746,-1.501177
4.504860,-1.509879
4.517385,-1.518582
4.530325,-1.527284
4.543687,-1.535986
4.557477,-1.544689
4.571699,-1.553391
4.586360,-1.562094
4.601468,-1.570796
