scan.pos:-1.889219,3.281971,1.3852501.058163,1.562094
1.059939,1.553391
1.061803,1.544689
1.063754,1.535986
1.065794,1.527284
1.067923,1.518581
1.070142,1.509879
1.072452,1.501177
1.074855,1.492474
1.077350,1.483772
1.079940,1.475069
1.082624,1.466367
1.085405,1.457664
1.088283,1.448962
1.091260,1.440259
1.094337,1.431557
1.097515,1.422854
1.100795,1.414152
1.104180,1.405449
1.107670,1.396747
1.111267,1.388044
1.114972,1.379342
1.118788,1.370639
1.122716,1.361937
1.126758,1.353234
1.130916,1.344532
1.135190,1.335830
1.139585,1.327127
1.144101,1.318425
1.148741,1.309722
1.153507,1.301020
1.158401,1.292317
1.163426,1.283615
1.168584,1.274912
1.173878,1.266210
1.179310,1.257507
1.184883,1.248805
1.190601,1.240102
1.196465,1.231400
1.202479,1.222697
1.208647,1.213995
1.214971,1.205292
1.221456,1.196590
1.228104,1.187888
1.234919,1.179185
1.241905,1.170483
1.249067,1.161780
1.256408,1.153078
1.263932,1.144375
1.271645,1.135673
1.279550,1.126970
1.287653,1.118268
1.295959,1.109565
1.304472,1.100863
1.313199,1.092160
1.322145,1.083458
1.319513,1.074755
1.328831,1.066053
1.338384,1.057350
1.348179,1.048648
1.358223,1.039945
1.368522,1.031243
1.379084,1.022541
1.389918,1.013838
1.401030,1.005136
1.412431,0.996433
1.424127,0.987731
1.436129,0.979028
1.448446,0.970326
1.511837,0.961623
1.502605,0.952921
1.522569,0.944218
1.541780,0.935516
1.588162,0.926813
1.609537,0.918111
4.079682,0.909408
4.048174,0.900706
4.017453,0.892003
3.987495,0.883301
3.958281,0.874598
3.929788,0.865896
3.901998,0.857194
3.874891,0.848491
3.848449,0.839789
3.822655,0.831086
3.797491,0.822384
3.772942,0.813681
3.748992,0.804979
3.725626,0.796276
3.702830,0.787574
3.680589,0.778871
3.658891,0.770169
3.637723,0.761466
3.617073,0.752764
3.596927,0.744061
3.577276,0.735359
3.558108,0.726656
3.539412,0.717954
3.544360,0.709251
3.549525,0.700549
3.531959,0.691847
3.514831,0.683144
3.498135,0.674442
3.504065,0.665739
3.499290,0.657037
3.475489,0.648334
3.522369,0.639632
3.529447,0.630929
3.517839,0.622227
3.532452,0.613524
3.533845,0.604822
3.558221,0.596119
3.565439,0.587417
3.601090,0.578714
3.631275,0.570012
3.618418,0.561309
3.734784,0.552607
3.786429,0.543905
3.902020,0.535202
3.889566,0.526500
3.898686,0.517797
3.929181,0.509095
3.938720,0.500392
4.011544,0.491690
4.000441,0.482987
4.094199,0.474285
4.208619,0.465582
4.385149,0.456880
4.498915,0.448177
4.653863,0.439475
4.849741,0.430772
4.839107,0.422070
4.828887,0.413367
4.819075,0.404665
4.814531,0.395962
4.818861,0.387260
4.792188,0.378558
4.803013,0.369855
4.786931,0.361153
4.786708,0.352450
4.764200,0.343748
4.754881,0.335045
4.748596,0.326343
4.742688,0.317640
4.737155,0.308938
4.731995,0.300235
4.727205,0.291533
4.722785,0.282830
4.718731,0.274128
4.715044,0.265425
4.711721,0.256723
4.708761,0.248020
4.706162,0.239318
4.703925,0.230615
4.702048,0.221913
4.700530,0.213211
4.699371,0.204508
4.698570,0.195806
4.698127,0.187103
4.698042,0.178401
4.698314,0.169698
4.698945,0.160996
4.699934,0.152293
4.701281,0.143591
4.702987,0.134888
4.705053,0.126186
4.707479,0.117483
4.710267,0.108781
4.713417,0.100078
4.716931,0.091376
4.720810,0.082673
4.725056,0.073971
4.729669,0.065269
4.734653,0.056566
4.740008,0.047864
4.745737,0.039161
4.751842,0.030459
4.758327,0.021756
4.765192,0.013054
4.772441,0.004351
4.780077,-0.004351
4.788102,-0.013054
4.796520,-0.021756
4.805335,-0.030459
4.814548,-0.039161
4.824166,-0.047864
4.834191,-0.056566
4.844628,-0.065269
4.855480,-0.073971
4.866753,-0.082674
2.892541,-0.091376
2.803580,-0.100078
2.717584,-0.108781
2.655203,-0.117483
2.634273,-0.126186
2.607498,-0.134888
2.588782,-0.143591
2.561136,-0.152293
2.322233,-0.160996
2.275378,-0.169698
2.208560,-0.178401
2.173190,-0.187103
2.110102,-0.195806
2.069517,-0.204508
2.029913,-0.213211
1.983806,-0.221913
1.947140,-0.230616
1.911218,-0.239318
1.872004,-0.248021
1.838487,-0.256723
1.805532,-0.265425
1.773099,-0.274128
1.720561,-0.282830
1.705716,-0.291533
1.680574,-0.300235
1.653712,-0.308938
1.625134,-0.317640
1.596836,-0.326343
1.574360,-0.335045
1.547391,-0.343748
1.543860,-0.352450
1.502060,-0.361153
1.476410,-0.369855
1.474500,-0.378558
1.435865,-0.387260
1.435176,-0.395963
1.410803,-0.404665
1.399156,-0.413367
1.375605,-0.422070
1.352065,-0.430772
1.343405,-0.439475
1.320569,-0.448177
1.297698,-0.456880
1.291818,-0.465582
1.269549,-0.474285
1.265665,-0.482987
1.243937,-0.491690
1.247890,-0.500392
1.220742,-0.509095
1.199375,-0.517797
1.199862,-0.526500
1.178912,-0.535202
1.184558,-0.543905
1.160638,-0.552607
1.139882,-0.561310
1.144488,-0.570012
1.124053,-0.578714
1.130410,-0.587417
1.110267,-0.596119
1.113581,-0.604822
1.104033,-0.613524
1.094729,-0.622227
1.085663,-0.630929
1.064249,-0.639632
1.055737,-0.648334
1.047440,-0.657037
1.039350,-0.665739
1.031462,-0.674442
1.023771,-0.683144
1.016270,-0.691847
1.008955,-0.700549
1.001820,-0.709252
0.994860,-0.717954
0.988072,-0.726657
0.981449,-0.735359
0.974988,-0.744061
0.993523,-0.752764
1.011897,-0.761466
1.030117,-0.770169
1.023814,-0.778871
1.017665,-0.787574
1.035753,-0.796276
1.029760,-0.804979
1.047727,-0.813681
1.065571,-0.822384
1.083299,-0.831086
1.100918,-0.839789
1.118434,-0.848491
1.135853,-0.857194
1.130117,-0.865896
1.124524,-0.874599
1.119071,-0.883301
1.113755,-0.892003
1.131198,-0.900706
1.148565,-0.909408
1.165864,-0.918111
1.205421,-0.926813
1.222502,-0.935516
1.239531,-0.944218
1.256514,-0.952921
1.273456,-0.961623
1.312231,-0.970326
1.350807,-0.979028
1.367490,-0.987731
1.384155,-0.996433
1.422355,-1.005136
1.460398,-1.013838
1.498292,-1.022541
1.514714,-1.031243
1.573677,-1.039946
1.611189,-1.048648
1.648594,-1.057350
1.685902,-1.066053
1.744136,-1.074755
1.781220,-1.083458
1.818237,-1.092160
1.896887,-1.100863
1.933694,-1.109565
1.991207,-1.118268
2.069290,-1.126970
2.147168,-1.135673
2.224863,-1.144375
2.302392,-1.153078
2.379775,-1.161780
2.497982,-1.170483
2.575053,-1.179185
2.713239,-1.187888
2.830781,-1.196590
3.314123,-1.205293
5.649562,-1.396747
5.590308,-1.405449
5.531460,-1.414152
5.493018,-1.422854
5.495012,-1.431557
5.477396,-1.440259
5.440140,-1.448962
5.443361,-1.457664
5.426937,-1.466367
5.390821,-1.475069
5.334963,-1.483772
5.299531,-1.492474
5.284571,-1.501177
5.290139,-1.509879
5.255765,-1.518582
5.221712,-1.527284
5.228556,-1.535986
5.220259,-1.544689
5.182260,-1.553391
5.169827,-1.562094
5.178098,-1.570796
