scan.pos:-2.771716,-3.927468,0.2852506.343813,1.562094
6.327861,1.553391
6.312469,1.544689
6.297629,1.535986
6.283336,1.527284
6.269585,1.518581
6.256369,1.509879
6.243683,1.501177
6.231522,1.492474
6.219881,1.483772
6.208755,1.475069
6.198141,1.466367
6.188033,1.457664
6.178427,1.448962
6.169321,1.440259
6.160709,1.431557
6.172804,1.422854
6.165148,1.414152
6.157980,1.405449
6.151296,1.396747
6.185340,1.388044
6.219790,1.379342
6.214476,1.370639
6.209644,1.361937
6.205291,1.353234
6.201417,1.344532
6.218053,1.335830
6.215121,1.327127
6.272715,1.318425
6.370766,1.309722
6.529263,1.301020
5.642277,0.952921
5.481972,0.944218
5.411649,0.935516
5.303879,0.926813
5.115152,0.918111
4.994406,0.909408
4.877425,0.900706
4.785528,0.892003
4.566989,0.883301
4.481173,0.874598
4.398305,0.865896
4.304396,0.857194
4.277462,0.848491
4.250638,0.839789
4.223917,0.831086
4.219577,0.822384
4.170766,0.813681
4.166799,0.804979
4.140536,0.796276
4.159717,0.787574
4.156605,0.778871
4.130878,0.770169
4.151247,0.761466
4.172136,0.752764
4.193557,0.744061
4.215522,0.735359
4.238043,0.726656
4.261132,0.717954
4.284802,0.709251
4.309066,0.700549
4.333940,0.691847
4.359435,0.683144
4.385568,0.674442
4.412354,0.665739
4.439810,0.657037
4.467953,0.648334
4.496799,0.639632
4.526366,0.630929
4.556674,0.622227
4.562308,0.613524
4.593981,0.604822
4.626451,0.596119
4.659742,0.587417
4.693875,0.578714
4.728874,0.570012
4.764765,0.561309
4.801573,0.552607
4.839325,0.543905
4.878051,0.535202
4.917779,0.526500
4.958539,0.517797
5.000366,0.509095
5.043291,0.500392
5.079476,0.491690
5.126840,0.482987
5.173925,0.474285
5.220767,0.465582
5.265265,0.456880
5.313855,0.448177
5.360166,0.439475
5.406365,0.430772
5.478922,0.422070
5.524796,0.413367
5.596707,0.404665
2.161633,0.395962
2.095004,0.387260
2.054962,0.378558
2.040952,0.369855
2.027285,0.361153
2.013952,0.352450
2.000945,0.343748
1.988255,0.335045
1.975875,0.326343
1.963796,0.317640
1.952012,0.308938
1.940516,0.300235
1.929300,0.291533
1.918358,0.282830
1.907684,0.274128
1.897272,0.265425
1.887116,0.256723
1.877210,0.248020
1.867549,0.239318
1.858128,0.230615
1.848942,0.221913
1.839985,0.213211
1.831254,0.204508
1.822743,0.195806
1.814448,0.187103
1.806366,0.178401
1.798491,0.169698
1.790821,0.160996
1.783351,0.152293
1.776078,0.143591
1.768998,0.134888
1.762108,0.126186
1.755405,0.117483
1.748885,0.108781
1.742545,0.100078
1.736383,0.091376
1.730396,0.082673
1.724581,0.073971
1.718935,0.065269
1.713457,0.056566
1.708142,0.047864
1.702990,0.039161
1.697998,0.030459
1.693163,0.021756
1.688484,0.013054
1.683959,0.004351
1.679586,-0.004351
1.675362,-0.013054
1.671287,-0.021756
1.667358,-0.030459
1.663574,-0.039161
1.659933,-0.047864
1.656434,-0.056566
1.653075,-0.065269
1.649855,-0.073971
1.646773,-0.082674
1.643828,-0.091376
1.641017,-0.100078
1.638341,-0.108781
1.635798,-0.117483
1.633387,-0.126186
1.631107,-0.134888
1.628957,-0.143591
1.626937,-0.152293
1.625045,-0.160996
1.623282,-0.169698
1.621645,-0.178401
1.620135,-0.187103
1.618751,-0.195806
1.617492,-0.204508
1.616359,-0.213211
1.615349,-0.221913
1.614464,-0.230616
1.613703,-0.239318
1.613065,-0.248021
1.612551,-0.256723
1.612159,-0.265425
1.611891,-0.274128
1.611745,-0.282830
1.611722,-0.291533
1.611822,-0.300235
1.612044,-0.308938
1.612390,-0.317640
1.612858,-0.326343
1.613450,-0.335045
1.614165,-0.343748
1.615003,-0.352450
1.615966,-0.361153
1.617053,-0.369855
1.618265,-0.378558
1.619602,-0.387260
1.621065,-0.395963
1.622654,-0.404665
1.644527,-0.413367
1.646394,-0.422070
1.648390,-0.430772
1.690978,-0.439475
1.693292,-0.448177
1.695742,-0.456880
1.698328,-0.465582
1.802807,-0.474285
1.846612,-0.482987
1.849866,-0.491690
1.853273,-0.500392
1.877332,-0.509095
7.365030,-0.517797
7.380365,-0.526500
7.396329,-0.535202
7.392255,-0.543905
7.388727,-0.552607
7.385746,-0.561310
7.404136,-0.570012
7.423185,-0.578714
7.421970,-0.587417
7.442303,-0.596119
7.484366,-0.604822
7.506133,-0.613524
7.528601,-0.622227
7.551782,-0.630929
7.575684,-0.639632
7.600318,-0.648334
7.625697,-0.657037
7.651829,-0.665739
7.678729,-0.674442
7.706407,-0.683144
7.734876,-0.691847
7.764150,-0.700549
7.794242,-0.709252
7.734905,-0.839789
7.642260,-0.848491
7.529133,-0.857194
7.418873,-0.865896
7.335364,-0.874599
7.230560,-0.883301
7.141682,-0.892003
7.066891,-0.900706
6.970019,-0.909408
6.875272,-0.918111
6.807478,-0.926813
6.716844,-0.935516
6.653307,-0.944218
6.566428,-0.952921
6.500421,-0.961623
6.443293,-0.970326
6.362064,-0.979028
6.308442,-0.987731
6.230212,-0.996433
6.179846,-1.005136
6.104358,-1.013838
6.054204,-1.022541
5.981721,-1.031243
5.937712,-1.039946
5.895157,-1.048648
5.826140,-1.057350
5.786141,-1.066053
5.743774,-1.074755
5.694568,-1.083458
5.646624,-1.092160
5.599903,-1.100863
5.554368,-1.109565
5.509984,-1.118268
5.466718,-1.126970
5.424535,-1.135673
5.383405,-1.144375
5.343297,-1.153078
5.304185,-1.161780
5.266038,-1.170483
5.228832,-1.179185
5.192540,-1.187888
5.157139,-1.196590
5.122605,-1.205293
5.088915,-1.213995
5.056047,-1.222697
5.023982,-1.231400
4.992699,-1.240102
4.962178,-1.248805
4.932402,-1.257507
4.903352,-1.266210
4.875011,-1.274912
4.847363,-1.283615
4.820393,-1.292317
4.794083,-1.301020
4.768420,-1.309722
4.743390,-1.318425
4.718979,-1.327127
4.695173,-1.335830
4.671961,-1.344532
4.649329,-1.353235
4.627266,-1.361937
4.605761,-1.370639
4.584802,-1.379342
4.564379,-1.388044
4.544481,-1.396747
4.525100,-1.405449
4.506225,-1.414152
4.487846,-1.422854
4.469957,-1.431557
4.452547,-1.440259
4.435608,-1.448962
4.419134,-1.457664
4.403115,-1.466367
4.387545,-1.475069
4.372416,-1.483772
4.357723,-1.492474
4.343457,-1.501177
4.329613,-1.509879
4.316185,-1.518582
4.303165,-1.527284
4.290551,-1.535986
4.278335,-1.544689
4.266512,-1.553391
4.255078,-1.562094
4.244027,-1.570796
