scan.pos:2.025079,6.610953,2.7684351.782683,1.562094
1.788862,1.553391
1.751964,1.544689
1.736641,1.535986
1.699548,1.527284
1.662305,1.518581
1.624900,1.509879
1.587322,1.501177
1.571696,1.492474
1.533832,1.483772
1.518087,1.475069
1.479899,1.466367
1.464008,1.457664
1.425458,1.448962
1.409392,1.440259
1.393282,1.431557
1.354170,1.422854
1.337842,1.414152
1.321452,1.405449
1.304995,1.396747
1.288464,1.388044
1.154091,1.379342
1.136752,1.370639
1.119306,1.361937
1.101748,1.353234
1.108162,1.344532
1.090503,1.335830
1.072715,1.327127
1.054792,1.318425
1.036726,1.309722
1.018510,1.301020
1.025140,1.292317
1.006767,1.283615
0.988224,1.274912
0.969503,1.266210
0.976288,1.257507
0.957370,1.248805
0.938251,1.240102
0.945179,1.231400
0.925830,1.222697
0.932913,1.213995
0.940177,1.205292
0.947628,1.196590
0.955271,1.187888
0.935595,1.179185
0.943411,1.170483
0.923448,1.161780
0.931438,1.153078
0.927246,1.144375
0.919364,1.135673
0.911684,1.126970
0.931599,1.118268
0.924083,1.109565
0.916756,1.100863
0.909613,1.092160
0.902650,1.083458
0.895859,1.074755
0.915391,1.066053
0.934707,1.057350
0.928038,1.048648
0.921534,1.039945
0.915188,1.031243
0.908999,1.022541
0.902961,1.013838
0.921989,1.005136
0.916082,0.996433
0.910320,0.987731
0.929149,0.979028
0.923516,0.970326
0.942179,0.961623
0.960694,0.952921
0.979068,0.944218
0.973562,0.935516
0.968192,0.926813
0.962953,0.918111
0.957843,0.909408
0.976100,0.900706
0.971121,0.892003
0.989273,0.883301
1.007320,0.874598
1.025269,0.865896
1.043125,0.857194
1.060895,0.848491
1.078583,0.839789
1.096196,0.831086
1.091464,0.822384
1.086855,0.813681
1.082367,0.804979
1.077997,0.796276
1.095657,0.787574
1.091435,0.778871
1.087327,0.770169
1.126665,0.761466
1.144215,0.752764
1.140214,0.744061
1.136327,0.735359
1.132553,0.726656
1.128889,0.717954
1.167800,0.709251
1.185390,0.700549
1.224069,0.691847
1.262614,0.683144
1.259067,0.674442
1.255635,0.665739
1.294060,0.657037
1.332384,0.648334
1.360974,0.639632
1.361697,0.630929
1.362785,0.622227
1.405004,0.613524
1.451102,0.604822
1.497709,0.596119
1.492981,0.587417
1.483476,0.578714
1.495706,0.570012
1.551883,0.561309
1.653400,0.552607
1.716293,0.543905
1.810537,0.535202
1.848444,0.526500
1.947071,0.517797
2.139309,0.509095
2.279006,0.500392
2.447287,0.491690
2.602428,0.482987
5.550879,0.413367
5.488834,0.404665
5.427247,0.395962
5.386107,0.387260
5.325390,0.378558
5.305090,0.369855
5.305195,0.361153
5.265700,0.352450
5.266607,0.343748
5.267915,0.335045
5.269626,0.326343
5.271739,0.317640
5.274255,0.308938
5.217038,0.300235
5.180210,0.291533
5.163800,0.282830
5.167847,0.274128
5.132083,0.265425
5.136896,0.256723
5.142109,0.248020
5.147726,0.239318
5.153748,0.230615
5.160177,0.221913
5.167016,0.213211
5.174268,0.204508
5.181936,0.195806
5.190022,0.187103
5.239262,0.178401
5.207463,0.169698
5.216825,0.160996
5.226619,0.152293
5.236849,0.143591
5.260307,0.134888
5.271707,0.126186
5.316106,0.117483
5.308666,0.108781
5.122754,0.100078
4.974334,0.091376
4.824288,0.082673
4.679625,0.073971
4.556725,0.065269
4.444463,0.056566
4.315210,0.047864
4.212320,0.039161
4.112989,0.030459
4.000467,0.021756
3.908586,0.013054
3.819263,0.004351
3.741874,-0.004351
3.636955,-0.013054
3.577107,-0.021756
3.489500,-0.030459
3.434588,-0.039161
3.353825,-0.047864
3.281247,-0.056566
3.231975,-0.065269
3.181660,-0.073971
3.113791,-0.082674
3.068851,-0.091376
3.003906,-0.100078
2.962279,-0.108781
2.901441,-0.117483
2.862422,-0.126186
2.805638,-0.134888
2.768932,-0.143591
2.715839,-0.152293
2.681190,-0.160996
2.647135,-0.169698
2.613639,-0.178401
2.580666,-0.187103
2.524503,-0.195806
2.492350,-0.204508
2.460626,-0.213211
2.453393,-0.221913
2.422585,-0.230616
2.392128,-0.239318
2.361997,-0.248021
2.332169,-0.256723
2.302619,-0.265425
2.273325,-0.274128
2.244266,-0.282830
2.215420,-0.291533
2.186766,-0.300235
2.158284,-0.308938
2.155829,-0.317640
2.127819,-0.326343
2.099928,-0.335045
2.072135,-0.343748
2.044423,-0.352450
2.043634,-0.361153
2.016240,-0.369855
1.988876,-0.378558
1.989042,-0.387260
1.961914,-0.395963
1.934768,-0.404665
1.935810,-0.413367
1.923400,-0.422070
1.907050,-0.430772
1.891119,-0.439475
1.875593,-0.448177
1.860461,-0.456880
1.845710,-0.465582
1.831329,-0.474285
1.817309,-0.482987
1.803638,-0.491690
1.790306,-0.500392
1.777304,-0.509095
1.764623,-0.517797
1.752254,-0.526500
1.740189,-0.535202
1.728420,-0.543905
1.716939,-0.552607
1.705738,-0.561310
1.694811,-0.570012
1.684150,-0.578714
1.673749,-0.587417
1.663602,-0.596119
1.653703,-0.604822
1.644045,-0.613524
1.634622,-0.622227
1.625431,-0.630929
1.616464,-0.639632
1.607718,-0.648334
1.599187,-0.657037
1.590866,-0.665739
1.582752,-0.674442
1.574839,-0.683144
1.567123,-0.691847
1.559602,-0.700549
1.552269,-0.709252
1.545123,-0.717954
1.538158,-0.726657
1.531372,-0.735359
1.524761,-0.744061
1.518322,-0.752764
1.512052,-0.761466
1.505948,-0.770169
1.500007,-0.778871
1.494226,-0.787574
1.488602,-0.796276
1.483132,-0.804979
1.477815,-0.813681
1.472648,-0.822384
1.467628,-0.831086
1.462753,-0.839789
1.458021,-0.848491
1.453430,-0.857194
1.448978,-0.865896
1.444663,-0.874599
1.440482,-0.883301
1.436435,-0.892003
1.432519,-0.900706
1.428733,-0.909408
1.425076,-0.918111
1.421545,-0.926813
1.418139,-0.935516
1.414857,-0.944218
1.411697,-0.952921
1.408659,-0.961623
1.405740,-0.970326
1.402940,-0.979028
1.400257,-0.987731
1.397691,-0.996433
1.395241,-1.005136
1.392905,-1.013838
1.390682,-1.022541
1.388572,-1.031243
1.386574,-1.039946
1.384687,-1.048648
1.382911,-1.057350
1.381244,-1.066053
1.379686,-1.074755
1.378236,-1.083458
1.376894,-1.092160
1.375659,-1.100863
1.374531,-1.109565
1.373510,-1.118268
1.372594,-1.126970
1.371784,-1.135673
1.371079,-1.144375
1.370480,-1.153078
1.369985,-1.161780
1.369595,-1.170483
1.369309,-1.179185
1.369127,-1.187888
1.369050,-1.196590
1.369078,-1.205293
1.369209,-1.213995
1.369445,-1.222697
1.369785,-1.231400
1.370230,-1.240102
1.370779,-1.248805
1.371433,-1.257507
1.372193,-1.266210
1.373058,-1.274912
1.374029,-1.283615
1.375106,-1.292317
1.376289,-1.301020
1.377580,-1.309722
1.378978,-1.318425
1.380484,-1.327127
1.382099,-1.335830
1.383823,-1.344532
1.385657,-1.353235
1.387602,-1.361937
1.389658,-1.370639
1.391827,-1.379342
1.394109,-1.388044
1.396504,-1.396747
1.399015,-1.405449
1.401641,-1.414152
1.404385,-1.422854
1.407247,-1.431557
1.410228,-1.440259
1.413329,-1.448962
1.416553,-1.457664
1.419899,-1.466367
1.423370,-1.475069
1.426967,-1.483772
1.430691,-1.492474
1.434545,-1.501177
1.438529,-1.509879
1.442645,-1.518582
1.446895,-1.527284
1.451282,-1.535986
1.455806,-1.544689
1.460471,-1.553391
1.465277,-1.562094
1.470227,-1.570796
