scan.pos:2.121367,6.593525,-2.9147504.529566,1.562094
4.582089,1.553391
4.593864,1.544689
4.667173,1.535986
4.679455,1.527284
4.753072,1.518581
4.765888,1.509879
4.799304,1.501177
4.853238,1.492474
4.846726,1.483772
4.880992,1.475069
4.895373,1.466367
4.930244,1.457664
4.925157,1.448962
4.900628,1.440259
4.909077,1.431557
4.912196,1.422854
4.908637,1.414152
4.905457,1.405449
4.902654,1.396747
4.900228,1.388044
4.858138,1.379342
4.856475,1.370639
4.855182,1.361937
4.854260,1.353234
4.853707,1.344532
4.853525,1.335830
4.853712,1.327127
4.854269,1.318425
4.855195,1.309722
4.856492,1.301020
4.858160,1.292317
4.860198,1.283615
4.862609,1.274912
4.865394,1.266210
4.868552,1.257507
4.872086,1.248805
4.875997,1.240102
4.880285,1.231400
4.884954,1.222697
4.869854,1.213995
4.875265,1.205292
4.881061,1.196590
4.887243,1.187888
4.893814,1.179185
4.900776,1.170483
4.908133,1.161780
4.915887,1.153078
4.924040,1.144375
4.932598,1.135673
4.941561,1.126970
4.950935,1.118268
4.960724,1.109565
4.929793,1.100863
4.940334,1.092160
2.685576,1.083458
2.608931,1.074755
2.532126,1.066053
2.434336,1.057350
2.377959,1.048648
2.300557,1.039945
2.222917,1.031243
2.166048,1.022541
2.130110,1.013838
2.051820,1.005136
2.036866,0.996433
2.043259,0.987731
2.028496,0.979028
1.992368,0.970326
1.934653,0.961623
1.941402,0.952921
1.948346,0.944218
1.912035,0.935516
1.875600,0.926813
1.839030,0.918111
1.824295,0.909408
1.809582,0.900706
1.794887,0.892003
1.757954,0.883301
1.720840,0.874598
1.705979,0.865896
1.668569,0.857194
1.653596,0.848491
1.615852,0.839789
1.600740,0.831086
1.562624,0.822384
1.547343,0.813681
1.508814,0.804979
1.493336,0.796276
1.477808,0.787574
1.462227,0.778871
1.446587,0.770169
1.407035,0.761466
1.391124,0.752764
1.375135,0.744061
1.359062,0.735359
1.342899,0.726656
1.326640,0.717954
1.310280,0.709251
1.194287,0.700549
1.177052,0.691847
1.159679,0.683144
1.142161,0.674442
1.150047,0.665739
1.132394,0.657037
1.114578,0.648334
1.096588,0.639632
1.104720,0.630929
1.086558,0.622227
1.068201,0.613524
1.049641,0.604822
1.057995,0.596119
1.039217,0.587417
1.020211,0.578714
1.028771,0.570012
1.009513,0.561309
1.018285,0.552607
1.009413,0.543905
1.000869,0.535202
0.992544,0.526500
0.984430,0.517797
0.976521,0.509095
1.018917,0.500392
1.011893,0.491690
1.005071,0.482987
0.998446,0.474285
0.992012,0.465582
0.985766,0.456880
0.979704,0.448177
0.980396,0.439475
0.975222,0.430772
0.970227,0.422070
0.965407,0.413367
0.985639,0.404665
0.981005,0.395962
0.986421,0.387260
0.982708,0.378558
0.979174,0.369855
0.975818,0.361153
0.996621,0.352450
0.993481,0.343748
0.990521,0.335045
0.987740,0.326343
0.999964,0.317640
1.021554,0.308938
1.043100,0.300235
1.041520,0.291533
1.040147,0.282830
1.038986,0.274128
1.038040,0.265425
1.037311,0.256723
1.057576,0.248020
1.058139,0.239318
1.081308,0.230615
1.104553,0.221913
1.127889,0.213211
1.151333,0.204508
1.174903,0.195806
1.176725,0.187103
1.178877,0.178401
1.167387,0.169698
1.149913,0.160996
1.176154,0.152293
1.181191,0.143591
1.186695,0.134888
1.214044,0.126186
1.220498,0.117483
1.227510,0.108781
1.213966,0.100078
1.222045,0.091376
1.253934,0.082673
1.286529,0.073971
1.319901,0.065269
1.354131,0.056566
1.347695,0.047864
1.363263,0.039161
1.400790,0.030459
1.460254,0.021756
1.459213,0.013054
1.459939,0.004351
1.448910,-0.004351
1.498408,-0.013054
1.550436,-0.021756
1.584923,-0.030459
1.581998,-0.039161
1.583012,-0.047864
1.629133,-0.056566
1.720849,-0.065269
1.818321,-0.073971
1.922584,-0.082674
1.940236,-0.091376
2.169080,-0.100078
2.334171,-0.108781
2.515459,-0.117483
2.737134,-0.126186
5.806881,-0.187103
5.584760,-0.195806
5.563267,-0.204508
5.482198,-0.213211
5.421572,-0.221913
5.401368,-0.230616
5.401576,-0.239318
5.362189,-0.248021
5.363212,-0.256723
5.364645,-0.265425
5.366487,-0.274128
5.368739,-0.282830
5.371403,-0.291533
5.314332,-0.300235
5.277658,-0.308938
5.261412,-0.317640
5.245542,-0.326343
5.230046,-0.335045
5.235049,-0.343748
5.240461,-0.352450
5.246284,-0.361153
5.252521,-0.369855
5.259174,-0.378558
5.266245,-0.387260
5.273737,-0.395963
5.281653,-0.404665
5.330679,-0.413367
5.298771,-0.422070
5.307980,-0.430772
5.317626,-0.439475
5.327713,-0.448177
5.338246,-0.456880
5.362872,-0.465582
5.375838,-0.474285
5.421004,-0.482987
5.331836,-0.491690
5.168681,-0.500392
4.992538,-0.509095
4.844240,-0.517797
4.723302,-0.526500
4.587381,-0.535202
4.456829,-0.543905
4.352279,-0.552607
4.233242,-0.561310
4.118018,-0.570012
4.027812,-0.578714
3.919832,-0.587417
3.836449,-0.596119
3.756141,-0.604822
3.678691,-0.613524
3.603901,-0.622227
3.531590,-0.630929
3.455058,-0.639632
3.388370,-0.648334
3.323662,-0.657037
3.260807,-0.665739
3.199687,-0.674442
3.140192,-0.683144
3.082219,-0.691847
3.025674,-0.700549
2.993017,-0.709252
2.941879,-0.717954
2.890115,-0.726657
2.839440,-0.735359
2.789788,-0.744061
2.741096,-0.752764
2.716517,-0.761466
2.669690,-0.770169
2.623657,-0.778871
2.611382,-0.787574
2.567696,-0.796276
2.524654,-0.804979
2.506196,-0.813681
2.464453,-0.822384
2.423234,-0.831086
2.406918,-0.839789
2.366786,-0.848491
2.342495,-0.857194
2.303889,-0.865896
2.290676,-0.874599
2.252905,-0.883301
2.240808,-0.892003
2.203769,-0.900706
2.186665,-0.909408
2.150785,-0.918111
2.141200,-0.926813
2.132161,-0.935516
2.097156,-0.944218
2.088975,-0.952921
2.054391,-0.961623
2.044536,-0.970326
2.010794,-0.979028
2.004655,-0.987731
1.971180,-0.996433
1.965736,-1.005136
1.960674,-1.013838
1.943787,-1.022541
1.927334,-1.031243
1.911302,-1.039946
1.895677,-1.048648
1.880448,-1.057350
1.865602,-1.066053
1.851129,-1.074755
1.837018,-1.083458
1.823257,-1.092160
1.809839,-1.100863
1.796752,-1.109565
1.783988,-1.118268
1.771538,-1.126970
1.759393,-1.135673
1.747546,-1.144375
1.735989,-1.153078
1.724715,-1.161780
1.713715,-1.170483
1.702984,-1.179185
1.692514,-1.187888
1.682300,-1.196590
1.672335,-1.205293
1.662613,-1.213995
1.653128,-1.222697
1.643876,-1.231400
1.634850,-1.240102
1.626047,-1.248805
1.617460,-1.257507
1.609085,-1.266210
1.600917,-1.274912
1.592953,-1.283615
1.585188,-1.292317
1.577618,-1.301020
1.570238,-1.309722
1.563046,-1.318425
1.556038,-1.327127
1.549209,-1.335830
1.542557,-1.344532
1.536079,-1.353235
1.529770,-1.361937
1.523629,-1.370639
1.517652,-1.379342
1.511837,-1.388044
1.506180,-1.396747
1.500679,-1.405449
1.495331,-1.414152
1.490135,-1.422854
1.485087,-1.431557
1.480186,-1.440259
1.475429,-1.448962
1.470814,-1.457664
1.466339,-1.466367
1.462003,-1.475069
1.457803,-1.483772
1.453737,-1.492474
1.449803,-1.501177
1.446001,-1.509879
1.442329,-1.518582
1.438784,-1.527284
1.435365,-1.535986
1.432072,-1.544689
1.428902,-1.553391
1.425855,-1.562094
1.422929,-1.570796
