scan.pos:-6.663203,5.793181,2.9684357.737271,1.562094
7.346026,1.553391
7.018510,1.544689
6.712057,1.535986
6.446863,1.527284
6.176255,1.518581
5.932009,1.509879
5.730891,1.501177
5.519483,1.492474
5.340150,1.483772
5.169609,1.475069
4.985590,1.466367
4.839109,1.457664
4.690649,1.448962
4.568347,1.440259
4.429970,1.431557
4.315020,1.422854
4.207973,1.414152
4.104582,1.405449
3.986810,1.396747
3.891442,1.388044
3.798846,1.379342
3.717029,1.370639
3.630810,1.361937
3.546714,1.353234
3.477049,1.344532
3.419762,1.335830
3.342476,1.327127
3.261136,1.318425
3.209847,1.309722
3.156632,1.301020
3.087028,1.292317
3.040703,1.283615
2.995248,1.274912
2.929694,1.266210
2.887462,1.257507
2.826082,1.248805
2.786447,1.240102
2.747611,1.231400
2.691771,1.222697
2.655123,1.213995
2.626006,1.205292
2.591424,1.196590
2.557395,1.187888
2.500322,1.179185
2.467170,1.170483
2.434470,1.161780
2.402193,1.153078
2.370310,1.144375
2.338793,1.135673
2.307617,1.126970
2.301298,1.118268
2.270881,1.109565
2.240735,1.100863
2.210836,1.092160
2.181163,1.083458
2.151693,1.074755
2.147933,1.066053
2.118986,1.057350
2.090184,1.048648
2.061508,1.039945
2.032939,1.031243
2.030924,1.022541
2.002711,1.013838
1.974552,1.005136
1.973519,0.996433
1.945629,0.987731
1.945278,0.979028
1.917604,0.970326
1.889902,0.961623
1.890399,0.952921
1.876771,0.944218
1.860840,0.935516
1.845317,0.926813
1.830188,0.918111
1.815443,0.909408
1.801070,0.900706
1.787058,0.892003
1.773395,0.883301
1.760074,0.874598
1.747082,0.865896
1.734413,0.857194
1.722056,0.848491
1.710003,0.839789
1.698246,0.831086
1.686777,0.822384
1.675589,0.813681
1.664675,0.804979
1.654026,0.796276
1.643638,0.787574
1.633502,0.778871
1.623614,0.770169
1.613967,0.761466
1.604556,0.752764
1.595374,0.744061
1.586417,0.735359
1.577680,0.726656
1.569157,0.717954
1.560843,0.709251
1.552735,0.700549
1.544828,0.691847
1.537118,0.683144
1.529600,0.674442
1.522270,0.665739
1.515126,0.657037
1.508162,0.648334
1.501376,0.639632
1.494764,0.630929
1.488323,0.622227
1.482049,0.613524
1.475940,0.604822
1.469993,0.596119
1.464204,0.587417
1.458572,0.578714
1.453093,0.570012
1.447765,0.561309
1.442585,0.552607
1.437551,0.543905
1.432661,0.535202
1.427912,0.526500
1.423303,0.517797
1.418832,0.509095
1.414495,0.500392
1.410292,0.491690
1.406221,0.482987
1.402280,0.474285
1.398467,0.465582
1.394780,0.456880
1.391219,0.448177
1.387781,0.439475
1.384465,0.430772
1.381271,0.422070
1.378195,0.413367
1.375238,0.404665
1.372397,0.395962
1.369673,0.387260
1.367063,0.378558
1.364566,0.369855
1.362183,0.361153
1.359911,0.352450
1.357750,0.343748
1.355698,0.335045
1.353756,0.326343
1.351923,0.317640
1.350197,0.308938
1.348577,0.300235
1.347065,0.291533
1.345658,0.282830
1.344356,0.274128
1.343159,0.265425
1.342066,0.256723
1.341077,0.248020
1.340191,0.239318
1.339409,0.230615
1.338729,0.221913
1.338152,0.213211
1.337677,0.204508
1.337304,0.195806
1.337034,0.187103
1.336865,0.178401
1.336798,0.169698
1.336833,0.160996
1.336970,0.152293
1.337208,0.143591
1.337549,0.134888
1.337991,0.126186
1.338536,0.117483
1.339183,0.108781
1.339934,0.100078
1.340787,0.091376
1.341743,0.082673
1.342803,0.073971
1.343967,0.065269
1.345236,0.056566
1.346610,0.047864
1.348089,0.039161
1.349675,0.030459
1.351367,0.021756
1.353167,0.013054
1.355074,0.004351
1.357091,-0.004351
1.359218,-0.013054
1.361454,-0.021756
1.363803,-0.030459
1.366263,-0.039161
1.368837,-0.047864
1.371526,-0.056566
1.374330,-0.065269
1.377250,-0.073971
1.380288,-0.082674
1.383445,-0.091376
1.386723,-0.100078
1.390122,-0.108781
1.393644,-0.117483
1.397291,-0.126186
1.401064,-0.134888
1.404965,-0.143591
1.408995,-0.152293
1.413156,-0.160996
1.417450,-0.169698
1.421879,-0.178401
1.426445,-0.187103
1.431149,-0.195806
1.435994,-0.204508
1.440982,-0.213211
1.446116,-0.221913
1.451397,-0.230616
1.456828,-0.239318
1.462412,-0.248021
1.468151,-0.256723
1.474048,-0.265425
1.480106,-0.274128
1.486327,-0.282830
1.492715,-0.291533
1.499273,-0.300235
1.506004,-0.308938
1.512911,-0.317640
1.519998,-0.326343
1.527269,-0.335045
1.534727,-0.343748
1.542377,-0.352450
1.550221,-0.361153
1.558265,-0.369855
1.566513,-0.378558
1.574970,-0.387260
1.583639,-0.395963
1.592526,-0.404665
1.601637,-0.413367
1.610975,-0.422070
1.620547,-0.430772
1.630359,-0.439475
1.640415,-0.448177
1.650723,-0.456880
1.661289,-0.465582
1.672119,-0.474285
1.683220,-0.482987
1.694600,-0.491690
1.706265,-0.500392
1.718224,-0.509095
1.730484,-0.517797
1.743054,-0.526500
1.755943,-0.535202
1.769159,-0.543905
1.782713,-0.552607
1.796614,-0.561310
1.810872,-0.570012
1.825499,-0.578714
1.840505,-0.587417
1.855903,-0.596119
1.871704,-0.604822
1.887921,-0.613524
1.890012,-0.622227
1.917652,-0.630929
1.917651,-0.639632
1.945470,-0.648334
1.973288,-0.657037
1.974177,-0.665739
2.002258,-0.674442
2.030387,-0.683144
2.032252,-0.691847
2.060731,-0.700549
2.089312,-0.709252
2.092250,-0.717954
2.121272,-0.726657
2.150451,-0.735359
2.179807,-0.744061
2.209361,-0.752764
2.239135,-0.761466
2.244405,-0.770169
2.274840,-0.778871
2.305559,-0.787574
2.336587,-0.796276
2.367948,-0.804979
2.399668,-0.813681
2.431775,-0.822384
2.477705,-0.831086
2.487712,-0.839789
2.521940,-0.848491
2.548727,-0.857194
2.561610,-0.865896
2.529109,-0.874599
2.515462,-0.883301
2.509276,-0.892003
2.490229,-0.900706
2.478541,-0.909408
2.467149,-0.918111
2.456048,-0.926813
2.445232,-0.935516
2.434695,-0.944218
2.424433,-0.952921
2.414439,-0.961623
2.404710,-0.970326
2.395241,-0.979028
2.386027,-0.987731
2.377064,-0.996433
2.368348,-1.005136
2.359874,-1.013838
2.351640,-1.022541
2.343640,-1.031243
2.335872,-1.039946
2.328332,-1.048648
2.321017,-1.057350
2.313923,-1.066053
2.307048,-1.074755
2.300388,-1.083458
2.293941,-1.092160
2.287703,-1.100863
2.281672,-1.109565
2.275847,-1.118268
2.270223,-1.126970
2.264799,-1.135673
2.259572,-1.144375
2.254541,-1.153078
2.249703,-1.161780
2.245057,-1.170483
2.240600,-1.179185
2.236330,-1.187888
2.232246,-1.196590
2.228347,-1.205293
2.224631,-1.213995
2.221095,-1.222697
2.217740,-1.231400
2.214563,-1.240102
2.211563,-1.248805
2.208740,-1.257507
2.206091,-1.266210
2.203616,-1.274912
2.201314,-1.283615
2.199185,-1.292317
2.197227,-1.301020
2.195439,-1.309722
2.193821,-1.318425
2.192372,-1.327127
2.191092,-1.335830
2.189980,-1.344532
2.189036,-1.353235
2.188259,-1.361937
2.187650,-1.370639
2.187207,-1.379342
2.186931,-1.388044
2.186821,-1.396747
2.186878,-1.405449
2.187102,-1.414152
2.187492,-1.422854
2.188049,-1.431557
2.188773,-1.440259
2.189665,-1.448962
2.190723,-1.457664
2.191950,-1.466367
2.193346,-1.475069
2.194911,-1.483772
2.196645,-1.492474
2.198549,-1.501177
2.200624,-1.509879
2.202872,-1.518582
2.205292,-1.527284
2.207886,-1.535986
2.221434,-1.544689
2.226615,-1.553391
2.233702,-1.562094
2.226369,-1.570796
