scan.pos:3.953204,7.016341,-2.9147504.368249,1.562094
4.359634,1.553391
4.310491,1.544689
4.282266,1.535986
4.274841,1.527284
4.227085,1.518581
4.220422,1.509879
4.153266,1.501177
4.106871,1.492474
4.081139,1.483772
4.075980,1.475069
4.030798,1.466367
3.986028,1.457664
3.981915,1.448962
3.958003,1.440259
3.894251,1.431557
3.850978,1.422854
3.808065,1.414152
3.805598,1.405449
3.783386,1.396747
3.781513,1.388044
3.779930,1.379342
3.778636,1.370639
3.777631,1.361937
3.776913,1.353234
3.776483,1.344532
3.776341,1.335830
3.776486,1.327127
3.796923,1.318425
3.797647,1.309722
3.798662,1.301020
3.799966,1.292317
3.841616,1.283615
3.843522,1.274912
3.885820,1.266210
3.908405,1.257507
3.951395,1.248805
4.115307,1.240102
4.179257,1.231400
4.283903,1.222697
4.308482,1.213995
4.353615,1.205292
4.459774,1.196590
4.526090,1.187888
4.633422,1.179185
4.822519,1.170483
4.992228,1.161780
5.101818,1.153078
5.191778,1.144375
5.262031,1.135673
5.332934,1.126970
5.384022,1.118268
5.415193,1.109565
5.467472,1.100863
5.479162,1.092160
5.491322,1.083458
5.503955,1.074755
5.517068,1.066053
5.530666,1.057350
5.544755,1.048648
5.538425,1.039945
5.532485,1.031243
5.547964,1.022541
5.563954,1.013838
5.580464,1.005136
5.597499,0.996433
5.615067,0.987731
5.633177,0.979028
5.651835,0.970326
5.671051,0.961623
5.680963,0.952921
5.711189,0.944218
5.732130,0.935516
5.753664,0.926813
5.775803,0.918111
5.776577,0.909408
5.799866,0.900706
5.823790,0.892003
5.848358,0.883301
5.873584,0.874598
5.899480,0.865896
5.926059,0.857194
5.953333,0.848491
5.981318,0.839789
6.010026,0.831086
5.993514,0.822384
6.023486,0.813681
6.054223,0.804979
6.085741,0.796276
6.118057,0.787574
6.151189,0.778871
6.185156,0.770169
6.219976,0.761466
6.255670,0.752764
6.292257,0.744061
6.329760,0.735359
6.368200,0.726656
6.456736,0.717954
6.596321,0.709251
6.638668,0.700549
6.682076,0.691847
6.726570,0.683144
6.772179,0.674442
6.818934,0.665739
6.866867,0.657037
3.945080,0.648334
3.899436,0.639632
3.859905,0.630929
3.816954,0.622227
3.779021,0.613524
3.741585,0.604822
3.702146,0.596119
3.666120,0.587417
3.629027,0.578714
3.594296,0.570012
3.559435,0.561309
3.554180,0.552607
3.523419,0.543905
3.493596,0.535202
3.464535,0.526500
3.432235,0.517797
3.435733,0.509095
3.435520,0.500392
3.408868,0.491690
3.382881,0.482987
3.410143,0.474285
3.385046,0.465582
3.360568,0.456880
3.336695,0.448177
3.313409,0.439475
3.316074,0.430772
3.293745,0.422070
3.271963,0.413367
3.250712,0.404665
3.229980,0.395962
3.209754,0.387260
3.190022,0.378558
3.170770,0.369855
3.151987,0.361153
3.133664,0.352450
3.115788,0.343748
3.098349,0.335045
3.081338,0.326343
3.064744,0.317640
3.048560,0.308938
3.032775,0.300235
3.017381,0.291533
2.979392,0.282830
2.964868,0.274128
2.905195,0.265425
2.891606,0.256723
2.878361,0.248020
2.865455,0.239318
2.852880,0.230615
2.840631,0.221913
2.828700,0.213211
2.817083,0.204508
2.805774,0.195806
2.794768,0.187103
2.784058,0.178401
2.817095,0.169698
2.806806,0.160996
2.796804,0.152293
2.808581,0.143591
2.820489,0.134888
2.832533,0.126186
2.823430,0.117483
2.835815,0.108781
2.869492,0.100078
2.903184,0.091376
2.894843,0.082673
2.991621,0.073971
3.034587,0.065269
3.051417,0.056566
3.071157,0.047864
3.085892,0.039161
3.114870,0.030459
3.230410,0.021756
3.267700,0.013054
3.333277,0.004351
3.338738,-0.004351
3.450908,-0.013054
3.457070,-0.021756
3.553188,-0.030459
3.702120,-0.039161
3.776406,-0.047864
4.077628,-0.056566
4.305494,-0.065269
4.488429,-0.073971
7.441489,-0.143591
7.416036,-0.152293
7.331037,-0.160996
7.246699,-0.169698
7.243112,-0.178401
7.200041,-0.187103
7.197577,-0.195806
7.195661,-0.204508
7.194294,-0.213211
7.153474,-0.221913
7.093204,-0.230616
7.073477,-0.239318
7.034282,-0.248021
7.035625,-0.256723
7.037504,-0.265425
7.039920,-0.274128
7.042875,-0.282830
7.046369,-0.291533
7.050404,-0.300235
7.095104,-0.308938
7.060101,-0.317640
7.065768,-0.326343
7.089341,-0.335045
7.086017,-0.343748
7.101710,-0.352450
7.140895,-0.361153
6.876150,-0.369855
6.447326,-0.378558
6.126894,-0.387260
5.766915,-0.395963
5.492438,-0.404665
5.252625,-0.413367
5.005280,-0.422070
4.791160,-0.430772
4.589280,-0.439475
4.416046,-0.448177
4.263807,-0.456880
4.087115,-0.465582
3.957025,-0.474285
3.813998,-0.482987
3.696039,-0.491690
3.581895,-0.500392
3.461053,-0.509095
3.355730,-0.517797
3.273989,-0.526500
3.170215,-0.535202
3.095204,-0.543905
3.022197,-0.552607
2.931902,-0.561310
2.864041,-0.570012
2.803021,-0.578714
2.718169,-0.587417
2.655758,-0.596119
2.604330,-0.604822
2.545348,-0.613524
2.499889,-0.622227
2.443816,-0.630929
2.388394,-0.639632
2.350075,-0.648334
2.296975,-0.657037
2.263206,-0.665739
2.212090,-0.674442
2.183550,-0.683144
2.133015,-0.691847
2.106260,-0.700549
2.057342,-0.709252
2.033936,-0.717954
2.009052,-0.726657
1.966076,-0.735359
1.942497,-0.744061
1.902244,-0.752764
1.879813,-0.761466
1.842061,-0.770169
1.820641,-0.778871
1.799348,-0.787574
1.788379,-0.796276
1.744221,-0.804979
1.735589,-0.813681
1.716034,-0.822384
1.685483,-0.831086
1.666592,-0.839789
1.637842,-0.848491
1.619536,-0.857194
1.617354,-0.865896
1.574677,-0.874599
1.574410,-0.883301
1.557232,-0.892003
1.533424,-0.900706
1.516642,-0.909408
1.494256,-0.918111
1.477817,-0.926813
1.483085,-0.935516
1.463155,-0.944218
1.447594,-0.952921
1.453349,-0.961623
1.437788,-0.970326
1.422087,-0.979028
1.406237,-0.987731
1.390231,-0.996433
1.374059,-1.005136
1.385860,-1.013838
1.373924,-1.022541
1.362294,-1.031243
1.350962,-1.039946
1.339918,-1.048648
1.329154,-1.057350
1.318660,-1.066053
1.308431,-1.074755
1.298456,-1.083458
1.288730,-1.092160
1.279245,-1.100863
1.269995,-1.109565
1.260973,-1.118268
1.252173,-1.126970
1.243589,-1.135673
1.235215,-1.144375
1.227047,-1.153078
1.219077,-1.161780
1.211303,-1.170483
1.203717,-1.179185
1.196317,-1.187888
1.189097,-1.196590
1.182054,-1.205293
1.175182,-1.213995
1.168478,-1.222697
1.161938,-1.231400
1.155559,-1.240102
1.149336,-1.248805
1.143266,-1.257507
1.137347,-1.266210
1.131574,-1.274912
1.125944,-1.283615
1.120456,-1.292317
1.115105,-1.301020
1.109889,-1.309722
1.104805,-1.318425
1.099852,-1.327127
1.095025,-1.335830
1.090323,-1.344532
1.085744,-1.353235
1.081285,-1.361937
1.076944,-1.370639
1.072720,-1.379342
1.068609,-1.388044
1.064610,-1.396747
1.060722,-1.405449
1.056943,-1.414152
1.053270,-1.422854
1.049702,-1.431557
1.046238,-1.440259
1.042875,-1.448962
1.039613,-1.457664
1.036450,-1.466367
1.033385,-1.475069
1.030416,-1.483772
1.027542,-1.492474
1.024762,-1.501177
1.022075,-1.509879
1.019479,-1.518582
1.016973,-1.527284
1.014557,-1.535986
1.012229,-1.544689
1.009989,-1.553391
1.007835,-1.562094
1.005766,-1.570796
