scan.pos:4.260049,5.639230,-0.3647502.505607,1.562094
2.514080,1.553391
2.522803,1.544689
2.531780,1.535986
2.541016,1.527284
2.550514,1.518581
2.560280,1.509879
2.570316,1.501177
2.580629,1.492474
2.591224,1.483772
2.602104,1.475069
2.613277,1.466367
2.624746,1.457664
2.636518,1.448962
2.648599,1.440259
2.660995,1.431557
2.673712,1.422854
2.686756,1.414152
2.700135,1.405449
2.713856,1.396747
2.727925,1.388044
2.742352,1.379342
2.757142,1.370639
2.772305,1.361937
2.787850,1.353234
2.803785,1.344532
2.820118,1.335830
2.836861,1.327127
2.854022,1.318425
2.871612,1.309722
2.889642,1.301020
2.908122,1.292317
2.927064,1.283615
2.946481,1.274912
2.966385,1.266210
2.986788,1.257507
3.007704,1.248805
3.029148,1.240102
3.051134,1.231400
3.073677,1.222697
3.096793,1.213995
3.120500,1.205292
3.144813,1.196590
3.169751,1.187888
3.195333,1.179185
3.221579,1.170483
3.248509,1.161780
3.276145,1.153078
3.304508,1.144375
3.323783,1.135673
3.341324,1.126970
3.387266,1.118268
3.406163,1.109565
3.453054,1.100863
3.473400,1.092160
3.524737,1.083458
3.547139,1.074755
3.570461,1.066053
3.620875,1.057350
3.645922,1.048648
3.697745,1.039945
3.731112,1.031243
3.785031,1.022541
3.814470,1.013838
3.870134,1.005136
3.901745,0.996433
3.959340,0.987731
4.003058,0.979028
4.063365,0.970326
4.100461,0.961623
4.163148,0.952921
4.203035,0.944218
4.268353,0.935516
4.335024,0.926813
4.379515,0.918111
4.370010,0.909408
4.349086,0.900706
4.321856,0.892003
4.299828,0.883301
4.278347,0.874598
4.257403,0.865896
4.236983,0.857194
4.217079,0.848491
4.197678,0.839789
4.178772,0.831086
4.160351,0.822384
4.142406,0.813681
4.124927,0.804979
4.107907,0.796276
4.091337,0.787574
4.075210,0.778871
4.059517,0.770169
4.044251,0.761466
4.029405,0.752764
4.014973,0.744061
4.000947,0.735359
3.987321,0.726656
3.974090,0.717954
3.961246,0.709251
3.948785,0.700549
3.936702,0.691847
3.924989,0.683144
3.913644,0.674442
3.902660,0.665739
3.892033,0.657037
3.881759,0.648334
3.871833,0.639632
3.862251,0.630929
3.853009,0.622227
3.844103,0.613524
3.835530,0.604822
3.827286,0.596119
3.819367,0.587417
3.811771,0.578714
3.804494,0.570012
3.797533,0.561309
3.790886,0.552607
3.784550,0.543905
3.778522,0.535202
3.772800,0.526500
3.767382,0.517797
3.762266,0.509095
3.757449,0.500392
3.752930,0.491690
3.748708,0.482987
3.744779,0.474285
3.741143,0.465582
3.737799,0.456880
3.734745,0.448177
3.731979,0.439475
3.729502,0.430772
3.727312,0.422070
3.725407,0.413367
3.723788,0.404665
3.722454,0.395962
3.721405,0.387260
3.720639,0.378558
3.720156,0.369855
3.719957,0.361153
3.720041,0.352450
3.720409,0.343748
3.721060,0.335045
3.721994,0.326343
3.723213,0.317640
3.724717,0.308938
3.726505,0.300235
3.728579,0.291533
3.730940,0.282830
3.733589,0.274128
3.736526,0.265425
3.739752,0.256723
3.743269,0.248020
3.747079,0.239318
3.751183,0.230615
3.755581,0.221913
3.760277,0.213211
3.765272,0.204508
3.770567,0.195806
3.776165,0.187103
3.782069,0.178401
3.788280,0.169698
3.794800,0.160996
3.801633,0.152293
3.808782,0.143591
3.816248,0.134888
3.824036,0.126186
3.832148,0.117483
3.840587,0.108781
3.849358,0.100078
3.858463,0.091376
3.867907,0.082673
3.877693,0.073971
3.887825,0.065269
3.898309,0.056566
3.909147,0.047864
3.920345,0.039161
3.931908,0.030459
3.943841,0.021756
3.956148,0.013054
3.968836,0.004351
3.981909,-0.004351
3.995374,-0.013054
4.009237,-0.021756
4.023504,-0.030459
4.038181,-0.039161
4.053276,-0.047864
4.068795,-0.056566
4.084745,-0.065269
4.101135,-0.073971
4.117971,-0.082674
4.135263,-0.091376
4.153018,-0.100078
4.171245,-0.108781
4.189953,-0.117483
4.209152,-0.126186
4.228851,-0.134888
4.249061,-0.143591
4.269791,-0.152293
4.291053,-0.160996
4.312858,-0.169698
4.335217,-0.178401
4.358144,-0.187103
4.381649,-0.195806
4.405746,-0.204508
4.430450,-0.213211
4.455773,-0.221913
4.481731,-0.230616
4.508338,-0.239318
4.535610,-0.248021
4.563564,-0.256723
4.592217,-0.265425
4.621586,-0.274128
4.651690,-0.282830
4.682547,-0.291533
4.714177,-0.300235
4.746602,-0.308938
4.779842,-0.317640
4.813921,-0.326343
4.848861,-0.335045
4.884686,-0.343748
4.921422,-0.352450
4.959096,-0.361153
4.997735,-0.369855
5.037366,-0.378558
5.078022,-0.387260
5.119731,-0.395963
5.162529,-0.404665
5.206447,-0.413367
5.251523,-0.422070
5.287559,-0.430772
5.322217,-0.439475
5.385749,-0.448177
5.422722,-0.456880
5.488193,-0.465582
5.524867,-0.474285
5.588832,-0.482987
5.652236,-0.491690
5.609743,-0.500392
5.568304,-0.509095
5.527892,-0.517797
5.488476,-0.526500
5.450031,-0.535202
5.412529,-0.543905
5.325460,-0.552607
5.265032,-0.561310
5.215232,-0.570012
5.197222,-0.578714
5.164552,-0.587417
5.132679,-0.596119
5.101583,-0.604822
5.071246,-0.613524
5.041648,-0.622227
5.012774,-0.630929
4.984606,-0.639632
4.957129,-0.648334
4.930326,-0.657037
4.904182,-0.665739
4.832212,-0.674442
4.807583,-0.683144
4.783566,-0.691847
4.714368,-0.700549
4.691757,-0.709252
4.669716,-0.717954
4.648233,-0.726657
4.627298,-0.735359
4.606900,-0.744061
4.587028,-0.752764
4.567674,-0.761466
4.548827,-0.770169
4.530478,-0.778871
4.512620,-0.787574
4.495242,-0.796276
4.478338,-0.804979
4.461899,-0.813681
4.445917,-0.822384
4.430386,-0.831086
3.386298,-0.839789
3.353694,-0.848491
3.257667,-0.857194
3.247419,-0.865896
3.216316,-0.874599
3.206748,-0.883301
3.197478,-0.892003
3.188504,-0.900706
3.137972,-0.909408
3.108818,-0.918111
3.100869,-0.926813
3.093195,-0.935516
3.044362,-0.944218
2.995991,-0.952921
2.989309,-0.961623
2.962306,-0.970326
2.956177,-0.979028
2.950298,-0.987731
2.903756,-0.996433
2.898443,-1.005136
2.893370,-1.013838
2.868187,-1.022541
2.863619,-1.031243
2.818714,-1.039946
2.814666,-1.048648
2.770389,-1.057350
2.746640,-1.066053
2.702982,-1.074755
2.699941,-1.083458
2.676978,-1.092160
2.674379,-1.100863
2.631796,-1.109565
2.629646,-1.118268
2.627699,-1.126970
2.585852,-1.135673
2.584333,-1.144375
2.562984,-1.153078
2.561870,-1.161780
2.520925,-1.170483
2.500206,-1.179185
2.499691,-1.187888
2.459365,-1.196590
2.459234,-1.205293
2.419288,-1.213995
2.419527,-1.222697
2.419951,-1.231400
2.400548,-1.240102
2.401334,-1.248805
2.402303,-1.257507
2.403457,-1.266210
2.404795,-1.274912
2.406317,-1.283615
2.408025,-1.292317
2.409920,-1.301020
2.412001,-1.309722
2.414269,-1.318425
2.416726,-1.327127
2.419373,-1.335830
2.422210,-1.344532
2.425238,-1.353235
2.448703,-1.361937
2.452147,-1.370639
2.455788,-1.379342
2.459627,-1.388044
2.463666,-1.396747
2.467907,-1.405449
2.513229,-1.414152
2.517955,-1.422854
2.522891,-1.431557
2.589718,-1.440259
2.589196,-1.448962
2.642224,-1.457664
2.875911,-1.466367
2.944948,-1.475069
2.993747,-1.483772
3.063866,-1.492474
3.113677,-1.501177
3.247826,-1.509879
3.361942,-1.518582
3.729888,-1.527284
3.846587,-1.535986
3.943076,-1.544689
4.040461,-1.553391
4.096095,-1.562094
4.109587,-1.570796
