scan.pos:3.368576,6.881400,-2.9147503.737140,1.562094
3.729770,1.553391
3.722711,1.544689
3.715961,1.535986
3.709518,1.527284
3.703379,1.518581
3.697541,1.509879
3.692003,1.501177
3.686761,1.492474
3.681814,1.483772
3.697356,1.475069
3.692969,1.466367
3.688873,1.457664
3.685067,1.448962
3.721768,1.440259
3.718501,1.431557
3.755675,1.422854
3.773016,1.414152
3.810669,1.405449
3.808492,1.396747
3.966826,1.388044
3.965165,1.379342
4.083880,1.370639
4.122807,1.361937
4.142027,1.353234
4.181557,1.344532
4.221400,1.335830
4.281565,1.327127
4.342065,1.318425
4.402914,1.309722
4.504151,1.301020
4.625813,1.292317
4.707864,1.283615
4.790349,1.274912
4.893337,1.266210
4.976761,1.257507
5.040603,1.248805
5.104926,1.240102
5.109416,1.231400
5.154563,1.222697
5.180043,1.213995
5.226144,1.205292
5.232357,1.196590
5.238984,1.187888
5.246028,1.179185
5.253491,1.170483
5.261378,1.161780
5.269689,1.153078
5.278430,1.144375
5.246783,1.135673
5.256318,1.126970
5.266289,1.118268
5.276700,1.109565
5.287557,1.100863
5.298863,1.092160
5.310622,1.083458
5.322840,1.074755
5.335522,1.066053
5.348672,1.057350
5.362297,1.048648
5.376402,1.039945
5.390993,1.031243
5.406075,1.022541
5.421658,1.013838
5.437745,1.005136
5.433126,0.996433
5.450179,0.987731
5.467757,0.979028
5.485867,0.970326
5.504519,0.961623
5.523719,0.952921
5.543478,0.944218
5.563804,0.935516
5.584706,0.926813
5.606195,0.918111
5.628280,0.909408
5.606835,0.900706
5.629962,0.892003
5.653713,0.883301
5.678100,0.874598
5.703134,0.865896
5.728828,0.857194
5.755195,0.848491
5.782248,0.839789
5.810000,0.831086
5.838468,0.822384
5.867665,0.813681
5.897606,0.804979
5.928309,0.796276
5.959789,0.787574
6.039233,0.778871
6.167439,0.770169
3.515747,0.761466
3.471957,0.752764
3.441458,0.744061
3.399974,0.735359
3.334786,0.726656
3.294536,0.717954
3.270338,0.709251
3.232035,0.700549
3.194289,0.691847
3.149427,0.683144
3.113238,0.674442
3.077507,0.665739
3.036163,0.657037
3.008582,0.648334
2.988877,0.639632
2.955916,0.630929
2.923273,0.622227
2.940859,0.613524
2.936618,0.604822
2.905933,0.596119
2.873513,0.587417
2.871358,0.578714
2.868877,0.570012
2.840490,0.561309
2.840557,0.552607
2.815948,0.543905
2.792113,0.535202
2.796458,0.526500
2.773597,0.517797
2.751315,0.509095
2.729594,0.500392
2.708419,0.491690
2.687772,0.482987
2.667639,0.474285
2.648006,0.465582
2.628858,0.456880
2.610183,0.448177
2.591967,0.439475
2.574198,0.430772
2.556865,0.422070
2.539956,0.413367
2.523460,0.404665
2.507366,0.395962
2.491665,0.387260
2.476346,0.378558
2.461402,0.369855
2.446821,0.361153
2.432597,0.352450
2.347181,0.343748
2.334044,0.335045
2.321229,0.326343
2.308729,0.317640
2.296537,0.308938
2.284646,0.300235
2.273049,0.291533
2.261742,0.282830
2.250716,0.274128
2.239968,0.265425
2.229490,0.256723
2.219279,0.248020
2.209327,0.239318
2.199632,0.230615
2.212439,0.221913
2.225305,0.213211
2.216166,0.204508
2.207269,0.195806
2.220503,0.187103
2.211994,0.178401
2.225444,0.169698
2.238964,0.160996
2.230985,0.152293
2.244728,0.143591
2.237124,0.134888
2.251093,0.126186
2.307708,0.117483
2.300490,0.108781
2.372304,0.100078
2.448055,0.091376
2.442590,0.082673
2.438584,0.073971
2.441813,0.065269
2.505786,0.056566
2.488133,0.047864
2.526755,0.039161
2.598931,0.030459
2.629386,0.021756
2.709559,0.013054
2.731127,0.004351
2.722192,-0.004351
2.837309,-0.013054
2.854794,-0.021756
2.876175,-0.030459
2.991758,-0.039161
3.120805,-0.047864
3.300311,-0.056566
3.488113,-0.065269
3.674049,-0.073971
3.875420,-0.082674
7.070343,-0.152293
6.845226,-0.160996
6.781203,-0.169698
6.717764,-0.178401
6.654895,-0.187103
6.612592,-0.195806
6.610832,-0.204508
6.609576,-0.213211
6.608824,-0.221913
6.608575,-0.230616
6.568829,-0.239318
6.549579,-0.248021
6.490808,-0.256723
6.452518,-0.265425
6.454733,-0.274128
6.457442,-0.282830
6.460646,-0.291533
6.464345,-0.300235
6.468541,-0.308938
6.473237,-0.317640
6.478432,-0.326343
6.524351,-0.335045
6.490333,-0.343748
6.497043,-0.352450
6.504263,-0.361153
6.530334,-0.369855
6.530848,-0.378558
6.543739,-0.387260
6.584789,-0.395963
6.269313,-0.404665
5.992902,-0.413367
5.709387,-0.422070
5.467839,-0.430772
5.238159,-0.439475
5.039364,-0.448177
4.849804,-0.456880
4.668418,-0.465582
4.514906,-0.474285
4.347300,-0.482987
4.206188,-0.491690
4.091117,-0.500392
3.960105,-0.509095
3.833397,-0.517797
3.731496,-0.526500
3.612269,-0.535202
3.538306,-0.543905
3.446410,-0.552607
3.336140,-0.561310
3.270723,-0.570012
3.186490,-0.578714
3.104403,-0.587417
3.045711,-0.596119
2.967482,-0.604822
2.912494,-0.613524
2.837549,-0.622227
2.785746,-0.630929
2.735408,-0.639632
2.686436,-0.648334
2.616758,-0.657037
2.570162,-0.665739
2.524676,-0.674442
2.480226,-0.683144
2.436746,-0.691847
2.394172,-0.700549
2.352445,-0.709252
2.311509,-0.717954
2.294072,-0.726657
2.254676,-0.735359
2.215927,-0.744061
2.177782,-0.752764
2.140200,-0.761466
2.103140,-0.770169
2.090024,-0.778871
2.054028,-0.787574
2.018452,-0.796276
2.007111,-0.804979
1.972416,-0.813681
1.938050,-0.822384
1.928254,-0.831086
1.894609,-0.839789
1.885782,-0.848491
1.852767,-0.857194
1.819954,-0.865896
1.812363,-0.874599
1.780049,-0.883301
1.773252,-0.892003
1.741360,-0.900706
1.735298,-0.909408
1.703755,-0.918111
1.698376,-0.926813
1.667114,-0.935516
1.662369,-0.944218
1.631322,-0.952921
1.627167,-0.961623
1.596270,-0.970326
1.592664,-0.979028
1.589430,-0.987731
1.558760,-0.996433
1.556023,-1.005136
1.553578,-1.013838
1.540197,-1.022541
1.527160,-1.031243
1.514457,-1.039946
1.502076,-1.048648
1.490009,-1.057350
1.478246,-1.066053
1.466778,-1.074755
1.455596,-1.083458
1.444693,-1.092160
1.434061,-1.100863
1.423691,-1.109565
1.413577,-1.118268
1.403712,-1.126970
1.394089,-1.135673
1.384702,-1.144375
1.375545,-1.153078
1.366611,-1.161780
1.357895,-1.170483
1.349392,-1.179185
1.341096,-1.187888
1.333003,-1.196590
1.325107,-1.205293
1.317403,-1.213995
1.309888,-1.222697
1.302557,-1.231400
1.295405,-1.240102
1.288429,-1.248805
1.281625,-1.257507
1.274989,-1.266210
1.268518,-1.274912
1.262207,-1.283615
1.256054,-1.292317
1.250056,-1.301020
1.244209,-1.309722
1.238510,-1.318425
1.232957,-1.327127
1.227546,-1.335830
1.222275,-1.344532
1.217142,-1.353235
1.212143,-1.361937
1.207277,-1.370639
1.202541,-1.379342
1.197933,-1.388044
1.193450,-1.396747
1.189092,-1.405449
1.184855,-1.414152
1.180737,-1.422854
1.176738,-1.431557
1.172854,-1.440259
1.169085,-1.448962
1.165428,-1.457664
1.161882,-1.466367
1.158446,-1.475069
1.155118,-1.483772
1.151896,-1.492474
1.148780,-1.501177
1.145767,-1.509879
1.142857,-1.518582
1.140048,-1.527284
1.137339,-1.535986
1.134730,-1.544689
1.132218,-1.553391
1.129804,-1.562094
1.127485,-1.570796
