scan.pos:-3.855846,5.315791,-2.8147500.739129,1.562094
0.736977,1.553391
0.734893,1.544689
0.732877,1.535986
0.730927,1.527284
0.729042,1.518581
0.727223,1.509879
0.725468,1.501177
0.723777,1.492474
0.722148,1.483772
0.720581,1.475069
0.719075,1.466367
0.717631,1.457664
0.716246,1.448962
0.714922,1.440259
0.713656,1.431557
0.712449,1.422854
0.711300,1.414152
0.710209,1.405449
0.709176,1.396747
0.728433,1.388044
0.747694,1.379342
0.746780,1.370639
0.745925,1.361937
0.745129,1.353234
0.744392,1.344532
0.743712,1.335830
0.743090,1.327127
0.742525,1.318425
0.742018,1.309722
0.741568,1.301020
0.741175,1.292317
0.740839,1.283615
0.740559,1.274912
0.740336,1.266210
0.740170,1.257507
0.740060,1.248805
0.740006,1.240102
0.740008,1.231400
0.740067,1.222697
0.780193,1.213995
0.780374,1.205292
0.780614,1.196590
0.780915,1.187888
0.781275,1.179185
0.781695,1.170483
0.782174,1.161780
0.782715,1.153078
0.783315,1.144375
0.783977,1.135673
0.784699,1.126970
0.805623,1.118268
0.806489,1.109565
0.807419,1.100863
0.808413,1.092160
0.809471,1.083458
0.810594,1.074755
0.811781,1.066053
0.813034,1.057350
0.814353,1.048648
0.815739,1.039945
0.817192,1.031243
0.818712,1.022541
0.820300,1.013838
0.821958,1.005136
0.823685,0.996433
0.825482,0.987731
0.827350,0.979028
0.829290,0.970326
0.831303,0.961623
0.833389,0.952921
0.835549,0.944218
0.837785,0.935516
0.840096,0.926813
0.842485,0.918111
0.844952,0.909408
0.847498,0.900706
0.850125,0.892003
0.852832,0.883301
0.855623,0.874598
0.858498,0.865896
0.861457,0.857194
0.864504,0.848491
0.911020,0.839789
0.914405,0.831086
0.917885,0.822384
0.921462,0.813681
0.925138,0.804979
0.928914,0.796276
0.932793,0.787574
0.936776,0.778871
0.940865,0.770169
0.945062,0.761466
0.949369,0.752764
0.953789,0.744061
0.958323,0.735359
0.962974,0.726656
0.967745,0.717954
0.972638,0.709251
0.977655,0.700549
0.982800,0.691847
0.988075,0.683144
0.993482,0.674442
0.999026,0.665739
1.004709,0.657037
1.010534,0.648334
1.016505,0.639632
1.022625,0.630929
1.028899,0.622227
1.035329,0.613524
1.041920,0.604822
1.048675,0.596119
1.055600,0.587417
1.062698,0.578714
1.090089,0.570012
1.097688,0.561309
1.105479,0.552607
1.113467,0.543905
1.121657,0.535202
1.130056,0.526500
1.138668,0.517797
1.147501,0.509095
1.156560,0.500392
1.165853,0.491690
1.175387,0.482987
1.185170,0.474285
1.195208,0.465582
1.205510,0.456880
1.235600,0.448177
1.230412,0.439475
1.254434,0.430772
1.279264,0.422070
1.275443,0.413367
1.301662,0.404665
5.552725,0.395962
5.510053,0.387260
5.468446,0.378558
5.427873,0.369855
5.388304,0.361153
5.349713,0.352450
5.312072,0.343748
5.275356,0.335045
5.239541,0.326343
5.204602,0.317640
5.170517,0.308938
5.137265,0.300235
5.104824,0.291533
5.073174,0.282830
5.042295,0.274128
5.012169,0.265425
4.982779,0.256723
4.954106,0.248020
4.926134,0.239318
4.898848,0.230615
4.872231,0.221913
4.846269,0.213211
4.820947,0.204508
4.796251,0.195806
4.772170,0.187103
4.748688,0.178401
4.725794,0.169698
4.703477,0.160996
4.681725,0.152293
4.660525,0.143591
4.639869,0.134888
4.619746,0.126186
4.600144,0.117483
4.581057,0.108781
4.562472,0.100078
4.544383,0.091376
4.526780,0.082673
4.509655,0.073971
4.492999,0.065269
4.476806,0.056566
4.461068,0.047864
4.445777,0.039161
4.430927,0.030459
4.416512,0.021756
4.402524,0.013054
4.388957,0.004351
4.375806,-0.004351
4.363065,-0.013054
4.350728,-0.021756
4.338790,-0.030459
4.327247,-0.039161
4.316092,-0.047864
4.305322,-0.056566
4.294931,-0.065269
4.284916,-0.073971
4.275273,-0.082674
4.265997,-0.091376
4.257085,-0.100078
4.248532,-0.108781
4.240336,-0.117483
4.232494,-0.126186
4.225002,-0.134888
4.217856,-0.143591
4.211055,-0.152293
4.204596,-0.160996
4.198476,-0.169698
4.192692,-0.178401
4.187243,-0.187103
4.182125,-0.195806
4.177338,-0.204508
4.172880,-0.213211
4.168748,-0.221913
4.164941,-0.230616
4.161458,-0.239318
4.158296,-0.248021
4.155456,-0.256723
4.152936,-0.265425
4.150735,-0.274128
4.148851,-0.282830
4.147286,-0.291533
4.146037,-0.300235
4.145104,-0.308938
4.144487,-0.317640
4.144186,-0.326343
4.144201,-0.335045
4.144532,-0.343748
4.145178,-0.352450
4.146140,-0.361153
4.147418,-0.369855
4.149014,-0.378558
4.150926,-0.387260
4.153157,-0.395963
4.155707,-0.404665
4.158577,-0.413367
4.161768,-0.422070
4.165282,-0.430772
4.169119,-0.439475
4.173281,-0.448177
4.177771,-0.456880
4.182588,-0.465582
4.187736,-0.474285
4.193217,-0.482987
4.199032,-0.491690
4.205184,-0.500392
4.211675,-0.509095
4.218508,-0.517797
4.225685,-0.526500
4.233210,-0.535202
4.241085,-0.543905
4.249314,-0.552607
4.257900,-0.561310
4.266846,-0.570012
4.276156,-0.578714
4.285834,-0.587417
4.295884,-0.596119
4.306309,-0.604822
4.317115,-0.613524
4.328306,-0.622227
4.339886,-0.630929
4.351861,-0.639632
4.364235,-0.648334
4.377014,-0.657037
4.390203,-0.665739
4.403809,-0.674442
4.417837,-0.683144
4.432293,-0.691847
4.447184,-0.700549
4.462515,-0.709252
4.478296,-0.717954
4.494532,-0.726657
4.511230,-0.735359
4.528399,-0.744061
4.546048,-0.752764
4.564183,-0.761466
4.582814,-0.770169
4.601949,-0.778871
4.621598,-0.787574
4.641771,-0.796276
4.662477,-0.804979
4.683728,-0.813681
4.705533,-0.822384
4.727903,-0.831086
2.029381,-0.839789
1.995672,-0.848491
1.980012,-0.857194
1.941142,-0.865896
1.910362,-0.874599
1.895429,-0.883301
1.856871,-0.892003
1.828698,-0.900706
1.814328,-0.909408
1.788037,-0.918111
1.774258,-0.926813
1.777420,-0.935516
1.763826,-0.944218
1.725548,-0.952921
1.711725,-0.961623
1.697855,-0.970326
1.658800,-0.979028
1.644652,-0.987731
1.630438,-0.996433
1.616151,-1.005136
1.601787,-1.013838
1.587339,-1.022541
1.572802,-1.031243
1.531759,-1.039946
1.543432,-1.048648
1.528587,-1.057350
1.486598,-1.066053
1.498543,-1.074755
1.483328,-1.083458
1.467976,-1.092160
1.452477,-1.100863
1.436824,-1.109565
1.435666,-1.118268
1.423417,-1.126970
1.411481,-1.135673
1.399850,-1.144375
1.388514,-1.153078
1.377464,-1.161780
1.366691,-1.170483
1.356189,-1.179185
1.345948,-1.187888
1.335961,-1.196590
1.326222,-1.205293
1.316724,-1.213995
1.307459,-1.222697
1.298423,-1.231400
1.289607,-1.240102
1.281008,-1.248805
1.272619,-1.257507
1.264434,-1.266210
1.256449,-1.274912
1.248659,-1.283615
1.241059,-1.292317
1.233644,-1.301020
1.226411,-1.309722
1.219353,-1.318425
1.212469,-1.327127
1.205753,-1.335830
1.199201,-1.344532
1.192811,-1.353235
1.186579,-1.361937
1.180501,-1.370639
1.174573,-1.379342
1.168794,-1.388044
1.163159,-1.396747
1.157666,-1.405449
1.152312,-1.414152
1.147094,-1.422854
1.142010,-1.431557
1.137057,-1.440259
1.132233,-1.448962
1.127535,-1.457664
1.122961,-1.466367
1.118508,-1.475069
1.114176,-1.483772
1.109960,-1.492474
1.105861,-1.501177
1.101876,-1.509879
1.098002,-1.518582
1.094238,-1.527284
1.090583,-1.535986
1.087035,-1.544689
1.083592,-1.553391
1.080253,-1.562094
1.077016,-1.570796
