scan.pos:0.127099,7.122069,-2.7647500.881881,1.562094
0.878879,1.553391
0.875964,1.544689
0.873134,1.535986
0.870389,1.527284
0.867727,1.518581
0.865147,1.509879
0.862648,1.501177
0.860228,1.492474
0.857887,1.483772
0.855624,1.475069
0.853437,1.466367
0.851327,1.457664
0.849291,1.448962
0.847329,1.440259
0.845441,1.431557
0.843625,1.422854
0.841881,1.414152
0.840208,1.405449
0.838605,1.396747
0.837072,1.388044
0.835608,1.379342
0.834213,1.370639
0.832885,1.361937
0.831625,1.353234
0.830432,1.344532
0.829306,1.335830
0.828246,1.327127
0.827251,1.318425
0.826321,1.309722
0.825456,1.301020
0.824656,1.292317
0.823920,1.283615
0.823248,1.274912
0.822640,1.266210
0.822095,1.257507
0.821614,1.248805
0.821195,1.240102
0.820839,1.231400
0.820547,1.222697
0.820316,1.213995
0.820149,1.205292
0.820044,1.196590
0.820001,1.187888
0.820021,1.179185
0.820103,1.170483
0.820248,1.161780
0.820455,1.153078
0.820725,1.144375
0.821058,1.135673
0.821453,1.126970
0.821912,1.118268
0.822433,1.109565
0.823018,1.100863
0.823667,1.092160
0.824380,1.083458
0.825156,1.074755
0.825997,1.066053
0.826903,1.057350
0.827874,1.048648
0.828910,1.039945
0.830013,1.031243
0.831181,1.022541
0.832416,1.013838
0.833719,1.005136
0.835090,0.996433
0.836528,0.987731
0.838036,0.979028
0.839613,0.970326
0.841260,0.961623
0.842978,0.952921
0.844768,0.944218
0.846630,0.935516
0.848564,0.926813
0.850573,0.918111
0.852656,0.909408
0.854815,0.900706
0.857050,0.892003
0.859362,0.883301
0.861753,0.874598
0.864223,0.865896
0.866773,0.857194
0.869405,0.848491
0.872120,0.839789
0.874918,0.831086
0.877802,0.822384
0.880772,0.813681
0.883829,0.804979
0.886976,0.796276
0.890213,0.787574
0.893542,0.778871
0.896965,0.770169
0.900483,0.761466
0.904098,0.752764
0.907811,0.744061
0.911625,0.735359
0.915541,0.726656
0.919560,0.717954
0.923687,0.709251
0.927921,0.700549
0.932265,0.691847
0.936722,0.683144
0.941294,0.674442
0.945983,0.665739
0.950792,0.657037
0.955724,0.648334
0.960780,0.639632
0.965964,0.630929
0.971278,0.622227
0.976726,0.613524
0.982311,0.604822
0.988036,0.596119
0.993904,0.587417
0.999918,0.578714
1.006083,0.570012
1.012402,0.561309
1.018880,0.552607
1.025519,0.543905
1.032324,0.535202
1.039300,0.526500
1.046451,0.517797
1.053782,0.509095
1.061297,0.500392
1.069003,0.491690
1.076904,0.482987
1.085006,0.474285
1.093315,0.465582
1.101836,0.456880
1.110577,0.448177
1.119543,0.439475
1.128742,0.430772
1.193701,0.422070
1.203860,0.413367
1.214286,0.404665
1.207644,0.395962
1.225235,0.387260
1.242623,0.378558
1.232432,0.369855
1.255108,0.361153
1.272690,0.352450
1.293491,0.343748
1.288607,0.335045
1.306928,0.326343
1.330022,0.317640
1.348590,0.308938
1.347224,0.300235
4.103180,0.291533
4.125781,0.282830
4.123146,0.274128
4.145931,0.265425
4.193641,0.256723
4.265255,0.248020
4.318335,0.239318
4.388606,0.230615
4.422937,0.221913
4.473457,0.213211
4.538280,0.204508
4.593828,0.195806
4.807536,0.187103
4.924500,0.178401
4.977419,0.169698
5.123059,0.160996
5.219528,0.152293
5.290617,0.143591
5.417274,0.134888
5.469344,0.126186
5.583846,0.117483
3.661781,-0.178401
3.634997,-0.187103
3.588233,-0.195806
3.541895,-0.204508
3.516254,-0.213211
3.470701,-0.221913
3.445766,-0.230616
3.400957,-0.239318
3.396872,-0.248021
3.393055,-0.256723
3.389504,-0.265425
3.386219,-0.274128
3.383197,-0.282830
3.380438,-0.291533
3.377940,-0.300235
3.375703,-0.308938
3.373725,-0.317640
3.372007,-0.326343
3.310485,-0.335045
3.269277,-0.343748
3.248352,-0.352450
3.247689,-0.361153
3.247272,-0.369855
3.207103,-0.378558
3.207181,-0.387260
3.207503,-0.395963
3.208069,-0.404665
3.208879,-0.413367
3.209935,-0.422070
3.211236,-0.430772
3.212783,-0.439475
3.214576,-0.448177
3.216616,-0.456880
3.218904,-0.465582
3.221441,-0.474285
3.224228,-0.482987
3.227265,-0.491690
3.230555,-0.500392
3.234097,-0.509095
3.278279,-0.517797
3.241948,-0.526500
3.246259,-0.535202
3.250830,-0.543905
3.255661,-0.552607
3.260756,-0.561310
3.266116,-0.570012
3.271743,-0.578714
3.297905,-0.587417
3.294675,-0.596119
3.292209,-0.604822
3.315726,-0.613524
3.364043,-0.622227
3.358838,-0.630929
3.316024,-0.639632
3.201204,-0.648334
3.104550,-0.657037
3.022755,-0.665739
2.911749,-0.674442
2.844270,-0.683144
2.776467,-0.691847
2.692971,-0.700549
2.631782,-0.709252
2.553988,-0.717954
2.496624,-0.726657
2.425488,-0.735359
2.371300,-0.744061
2.327453,-0.752764
2.275988,-0.761466
2.225034,-0.770169
2.188297,-0.778871
2.139493,-0.787574
2.085419,-0.796276
2.060310,-0.804979
2.013536,-0.813681
1.986754,-0.822384
1.941423,-0.831086
1.918204,-0.839789
1.874092,-0.848491
1.852520,-0.857194
1.811044,-0.865896
1.790640,-0.874599
1.751850,-0.883301
1.732465,-0.892003
1.696135,-0.900706
1.677641,-0.909408
1.643576,-0.918111
1.625860,-0.926813
1.593886,-0.935516
1.576852,-0.944218
1.570639,-0.952921
1.530377,-0.961623
1.526245,-0.970326
1.510466,-0.979028
1.494628,-0.987731
1.472317,-0.996433
1.456872,-1.005136
1.441342,-1.013838
1.400708,-1.022541
1.410003,-1.031243
1.394182,-1.039946
1.378252,-1.048648
1.362205,-1.057350
1.346036,-1.066053
1.329735,-1.074755
1.313298,-1.083458
1.296714,-1.092160
1.279978,-1.100863
1.263080,-1.109565
1.273100,-1.118268
1.256072,-1.126970
1.238863,-1.135673
1.221462,-1.144375
1.203860,-1.153078
1.214286,-1.161780
1.207644,-1.170483
1.197389,-1.179185
1.187396,-1.187888
1.177657,-1.196590
1.168165,-1.205293
1.158912,-1.213995
1.149891,-1.222697
1.141097,-1.231400
1.132521,-1.240102
1.124158,-1.248805
1.116002,-1.257507
1.108047,-1.266210
1.100289,-1.274912
1.092720,-1.283615
1.085338,-1.292317
1.078135,-1.301020
1.071109,-1.309722
1.064255,-1.318425
1.057567,-1.327127
1.051043,-1.335830
1.044677,-1.344532
1.038467,-1.353235
1.032409,-1.361937
1.026498,-1.370639
1.020732,-1.379342
1.015108,-1.388044
1.009621,-1.396747
1.004270,-1.405449
0.999050,-1.414152
0.993960,-1.422854
0.988997,-1.431557
0.984157,-1.440259
0.979439,-1.448962
0.974839,-1.457664
0.970356,-1.466367
0.965988,-1.475069
0.961731,-1.483772
0.957585,-1.492474
0.953546,-1.501177
0.949613,-1.509879
0.945785,-1.518582
0.942058,-1.527284
0.938432,-1.535986
0.934905,-1.544689
0.931475,-1.553391
0.928140,-1.562094
0.924899,-1.570796
