scan.pos:-2.443761,-0.583426,1.7352501.621883,1.562094
1.619599,1.553391
1.617444,1.544689
1.675997,1.535986
1.674028,1.527284
1.752778,1.518581
1.912000,1.509879
2.050947,1.501177
2.270159,1.492474
2.421369,1.483772
2.742462,1.475069
5.569284,1.466367
5.566166,1.457664
5.563474,1.448962
5.561209,1.440259
5.559368,1.431557
5.557951,1.422854
5.556959,1.414152
5.556390,1.405449
5.556244,1.396747
5.556521,1.388044
5.557221,1.379342
5.558345,1.370639
5.559893,1.361937
5.561865,1.353234
5.564263,1.344532
5.567087,1.335830
5.570338,1.327127
5.574018,1.318425
5.578128,1.309722
5.582669,1.301020
5.587643,1.292317
5.593053,1.283615
5.598900,1.274912
5.605186,1.266210
5.611915,1.257507
5.619088,1.248805
5.626709,1.240102
5.634779,1.231400
5.643303,1.222697
5.652285,1.213995
5.661727,1.205292
5.671633,1.196590
5.682007,1.187888
5.692853,1.179185
5.704177,1.170483
5.715981,1.161780
5.728272,1.153078
5.741054,1.144375
5.754332,1.135673
5.768112,1.126970
5.782400,1.118268
5.797201,1.109565
5.812522,1.100863
5.828369,1.092160
5.844749,1.083458
5.861669,1.074755
5.879137,1.066053
5.897159,1.057350
5.915743,1.048648
5.934899,1.039945
5.954634,1.031243
5.974958,1.022541
5.995879,1.013838
6.017406,1.005136
6.039551,0.996433
6.062322,0.987731
6.085731,0.979028
6.109788,0.970326
6.134506,0.961623
6.159895,0.952921
6.185968,0.944218
6.212739,0.935516
6.240219,0.926813
6.268423,0.918111
6.297364,0.909408
6.327058,0.900706
6.357521,0.892003
6.388766,0.883301
6.420812,0.874598
6.453674,0.865896
6.487372,0.857194
6.521922,0.848491
6.557345,0.839789
6.593659,0.831086
6.630886,0.822384
6.669045,0.813681
6.708161,0.804979
6.748255,0.796276
6.789351,0.787574
6.831475,0.778871
6.874651,0.770169
6.918906,0.761466
6.964269,0.752764
7.010768,0.744061
7.058434,0.735359
7.107296,0.726656
7.157389,0.717954
7.208746,0.709251
7.261403,0.700549
7.315395,0.691847
7.370761,0.683144
7.427543,0.674442
7.485780,0.665739
7.545517,0.657037
7.606799,0.648334
7.669673,0.639632
7.734190,0.630929
3.654806,0.509095
3.527255,0.500392
3.477786,0.491690
3.454431,0.482987
3.431647,0.474285
3.409420,0.465582
3.387735,0.456880
3.366579,0.448177
3.345939,0.439475
3.325802,0.430772
3.306156,0.422070
3.286990,0.413367
3.268293,0.404665
3.250053,0.395962
3.232260,0.387260
3.214904,0.378558
3.197976,0.369855
3.181467,0.361153
3.165367,0.352450
3.149667,0.343748
3.134360,0.335045
3.119438,0.326343
3.104892,0.317640
3.090716,0.308938
3.076901,0.300235
3.063442,0.291533
3.050332,0.282830
3.037563,0.274128
3.025131,0.265425
3.013028,0.256723
3.023129,0.248020
3.011585,0.239318
3.000357,0.230615
2.989439,0.221913
2.978826,0.213211
2.968513,0.204508
2.979908,0.195806
2.991454,0.187103
2.981879,0.178401
2.972590,0.169698
2.963584,0.160996
2.997017,0.152293
2.988445,0.143591
2.980147,0.134888
2.972121,0.126186
2.964363,0.117483
2.956870,0.108781
2.949640,0.100078
2.942667,0.091376
2.935951,0.082673
2.929488,0.073971
2.943838,0.065269
2.937831,0.056566
2.952552,0.047864
2.967440,0.039161
2.982499,0.030459
3.018101,0.021756
3.013141,0.013054
3.069338,0.004351
3.125597,-0.004351
3.222420,-0.013054
3.258570,-0.021756
3.476609,-0.030459
3.734721,-0.039161
4.012678,-0.047864
4.209847,-0.056566
4.567807,-0.065269
7.617515,-0.073971
7.711870,-0.082674
6.650272,-0.369855
6.522429,-0.378558
6.125138,-0.387260
5.900215,-0.395963
5.698254,-0.404665
5.487349,-0.413367
5.307476,-0.422070
5.122257,-0.430772
4.962822,-0.439475
4.831724,-0.448177
4.665823,-0.456880
4.669303,-0.465582
4.661054,-0.474285
4.674153,-0.482987
4.687685,-0.491690
4.659329,-0.500392
4.673612,-0.509095
4.688341,-0.517797
4.703522,-0.526500
4.719162,-0.535202
4.735269,-0.543905
4.751849,-0.552607
4.768910,-0.561310
4.786460,-0.570012
4.804507,-0.578714
4.823059,-0.587417
4.842125,-0.596119
4.861714,-0.604822
4.881835,-0.613524
4.902499,-0.622227
4.923715,-0.630929
4.945494,-0.639632
4.967845,-0.648334
4.990782,-0.657037
5.014316,-0.665739
5.038457,-0.674442
5.063220,-0.683144
5.088617,-0.691847
5.114661,-0.700549
5.141367,-0.709252
5.168749,-0.717954
5.196822,-0.726657
5.225602,-0.735359
5.255105,-0.744061
5.285347,-0.752764
5.316347,-0.761466
5.348122,-0.770169
5.380692,-0.778871
2.566852,-0.787574
2.500297,-0.796276
2.468456,-0.804979
2.453892,-0.813681
2.423365,-0.822384
2.393100,-0.831086
2.356586,-0.839789
2.327306,-0.848491
2.318723,-0.857194
2.290511,-0.865896
2.288784,-0.874599
2.283680,-0.883301
2.256780,-0.892003
2.227082,-0.900706
2.200868,-0.909408
2.167798,-0.918111
2.176222,-0.926813
2.150381,-0.935516
2.124558,-0.944218
2.095523,-0.952921
2.077522,-0.961623
2.059982,-0.970326
2.042891,-0.979028
2.026234,-0.987731
2.009998,-0.996433
1.994171,-1.005136
1.978741,-1.013838
1.963696,-1.022541
1.949026,-1.031243
1.934719,-1.039946
1.920766,-1.048648
1.907157,-1.057350
1.893883,-1.066053
1.880934,-1.074755
1.868303,-1.083458
1.855981,-1.092160
1.843959,-1.100863
1.832231,-1.109565
1.820789,-1.118268
1.809626,-1.126970
1.798735,-1.135673
1.788110,-1.144375
1.777744,-1.153078
1.767632,-1.161780
1.757767,-1.170483
1.701016,-1.179185
1.691883,-1.187888
1.682974,-1.196590
1.674286,-1.205293
1.665813,-1.213995
1.657551,-1.222697
1.649495,-1.231400
1.641642,-1.240102
1.633987,-1.248805
1.626527,-1.257507
1.611547,-1.266210
1.612174,-1.274912
1.605274,-1.283615
1.598555,-1.292317
1.592012,-1.301020
1.585643,-1.309722
1.579444,-1.318425
1.573413,-1.327127
1.567547,-1.335830
1.561842,-1.344532
1.556298,-1.353235
1.550910,-1.361937
1.567088,-1.370639
1.583278,-1.379342
1.578210,-1.388044
1.573294,-1.396747
1.568528,-1.405449
1.584989,-1.414152
1.580455,-1.422854
1.576067,-1.431557
1.571822,-1.440259
1.567720,-1.448962
1.584555,-1.457664
1.601427,-1.466367
1.597642,-1.475069
1.593996,-1.483772
1.611092,-1.492474
1.607675,-1.501177
1.604395,-1.509879
1.642209,-1.518582
1.639121,-1.527284
1.636168,-1.535986
1.633351,-1.544689
1.671338,-1.553391
1.668723,-1.562094
1.706789,-1.570796
