scan.pos:7.080651,4.535333,-1.1147501.002450,1.562094
0.998215,1.553391
0.994091,1.544689
0.990076,1.535986
0.986168,1.527284
0.982365,1.518581
0.978666,1.509879
0.975069,1.501177
0.971571,1.492474
0.968172,1.483772
0.964870,1.475069
0.961664,1.466367
0.958551,1.457664
0.955531,1.448962
0.952603,1.440259
0.949764,1.431557
0.947014,1.422854
0.944352,1.414152
0.941776,1.405449
0.939285,1.396747
0.936879,1.388044
0.934556,1.379342
0.932316,1.370639
0.930156,1.361937
0.928078,1.353234
0.926079,1.344532
0.924158,1.335830
0.922316,1.327127
0.920551,1.318425
0.918863,1.309722
0.917250,1.301020
0.915713,1.292317
0.914251,1.283615
0.912862,1.274912
0.911547,1.266210
0.910305,1.257507
0.909136,1.248805
0.908039,1.240102
0.907013,1.231400
0.906058,1.222697
0.905175,1.213995
0.904362,1.205292
0.903619,1.196590
0.902946,1.187888
0.902343,1.179185
0.901809,1.170483
0.901344,1.161780
0.900949,1.153078
0.900622,1.144375
0.900364,1.135673
0.900175,1.126970
0.900054,1.118268
0.900002,1.109565
0.900019,1.100863
0.900104,1.092160
0.900258,1.083458
0.900480,1.074755
0.900771,1.066053
0.901131,1.057350
0.901559,1.048648
0.902057,1.039945
0.902625,1.031243
0.903261,1.022541
0.903968,1.013838
0.904745,1.005136
0.905592,0.996433
0.906510,0.987731
0.907498,0.979028
0.908558,0.970326
0.909690,0.961623
0.910895,0.952921
0.912172,0.944218
0.913522,0.935516
0.914946,0.926813
0.916445,0.918111
0.918018,0.909408
0.919667,0.900706
0.921392,0.892003
0.923194,0.883301
0.925074,0.874598
0.927032,0.865896
0.929069,0.857194
0.931187,0.848491
0.933385,0.839789
0.935665,0.831086
0.938028,0.822384
0.940475,0.813681
0.943006,0.804979
0.945624,0.796276
0.948328,0.787574
0.951121,0.778871
0.954002,0.770169
0.956975,0.761466
0.960039,0.752764
0.963197,0.744061
0.966449,0.735359
0.969798,0.726656
0.973244,0.717954
0.976789,0.709251
0.980436,0.700549
0.984185,0.691847
0.988038,0.683144
0.991997,0.674442
0.996064,0.665739
1.000241,0.657037
1.004531,0.648334
1.008934,0.639632
1.013454,0.630929
1.018092,0.622227
1.022851,0.613524
1.027733,0.604822
1.032742,0.596119
1.037879,0.587417
1.043146,0.578714
1.048548,0.570012
1.054087,0.561309
1.059766,0.552607
1.065588,0.543905
1.071557,0.535202
1.077675,0.526500
1.083946,0.517797
1.090374,0.509095
1.096964,0.500392
1.103717,0.491690
1.110640,0.482987
1.117735,0.474285
1.125008,0.465582
1.132464,0.456880
1.140106,0.448177
1.147939,0.439475
1.155970,0.430772
1.164204,0.422070
1.172645,0.413367
1.181300,0.404665
1.190176,0.395962
1.199278,0.387260
1.208612,0.378558
1.218187,0.369855
1.228009,0.361153
1.238086,0.352450
1.248425,0.343748
1.259035,0.335045
1.269925,0.326343
1.264642,0.317640
1.281752,0.308938
1.298672,0.300235
1.288006,0.291533
1.304794,0.282830
1.321413,0.274128
1.337872,0.265425
1.354178,0.256723
1.370340,0.248020
1.390228,0.239318
1.406629,0.230615
1.403040,0.221913
1.419920,0.213211
1.443664,0.204508
1.460884,0.195806
1.460987,0.187103
1.503693,0.178401
1.505652,0.169698
1.523889,0.160996
1.552394,0.152293
1.571156,0.143591
1.577234,0.134888
1.620760,0.126186
1.616265,0.117483
1.649164,0.108781
1.669406,0.100078
1.704363,0.091376
1.725424,0.082673
1.739361,0.073971
1.784599,0.065269
1.806747,0.056566
1.824357,0.047864
1.870518,0.039161
1.891071,0.030459
1.915718,0.021756
1.940649,0.013054
1.988137,0.004351
2.014598,-0.004351
2.063629,-0.013054
2.093717,-0.021756
2.144417,-0.030459
2.178640,-0.039161
2.209471,-0.047864
2.262690,-0.056566
2.325076,-0.065269
2.359083,-0.073971
2.415450,-0.082674
2.463738,-0.091376
2.523205,-0.100078
2.583653,-0.108781
2.641009,-0.117483
2.705403,-0.126186
2.792270,-0.134888
2.860611,-0.143591
2.931398,-0.152293
3.025021,-0.160996
3.107023,-0.169698
3.207151,-0.178401
3.268316,-0.187103
3.264138,-0.195806
3.251941,-0.204508
3.244007,-0.213211
3.243297,-0.221913
3.227974,-0.230616
3.233572,-0.239318
3.227384,-0.248021
3.221465,-0.256723
3.215812,-0.265425
3.210423,-0.274128
3.205295,-0.282830
3.200427,-0.291533
3.195817,-0.300235
3.151005,-0.308938
3.146957,-0.317640
3.143158,-0.326343
3.139608,-0.335045
3.116169,-0.343748
3.113131,-0.352450
3.110334,-0.361153
3.107779,-0.369855
3.105465,-0.378558
3.103390,-0.387260
3.101554,-0.395963
3.099956,-0.404665
3.098596,-0.413367
3.097472,-0.422070
3.096585,-0.430772
3.095934,-0.439475
3.095520,-0.448177
3.095341,-0.456880
3.095398,-0.465582
3.095690,-0.474285
3.096219,-0.482987
3.096983,-0.491690
3.097984,-0.500392
3.099221,-0.509095
3.100696,-0.517797
3.102409,-0.526500
3.104360,-0.535202
3.106550,-0.543905
3.108980,-0.552607
3.111651,-0.561310
3.114565,-0.570012
3.077431,-0.578714
3.080788,-0.587417
3.084387,-0.596119
3.088230,-0.604822
3.092319,-0.613524
3.096654,-0.622227
3.060637,-0.630929
3.065408,-0.639632
3.070429,-0.648334
3.075700,-0.657037
3.081224,-0.665739
3.087004,-0.674442
3.093042,-0.683144
3.099340,-0.691847
3.105901,-0.700549
3.112726,-0.709252
3.119820,-0.717954
3.127186,-0.726657
3.134825,-0.735359
3.142742,-0.744061
3.150939,-0.752764
3.159420,-0.761466
3.168190,-0.770169
3.177250,-0.778871
3.186606,-0.787574
3.196261,-0.796276
3.206220,-0.804979
3.216487,-0.813681
3.227067,-0.822384
3.237963,-0.831086
3.249182,-0.839789
3.260728,-0.848491
3.272606,-0.857194
3.284822,-0.865896
3.297382,-0.874599
3.310292,-0.883301
3.323557,-0.892003
3.337183,-0.900706
3.351179,-0.909408
3.365549,-0.918111
3.380302,-0.926813
3.394233,-0.935516
3.409972,-0.944218
3.408228,-0.952921
3.405610,-0.961623
3.427483,-0.970326
3.433988,-0.979028
3.459996,-0.987731
3.471973,-0.996433
3.455085,-1.005136
3.462831,-1.013838
3.481889,-1.022541
2.992940,-1.031243
2.846350,-1.039946
2.812639,-1.048648
2.784501,-1.057350
2.748589,-1.066053
2.713153,-1.074755
2.693394,-1.083458
2.659543,-1.092160
2.642743,-1.100863
2.660678,-1.109565
2.621706,-1.118268
2.616333,-1.126970
2.605419,-1.135673
2.627710,-1.144375
2.593737,-1.153078
2.618150,-1.161780
2.612994,-1.170483
2.586411,-1.179185
2.610619,-1.187888
2.639447,-1.196590
2.639906,-1.205293
2.641953,-1.213995
2.674447,-1.222697
2.679412,-1.231400
2.674366,-1.240102
2.675593,-1.248805
2.698350,-1.257507
2.693250,-1.266210
2.718012,-1.274912
2.768766,-1.283615
2.741213,-1.292317
2.739113,-1.301020
2.714933,-1.309722
2.741132,-1.318425
2.772436,-1.327127
2.773664,-1.335830
2.807229,-1.344532
2.835698,-1.353235
2.820597,-1.361937
2.825346,-1.370639
2.838834,-1.379342
2.870452,-1.388044
2.886871,-1.396747
2.895441,-1.405449
2.890628,-1.414152
2.925792,-1.422854
2.900480,-1.431557
2.937753,-1.440259
2.927852,-1.448962
2.932459,-1.457664
2.949167,-1.466367
2.957998,-1.475069
3.000831,-1.483772
2.990752,-1.492474
2.990058,-1.501177
3.036760,-1.509879
3.011035,-1.518582
3.060937,-1.527284
3.063649,-1.535986
3.071803,-1.544689
3.079460,-1.553391
3.088241,-1.562094
3.119457,-1.570796
