scan.pos:-2.000448,5.063162,1.6352506.012035,1.562094
6.008880,1.553391
6.006184,1.544689
6.003949,1.535986
6.002172,1.527284
6.000852,1.518581
5.999990,1.509879
5.999586,1.501177
5.999638,1.492474
6.000147,1.483772
6.001113,1.475069
6.002537,1.466367
6.004418,1.457664
6.006759,1.448962
6.009559,1.440259
6.012820,1.431557
6.016543,1.422854
6.020730,1.414152
6.025381,1.405449
6.030499,1.396747
6.036086,1.388044
6.042143,1.379342
6.048675,1.370639
6.055681,1.361937
6.063167,1.353234
6.071134,1.344532
6.079585,1.335830
6.088524,1.327127
6.097955,1.318425
6.107880,1.309722
6.118305,1.301020
6.129233,1.292317
6.140669,1.283615
6.152617,1.274912
6.165081,1.266210
6.178068,1.257507
6.191582,1.248805
6.205629,1.240102
6.220215,1.231400
6.235345,1.222697
6.251027,1.213995
6.267265,1.205292
6.284069,1.196590
6.301444,1.187888
6.319397,1.179185
6.337937,1.170483
3.770221,1.161780
3.677021,1.153078
3.606793,1.144375
3.503295,1.135673
3.437548,1.126970
3.373134,1.118268
3.300493,1.109565
3.217996,1.100863
3.158114,1.092160
3.093323,1.083458
3.036333,1.074755
2.980082,1.066053
2.924507,1.057350
2.868042,1.048648
2.814653,1.039945
2.761750,1.031243
2.710705,1.022541
2.682172,1.013838
2.631463,1.005136
2.585189,0.996433
2.558830,0.987731
2.509850,0.979028
2.501411,0.970326
2.444475,0.961623
2.433947,0.952921
2.399959,0.944218
2.342122,0.935516
2.331413,0.926813
2.272899,0.918111
2.262024,0.909408
2.251195,0.900706
2.191692,0.892003
2.180646,0.883301
2.144969,0.874598
2.133822,0.865896
2.097716,0.857194
2.111585,0.848491
2.125801,0.839789
2.089400,0.831086
2.078318,0.822384
2.041392,0.813681
2.030126,0.804979
1.992623,0.796276
2.007561,0.787574
1.996254,0.778871
1.984926,0.770169
1.973572,0.761466
1.989450,0.752764
1.978254,0.744061
1.994737,0.735359
1.983704,0.726656
2.000823,0.717954
1.978437,0.709251
1.977454,0.700549
1.976922,0.691847
1.976840,0.683144
1.977211,0.674442
1.978036,0.665739
1.977765,0.657037
1.962585,0.648334
1.974160,0.639632
1.985712,0.630929
1.997246,0.622227
2.034570,0.613524
2.020272,0.604822
2.006325,0.596119
2.043270,0.587417
2.029661,0.578714
2.091213,0.570012
2.102562,0.561309
2.138553,0.552607
2.149783,0.543905
2.161039,0.535202
2.220683,0.526500
2.231715,0.517797
2.242789,0.509095
2.230142,0.500392
2.241439,0.491690
2.252781,0.482987
2.264173,0.474285
2.252358,0.465582
2.263975,0.456880
2.252624,0.448177
2.310285,0.439475
2.321962,0.430772
2.311012,0.422070
2.345514,0.413367
2.357394,0.404665
2.391732,0.395962
2.448240,0.387260
2.482257,0.378558
2.516177,0.369855
2.594037,0.361153
2.627620,0.352450
2.661371,0.343748
2.711607,0.335045
2.770853,0.326343
2.823457,0.317640
2.898271,0.308938
2.964659,0.300235
3.020868,0.291533
3.120656,0.282830
3.110634,0.274128
3.108211,0.265425
3.086377,0.256723
3.088426,0.248020
3.072434,0.239318
3.058710,0.230615
3.054398,0.221913
3.047945,0.213211
3.044418,0.204508
3.037475,0.195806
3.022609,0.187103
3.011765,0.178401
3.007471,0.169698
3.009182,0.160996
2.995987,0.152293
2.984154,0.143591
2.978651,0.134888
2.973394,0.126186
2.968381,0.117483
2.963611,0.108781
2.959081,0.100078
2.954789,0.091376
2.950734,0.082673
2.946914,0.073971
2.943328,0.065269
2.939975,0.056566
2.936852,0.047864
2.933959,0.039161
2.931295,0.030459
2.928859,0.021756
2.926649,0.013054
2.924665,0.004351
2.922907,-0.004351
2.921373,-0.013054
2.920062,-0.021756
2.918975,-0.030459
2.918111,-0.039161
2.917470,-0.047864
2.917051,-0.056566
2.916854,-0.065269
2.916879,-0.073971
2.917127,-0.082674
2.917597,-0.091376
2.918289,-0.100078
2.919204,-0.108781
2.920342,-0.117483
2.921703,-0.126186
2.923288,-0.134888
2.925098,-0.143591
2.927134,-0.152293
2.929395,-0.160996
2.931883,-0.169698
2.934600,-0.178401
2.937545,-0.187103
2.940720,-0.195806
2.944126,-0.204508
2.947766,-0.213211
2.951639,-0.221913
2.955748,-0.230616
2.960094,-0.239318
2.964679,-0.248021
2.969504,-0.256723
2.974573,-0.265425
2.979886,-0.274128
2.985445,-0.282830
2.991254,-0.291533
2.997314,-0.300235
3.003628,-0.308938
3.010198,-0.317640
3.017028,-0.326343
3.024119,-0.335045
3.031475,-0.343748
3.039099,-0.352450
3.046993,-0.361153
3.055163,-0.369855
3.063610,-0.378558
3.072339,-0.387260
3.081353,-0.395963
3.090656,-0.404665
3.100252,-0.413367
3.110145,-0.422070
3.120341,-0.430772
3.130842,-0.439475
3.141654,-0.448177
3.152783,-0.456880
3.164232,-0.465582
3.176008,-0.474285
3.188115,-0.482987
3.200559,-0.491690
3.213347,-0.500392
3.226484,-0.509095
3.239977,-0.517797
3.253831,-0.526500
3.268055,-0.535202
3.282655,-0.543905
3.297638,-0.552607
3.313011,-0.561310
3.328784,-0.570012
3.344963,-0.578714
3.361558,-0.587417
3.378577,-0.596119
3.396029,-0.604822
3.413923,-0.613524
3.432270,-0.622227
3.451079,-0.630929
3.470361,-0.639632
3.490128,-0.648334
3.510389,-0.657037
3.531158,-0.665739
3.552446,-0.674442
3.574266,-0.683144
3.596631,-0.691847
3.619556,-0.700549
3.643053,-0.709252
3.667139,-0.717954
3.691829,-0.726657
3.717138,-0.735359
3.743084,-0.744061
3.769683,-0.752764
3.796955,-0.761466
3.824917,-0.770169
1.426193,-0.778871
1.407207,-0.787574
1.331266,-0.796276
1.312104,-0.804979
1.317877,-0.813681
1.299113,-0.822384
1.278996,-0.831086
1.287633,-0.839789
1.269545,-0.848491
1.266656,-0.857194
1.255861,-0.865896
1.244723,-0.874599
1.234478,-0.883301
1.224493,-0.892003
1.214759,-0.900706
1.205271,-0.909408
1.196019,-0.918111
1.186999,-0.926813
1.178202,-0.935516
1.169623,-0.944218
1.161257,-0.952921
1.153096,-0.961623
1.145135,-0.970326
1.162645,-0.979028
1.180008,-0.987731
1.172290,-0.996433
1.164760,-1.005136
1.157414,-1.013838
1.150247,-1.022541
1.143254,-1.031243
1.160612,-1.039946
1.153815,-1.048648
1.147184,-1.057350
1.140715,-1.066053
1.134405,-1.074755
1.128249,-1.083458
1.098865,-1.092160
1.093131,-1.100863
1.087539,-1.109565
1.082086,-1.118268
1.076769,-1.126970
1.071585,-1.135673
1.066531,-1.144375
1.061606,-1.153078
1.056806,-1.161780
1.052129,-1.170483
1.047572,-1.179185
0.998745,-1.187888
0.994607,-1.196590
0.990579,-1.205293
0.986657,-1.213995
0.982841,-1.222697
0.979129,-1.231400
0.975519,-1.240102
0.972009,-1.248805
0.968598,-1.257507
0.965284,-1.266210
0.962065,-1.274912
0.958941,-1.283615
0.955909,-1.292317
0.952969,-1.301020
0.950119,-1.309722
0.947358,-1.318425
0.944685,-1.327127
0.942098,-1.335830
0.939596,-1.344532
0.937180,-1.353235
0.934846,-1.361937
0.932595,-1.370639
0.930426,-1.379342
0.928337,-1.388044
0.926328,-1.396747
0.924398,-1.405449
0.922545,-1.414152
0.920771,-1.422854
0.919073,-1.431557
0.917451,-1.440259
0.915904,-1.448962
0.914432,-1.457664
0.913034,-1.466367
0.911710,-1.475069
0.910459,-1.483772
0.909280,-1.492474
0.908174,-1.501177
0.907139,-1.509879
0.906176,-1.518582
0.905283,-1.527284
0.904461,-1.535986
0.903709,-1.544689
0.903027,-1.553391
0.902415,-1.562094
0.901873,-1.570796
