scan.pos:-0.006091,7.086621,2.9184350.799833,1.562094
0.801451,1.553391
0.803136,1.544689
0.804890,1.535986
0.806714,1.527284
0.808607,1.518581
0.810571,1.509879
0.812607,1.501177
0.814715,1.492474
0.816896,1.483772
0.819152,1.475069
0.821483,1.466367
0.823890,1.457664
0.826375,1.448962
0.828937,1.440259
0.831580,1.431557
0.834303,1.422854
0.837107,1.414152
0.839995,1.405449
0.842968,1.396747
0.846026,1.388044
0.849171,1.379342
0.852405,1.370639
0.855729,1.361937
0.859144,1.353234
0.862653,1.344532
0.866257,1.335830
0.869958,1.327127
0.873758,1.318425
0.877657,1.309722
0.881660,1.301020
0.885766,1.292317
0.889980,1.283615
0.894302,1.274912
0.898734,1.266210
0.903281,1.257507
0.907943,1.248805
0.912723,1.240102
0.917624,1.231400
0.922648,1.222697
0.927799,1.213995
0.933079,1.205292
0.938492,1.196590
0.944040,1.187888
0.949727,1.179185
0.955556,1.170483
0.961530,1.161780
0.967654,1.153078
0.973931,1.144375
0.980365,1.135673
0.986961,1.126970
0.993722,1.118268
1.000653,1.109565
1.059438,1.100863
1.067097,1.092160
1.074949,1.083458
1.083001,1.074755
1.091259,1.066053
1.099728,1.057350
1.108414,1.048648
1.117324,1.039945
1.126466,1.031243
1.145015,1.022541
1.154718,1.013838
1.164676,1.005136
1.164167,0.996433
1.183796,0.987731
1.176814,0.979028
1.198522,0.970326
1.191546,0.961623
1.214590,0.952921
1.288785,0.944218
1.286003,0.935516
3.976266,0.926813
3.972967,0.918111
3.996017,0.909408
3.967410,0.900706
4.016404,0.892003
3.988656,0.883301
4.062717,0.874598
4.104634,0.865896
4.131106,0.857194
4.201367,0.848491
4.233581,0.839789
4.297765,0.831086
4.346227,0.822384
4.413682,0.813681
4.469784,0.804979
4.588575,0.796276
4.768520,0.787574
4.831427,0.778871
4.883031,0.770169
5.058657,0.761466
5.121803,0.752764
5.196089,0.744061
5.308111,0.735359
5.375652,0.726656
5.474660,0.717954
3.588649,0.422070
3.521136,0.413367
3.494833,0.404665
3.407917,0.395962
3.402696,0.387260
3.336965,0.378558
3.312141,0.369855
3.307843,0.361153
3.263442,0.352450
3.259713,0.343748
3.256240,0.335045
3.253022,0.326343
3.250058,0.317640
3.247346,0.308938
3.244885,0.300235
3.242675,0.291533
3.240715,0.282830
3.239004,0.274128
3.237540,0.265425
3.176280,0.256723
3.175330,0.248020
3.114608,0.239318
3.114151,0.230615
3.113931,0.221913
3.113948,0.213211
3.074198,0.204508
3.074683,0.195806
3.075403,0.187103
3.076357,0.178401
3.077546,0.169698
3.078971,0.160996
3.080632,0.152293
3.082529,0.143591
3.084664,0.134888
3.087037,0.126186
3.089649,0.117483
3.092502,0.108781
3.095595,0.100078
3.098931,0.091376
3.102511,0.082673
3.106336,0.073971
3.150882,0.065269
3.155258,0.056566
3.119296,0.047864
3.124117,0.039161
3.129192,0.030459
3.134522,0.021756
3.140110,0.013054
3.145959,0.004351
3.152069,-0.004351
3.159905,-0.013054
3.177816,-0.021756
3.180303,-0.030459
3.191825,-0.039161
3.247402,-0.047864
3.244589,-0.056566
3.152993,-0.065269
3.054229,-0.073971
2.978619,-0.082674
2.884113,-0.091376
2.811918,-0.100078
2.743845,-0.108781
2.677286,-0.117483
2.616789,-0.126186
2.554472,-0.134888
2.493243,-0.143591
2.442307,-0.152293
2.384402,-0.160996
2.327271,-0.169698
2.284281,-0.178401
2.229780,-0.187103
2.197671,-0.195806
2.139527,-0.204508
2.109683,-0.213211
2.080368,-0.221913
2.027782,-0.230616
2.000326,-0.239318
1.950864,-0.248021
1.925455,-0.256723
1.899934,-0.265425
1.874705,-0.274128
1.831032,-0.282830
1.807081,-0.291533
1.789165,-0.300235
1.743286,-0.308938
1.720605,-0.317640
1.706357,-0.326343
1.684733,-0.335045
1.663206,-0.343748
1.628617,-0.352450
1.607870,-0.361153
1.599331,-0.369855
1.579408,-0.378558
1.548795,-0.387260
1.529472,-0.395963
1.510133,-0.404665
1.506596,-0.413367
1.487910,-0.422070
1.461298,-0.430772
1.443044,-0.439475
1.417915,-0.448177
1.400030,-0.456880
1.402140,-0.465582
1.384753,-0.474285
1.367249,-0.482987
1.345417,-0.491690
1.328160,-0.500392
1.334387,-0.509095
1.324690,-0.517797
1.308087,-0.526500
1.291314,-0.535202
1.274362,-0.543905
1.285161,-0.552607
1.268064,-0.561310
1.266487,-0.570012
1.255686,-0.578714
1.245161,-0.587417
1.234905,-0.596119
1.224909,-0.604822
1.215165,-0.613524
1.205666,-0.622227
1.196405,-0.630929
1.187375,-0.639632
1.178569,-0.648334
1.169981,-0.657037
1.161605,-0.665739
1.153436,-0.674442
1.145467,-0.683144
1.137694,-0.691847
1.130111,-0.700549
1.122713,-0.709252
1.115496,-0.717954
1.108455,-0.726657
1.101586,-0.735359
1.094884,-0.744061
1.088346,-0.752764
1.081967,-0.761466
1.075744,-0.770169
1.069673,-0.778871
1.063751,-0.787574
1.057974,-0.796276
1.052339,-0.804979
1.046844,-0.813681
1.041484,-0.822384
1.036257,-0.831086
1.031161,-0.839789
1.026192,-0.848491
1.021349,-0.857194
1.016628,-0.865896
1.012027,-0.874599
1.007544,-0.883301
1.003176,-0.892003
0.998922,-0.900706
0.994780,-0.909408
0.990747,-0.918111
0.986821,-0.926813
0.983000,-0.935516
0.979284,-0.944218
0.975669,-0.952921
0.972155,-0.961623
0.968740,-0.970326
0.965422,-0.979028
0.962199,-0.987731
0.959071,-0.996433
0.956035,-1.005136
0.953091,-1.013838
0.950237,-1.022541
0.947473,-1.031243
0.944796,-1.039946
0.942205,-1.048648
0.939700,-1.057350
0.937280,-1.066053
0.934943,-1.074755
0.932689,-1.083458
0.930516,-1.092160
0.928423,-1.100863
0.926411,-1.109565
0.924477,-1.118268
0.922622,-1.126970
0.920844,-1.135673
0.919143,-1.144375
0.917518,-1.153078
0.915968,-1.161780
0.914493,-1.170483
0.913092,-1.179185
0.911764,-1.187888
0.910510,-1.196590
0.909329,-1.205293
0.908219,-1.213995
0.907181,-1.222697
0.906215,-1.231400
0.905319,-1.240102
0.904494,-1.248805
0.903740,-1.257507
0.903055,-1.266210
0.902440,-1.274912
0.901894,-1.283615
0.901418,-1.292317
0.901011,-1.301020
0.900672,-1.309722
0.900403,-1.318425
0.900202,-1.327127
0.900070,-1.335830
0.900006,-1.344532
0.900011,-1.353235
0.900085,-1.361937
0.900227,-1.370639
0.900437,-1.379342
0.900717,-1.388044
0.901065,-1.396747
0.901482,-1.405449
0.901968,-1.414152
0.902524,-1.422854
0.903149,-1.431557
0.903844,-1.440259
0.904609,-1.448962
0.905444,-1.457664
0.906349,-1.466367
0.907326,-1.475069
0.908374,-1.483772
0.909494,-1.492474
0.910686,-1.501177
0.911951,-1.509879
0.913289,-1.518582
0.914700,-1.527284
0.916186,-1.535986
0.917747,-1.544689
0.919383,-1.553391
0.921095,-1.562094
0.922884,-1.570796
