scan.pos:3.325836,5.995945,-0.3647502.123771,1.562094
2.130953,1.553391
2.138347,1.544689
2.145956,1.535986
2.153784,1.527284
2.161835,1.518581
2.170112,1.509879
2.178619,1.501177
2.187361,1.492474
2.196341,1.483772
2.205563,1.475069
2.215033,1.466367
2.224755,1.457664
2.234733,1.448962
2.244972,1.440259
2.255479,1.431557
2.266258,1.422854
2.277315,1.414152
2.288655,1.405449
2.300285,1.396747
2.312210,1.388044
2.324438,1.379342
2.336975,1.370639
2.349827,1.361937
2.363003,1.353234
2.376509,1.344532
2.390354,1.335830
2.404545,1.327127
2.419091,1.318425
2.434000,1.309722
2.449282,1.301020
2.464946,1.292317
2.481002,1.283615
2.497460,1.274912
2.514330,1.266210
2.531624,1.257507
2.549353,1.248805
2.567529,1.240102
2.586164,1.231400
2.605272,1.222697
2.624866,1.213995
2.644959,1.205292
2.665567,1.196590
2.686705,1.187888
2.708388,1.179185
2.730635,1.170483
2.753461,1.161780
2.776885,1.153078
2.800926,1.144375
2.811434,1.135673
2.846837,1.126970
2.854808,1.118268
2.890838,1.109565
2.927101,1.100863
2.936668,1.092160
2.973687,1.083458
3.011015,1.074755
3.022337,1.066053
3.060560,1.057350
3.099171,1.048648
3.138202,1.039945
3.158556,1.031243
3.199225,1.022541
3.240411,1.013838
3.265150,1.005136
3.308187,0.996433
3.351852,0.987731
3.405942,0.979028
3.427112,0.970326
3.473635,0.961623
3.532479,0.952921
3.557248,0.944218
3.607076,0.935516
3.671244,0.926813
3.723692,0.918111
3.777229,0.909408
3.823920,0.900706
3.880638,0.892003
3.938658,0.883301
3.992540,0.874598
4.054253,0.865896
4.117528,0.857194
4.182456,0.848491
4.269735,0.839789
4.339109,0.831086
4.410480,0.822384
4.484886,0.813681
4.561642,0.804979
4.662906,0.796276
4.744573,0.787574
4.834145,0.778871
4.922634,0.770169
5.036030,0.761466
5.044328,0.752764
5.023677,0.744061
5.020645,0.735359
4.988680,0.726656
4.972126,0.717954
4.956057,0.709251
4.940467,0.700549
4.925348,0.691847
4.910695,0.683144
4.896500,0.674442
4.882758,0.665739
4.869462,0.657037
4.856608,0.648334
4.844189,0.639632
4.832201,0.630929
4.820638,0.622227
4.809495,0.613524
4.798769,0.604822
4.788455,0.596119
4.778547,0.587417
4.769043,0.578714
4.759938,0.570012
4.751229,0.561309
4.742913,0.552607
4.734986,0.543905
4.727444,0.535202
4.720285,0.526500
4.713507,0.517797
4.707106,0.509095
4.701079,0.500392
4.695426,0.491690
4.690142,0.482987
4.685227,0.474285
4.680678,0.465582
4.676494,0.456880
4.672673,0.448177
4.669213,0.439475
4.666113,0.430772
4.663373,0.422070
4.660991,0.413367
4.658965,0.404665
4.657296,0.395962
4.655982,0.387260
4.655024,0.378558
4.654420,0.369855
4.654171,0.361153
4.654277,0.352450
4.654737,0.343748
4.655551,0.335045
4.656721,0.326343
4.658246,0.317640
4.660126,0.308938
4.662364,0.300235
4.664959,0.291533
4.667913,0.282830
4.671227,0.274128
4.674901,0.265425
4.678938,0.256723
4.683339,0.248020
4.688105,0.239318
4.693239,0.230615
4.698742,0.221913
4.704617,0.213211
4.710866,0.204508
4.717492,0.195806
4.724495,0.187103
4.731882,0.178401
4.739652,0.169698
4.747810,0.160996
4.756360,0.152293
4.765303,0.143591
4.774645,0.134888
4.784389,0.126186
4.794538,0.117483
4.805097,0.108781
4.816070,0.100078
4.827462,0.091376
4.839277,0.082673
4.851521,0.073971
4.864198,0.065269
4.877314,0.056566
4.890874,0.047864
4.904884,0.039161
4.919351,0.030459
4.934280,0.021756
4.949678,0.013054
4.965552,0.004351
4.981909,-0.004351
4.998756,-0.013054
5.016100,-0.021756
5.033950,-0.030459
5.052313,-0.039161
5.071199,-0.047864
5.090615,-0.056566
5.110571,-0.065269
5.131077,-0.073971
5.152142,-0.082674
5.173776,-0.091376
5.195990,-0.100078
5.218794,-0.108781
5.242201,-0.117483
5.266221,-0.126186
5.290868,-0.134888
5.316153,-0.143591
5.342089,-0.152293
5.368690,-0.160996
5.395971,-0.169698
5.423946,-0.178401
5.452630,-0.187103
5.482038,-0.195806
5.512187,-0.204508
5.543095,-0.213211
5.574778,-0.221913
5.607254,-0.230616
5.640543,-0.239318
5.674664,-0.248021
5.709639,-0.256723
5.745487,-0.265425
5.782232,-0.274128
5.819895,-0.282830
5.858501,-0.291533
5.898076,-0.300235
5.938644,-0.308938
5.980232,-0.317640
6.022869,-0.326343
6.066584,-0.335045
6.111406,-0.343748
6.157368,-0.352450
6.204503,-0.361153
6.252845,-0.369855
6.302430,-0.378558
6.353295,-0.387260
6.410405,-0.395963
6.476993,-0.404665
6.518991,-0.413367
6.535709,-0.422070
6.482985,-0.430772
6.427911,-0.439475
6.374247,-0.448177
6.321949,-0.456880
6.216633,-0.465582
6.140420,-0.474285
6.092609,-0.482987
6.045994,-0.491690
6.000541,-0.500392
5.956215,-0.509095
5.912988,-0.517797
5.870826,-0.526500
5.829703,-0.535202
5.789589,-0.543905
5.750459,-0.552607
5.662134,-0.561310
5.625220,-0.570012
5.539702,-0.578714
5.504879,-0.587417
5.470906,-0.596119
5.437761,-0.604822
5.405425,-0.613524
5.373877,-0.622227
5.343100,-0.630929
5.313076,-0.639632
5.283788,-0.648334
4.198526,-0.657037
3.989403,-0.665739
3.968661,-0.674442
3.925315,-0.683144
3.905706,-0.691847
3.840806,-0.700549
3.799605,-0.709252
3.781755,-0.717954
3.674083,-0.726657
3.635069,-0.735359
3.619045,-0.744061
3.603434,-0.752764
3.543875,-0.761466
3.507167,-0.770169
3.493020,-0.778871
3.435431,-0.787574
3.378550,-0.796276
3.300615,-0.804979
3.266835,-0.813681
3.255134,-0.822384
3.200741,-0.831086
3.146965,-0.839789
3.136522,-0.848491
3.105088,-0.857194
3.031630,-0.865896
2.980022,-0.874599
2.928952,-0.883301
2.920485,-0.892003
2.912289,-0.900706
2.883434,-0.909408
2.875822,-0.918111
2.868468,-0.926813
2.861369,-0.935516
2.854522,-0.944218
2.847924,-0.952921
2.841573,-0.961623
2.835465,-0.970326
2.829598,-0.979028
2.823970,-0.987731
2.818579,-0.996433
2.833839,-1.005136
2.828879,-1.013838
2.824151,-1.022541
2.819653,-1.031243
2.815383,-1.039946
2.811340,-1.048648
2.847977,-1.057350
2.844331,-1.066053
2.840910,-1.074755
2.878023,-1.083458
2.895140,-1.092160
2.932557,-1.100863
2.929936,-1.109565
2.987780,-1.118268
3.065827,-1.126970
3.083843,-1.135673
3.142150,-1.144375
3.200633,-1.153078
3.239284,-1.161780
3.258137,-1.170483
3.297233,-1.179185
3.296554,-1.187888
3.336129,-1.196590
3.395951,-1.205293
3.456029,-1.213995
3.516378,-1.222697
3.557005,-1.231400
3.617932,-1.240102
3.739222,-1.248805
3.820834,-1.257507
3.902810,-1.266210
3.904982,-1.274912
4.007750,-1.283615
4.090888,-1.292317
4.114195,-1.301020
4.178067,-1.309722
4.222248,-1.318425
4.226545,-1.327127
4.291677,-1.335830
4.296710,-1.344532
4.342515,-1.353235
4.348283,-1.361937
4.354399,-1.370639
4.360864,-1.379342
4.367681,-1.388044
4.374854,-1.396747
4.382384,-1.405449
4.390275,-1.414152
4.398530,-1.422854
4.407153,-1.431557
4.375028,-1.440259
4.384308,-1.448962
4.393964,-1.457664
4.403998,-1.466367
4.414415,-1.475069
4.425220,-1.483772
4.436416,-1.492474
4.448008,-1.501177
4.460002,-1.509879
4.472402,-1.518582
4.485214,-1.527284
4.498443,-1.535986
4.512094,-1.544689
4.526175,-1.553391
4.540691,-1.562094
4.555648,-1.570796
