scan.pos:-7.071837,5.865415,2.8184352.888865,1.562094
2.822292,1.553391
2.757159,1.544689
2.698768,1.535986
2.616371,1.527284
2.556296,1.518581
2.507128,1.509879
2.450265,1.501177
2.406861,1.492474
2.352717,1.483772
2.299139,1.475069
2.262614,1.466367
2.211204,1.457664
2.179082,1.448962
2.129517,1.440259
2.102469,1.431557
2.053388,1.422854
2.028010,1.414152
1.980414,1.405449
1.958305,1.396747
1.934648,1.388044
1.892873,1.379342
1.870435,1.370639
1.831299,1.361937
1.809929,1.353234
1.773219,1.344532
1.752789,1.335830
1.732453,1.327127
1.698710,1.318425
1.679161,1.309722
1.671415,1.301020
1.652698,1.292317
1.622974,1.283615
1.604871,1.274912
1.576898,1.266210
1.559331,1.257507
1.532999,1.248805
1.515900,1.240102
1.516326,1.231400
1.499804,1.222697
1.476646,1.213995
1.460483,1.205292
1.438711,1.196590
1.422856,1.187888
1.446931,1.179185
1.404845,1.170483
1.388934,1.161780
1.399800,1.153078
1.383813,1.144375
1.367674,1.135673
1.351375,1.126970
1.334907,1.118268
1.318262,1.109565
1.329722,1.100863
1.317559,1.092160
1.306411,1.083458
1.295549,1.074755
1.284963,1.066053
1.274644,1.057350
1.264586,1.048648
1.254780,1.039945
1.245218,1.031243
1.235895,1.022541
1.226803,1.013838
1.217937,1.005136
1.209288,0.996433
1.200853,0.987731
1.192624,0.979028
1.184597,0.970326
1.176767,0.961623
1.169128,0.952921
1.161675,0.944218
1.154404,0.935516
1.147310,0.926813
1.140389,0.918111
1.133637,0.909408
1.127050,0.900706
1.120624,0.892003
1.114355,0.883301
1.108240,0.874598
1.102275,0.865896
1.096457,0.857194
1.090782,0.848491
1.085248,0.839789
1.079852,0.831086
1.074591,0.822384
1.069462,0.813681
1.064462,0.804979
1.059589,0.796276
1.054841,0.787574
1.050214,0.778871
1.045707,0.770169
1.041318,0.761466
1.037044,0.752764
1.032883,0.744061
1.028834,0.735359
1.024894,0.726656
1.021061,0.717954
1.017334,0.709251
1.013712,0.700549
1.010191,0.691847
1.006771,0.683144
1.003451,0.674442
1.000228,0.665739
0.997102,0.657037
0.994071,0.648334
0.991133,0.639632
0.988287,0.630929
0.985533,0.622227
0.982869,0.613524
0.980293,0.604822
0.977805,0.596119
0.975404,0.587417
0.973089,0.578714
0.970858,0.570012
0.968711,0.561309
0.966647,0.552607
0.964665,0.543905
0.962765,0.535202
0.960945,0.526500
0.959204,0.517797
0.957543,0.509095
0.955960,0.500392
0.954455,0.491690
0.953028,0.482987
0.951676,0.474285
0.950401,0.465582
0.949202,0.456880
0.948077,0.448177
0.947028,0.439475
0.946052,0.430772
0.945151,0.422070
0.944323,0.413367
0.943568,0.404665
0.942887,0.395962
0.942278,0.387260
0.941741,0.378558
0.941277,0.369855
0.940884,0.361153
0.940564,0.352450
0.940316,0.343748
0.940139,0.335045
0.940034,0.326343
0.940000,0.317640
0.940038,0.308938
0.940148,0.300235
0.940329,0.291533
0.940582,0.282830
0.940907,0.274128
0.941303,0.265425
0.941772,0.256723
0.942313,0.248020
0.942927,0.239318
0.943613,0.230615
0.944372,0.221913
0.945205,0.213211
0.946111,0.204508
0.947091,0.195806
0.948145,0.187103
0.949274,0.178401
0.950478,0.169698
0.951758,0.160996
0.953114,0.152293
0.954547,0.143591
0.956057,0.134888
0.957644,0.126186
0.959310,0.117483
0.961056,0.108781
0.962881,0.100078
0.964786,0.091376
0.966773,0.082673
0.968842,0.073971
0.970994,0.065269
0.973230,0.056566
0.975551,0.047864
0.977958,0.039161
0.980451,0.030459
0.983032,0.021756
0.985702,0.013054
0.988462,0.004351
0.991313,-0.004351
0.994256,-0.013054
0.997294,-0.021756
1.000426,-0.030459
1.003655,-0.039161
1.006981,-0.047864
1.010407,-0.056566
1.013934,-0.065269
1.017563,-0.073971
1.021297,-0.082674
1.025136,-0.091376
1.029083,-0.100078
1.033139,-0.108781
1.037307,-0.117483
1.041588,-0.126186
1.045984,-0.134888
1.050499,-0.143591
1.055133,-0.152293
1.059889,-0.160996
1.064770,-0.169698
1.069777,-0.178401
1.074915,-0.187103
1.080184,-0.195806
1.085589,-0.204508
1.091131,-0.213211
1.096814,-0.221913
1.102641,-0.230616
1.108616,-0.239318
1.114740,-0.248021
1.121019,-0.256723
1.127455,-0.265425
1.134053,-0.274128
1.140815,-0.282830
1.147746,-0.291533
1.154851,-0.300235
1.162133,-0.308938
1.169597,-0.317640
1.177248,-0.326343
1.185091,-0.335045
1.193130,-0.343748
1.201371,-0.352450
1.209820,-0.361153
1.218482,-0.369855
1.227362,-0.378558
1.220898,-0.387260
1.230118,-0.395963
1.239573,-0.404665
1.249271,-0.413367
1.259219,-0.422070
1.269424,-0.430772
1.279893,-0.439475
1.290636,-0.448177
1.301661,-0.456880
1.312347,-0.465582
1.303720,-0.474285
1.323182,-0.482987
1.343965,-0.491690
1.336241,-0.500392
1.358417,-0.509095
1.378454,-0.517797
1.375155,-0.526500
1.395645,-0.535202
1.416022,-0.543905
1.415218,-0.552607
1.436110,-0.561310
1.462984,-0.570012
1.484257,-0.578714
1.480104,-0.587417
1.509120,-0.596119
1.530990,-0.604822
1.552849,-0.613524
1.559316,-0.622227
1.581915,-0.630929
1.604547,-0.639632
1.614022,-0.648334
1.637503,-0.657037
1.661067,-0.665739
1.697621,-0.674442
1.722029,-0.683144
1.737179,-0.691847
1.762681,-0.700549
1.788372,-0.709252
1.814274,-0.717954
1.834244,-0.726657
1.861474,-0.735359
1.888994,-0.744061
1.936012,-0.752764
1.964983,-0.761466
1.994347,-0.770169
2.023325,-0.778871
2.054534,-0.787574
2.086259,-0.796276
2.140693,-0.804979
2.176698,-0.813681
2.211203,-0.822384
2.268321,-0.831086
2.304240,-0.839789
2.305314,-0.848491
2.301068,-0.857194
2.298136,-0.865896
2.286707,-0.874599
2.266636,-0.883301
2.269637,-0.892003
2.253026,-0.900706
2.255853,-0.909408
2.236220,-0.918111
2.229611,-0.926813
2.223210,-0.935516
2.217014,-0.944218
2.211021,-0.952921
2.205227,-0.961623
2.199630,-0.970326
2.194229,-0.979028
2.189020,-0.987731
2.184002,-0.996433
2.179173,-1.005136
2.174530,-1.013838
2.170071,-1.022541
2.165796,-1.031243
2.161701,-1.039946
2.157787,-1.048648
2.154049,-1.057350
2.150489,-1.066053
2.147103,-1.074755
2.143891,-1.083458
2.140851,-1.092160
2.137983,-1.100863
2.135285,-1.109565
2.132756,-1.118268
2.130394,-1.126970
2.128200,-1.135673
2.126172,-1.144375
2.124310,-1.153078
2.122612,-1.161780
2.121078,-1.170483
2.119709,-1.179185
2.118501,-1.187888
2.117457,-1.196590
2.116575,-1.205293
2.115854,-1.213995
2.115295,-1.222697
2.114897,-1.231400
2.114661,-1.240102
2.114585,-1.248805
2.114671,-1.257507
2.114917,-1.266210
2.115325,-1.274912
2.115894,-1.283615
2.116625,-1.292317
2.117517,-1.301020
2.118572,-1.309722
2.119789,-1.318425
2.121169,-1.327127
2.122713,-1.335830
2.124421,-1.344532
2.126293,-1.353235
2.128332,-1.361937
2.130536,-1.370639
2.132908,-1.379342
2.135448,-1.388044
2.138157,-1.396747
2.141036,-1.405449
2.144086,-1.414152
2.147309,-1.422854
2.150705,-1.431557
2.154277,-1.440259
2.158025,-1.448962
2.161951,-1.457664
2.166056,-1.466367
2.170343,-1.475069
2.174813,-1.483772
2.179468,-1.492474
2.184309,-1.501177
2.189339,-1.509879
2.194559,-1.518582
2.199973,-1.527284
2.205581,-1.535986
2.211388,-1.544689
2.217394,-1.553391
2.223603,-1.562094
2.230016,-1.570796
