scan.pos:4.704100,7.042676,2.2184354.092862,1.562094
4.066174,1.553391
4.040137,1.544689
4.063934,1.535986
4.038848,1.527284
4.014374,1.518581
4.014652,1.509879
4.015230,1.501177
3.992229,1.492474
3.969791,1.483772
3.947903,1.475069
3.950036,1.466367
3.929086,1.457664
3.908653,1.448962
3.888726,1.440259
3.869295,1.431557
3.850349,1.422854
3.831877,1.414152
3.813872,1.405449
3.796322,1.396747
3.779219,1.388044
3.762556,1.379342
3.746322,1.370639
3.730511,1.361937
3.715114,1.353234
3.700125,1.344532
3.685536,1.335830
3.649513,1.327127
3.592296,1.318425
3.579106,1.309722
3.566283,1.301020
3.553821,1.292317
3.541714,1.283615
3.529958,1.274912
3.518547,1.266210
3.507475,1.257507
3.496738,1.248805
3.486332,1.240102
3.518335,1.231400
3.529440,1.222697
3.519827,1.213995
3.552273,1.205292
3.564003,1.196590
3.596711,1.187888
3.629533,1.179185
3.641809,1.170483
3.757415,1.161780
3.790490,1.153078
3.823714,1.144375
3.826943,1.135673
3.971126,1.126970
4.034060,1.118268
4.067957,1.109565
4.196710,1.100863
4.198370,1.092160
4.400470,1.083458
4.581856,1.074755
4.909151,1.066053
5.203332,1.057350
7.785045,0.900706
7.786401,0.892003
7.790894,0.874598
7.794033,0.865896
7.797769,0.857194
7.722322,0.796276
7.217670,0.787574
6.792891,0.778871
6.356560,0.770169
6.029961,0.761466
5.687124,0.752764
5.425653,0.744061
5.141145,0.735359
4.912408,0.726656
4.696809,0.717954
4.513095,0.709251
4.328199,0.700549
4.146685,0.691847
4.013822,0.683144
3.867209,0.674442
3.726632,0.665739
3.612148,0.657037
3.502605,0.648334
3.397520,0.639632
3.296468,0.630929
3.199072,0.622227
3.100969,0.613524
3.032924,0.604822
2.946587,0.596119
2.862685,0.587417
2.802211,0.578714
2.722637,0.570012
2.666267,0.561309
2.611748,0.552607
2.537464,0.543905
2.497200,0.535202
2.427119,0.526500
2.379915,0.517797
2.333940,0.509095
2.289108,0.500392
2.245340,0.491690
2.202563,0.482987
2.160709,0.474285
2.118379,0.465582
2.079183,0.456880
2.063131,0.448177
2.025424,0.439475
1.988343,0.430772
1.951843,0.422070
1.915883,0.413367
1.880424,0.404665
1.851436,0.395962
1.840888,0.387260
1.807654,0.378558
1.774772,0.369855
1.765769,0.361153
1.733633,0.352450
1.701768,0.343748
1.681718,0.335045
1.651069,0.326343
1.644844,0.317640
1.614692,0.308938
1.609220,0.300235
1.579491,0.291533
1.549868,0.282830
1.537031,0.274128
1.533447,0.265425
1.504901,0.256723
1.501901,0.248020
1.473571,0.239318
1.471115,0.230615
1.437827,0.221913
1.436392,0.213211
1.408834,0.204508
1.407865,0.195806
1.380353,0.187103
1.379819,0.178401
1.350217,0.169698
1.350587,0.160996
1.351265,0.152293
1.324261,0.143591
1.325312,0.134888
1.316576,0.126186
1.305390,0.117483
1.294489,0.108781
1.283866,0.100078
1.273513,0.091376
1.263420,0.082673
1.253581,0.073971
1.243988,0.065269
1.234633,0.056566
1.225512,0.047864
1.216615,0.039161
1.207939,0.030459
1.199476,0.021756
1.191221,0.013054
1.183168,0.004351
1.175312,-0.004351
1.167649,-0.013054
1.160172,-0.021756
1.152878,-0.030459
1.145761,-0.039161
1.138818,-0.047864
1.132045,-0.056566
1.125436,-0.065269
1.118989,-0.073971
1.112700,-0.082674
1.106565,-0.091376
1.100581,-0.100078
1.094743,-0.108781
1.089050,-0.117483
1.083498,-0.126186
1.078084,-0.134888
1.072805,-0.143591
1.067659,-0.152293
1.062642,-0.160996
1.057752,-0.169698
1.052987,-0.178401
1.048344,-0.187103
1.043821,-0.195806
1.039415,-0.204508
1.035125,-0.213211
1.030949,-0.221913
1.026884,-0.230616
1.022929,-0.239318
1.019081,-0.248021
1.015339,-0.256723
1.011701,-0.265425
1.008166,-0.274128
1.004732,-0.282830
1.001397,-0.291533
0.998159,-0.300235
0.997859,-0.308938
0.994805,-0.317640
0.991844,-0.326343
0.988976,-0.335045
0.986200,-0.343748
0.983513,-0.352450
0.980916,-0.361153
0.978407,-0.369855
0.975985,-0.378558
0.973648,-0.387260
0.971397,-0.395963
0.969230,-0.404665
0.967146,-0.413367
0.965144,-0.422070
0.963223,-0.430772
0.961383,-0.439475
0.959624,-0.448177
0.957943,-0.456880
0.956341,-0.465582
0.954817,-0.474285
0.953370,-0.482987
0.952000,-0.491690
0.950707,-0.500392
0.949489,-0.509095
0.948346,-0.517797
0.947278,-0.526500
0.946285,-0.535202
0.945365,-0.543905
0.944519,-0.552607
0.943746,-0.561310
0.943047,-0.570012
0.942420,-0.578714
0.941866,-0.587417
0.941384,-0.596119
0.940974,-0.604822
0.940636,-0.613524
0.940370,-0.622227
0.940175,-0.630929
0.940053,-0.639632
0.940002,-0.648334
0.940022,-0.657037
0.940114,-0.665739
0.940278,-0.674442
0.940513,-0.683144
0.940820,-0.691847
0.941200,-0.700549
0.941651,-0.709252
0.942174,-0.717954
0.942770,-0.726657
0.943438,-0.735359
0.944179,-0.744061
0.944994,-0.752764
0.945882,-0.761466
0.946844,-0.770169
0.947880,-0.778871
0.948991,-0.787574
0.950176,-0.796276
0.951438,-0.804979
0.952775,-0.813681
0.954189,-0.822384
0.955679,-0.831086
0.957248,-0.839789
0.958895,-0.848491
0.960621,-0.857194
0.962426,-0.865896
0.964312,-0.874599
0.966279,-0.883301
0.968328,-0.892003
0.970459,-0.900706
0.972675,-0.909408
0.974975,-0.918111
0.977360,-0.926813
0.979832,-0.935516
0.982391,-0.944218
0.985039,-0.952921
0.987777,-0.961623
0.990606,-0.970326
0.993526,-0.979028
0.996541,-0.987731
0.999650,-0.996433
1.002854,-1.005136
1.006157,-1.013838
1.009558,-1.022541
1.013060,-1.031243
1.016664,-1.039946
1.020372,-1.048648
1.024185,-1.057350
1.028105,-1.066053
1.032135,-1.074755
1.036275,-1.083458
1.040528,-1.092160
1.044896,-1.100863
1.049381,-1.109565
1.053986,-1.118268
1.058712,-1.126970
1.063562,-1.135673
1.068538,-1.144375
1.073643,-1.153078
1.078880,-1.161780
1.084252,-1.170483
1.089760,-1.179185
1.095408,-1.187888
1.101200,-1.196590
1.107138,-1.205293
1.113225,-1.213995
1.119466,-1.222697
1.122658,-1.231400
1.129197,-1.240102
1.135899,-1.248805
1.142769,-1.257507
1.149811,-1.266210
1.157028,-1.274912
1.164427,-1.283615
1.172010,-1.292317
1.179783,-1.301020
1.187750,-1.309722
1.195918,-1.318425
1.204292,-1.327127
1.212876,-1.335830
1.221677,-1.344532
1.230702,-1.353235
1.239956,-1.361937
1.249446,-1.370639
1.259179,-1.379342
1.269162,-1.388044
1.279403,-1.396747
1.289910,-1.405449
1.300691,-1.414152
1.311754,-1.422854
1.323108,-1.431557
1.321181,-1.440259
1.343710,-1.448962
1.338448,-1.457664
1.362750,-1.466367
1.358355,-1.475069
1.381216,-1.483772
1.407325,-1.492474
1.403912,-1.501177
1.427148,-1.509879
1.429047,-1.518582
1.452832,-1.527284
1.476560,-1.535986
1.481110,-1.544689
1.505473,-1.553391
1.504578,-1.562094
1.537170,-1.570796
