scan.pos:6.354902,2.498590,1.9684350.911085,1.562094
0.907792,1.553391
0.904592,1.544689
0.901482,1.535986
0.898462,1.527284
0.895530,1.518581
0.892685,1.509879
0.889926,1.501177
0.887251,1.492474
0.884659,1.483772
0.882149,1.475069
0.879720,1.466367
0.877372,1.457664
0.875102,1.448962
0.872910,1.440259
0.870795,1.431557
0.868757,1.422854
0.866794,1.414152
0.864905,1.405449
0.863090,1.396747
0.861349,1.388044
0.859679,1.379342
0.858082,1.370639
0.856555,1.361937
0.855099,1.353234
0.853712,1.344532
0.852395,1.335830
0.851147,1.327127
0.849967,1.318425
0.848855,1.309722
0.847810,1.301020
0.846832,1.292317
0.845921,1.283615
0.845076,1.274912
0.844297,1.266210
0.843584,1.257507
0.842935,1.248805
0.842352,1.240102
0.841834,1.231400
0.881447,1.222697
0.881039,1.213995
0.880699,1.205292
0.880426,1.196590
0.880221,1.187888
0.880082,1.179185
0.880011,1.170483
0.880006,1.161780
0.900070,1.153078
0.900203,1.144375
0.900404,1.135673
0.940704,1.126970
0.941058,1.118268
0.941484,1.109565
0.941981,1.100863
0.942552,1.092160
0.983330,1.083458
0.984076,1.074755
0.984899,1.066053
0.985798,1.057350
1.047188,1.048648
1.169263,1.039945
1.170602,1.031243
1.172032,1.022541
1.234257,1.013838
1.317004,1.005136
1.318922,0.996433
1.320946,0.987731
1.343432,0.979028
1.345706,0.970326
1.409367,0.961623
1.514294,0.952921
1.578727,0.944218
1.664079,0.935516
1.729322,0.926813
1.733080,0.918111
1.778343,0.909408
1.803223,0.900706
1.807583,0.892003
1.916245,0.883301
1.921195,0.874598
1.989131,0.865896
2.099580,0.857194
2.126585,0.848491
2.175025,0.839789
2.223919,0.831086
2.230790,0.822384
5.237586,0.813681
5.254673,0.804979
5.272274,0.796276
5.290399,0.787574
5.309053,0.778871
5.328248,0.770169
5.347990,0.761466
5.368289,0.752764
5.433015,0.744061
5.454632,0.735359
5.521054,0.726656
5.544048,0.717954
5.567661,0.709251
5.614294,0.700549
5.639277,0.691847
5.664918,0.683144
5.691228,0.674442
5.718221,0.665739
5.745911,0.657037
5.774312,0.648334
5.803440,0.639632
5.833310,0.630929
5.863937,0.622227
5.871828,0.613524
5.856614,0.604822
5.889223,0.596119
5.922651,0.587417
5.956916,0.578714
5.992040,0.570012
6.076705,0.561309
6.187346,0.552607
7.776211,0.387260
7.722696,0.378558
7.656675,0.369855
7.592347,0.361153
7.529660,0.352450
7.468563,0.343748
7.409009,0.335045
7.350954,0.326343
7.294352,0.317640
7.239162,0.308938
7.185344,0.300235
7.132859,0.291533
7.081672,0.282830
7.031745,0.274128
6.983045,0.265425
6.935540,0.256723
6.889198,0.248020
6.843988,0.239318
6.799883,0.230615
6.756854,0.221913
6.714874,0.213211
6.673918,0.204508
6.633960,0.195806
6.594978,0.187103
6.556947,0.178401
6.519845,0.169698
6.483653,0.160996
6.448349,0.152293
6.413912,0.143591
6.380324,0.134888
6.347568,0.126186
6.315625,0.117483
6.284477,0.108781
6.254110,0.100078
6.224506,0.091376
6.195651,0.082673
6.167529,0.073971
6.140127,0.065269
6.113431,0.056566
6.087428,0.047864
6.062105,0.039161
6.037449,0.030459
6.013450,0.021756
5.990094,0.013054
5.967372,0.004351
5.945273,-0.004351
5.923786,-0.013054
5.902903,-0.021756
5.882612,-0.030459
5.862905,-0.039161
5.843773,-0.047864
5.825208,-0.056566
5.807201,-0.065269
5.789745,-0.073971
5.772832,-0.082674
5.756454,-0.091376
5.740605,-0.100078
5.725278,-0.108781
5.710466,-0.117483
5.696164,-0.126186
5.682364,-0.134888
5.669062,-0.143591
5.656251,-0.152293
5.643928,-0.160996
5.632085,-0.169698
5.620720,-0.178401
5.609827,-0.187103
5.599401,-0.195806
5.589439,-0.204508
5.579937,-0.213211
5.570890,-0.221913
5.562295,-0.230616
5.554150,-0.239318
5.546450,-0.248021
5.539192,-0.256723
5.532374,-0.265425
5.525994,-0.274128
5.520048,-0.282830
5.514534,-0.291533
5.509450,-0.300235
5.504795,-0.308938
5.500565,-0.317640
5.496761,-0.326343
5.493380,-0.335045
5.490421,-0.343748
5.487883,-0.352450
5.485765,-0.361153
5.484066,-0.369855
5.482785,-0.378558
5.481922,-0.387260
5.481477,-0.395963
5.481449,-0.404665
5.481839,-0.413367
5.482647,-0.422070
5.483872,-0.430772
5.485516,-0.439475
5.487579,-0.448177
5.490061,-0.456880
5.492965,-0.465582
5.496290,-0.474285
5.500038,-0.482987
5.504211,-0.491690
5.508810,-0.500392
5.513837,-0.509095
5.519294,-0.517797
5.525183,-0.526500
5.531506,-0.535202
5.538266,-0.543905
5.545465,-0.552607
5.553107,-0.561310
5.561193,-0.570012
5.569728,-0.578714
5.578715,-0.587417
5.588157,-0.596119
5.598058,-0.604822
5.608422,-0.613524
5.619254,-0.622227
5.630557,-0.630929
5.642335,-0.639632
5.654595,-0.648334
5.686141,-0.657037
5.695912,-0.665739
5.711668,-0.674442
5.715760,-0.683144
5.616909,-0.691847
5.471426,-0.700549
5.311090,-0.709252
5.155446,-0.717954
5.028596,-0.726657
4.906397,-0.735359
4.792936,-0.744061
4.680574,-0.752764
4.571792,-0.761466
4.475417,-0.770169
4.352909,-0.778871
4.276241,-0.787574
4.172202,-0.796276
4.101960,-0.804979
4.028028,-0.813681
3.941534,-0.822384
3.856887,-0.831086
3.793332,-0.839789
3.735320,-0.848491
3.656656,-0.857194
3.602027,-0.865896
3.527018,-0.874599
3.477922,-0.883301
3.406118,-0.892003
3.358073,-0.900706
3.315984,-0.909408
3.247902,-0.918111
3.210244,-0.926813
3.167764,-0.935516
3.126125,-0.944218
3.070745,-0.952921
3.031302,-0.961623
2.979317,-0.970326
2.941845,-0.979028
2.917032,-0.987731
2.881474,-0.996433
2.835655,-1.005136
2.801699,-1.013838
2.758569,-1.022541
2.726057,-1.031243
2.710382,-1.039946
2.679337,-1.048648
2.648627,-1.057350
2.611356,-1.066053
2.581776,-1.074755
2.546640,-1.083458
2.518081,-1.092160
2.511144,-1.100863
2.483701,-1.109565
2.452668,-1.118268
2.422801,-1.126970
2.396833,-1.135673
2.368720,-1.144375
2.370908,-1.153078
2.344693,-1.161780
2.319536,-1.170483
2.295700,-1.179185
2.289582,-1.187888
2.270008,-1.196590
2.250937,-1.205293
2.232351,-1.213995
2.214237,-1.222697
2.196581,-1.231400
2.179369,-1.240102
2.162588,-1.248805
2.146226,-1.257507
2.130270,-1.266210
2.114710,-1.274912
2.099534,-1.283615
2.084732,-1.292317
2.070294,-1.301020
2.056210,-1.309722
2.042471,-1.318425
2.029067,-1.327127
2.015991,-1.335830
2.003234,-1.344532
1.990788,-1.353235
1.978646,-1.361937
1.966799,-1.370639
1.955242,-1.379342
1.943967,-1.388044
1.932967,-1.396747
1.922237,-1.405449
1.911770,-1.414152
1.901561,-1.422854
1.891603,-1.431557
1.881891,-1.440259
1.872421,-1.448962
1.863186,-1.457664
1.854183,-1.466367
1.845407,-1.475069
1.836852,-1.483772
1.828514,-1.492474
1.820390,-1.501177
1.812476,-1.509879
1.804766,-1.518582
1.797259,-1.527284
1.789949,-1.535986
1.782834,-1.544689
1.775909,-1.553391
1.769173,-1.562094
1.762621,-1.570796
