scan.pos:-1.887194,3.296821,1.5352501.040657,1.562094
1.041020,1.553391
1.041462,1.544689
1.041984,1.535986
1.042586,1.527284
1.043269,1.518581
1.044031,1.509879
1.044875,1.501177
1.045799,1.492474
1.046805,1.483772
1.047893,1.475069
1.049063,1.466367
1.050315,1.457664
1.051651,1.448962
1.053071,1.440259
1.054574,1.431557
1.056163,1.422854
1.057837,1.414152
1.059597,1.405449
1.061444,1.396747
1.063379,1.388044
1.065402,1.379342
1.067514,1.370639
1.069716,1.361937
1.072009,1.353234
1.074394,1.344532
1.076872,1.335830
1.079444,1.327127
1.082110,1.318425
1.084873,1.309722
1.087732,1.301020
1.090690,1.292317
1.093748,1.283615
1.096907,1.274912
1.100168,1.266210
1.103533,1.257507
1.107003,1.248805
1.110580,1.240102
1.114265,1.231400
1.118060,1.222697
1.121966,1.213995
1.125986,1.205292
1.130122,1.196590
1.134374,1.187888
1.138746,1.179185
1.143239,1.170483
1.147856,1.161780
1.152598,1.153078
1.157467,1.144375
1.162467,1.135673
1.167600,1.126970
1.172868,1.118268
1.178274,1.109565
1.183820,1.100863
1.189510,1.092160
1.195347,1.083458
1.201333,1.074755
1.207471,1.066053
1.213766,1.057350
1.220219,1.048648
1.226836,1.039945
1.233620,1.031243
1.240574,1.022541
1.247702,1.013838
1.255008,1.005136
1.262498,0.996433
1.270175,0.987731
1.278044,0.979028
1.286109,0.970326
1.294376,0.961623
1.302849,0.952921
1.311535,0.944218
1.320439,0.935516
1.320370,0.926813
1.329662,0.918111
1.339189,0.909408
1.348957,0.900706
1.358973,0.892003
1.369243,0.883301
1.379776,0.874598
1.390579,0.865896
1.401660,0.857194
1.413027,0.848491
1.424690,0.839789
1.436657,0.831086
1.505055,0.822384
1.516484,0.813681
1.507213,0.804979
1.526066,0.796276
1.546308,0.787574
1.592738,0.778871
4.098063,0.770169
4.065748,0.761466
4.034244,0.752764
4.003526,0.744061
3.973574,0.735359
3.944364,0.726656
3.915876,0.717954
3.888092,0.709251
3.860990,0.700549
3.834554,0.691847
3.808765,0.683144
3.783607,0.674442
3.759064,0.665739
3.735120,0.657037
3.711760,0.648334
3.688969,0.639632
3.666734,0.630929
3.645041,0.622227
3.623878,0.613524
3.603232,0.604822
3.583091,0.596119
3.563444,0.587417
3.544280,0.578714
3.525588,0.570012
3.530560,0.561309
3.535750,0.552607
3.518184,0.543905
3.501058,0.535202
3.484361,0.526500
3.484877,0.517797
3.477208,0.509095
3.475551,0.500392
3.499733,0.491690
3.528548,0.482987
3.516482,0.474285
3.530632,0.465582
3.531310,0.456880
3.555161,0.448177
3.540003,0.439475
3.565748,0.430772
3.617673,0.422070
3.626369,0.413367
3.721241,0.404665
3.772910,0.395962
3.888563,0.387260
3.876089,0.378558
3.885200,0.369855
3.915697,0.361153
3.925225,0.352450
3.998069,0.343748
3.986941,0.335045
4.080725,0.326343
4.236887,0.317640
4.350962,0.308938
4.485551,0.300235
4.619833,0.291533
4.836458,0.282830
4.825780,0.274128
4.815514,0.265425
4.805657,0.256723
4.804836,0.248020
4.787322,0.239318
4.780032,0.230615
4.787551,0.221913
4.769261,0.213211
4.766478,0.204508
4.761240,0.195806
4.741076,0.187103
4.734740,0.178401
4.728779,0.169698
4.723194,0.160996
4.717979,0.152293
4.713136,0.143591
4.708660,0.134888
4.704551,0.126186
4.700806,0.117483
4.697425,0.108781
4.694406,0.100078
4.691748,0.091376
4.689450,0.082673
4.687511,0.073971
4.685930,0.065269
4.684707,0.056566
4.683841,0.047864
4.683332,0.039161
4.683180,0.030459
4.683385,0.021756
4.683946,0.013054
4.684864,0.004351
4.686140,-0.004351
4.687773,-0.013054
4.689764,-0.021756
4.692115,-0.030459
4.694826,-0.039161
4.697898,-0.047864
4.701333,-0.056566
4.705130,-0.065269
4.709293,-0.073971
4.713823,-0.082674
4.718721,-0.091376
4.723989,-0.100078
4.729630,-0.108781
4.735645,-0.117483
4.742037,-0.126186
4.748809,-0.134888
4.755962,-0.143591
4.763501,-0.152293
4.771427,-0.160996
4.779745,-0.169698
4.788456,-0.178401
4.797566,-0.187103
4.807077,-0.195806
4.816994,-0.204508
4.827320,-0.213211
4.838059,-0.221913
4.849216,-0.230616
4.860796,-0.239318
2.825757,-0.248021
2.739473,-0.256723
2.655914,-0.265425
2.613326,-0.274128
2.590479,-0.282830
2.555772,-0.291533
2.579141,-0.300235
2.321182,-0.308938
2.274181,-0.317640
2.207244,-0.326343
2.171476,-0.335045
2.129805,-0.343748
2.067629,-0.352450
2.027945,-0.361153
1.981537,-0.369855
1.944812,-0.378558
1.908838,-0.387260
1.869370,-0.395963
1.835816,-0.404665
1.802829,-0.413367
1.770367,-0.422070
1.702545,-0.430772
1.687608,-0.439475
1.672667,-0.448177
1.650555,-0.456880
1.621969,-0.465582
1.593666,-0.474285
1.571027,-0.482987
1.544059,-0.491690
1.540508,-0.500392
1.498582,-0.509095
1.472940,-0.517797
1.471014,-0.526500
1.455991,-0.535202
1.431565,-0.543905
1.407204,-0.552607
1.395430,-0.561310
1.371894,-0.570012
1.348370,-0.578714
1.339589,-0.587417
1.316771,-0.596119
1.293918,-0.604822
1.287922,-0.613524
1.265673,-0.622227
1.268741,-0.630929
1.239969,-0.639632
1.243908,-0.648334
1.216684,-0.657037
1.221461,-0.665739
1.195715,-0.674442
1.174789,-0.683144
1.180420,-0.691847
1.156427,-0.700549
1.135695,-0.709252
1.140190,-0.717954
1.119779,-0.726657
1.126023,-0.735359
1.105903,-0.744061
1.112549,-0.752764
1.102978,-0.761466
1.093653,-0.770169
1.084566,-0.778871
1.065880,-0.787574
1.057327,-0.796276
1.048990,-0.804979
1.040861,-0.813681
1.032936,-0.822384
1.025208,-0.831086
1.017672,-0.839789
1.010322,-0.848491
1.003153,-0.857194
0.996161,-0.865896
0.989340,-0.874599
0.982686,-0.883301
0.976195,-0.892003
0.994731,-0.900706
1.013105,-0.909408
1.006769,-0.918111
1.024992,-0.926813
1.018814,-0.935516
1.012786,-0.944218
1.030880,-0.952921
1.048844,-0.961623
1.066686,-0.970326
1.084411,-0.979028
1.102026,-0.987731
1.119538,-0.996433
1.136952,-1.005136
1.131189,-1.013838
1.125569,-1.022541
1.120090,-1.031243
1.114748,-1.039946
1.132185,-1.048648
1.149547,-1.057350
1.166839,-1.066053
1.184067,-1.074755
1.201236,-1.083458
1.240502,-1.092160
1.257476,-1.100863
1.274408,-1.109565
1.313190,-1.118268
1.329968,-1.126970
1.368443,-1.135673
1.385095,-1.144375
1.423298,-1.153078
1.461341,-1.161780
1.477818,-1.170483
1.515643,-1.179185
1.553338,-1.187888
1.590913,-1.196590
1.649525,-1.205293
1.686827,-1.213995
1.724040,-1.222697
1.761174,-1.231400
1.819148,-1.240102
1.876953,-1.248805
1.934602,-1.257507
1.992112,-1.266210
2.049496,-1.274912
2.148078,-1.283615
2.205162,-1.292317
2.282732,-1.301020
2.380674,-1.309722
2.457923,-1.318425
2.575948,-1.327127
2.673327,-1.335830
2.790937,-1.344532
2.949039,-1.353235
5.787448,-1.544689
5.648118,-1.553391
5.569197,-1.562094
5.530688,-1.570796
