scan.pos:1.540864,6.800522,2.7684350.794690,1.562094
0.797445,1.553391
0.800280,1.544689
0.803196,1.535986
0.806196,1.527284
0.809280,1.518581
0.790492,1.509879
0.793661,1.501177
0.774780,1.492474
0.778031,1.483772
0.781368,1.475069
0.784795,1.466367
0.788312,1.457664
0.791921,1.448962
0.795625,1.440259
0.799424,1.431557
0.803321,1.422854
0.807319,1.414152
0.811418,1.405449
0.815622,1.396747
0.819932,1.388044
0.824351,1.379342
0.828881,1.370639
0.833526,1.361937
0.838912,1.353234
0.843796,1.344532
0.848802,1.335830
0.829553,1.327127
0.834662,1.318425
0.815215,1.309722
0.820426,1.301020
0.825766,1.292317
0.806071,1.283615
0.811512,1.274912
0.817090,1.266210
0.822809,1.257507
0.828671,1.248805
0.834682,1.240102
0.840845,1.231400
0.847164,1.222697
0.853645,1.213995
0.833430,1.205292
0.840035,1.196590
0.819517,1.187888
0.826244,1.179185
0.833146,1.170483
0.840229,1.161780
0.847499,1.153078
0.846699,1.144375
0.843492,1.135673
0.868102,1.126970
0.865045,1.118268
0.864536,1.109565
0.889321,1.100863
0.887123,1.092160
0.885119,1.083458
0.909657,1.074755
0.912727,1.066053
0.911626,1.057350
0.910728,1.048648
0.910031,1.039945
0.934960,1.031243
0.942014,1.022541
0.942309,1.013838
0.967740,1.005136
0.968316,0.996433
0.993724,0.987731
0.980472,0.979028
1.006634,0.970326
1.008600,0.961623
0.986808,0.952921
0.989437,0.944218
0.992334,0.935516
1.009508,0.926813
1.013623,0.918111
1.018045,0.909408
1.046025,0.900706
1.050973,0.892003
1.079269,0.883301
1.084802,0.874598
1.109676,0.865896
1.094077,0.857194
1.101685,0.848491
1.087263,0.839789
1.095872,0.831086
1.104963,0.822384
1.138632,0.813681
1.149589,0.804979
1.166948,0.796276
1.162344,0.787574
1.230293,0.778871
1.243788,0.770169
1.279698,0.761466
1.304594,0.752764
1.321719,0.744061
1.361240,0.735359
1.401639,0.726656
1.421695,0.717954
1.464161,0.709251
1.486593,0.700549
1.531493,0.691847
1.578921,0.683144
1.628588,0.674442
1.659044,0.665739
1.712365,0.657037
1.767751,0.648334
1.825413,0.639632
1.885586,0.630929
1.945100,0.622227
2.014067,0.613524
2.086663,0.604822
2.163315,0.596119
2.428968,0.587417
5.241776,0.456880
5.017164,0.448177
4.993767,0.439475
4.910661,0.430772
4.888108,0.422070
4.825908,0.413367
4.824165,0.404665
4.782775,0.395962
4.781777,0.387260
4.781144,0.378558
4.780875,0.369855
4.780970,0.361153
4.781429,0.352450
4.782252,0.343748
4.743419,0.335045
4.684907,0.326343
4.666760,0.317640
4.668988,0.308938
4.631482,0.300235
4.634401,0.291533
4.637678,0.282830
4.641313,0.274128
4.645308,0.265425
4.649664,0.256723
4.654383,0.248020
4.659467,0.239318
4.664917,0.230615
4.670737,0.221913
4.676927,0.213211
4.683491,0.204508
4.690432,0.195806
4.697751,0.187103
4.705452,0.178401
4.713538,0.169698
4.722012,0.160996
4.743614,0.152293
4.743022,0.143591
4.754098,0.134888
4.816893,0.126186
4.703577,0.117483
4.561795,0.108781
4.404106,0.100078
4.273338,0.091376
4.148210,0.082673
4.028202,0.073971
3.912857,0.065269
3.822778,0.056566
3.715630,0.047864
3.613646,0.039161
3.536249,0.030459
3.440639,0.021756
3.347717,0.013054
3.278674,0.004351
3.212053,-0.004351
3.147681,-0.013054
3.076131,-0.021756
3.017042,-0.030459
2.959723,-0.039161
2.882183,-0.047864
2.827971,-0.056566
2.775196,-0.065269
2.723765,-0.073971
2.672229,-0.082674
2.624228,-0.091376
2.599723,-0.100078
2.553901,-0.108781
2.509022,-0.117483
2.465024,-0.126186
2.421854,-0.134888
2.384593,-0.143591
2.343766,-0.152293
2.303598,-0.160996
2.287348,-0.169698
2.248491,-0.178401
2.210171,-0.187103
2.182369,-0.195806
2.145783,-0.204508
2.133566,-0.213211
2.097924,-0.221913
2.062642,-0.230616
2.052069,-0.239318
2.032085,-0.248021
1.998586,-0.256723
1.965332,-0.265425
1.957300,-0.274128
1.924626,-0.282830
1.910232,-0.291533
1.878592,-0.300235
1.872770,-0.308938
1.841543,-0.317640
1.810403,-0.326343
1.800967,-0.335045
1.797096,-0.343748
1.767000,-0.352450
1.736912,-0.361153
1.733888,-0.369855
1.731270,-0.378558
1.701535,-0.387260
1.699488,-0.395963
1.669848,-0.404665
1.668338,-0.413367
1.657070,-0.422070
1.642984,-0.430772
1.629259,-0.439475
1.615883,-0.448177
1.602846,-0.456880
1.590137,-0.465582
1.577748,-0.474285
1.565669,-0.482987
1.553891,-0.491690
1.542405,-0.500392
1.531203,-0.509095
1.520278,-0.517797
1.509622,-0.526500
1.499228,-0.535202
1.489089,-0.543905
1.479197,-0.552607
1.469547,-0.561310
1.460133,-0.570012
1.450949,-0.578714
1.441988,-0.587417
1.433246,-0.596119
1.424717,-0.604822
1.416396,-0.613524
1.408279,-0.622227
1.400360,-0.630929
1.392635,-0.639632
1.385100,-0.648334
1.377750,-0.657037
1.370581,-0.665739
1.363590,-0.674442
1.356773,-0.683144
1.350126,-0.691847
1.343646,-0.700549
1.337329,-0.709252
1.331172,-0.717954
1.325172,-0.726657
1.319325,-0.735359
1.313630,-0.744061
1.308083,-0.752764
1.302681,-0.761466
1.297422,-0.770169
1.292303,-0.778871
1.287323,-0.787574
1.282477,-0.796276
1.277766,-0.804979
1.273185,-0.813681
1.268733,-0.822384
1.264408,-0.831086
1.260208,-0.839789
1.256131,-0.848491
1.252176,-0.857194
1.248340,-0.865896
1.244622,-0.874599
1.241021,-0.883301
1.237534,-0.892003
1.234161,-0.900706
1.230899,-0.909408
1.227748,-0.918111
1.224706,-0.926813
1.221771,-0.935516
1.218944,-0.944218
1.216222,-0.952921
1.213604,-0.961623
1.211089,-0.970326
1.208677,-0.979028
1.206366,-0.987731
1.204155,-0.996433
1.202044,-1.005136
1.200032,-1.013838
1.198117,-1.022541
1.196299,-1.031243
1.194578,-1.039946
1.192952,-1.048648
1.191421,-1.057350
1.189985,-1.066053
1.188643,-1.074755
1.187394,-1.083458
1.186237,-1.092160
1.185174,-1.100863
1.184202,-1.109565
1.183322,-1.118268
1.182533,-1.126970
1.181835,-1.135673
1.181228,-1.144375
1.180712,-1.153078
1.180285,-1.161780
1.179949,-1.170483
1.179703,-1.179185
1.179547,-1.187888
1.179480,-1.196590
1.179504,-1.205293
1.179617,-1.213995
1.179820,-1.222697
1.180113,-1.231400
1.180496,-1.240102
1.180970,-1.248805
1.181533,-1.257507
1.182188,-1.266210
1.182933,-1.274912
1.183769,-1.283615
1.184697,-1.292317
1.185717,-1.301020
1.186829,-1.309722
1.188033,-1.318425
1.189331,-1.327127
1.190722,-1.335830
1.192207,-1.344532
1.193788,-1.353235
1.195463,-1.361937
1.197235,-1.370639
1.199103,-1.379342
1.201069,-1.388044
1.203132,-1.396747
1.205295,-1.405449
1.207558,-1.414152
1.209922,-1.422854
1.212387,-1.431557
1.214956,-1.440259
1.217628,-1.448962
1.220405,-1.457664
1.223288,-1.466367
1.226278,-1.475069
1.229377,-1.483772
1.232586,-1.492474
1.235905,-1.501177
1.239338,-1.509879
1.242884,-1.518582
1.246546,-1.527284
1.250325,-1.535986
1.254223,-1.544689
1.258242,-1.553391
1.262382,-1.562094
1.266647,-1.570796
