scan.pos:-4.496103,5.414135,2.9684350.968621,1.562094
0.970138,1.553391
0.971735,1.544689
0.973411,1.535986
0.975167,1.527284
0.977004,1.518581
0.978923,1.509879
0.980924,1.501177
0.983009,1.492474
0.985177,1.483772
0.987431,1.475069
0.989770,1.466367
1.012994,1.457664
1.015561,1.448962
1.018218,1.440259
1.020968,1.431557
1.023810,1.422854
1.026747,1.414152
1.072064,1.405449
1.075322,1.396747
1.078681,1.388044
1.124828,1.379342
1.128537,1.370639
1.153842,1.361937
1.157850,1.353234
1.205246,1.344532
1.209647,1.335830
7.715381,1.266210
7.591514,1.257507
7.469062,1.248805
7.329281,1.240102
7.215708,1.231400
7.123271,1.222697
7.015552,1.213995
6.904001,1.205292
6.801421,1.196590
6.701607,1.187888
6.618680,1.179185
6.523334,1.170483
6.430371,1.161780
6.352022,1.153078
6.262865,1.144375
6.186902,1.135673
6.101170,1.126970
6.017308,1.118268
5.950528,1.109565
5.895712,1.100863
5.817807,1.092160
5.741430,1.083458
5.691859,1.074755
5.618490,1.066053
5.566015,1.057350
5.495916,1.048648
5.453080,1.039945
5.385482,1.031243
5.341357,1.022541
5.276550,1.013838
5.239583,1.005136
5.176856,0.996433
5.140245,0.987731
5.079913,0.979028
5.048116,0.970326
4.989511,0.961623
4.959833,0.952921
4.919231,0.944218
4.877474,0.935516
4.836786,0.926813
4.797133,0.918111
4.758484,0.909408
4.720810,0.900706
4.684082,0.892003
4.648272,0.883301
4.613354,0.874598
4.579303,0.865896
4.546094,0.857194
4.513706,0.848491
4.482114,0.839789
4.451298,0.831086
4.421237,0.822384
4.391912,0.813681
4.363303,0.804979
4.335392,0.796276
4.308163,0.787574
4.281597,0.778871
4.255679,0.770169
4.230393,0.761466
4.205724,0.752764
4.181658,0.744061
4.158181,0.735359
4.135278,0.726656
4.112939,0.717954
4.091149,0.709251
4.069897,0.700549
4.049172,0.691847
4.028962,0.683144
4.009256,0.674442
3.990045,0.665739
3.971318,0.657037
3.953065,0.648334
3.935278,0.639632
3.917947,0.630929
3.901064,0.622227
3.884620,0.613524
3.868608,0.604822
3.853019,0.596119
3.837847,0.587417
3.823084,0.578714
3.808723,0.570012
3.794757,0.561309
3.781180,0.552607
3.767986,0.543905
3.755168,0.535202
3.742722,0.526500
3.730641,0.517797
3.718920,0.509095
3.707554,0.500392
3.696538,0.491690
3.685867,0.482987
3.675536,0.474285
3.665542,0.465582
3.655879,0.456880
3.646544,0.448177
3.637533,0.439475
3.628842,0.430772
3.620468,0.422070
3.612407,0.413367
3.604655,0.404665
3.597210,0.395962
3.590068,0.387260
3.583228,0.378558
3.576684,0.369855
3.570437,0.361153
3.564482,0.352450
3.558817,0.343748
3.553441,0.335045
3.548350,0.326343
3.543544,0.317640
3.539020,0.308938
3.534776,0.300235
3.530811,0.291533
3.527123,0.282830
3.523710,0.274128
3.520573,0.265425
3.517708,0.256723
3.515116,0.248020
3.512795,0.239318
3.510744,0.230615
3.508962,0.221913
3.507449,0.213211
3.506205,0.204508
3.505228,0.195806
3.504519,0.187103
3.504076,0.178401
3.503901,0.169698
3.503992,0.160996
3.504350,0.152293
3.504976,0.143591
3.505868,0.134888
3.507028,0.126186
3.508456,0.117483
3.510153,0.108781
3.512119,0.100078
3.514355,0.091376
3.516862,0.082673
3.519640,0.073971
3.522692,0.065269
3.526017,0.056566
3.529618,0.047864
3.533496,0.039161
3.537652,0.030459
3.542087,0.021756
3.546804,0.013054
3.551805,0.004351
3.557091,-0.004351
3.562665,-0.013054
3.568528,-0.021756
3.574683,-0.030459
3.581133,-0.039161
3.587879,-0.047864
3.594926,-0.056566
3.602275,-0.065269
3.609930,-0.073971
3.617893,-0.082674
3.626168,-0.091376
3.634759,-0.100078
3.643669,-0.108781
3.652901,-0.117483
3.662460,-0.126186
3.672349,-0.134888
3.682573,-0.143591
3.693136,-0.152293
3.704043,-0.160996
3.715299,-0.169698
3.726907,-0.178401
3.738874,-0.187103
3.751205,-0.195806
3.763905,-0.204508
3.776979,-0.213211
3.790435,-0.221913
3.804277,-0.230616
3.818513,-0.239318
3.833149,-0.248021
3.848192,-0.256723
3.863648,-0.265425
3.879526,-0.274128
3.895833,-0.282830
3.912576,-0.291533
3.929765,-0.300235
3.947408,-0.308938
3.965513,-0.317640
3.984089,-0.326343
4.003147,-0.335045
4.022696,-0.343748
4.042745,-0.352450
4.063307,-0.361153
4.084392,-0.369855
4.106010,-0.378558
4.128176,-0.387260
4.150899,-0.395963
4.174193,-0.404665
4.198073,-0.413367
4.222550,-0.422070
4.247640,-0.430772
4.273357,-0.439475
4.317071,-0.448177
4.310104,-0.456880
4.291825,-0.465582
4.251733,-0.474285
1.586522,-0.482987
1.470482,-0.491690
1.455077,-0.500392
1.439569,-0.509095
1.423950,-0.517797
1.408216,-0.526500
1.392358,-0.535202
1.376369,-0.543905
1.386914,-0.552607
1.370849,-0.561310
1.354635,-0.570012
1.338266,-0.578714
1.321730,-0.587417
1.305021,-0.596119
1.288129,-0.604822
1.299290,-0.613524
1.291617,-0.622227
1.280653,-0.630929
1.269970,-0.639632
1.259558,-0.648334
1.249410,-0.657037
1.239519,-0.665739
1.229875,-0.674442
1.220473,-0.683144
1.211304,-0.691847
1.202364,-0.700549
1.193644,-0.709252
1.185140,-0.717954
1.176845,-0.726657
1.168754,-0.735359
1.160861,-0.744061
1.153161,-0.752764
1.145650,-0.761466
1.138321,-0.770169
1.131172,-0.778871
1.124197,-0.787574
1.117391,-0.796276
1.110752,-0.804979
1.104275,-0.813681
1.097956,-0.822384
1.091792,-0.831086
1.085778,-0.839789
1.079913,-0.848491
1.074192,-0.857194
1.068612,-0.865896
1.063170,-0.874599
1.057863,-0.883301
1.052689,-0.892003
1.047645,-0.900706
1.042728,-0.909408
1.037936,-0.918111
1.033265,-0.926813
1.028715,-0.935516
1.024282,-0.944218
1.019964,-0.952921
1.015760,-0.961623
1.011667,-0.970326
1.007684,-0.979028
1.003807,-0.987731
1.000036,-0.996433
0.996369,-1.005136
0.992805,-1.013838
0.989340,-1.022541
0.985975,-1.031243
0.982707,-1.039946
0.979535,-1.048648
0.976457,-1.057350
0.973473,-1.066053
0.970581,-1.074755
0.967779,-1.083458
0.965066,-1.092160
0.962442,-1.100863
0.959905,-1.109565
0.957454,-1.118268
0.955088,-1.126970
0.952806,-1.135673
0.950607,-1.144375
0.948491,-1.153078
0.946455,-1.161780
0.944501,-1.170483
0.942626,-1.179185
0.940829,-1.187888
0.939111,-1.196590
0.937471,-1.205293
0.935907,-1.213995
0.934420,-1.222697
0.933008,-1.231400
0.931672,-1.240102
0.930410,-1.248805
0.929222,-1.257507
0.928108,-1.266210
0.927067,-1.274912
0.926098,-1.283615
0.925202,-1.292317
0.924378,-1.301020
0.923626,-1.309722
0.922946,-1.318425
0.922336,-1.327127
0.921798,-1.335830
0.921330,-1.344532
0.920933,-1.353235
0.920606,-1.361937
0.920349,-1.370639
0.920163,-1.379342
0.920047,-1.388044
0.920001,-1.396747
0.920025,-1.405449
0.920119,-1.414152
0.920283,-1.422854
0.920517,-1.431557
0.920822,-1.440259
0.921197,-1.448962
0.921643,-1.457664
0.922159,-1.466367
0.922746,-1.475069
0.923404,-1.483772
0.924134,-1.492474
0.924935,-1.501177
0.925808,-1.509879
0.926753,-1.518582
0.927772,-1.527284
0.928863,-1.535986
0.930027,-1.544689
0.931266,-1.553391
0.932579,-1.562094
0.933967,-1.570796
