scan.pos:-3.846645,5.319700,-2.7147500.768996,1.562094
0.765985,1.553391
0.763056,1.544689
0.760206,1.535986
0.757435,1.527284
0.754742,1.518581
0.752125,1.509879
0.749582,1.501177
0.747114,1.492474
0.744718,1.483772
0.742394,1.475069
0.740140,1.466367
0.737956,1.457664
0.735841,1.448962
0.733794,1.440259
0.731814,1.431557
0.729899,1.422854
0.728051,1.414152
0.726266,1.405449
0.724545,1.396747
0.722888,1.388044
0.721293,1.379342
0.719759,1.370639
0.718287,1.361937
0.716875,1.353234
0.715523,1.344532
0.714230,1.335830
0.712996,1.327127
0.711821,1.318425
0.710703,1.309722
0.709643,1.301020
0.708640,1.292317
0.748133,1.283615
0.747193,1.274912
0.746311,1.266210
0.745488,1.257507
0.744723,1.248805
0.744017,1.240102
0.743368,1.231400
0.742777,1.222697
0.742244,1.213995
0.741768,1.205292
0.741348,1.196590
0.740986,1.187888
0.740681,1.179185
0.740432,1.170483
0.740239,1.161780
0.740103,1.153078
0.740023,1.144375
0.740000,1.135673
0.740033,1.126970
0.780129,1.118268
0.780283,1.109565
0.780496,1.100863
0.780769,1.092160
0.781102,1.083458
0.781494,1.074755
0.781947,1.066053
0.782459,1.057350
0.783032,1.048648
0.783665,1.039945
0.784360,1.031243
0.785115,1.022541
0.806084,1.013838
0.806984,1.005136
0.807949,0.996433
0.808977,0.987731
0.810070,0.979028
0.811228,0.970326
0.812451,0.961623
0.813740,0.952921
0.815094,0.944218
0.816516,0.935516
0.818005,0.926813
0.819562,0.918111
0.821188,0.909408
0.822883,0.900706
0.824648,0.892003
0.826484,0.883301
0.828391,0.874598
0.830370,0.865896
0.832422,0.857194
0.834548,0.848491
0.836749,0.839789
0.839025,0.831086
0.841379,0.822384
0.843810,0.813681
0.846319,0.804979
0.848909,0.796276
0.851579,0.787574
0.854331,0.778871
0.857167,0.770169
0.860088,0.761466
0.863094,0.752764
0.866188,0.744061
0.912839,0.735359
0.916275,0.726656
0.919807,0.717954
0.923438,0.709251
0.927168,0.700549
0.930999,0.691847
0.934934,0.683144
0.938974,0.674442
0.943121,0.665739
0.947377,0.657037
0.951745,0.648334
0.956227,0.639632
0.960824,0.630929
0.965540,0.622227
0.970376,0.613524
0.975336,0.604822
0.980422,0.596119
0.985636,0.587417
0.990983,0.578714
0.996463,0.570012
1.002082,0.561309
1.007841,0.552607
1.013745,0.543905
1.019796,0.535202
1.025999,0.526500
1.032357,0.517797
1.038873,0.509095
1.045553,0.500392
1.052399,0.491690
1.059417,0.482987
1.066611,0.474285
1.099174,0.465582
1.106912,0.456880
1.114845,0.448177
1.122979,0.439475
1.131318,0.430772
1.139871,0.422070
1.148641,0.413367
1.157637,0.404665
1.166864,0.395962
1.176329,0.387260
1.186041,0.378558
1.196006,0.369855
1.206232,0.361153
1.243610,0.352450
1.238342,0.343748
1.262168,0.335045
1.257720,0.326343
1.282900,0.317640
1.279286,0.308938
1.305869,0.300235
5.541789,0.291533
5.499603,0.282830
5.458467,0.274128
5.418352,0.265425
5.379229,0.256723
5.341071,0.248020
5.303851,0.239318
5.267544,0.230615
5.232127,0.221913
5.197577,0.213211
5.163870,0.204508
5.130986,0.195806
5.098904,0.187103
5.067604,0.178401
5.037067,0.169698
5.007276,0.160996
4.978211,0.152293
4.949857,0.143591
4.922196,0.134888
4.895214,0.126186
4.868895,0.117483
4.843224,0.108781
4.818187,0.100078
4.793771,0.091376
4.769962,0.082673
4.746749,0.073971
4.724118,0.065269
4.702059,0.056566
4.680560,0.047864
4.659609,0.039161
4.639197,0.030459
4.619313,0.021756
4.599947,0.013054
4.581091,0.004351
4.562735,-0.004351
4.544870,-0.013054
4.527488,-0.021756
4.510581,-0.030459
4.494140,-0.039161
4.478158,-0.047864
4.462628,-0.056566
4.447544,-0.065269
4.432897,-0.073971
4.418682,-0.082674
4.404892,-0.091376
4.391521,-0.100078
4.378564,-0.108781
4.366014,-0.117483
4.353867,-0.126186
4.342117,-0.134888
4.330760,-0.143591
4.319789,-0.152293
4.309201,-0.160996
4.298992,-0.169698
4.289156,-0.178401
4.279691,-0.187103
4.270592,-0.195806
4.261856,-0.204508
4.253478,-0.213211
4.245456,-0.221913
4.237786,-0.230616
4.230466,-0.239318
4.223492,-0.248021
4.216861,-0.256723
4.210571,-0.265425
4.204620,-0.274128
4.199005,-0.282830
4.193724,-0.291533
4.188775,-0.300235
4.184155,-0.308938
4.179864,-0.317640
4.175899,-0.326343
4.172259,-0.335045
4.168943,-0.343748
4.165949,-0.352450
4.163276,-0.361153
4.160923,-0.369855
4.158890,-0.378558
4.157175,-0.387260
4.155777,-0.395963
4.154697,-0.404665
4.153934,-0.413367
4.153487,-0.422070
4.153356,-0.430772
4.153542,-0.439475
4.154044,-0.448177
4.154863,-0.456880
4.155998,-0.465582
4.157451,-0.474285
4.159222,-0.482987
4.161312,-0.491690
4.163720,-0.500392
4.166449,-0.509095
4.169499,-0.517797
4.172872,-0.526500
4.176569,-0.535202
4.180591,-0.543905
4.184939,-0.552607
4.189616,-0.561310
4.194623,-0.570012
4.199963,-0.578714
4.205637,-0.587417
4.211647,-0.596119
4.217996,-0.604822
4.224686,-0.613524
4.231721,-0.622227
4.239102,-0.630929
4.246833,-0.639632
4.254917,-0.648334
4.263357,-0.657037
4.272157,-0.665739
4.281320,-0.674442
4.290849,-0.683144
4.300750,-0.691847
4.311025,-0.700549
4.321680,-0.709252
4.332717,-0.717954
4.344143,-0.726657
4.355963,-0.735359
4.368180,-0.744061
4.380800,-0.752764
4.393829,-0.761466
4.407273,-0.770169
4.421137,-0.778871
4.435427,-0.787574
4.450150,-0.796276
4.465312,-0.804979
4.480920,-0.813681
4.496982,-0.822384
4.513503,-0.831086
4.530493,-0.839789
4.547959,-0.848491
4.565909,-0.857194
4.584352,-0.865896
4.603297,-0.874599
4.622752,-0.883301
4.642728,-0.892003
4.663233,-0.900706
4.684279,-0.909408
4.705876,-0.918111
4.728034,-0.926813
2.041298,-0.935516
2.001974,-0.944218
1.968776,-0.952921
1.953215,-0.961623
1.922273,-0.970326
1.884033,-0.979028
1.869162,-0.987731
1.840860,-0.996433
1.826660,-1.005136
1.800259,-1.013838
1.762521,-1.022541
1.748751,-1.031243
1.758856,-1.039946
1.745175,-1.048648
1.706720,-1.057350
1.692800,-1.066053
1.678828,-1.074755
1.664799,-1.083458
1.650708,-1.092160
1.610979,-1.100863
1.596569,-1.109565
1.582075,-1.118268
1.567493,-1.126970
1.552815,-1.135673
1.538036,-1.144375
1.523148,-1.153078
1.508145,-1.161780
1.493020,-1.170483
1.477766,-1.179185
1.462374,-1.187888
1.446837,-1.196590
1.431146,-1.205293
1.441399,-1.213995
1.429002,-1.222697
1.416923,-1.231400
1.405153,-1.240102
1.393683,-1.248805
1.382502,-1.257507
1.371603,-1.266210
1.360978,-1.274912
1.350618,-1.283615
1.340515,-1.292317
1.330664,-1.301020
1.321056,-1.309722
1.311685,-1.318425
1.302544,-1.327127
1.293628,-1.335830
1.284930,-1.344532
1.276445,-1.353235
1.268167,-1.361937
1.260091,-1.370639
1.252212,-1.379342
1.244526,-1.388044
1.237026,-1.396747
1.229710,-1.405449
1.222572,-1.414152
1.215609,-1.422854
1.208816,-1.431557
1.202189,-1.440259
1.195726,-1.448962
1.189421,-1.457664
1.183272,-1.466367
1.177276,-1.475069
1.171429,-1.483772
1.165728,-1.492474
1.160171,-1.501177
1.154753,-1.509879
1.149473,-1.518582
1.144328,-1.527284
1.139315,-1.535986
1.134432,-1.544689
1.129676,-1.553391
1.125046,-1.562094
1.120538,-1.570796
