scan.pos:-0.574731,7.274113,0.1352500.726636,1.562094
0.725802,1.553391
0.725024,1.544689
0.724304,1.535986
0.723640,1.527284
0.723032,1.518581
0.722481,1.509879
0.721985,1.501177
0.721544,1.492474
0.721159,1.483772
0.720830,1.475069
0.720555,1.466367
0.720336,1.457664
0.720171,1.448962
0.720062,1.440259
0.720007,1.431557
0.720007,1.422854
0.720062,1.414152
0.720172,1.405449
0.720336,1.396747
0.720556,1.388044
0.720831,1.379342
0.721160,1.370639
0.721546,1.361937
0.721986,1.353234
0.722482,1.344532
0.723034,1.335830
0.723642,1.327127
0.724306,1.318425
0.725027,1.309722
0.725804,1.301020
0.726638,1.292317
0.727530,1.283615
0.728480,1.274912
0.729488,1.266210
0.730554,1.257507
0.731679,1.248805
0.732863,1.240102
0.734108,1.231400
0.735412,1.222697
0.736778,1.213995
0.738205,1.205292
0.739693,1.196590
0.741245,1.187888
0.742859,1.179185
0.744538,1.170483
0.746281,1.161780
0.748089,1.153078
0.749964,1.144375
0.751905,1.135673
0.753914,1.126970
0.755991,1.118268
0.758138,1.109565
0.760355,1.100863
0.762643,1.092160
0.765004,1.083458
0.767438,1.074755
0.769946,1.066053
0.772530,1.057350
0.775190,1.048648
0.777928,1.039945
0.780745,1.031243
0.783643,1.022541
0.786622,1.013838
0.789684,1.005136
0.792831,0.996433
0.796064,0.987731
0.799385,0.979028
0.802795,0.970326
0.806295,0.961623
0.809889,0.952921
0.813576,0.944218
0.817360,0.935516
0.821242,0.926813
0.825225,0.918111
0.829309,0.909408
0.833498,0.900706
0.837794,0.892003
0.842199,0.883301
0.846715,0.874598
0.851345,0.865896
0.856091,0.857194
0.860957,0.848491
0.865944,0.839789
0.871056,0.831086
0.876297,0.822384
0.881668,0.813681
0.887173,0.804979
0.892816,0.796276
0.898600,0.787574
0.904529,0.778871
0.910607,0.770169
0.916837,0.761466
0.923223,0.752764
0.929771,0.744061
0.936484,0.735359
0.943366,0.726656
0.950424,0.717954
0.957662,0.709251
0.965084,0.700549
0.972698,0.691847
0.980507,0.683144
0.988519,0.674442
0.996740,0.665739
1.005175,0.657037
1.013833,0.648334
1.013807,0.639632
1.005150,0.630929
1.024402,0.622227
1.043412,0.613524
1.034955,0.604822
1.053731,0.596119
1.072291,0.587417
1.064044,0.578714
1.082403,0.570012
1.100570,0.561309
1.118553,0.552607
1.110536,0.543905
1.128361,0.535202
1.146022,0.526500
1.163530,0.517797
1.180890,0.509095
1.198111,0.500392
1.175556,0.491690
1.192953,0.482987
1.195900,0.474285
1.213792,0.465582
1.231582,0.456880
1.261222,0.448177
1.279446,0.439475
1.297601,0.430772
1.305880,0.422070
1.324706,0.413367
1.343499,0.404665
1.354841,0.395962
1.374416,0.387260
1.393998,0.378558
1.431608,0.369855
1.451996,0.361153
1.472445,0.352450
1.490723,0.343748
1.512259,0.335045
1.556313,0.326343
1.578009,0.317640
1.601487,0.308938
1.624544,0.300235
1.669842,0.291533
1.698097,0.282830
1.722924,0.274128
1.769845,0.265425
1.795272,0.256723
1.830689,0.248020
1.879760,0.239318
1.929187,0.230615
1.971311,0.221913
2.023143,0.213211
2.054300,0.204508
2.128598,0.195806
2.160098,0.187103
2.216540,0.178401
2.294943,0.169698
2.357976,0.160996
2.419688,0.152293
2.503654,0.143591
2.568312,0.134888
2.634717,0.126186
2.740258,0.117483
2.834188,0.108781
2.930630,0.100078
3.055522,0.091376
3.161462,0.082673
3.291740,0.073971
3.426334,0.065269
3.566423,0.056566
3.736841,0.047864
3.914163,0.039161
4.140089,0.030459
4.337583,0.021756
4.611166,0.013054
4.858078,0.004351
5.202318,-0.004351
5.543491,-0.013054
5.923765,-0.021756
6.436904,-0.030459
6.950421,-0.039161
7.654595,-0.047864
2.125677,-0.717954
2.091401,-0.726657
2.057467,-0.735359
1.853457,-0.744061
1.843570,-0.752764
1.817142,-0.761466
1.800603,-0.770169
1.742211,-0.778871
1.733905,-0.787574
1.700780,-0.796276
1.616836,-0.804979
1.609211,-0.813681
1.576184,-0.822384
1.569214,-0.831086
1.484032,-0.839789
1.477270,-0.848491
1.470879,-0.857194
1.438046,-0.865896
1.432166,-0.874599
1.426634,-0.883301
1.393983,-0.892003
1.388898,-0.900706
1.384138,-0.909408
1.379698,-0.918111
1.371614,-0.926813
1.359902,-0.935516
1.348490,-0.944218
1.337369,-0.952921
1.326530,-0.961623
1.315965,-0.970326
1.305665,-0.979028
1.295624,-0.987731
1.285833,-0.996433
1.276285,-1.005136
1.266973,-1.013838
1.257892,-1.022541
1.249034,-1.031243
1.240394,-1.039946
1.231966,-1.048648
1.223744,-1.057350
1.215724,-1.066053
1.207899,-1.074755
1.200265,-1.083458
1.192817,-1.092160
1.185550,-1.100863
1.178461,-1.109565
1.171545,-1.118268
1.164798,-1.126970
1.158216,-1.135673
1.151794,-1.144375
1.145531,-1.153078
1.139421,-1.161780
1.133463,-1.170483
1.127651,-1.179185
1.121984,-1.187888
1.116458,-1.196590
1.111071,-1.205293
1.105819,-1.213995
1.100700,-1.222697
1.095711,-1.231400
1.090850,-1.240102
1.086114,-1.248805
1.081501,-1.257507
1.077009,-1.266210
1.072636,-1.274912
1.068378,-1.283615
1.064236,-1.292317
1.060205,-1.301020
1.056285,-1.309722
1.052474,-1.318425
1.048770,-1.327127
1.045171,-1.335830
1.041676,-1.344532
1.038283,-1.353235
1.034990,-1.361937
1.031797,-1.370639
1.028701,-1.379342
1.025702,-1.388044
1.022798,-1.396747
1.019988,-1.405449
1.017270,-1.414152
1.014644,-1.422854
1.012108,-1.431557
1.009662,-1.440259
1.007304,-1.448962
1.005033,-1.457664
1.002849,-1.466367
1.000750,-1.475069
0.998736,-1.483772
0.996806,-1.492474
0.994959,-1.501177
0.993194,-1.509879
0.991511,-1.518582
0.989909,-1.527284
0.988387,-1.535986
0.986944,-1.544689
0.985581,-1.553391
0.984297,-1.562094
0.983091,-1.570796
