scan.pos:5.941632,4.997141,-0.3647503.192911,1.562094
3.203708,1.553391
3.214824,1.544689
3.226264,1.535986
3.238033,1.527284
3.250137,1.518581
3.262581,1.509879
3.275371,1.501177
3.288513,1.492474
3.302013,1.483772
3.315878,1.475069
3.330115,1.466367
3.344731,1.457664
3.359732,1.448962
3.375127,1.440259
3.390923,1.431557
3.407128,1.422854
3.423750,1.414152
3.440799,1.405449
3.458284,1.396747
3.476213,1.388044
3.494596,1.379342
3.513444,1.370639
3.532767,1.361937
3.568416,1.353234
3.592031,1.344532
3.617370,1.335830
3.595937,1.327127
3.551223,1.318425
3.507279,1.309722
3.464064,1.301020
3.421537,1.292317
3.379660,1.283615
3.338395,1.274912
3.297707,1.266210
3.257561,1.257507
3.217924,1.248805
3.204646,1.240102
3.166119,1.231400
3.128012,1.222697
3.090296,1.213995
3.079603,1.205292
3.042790,1.196590
3.006289,1.187888
2.970072,1.179185
2.961639,1.170483
2.926143,1.161780
2.890860,1.153078
2.883998,1.144375
2.862839,1.135673
2.838518,1.126970
2.814821,1.118268
2.791726,1.109565
2.769217,1.100863
2.747275,1.092160
2.725884,1.083458
2.705028,1.074755
2.684692,1.066053
2.664860,1.057350
2.645519,1.048648
2.626656,1.039945
2.608257,1.031243
2.590310,1.022541
2.572803,1.013838
2.555724,1.005136
2.539062,0.996433
2.522808,0.987731
2.506949,0.979028
2.491478,0.970326
2.476383,0.961623
2.461657,0.952921
2.447290,0.944218
2.433274,0.935516
2.419601,0.926813
2.406263,0.918111
2.393252,0.909408
2.380562,0.900706
2.368185,0.892003
2.356115,0.883301
2.344344,0.874598
2.332867,0.865896
2.321678,0.857194
2.310771,0.848491
2.300141,0.839789
2.289781,0.831086
2.279687,0.822384
2.269854,0.813681
2.260277,0.804979
2.250950,0.796276
2.241871,0.787574
2.233034,0.778871
2.224435,0.770169
2.216070,0.761466
2.207935,0.752764
2.200027,0.744061
2.192341,0.735359
2.184875,0.726656
2.177624,0.717954
2.170587,0.709251
2.163759,0.700549
2.157137,0.691847
2.150720,0.683144
2.144503,0.674442
2.138484,0.665739
2.132661,0.657037
2.127031,0.648334
2.121592,0.639632
2.116342,0.630929
2.111278,0.622227
2.106398,0.613524
2.101700,0.604822
2.097182,0.596119
2.092843,0.587417
2.088681,0.578714
2.084693,0.570012
2.080879,0.561309
2.077237,0.552607
2.073765,0.543905
2.070462,0.535202
2.067327,0.526500
2.064358,0.517797
2.061554,0.509095
2.058915,0.500392
2.056439,0.491690
2.054125,0.482987
2.051972,0.474285
2.049980,0.465582
2.048147,0.456880
2.046474,0.448177
2.044959,0.439475
2.043601,0.430772
2.042401,0.422070
2.041358,0.413367
2.040470,0.404665
2.039739,0.395962
2.039164,0.387260
2.038744,0.378558
2.038480,0.369855
2.038371,0.361153
2.038417,0.352450
2.038619,0.343748
2.038975,0.335045
2.039487,0.326343
2.040155,0.317640
2.040979,0.308938
2.041959,0.300235
2.043096,0.291533
2.044389,0.282830
2.045841,0.274128
2.047450,0.265425
2.049218,0.256723
2.051145,0.248020
2.053233,0.239318
2.055481,0.230615
2.057892,0.221913
2.060465,0.213211
2.063201,0.204508
2.066103,0.195806
2.069171,0.187103
2.072405,0.178401
2.075809,0.169698
2.079382,0.160996
2.083126,0.152293
2.087043,0.143591
2.091134,0.134888
2.095402,0.126186
2.099847,0.117483
2.104471,0.108781
2.109277,0.100078
2.114266,0.091376
2.119441,0.082673
2.124803,0.073971
2.130355,0.065269
2.136100,0.056566
2.142039,0.047864
2.148175,0.039161
2.154511,0.030459
2.161049,0.021756
2.167793,0.013054
2.174745,0.004351
2.181909,-0.004351
2.189287,-0.013054
2.196884,-0.021756
2.204701,-0.030459
2.212744,-0.039161
2.221015,-0.047864
2.229519,-0.056566
2.238259,-0.065269
2.247240,-0.073971
2.256465,-0.082674
2.265940,-0.091376
2.275669,-0.100078
2.285657,-0.108781
2.295908,-0.117483
2.306428,-0.126186
2.317223,-0.134888
2.328296,-0.143591
2.339656,-0.152293
2.351306,-0.160996
2.363255,-0.169698
2.375506,-0.178401
2.388069,-0.187103
2.400949,-0.195806
2.414153,-0.204508
2.427690,-0.213211
2.441566,-0.221913
2.455789,-0.230616
2.470369,-0.239318
2.485313,-0.248021
2.500630,-0.256723
2.516331,-0.265425
2.532423,-0.274128
2.548919,-0.282830
2.565827,-0.291533
2.583159,-0.300235
2.600927,-0.308938
2.619141,-0.317640
2.637815,-0.326343
2.656960,-0.335045
2.676591,-0.343748
2.696721,-0.352450
2.717364,-0.361153
2.738536,-0.369855
2.760253,-0.378558
2.782530,-0.387260
2.805385,-0.395963
2.828836,-0.404665
2.852901,-0.413367
2.877601,-0.422070
2.887997,-0.430772
2.923105,-0.439475
2.930799,-0.448177
2.966569,-0.456880
3.002588,-0.465582
3.011928,-0.474285
3.048737,-0.482987
3.089752,-0.491690
3.127745,-0.500392
3.144878,-0.509095
3.184376,-0.517797
3.224318,-0.526500
3.245610,-0.535202
3.287245,-0.543905
3.329425,-0.552607
3.355187,-0.561310
3.399280,-0.570012
3.444031,-0.578714
3.499241,-0.587417
3.521565,-0.596119
3.569280,-0.604822
3.629353,-0.613524
3.655390,-0.622227
3.706528,-0.630929
3.772049,-0.639632
3.825897,-0.648334
3.880879,-0.657037
3.929065,-0.665739
3.987331,-0.674442
4.046953,-0.683144
4.102494,-0.691847
4.139740,-0.700549
4.119884,-0.709252
4.100530,-0.717954
4.081665,-0.726657
4.063282,-0.735359
4.045370,-0.744061
4.027920,-0.752764
4.010925,-0.761466
3.994375,-0.770169
3.978263,-0.778871
3.918761,-0.787574
3.903671,-0.796276
3.888991,-0.804979
3.853051,-0.813681
3.839251,-0.822384
3.825839,-0.831086
3.812809,-0.839789
3.800157,-0.848491
3.787876,-0.857194
3.775960,-0.865896
3.764405,-0.874599
3.753206,-0.883301
3.742357,-0.892003
3.731854,-0.900706
3.721692,-0.909408
3.711868,-0.918111
3.702376,-0.926813
3.693213,-0.935516
3.684376,-0.944218
3.675860,-0.952921
3.667662,-0.961623
3.659778,-0.970326
3.652206,-0.979028
3.603955,-0.987731
3.597075,-0.996433
3.590493,-1.005136
3.584209,-1.013838
3.578218,-1.022541
3.531889,-1.031243
3.526541,-1.039946
3.521477,-1.048648
3.516694,-1.057350
3.512192,-1.066053
3.507968,-1.074755
3.504021,-1.083458
3.500349,-1.092160
3.496950,-1.100863
3.493824,-1.109565
3.490969,-1.118268
3.488384,-1.126970
3.486069,-1.135673
3.484021,-1.144375
3.482241,-1.153078
3.480728,-1.161780
3.479481,-1.170483
3.478500,-1.179185
3.477784,-1.187888
3.477333,-1.196590
3.477147,-1.205293
3.477226,-1.213995
3.477569,-1.222697
3.478178,-1.231400
3.479051,-1.240102
3.480191,-1.248805
3.481596,-1.257507
3.483268,-1.266210
3.479793,-1.274912
3.487413,-1.283615
3.478593,-1.292317
3.485788,-1.301020
3.495650,-1.309722
3.498938,-1.318425
3.502499,-1.327127
3.506334,-1.335830
3.510446,-1.344532
2.888114,-1.353235
2.689513,-1.361937
2.612207,-1.370639
2.616086,-1.379342
2.599842,-1.388044
2.543009,-1.396747
2.547386,-1.405449
2.551973,-1.414152
2.515817,-1.422854
2.520749,-1.431557
2.484773,-1.440259
2.490044,-1.448962
2.495528,-1.457664
2.480531,-1.466367
2.486399,-1.475069
2.492484,-1.483772
2.498790,-1.492474
2.505320,-1.501177
2.470157,-1.509879
2.477025,-1.518582
2.484121,-1.527284
2.470308,-1.535986
2.477805,-1.544689
2.485537,-1.553391
2.493509,-1.562094
2.480314,-1.570796
