scan.pos:-5.402345,5.572645,2.9684357.786074,1.396747
7.592724,1.388044
7.428331,1.379342
7.257942,1.370639
7.087330,1.361937
6.944294,1.353234
6.785369,1.344532
6.653366,1.335830
6.519651,1.327127
6.376634,1.318425
6.259770,1.309722
6.146997,1.301020
6.035762,1.292317
5.931467,1.283615
5.830543,1.274912
5.710363,1.266210
5.617143,1.257507
5.526034,1.248805
5.437569,1.240102
5.351602,1.231400
5.273204,1.222697
5.192681,1.213995
5.114256,1.205292
5.037819,1.196590
4.971774,1.187888
4.899794,1.179185
4.829494,1.170483
4.771637,1.161780
4.705199,1.153078
4.640183,1.144375
4.576516,1.135673
4.527976,1.126970
4.467533,1.118268
4.408235,1.109565
4.366045,1.100863
4.309577,1.092160
4.254077,1.083458
4.224849,1.074755
4.164655,1.066053
4.112470,1.057350
4.081343,1.048648
4.031366,1.039945
3.982078,1.031243
3.959904,1.022541
3.912073,1.013838
3.864816,1.005136
3.845189,0.996433
3.799190,0.987731
3.753662,0.979028
3.736338,0.970326
3.691887,0.961623
3.676057,0.952921
3.646929,0.944218
3.615973,0.935516
3.585808,0.926813
3.556411,0.918111
3.527758,0.909408
3.499828,0.900706
3.472599,0.892003
3.446051,0.883301
3.420164,0.874598
3.394920,0.865896
3.370301,0.857194
3.346288,0.848491
3.322867,0.839789
3.300022,0.831086
3.277736,0.822384
3.255995,0.813681
3.234786,0.804979
3.214094,0.796276
3.193907,0.787574
3.174212,0.778871
3.154997,0.770169
3.136251,0.761466
3.117963,0.752764
3.100121,0.744061
3.082716,0.735359
3.065737,0.726656
3.049175,0.717954
3.033021,0.709251
3.017266,0.700549
3.001901,0.691847
2.986918,0.683144
2.972309,0.674442
2.958066,0.665739
2.944183,0.657037
2.930651,0.648334
2.917464,0.639632
2.904616,0.630929
2.892099,0.622227
2.879909,0.613524
2.868038,0.604822
2.856481,0.596119
2.845233,0.587417
2.834288,0.578714
2.823641,0.570012
2.813287,0.561309
2.803222,0.552607
2.793440,0.543905
2.783938,0.535202
2.774711,0.526500
2.765754,0.517797
2.757065,0.509095
2.748638,0.500392
2.740471,0.491690
2.732560,0.482987
2.724902,0.474285
2.717492,0.465582
2.710329,0.456880
2.703408,0.448177
2.696728,0.439475
2.690285,0.430772
2.684076,0.422070
2.678100,0.413367
2.672353,0.404665
2.666834,0.395962
2.661539,0.387260
2.656468,0.378558
2.651617,0.369855
2.646985,0.361153
2.642570,0.352450
2.638371,0.343748
2.634385,0.335045
2.630611,0.326343
2.627048,0.317640
2.623694,0.308938
2.620547,0.300235
2.617608,0.291533
2.614874,0.282830
2.612344,0.274128
2.610018,0.265425
2.607894,0.256723
2.605972,0.248020
2.604251,0.239318
2.602731,0.230615
2.601410,0.221913
2.600289,0.213211
2.599366,0.204508
2.598642,0.195806
2.598116,0.187103
2.597788,0.178401
2.597658,0.169698
2.597725,0.160996
2.597991,0.152293
2.598454,0.143591
2.599116,0.134888
2.599976,0.126186
2.601035,0.117483
2.602293,0.108781
2.603750,0.100078
2.605408,0.091376
2.607267,0.082673
2.609327,0.073971
2.611589,0.065269
2.614054,0.056566
2.616724,0.047864
2.619598,0.039161
2.622679,0.030459
2.625968,0.021756
2.629465,0.013054
2.633172,0.004351
2.637091,-0.004351
2.641223,-0.013054
2.645570,-0.021756
2.650133,-0.030459
2.654915,-0.039161
2.659916,-0.047864
2.665140,-0.056566
2.670589,-0.065269
2.676264,-0.073971
2.682167,-0.082674
2.688302,-0.091376
2.694671,-0.100078
2.701276,-0.108781
2.708121,-0.117483
2.715207,-0.126186
2.722539,-0.134888
2.730119,-0.143591
2.737950,-0.152293
2.746036,-0.160996
2.754380,-0.169698
2.762986,-0.178401
2.771858,-0.187103
2.781000,-0.195806
2.790415,-0.204508
2.800108,-0.213211
2.810083,-0.221913
2.820346,-0.230616
2.830899,-0.239318
2.841750,-0.248021
2.852902,-0.256723
2.864361,-0.265425
2.876132,-0.274128
2.888221,-0.282830
2.900634,-0.291533
2.913378,-0.300235
2.926457,-0.308938
2.939879,-0.317640
2.953651,-0.326343
2.967780,-0.335045
2.982272,-0.343748
2.997136,-0.352450
3.012380,-0.361153
3.028012,-0.369855
3.044039,-0.378558
3.060471,-0.387260
3.077317,-0.395963
3.094587,-0.404665
3.112290,-0.413367
3.130437,-0.422070
3.149037,-0.430772
3.168103,-0.439475
3.187645,-0.448177
3.207676,-0.456880
3.228207,-0.465582
3.249252,-0.474285
3.270823,-0.482987
3.292936,-0.491690
3.315604,-0.500392
3.338842,-0.509095
3.362666,-0.517797
3.387092,-0.526500
3.412137,-0.535202
3.437819,-0.543905
3.464157,-0.552607
3.491169,-0.561310
3.518876,-0.570012
3.511514,-0.578714
3.496535,-0.587417
3.455604,-0.596119
3.415428,-0.604822
3.405938,-0.613524
3.379760,-0.622227
3.351072,-0.630929
3.323117,-0.639632
3.295873,-0.648334
3.269320,-0.657037
3.243436,-0.665739
3.218201,-0.674442
3.193598,-0.683144
3.169608,-0.691847
3.146213,-0.700549
3.123397,-0.709252
3.101144,-0.717954
3.079439,-0.726657
3.058267,-0.735359
3.037613,-0.744061
3.017465,-0.752764
2.997810,-0.761466
2.978634,-0.770169
2.959926,-0.778871
2.941674,-0.787574
2.923867,-0.796276
2.906494,-0.804979
2.889545,-0.813681
2.873011,-0.822384
2.856880,-0.831086
2.841146,-0.839789
2.825797,-0.848491
2.810826,-0.857194
2.796225,-0.865896
2.781986,-0.874599
1.273293,-0.883301
1.083989,-0.892003
1.078795,-0.900706
1.073732,-0.909408
1.023669,-0.918111
0.996601,-0.926813
0.992212,-0.935516
0.943402,-0.944218
0.939426,-0.952921
0.935553,-0.961623
0.931784,-0.970326
0.928114,-0.979028
0.938341,-0.987731
0.891337,-0.996433
0.888068,-1.005136
0.884891,-1.013838
0.881803,-1.022541
0.857370,-1.031243
0.854528,-1.039946
0.851770,-1.048648
0.849093,-1.057350
0.846498,-1.066053
0.843983,-1.074755
0.799469,-1.083458
0.797229,-1.092160
0.795061,-1.100863
0.792965,-1.109565
0.790940,-1.118268
0.788986,-1.126970
0.787101,-1.135673
0.785284,-1.144375
0.783536,-1.153078
0.781855,-1.161780
0.780240,-1.170483
0.778691,-1.179185
0.777207,-1.187888
0.775788,-1.196590
0.774432,-1.205293
0.773141,-1.213995
0.771912,-1.222697
0.770746,-1.231400
0.769642,-1.240102
0.768599,-1.248805
0.767618,-1.257507
0.766698,-1.266210
0.765838,-1.274912
0.765038,-1.283615
0.764298,-1.292317
0.763617,-1.301020
0.762996,-1.309722
0.762433,-1.318425
0.761930,-1.327127
0.761485,-1.335830
0.761099,-1.344532
0.760770,-1.353235
0.760500,-1.361937
0.760289,-1.370639
0.760135,-1.379342
0.760039,-1.388044
0.760001,-1.396747
0.760021,-1.405449
0.760098,-1.414152
0.760234,-1.422854
0.760427,-1.431557
0.760679,-1.440259
0.760989,-1.448962
0.761357,-1.457664
0.761783,-1.466367
0.762268,-1.475069
0.762812,-1.483772
0.763415,-1.492474
0.764077,-1.501177
0.764798,-1.509879
0.765579,-1.518582
0.766420,-1.527284
0.767321,-1.535986
0.768283,-1.544689
0.769307,-1.553391
0.770391,-1.562094
0.771538,-1.570796
