scan.pos:-1.954074,4.344657,1.6352500.982039,1.562094
0.981524,1.553391
1.021128,1.544689
1.020748,1.535986
1.020445,1.527284
1.020221,1.518581
1.020075,1.509879
1.020006,1.501177
1.020015,1.492474
1.020101,1.483772
1.020265,1.475069
1.020508,1.466367
1.020827,1.457664
1.021225,1.448962
1.021701,1.440259
1.022256,1.431557
1.042945,1.422854
1.043671,1.414152
1.044477,1.405449
1.045365,1.396747
1.046333,1.388044
1.047383,1.379342
1.088843,1.370639
1.090104,1.361937
1.091452,1.353234
1.092886,1.344532
1.114674,1.335830
1.116313,1.327127
1.158698,1.318425
1.160584,1.309722
1.162565,1.301020
1.225938,1.292317
1.228226,1.283615
1.230615,1.274912
6.212735,1.266210
6.225822,1.257507
6.239441,1.248805
6.253597,1.240102
6.268295,1.231400
6.283542,1.222697
6.299345,1.213995
6.315709,1.205292
6.332643,1.196590
6.350152,1.187888
6.368244,1.179185
6.386928,1.170483
6.406210,1.161780
6.426101,1.153078
6.446608,1.144375
6.467741,1.135673
6.489508,1.126970
6.511919,1.118268
6.534986,1.109565
6.558718,1.100863
6.583126,1.092160
6.608221,1.083458
6.634016,1.074755
6.660521,1.066053
6.687751,1.057350
6.715718,1.048648
6.744436,1.039945
6.773918,1.031243
6.804180,1.022541
6.835236,1.013838
4.156670,1.005136
4.080294,0.996433
4.027298,0.987731
3.974919,0.979028
3.899943,0.970326
3.848540,0.961623
3.797618,0.952921
3.723602,0.944218
3.697058,0.935516
3.623548,0.926813
3.574028,0.918111
3.524797,0.909408
3.500036,0.900706
3.451432,0.892003
3.403022,0.883301
3.354776,0.874598
3.331480,0.865896
3.283628,0.857194
3.235852,0.848491
3.213437,0.839789
3.165897,0.831086
3.144015,0.822384
3.096613,0.813681
3.075184,0.804979
3.054049,0.796276
3.006770,0.787574
2.985978,0.778871
2.938602,0.770169
2.918079,0.761466
2.897770,0.752764
2.877665,0.744061
2.830036,0.735359
2.810062,0.726656
2.790248,0.717954
2.778704,0.709251
2.755023,0.700549
2.731949,0.691847
2.709463,0.683144
2.687547,0.674442
2.666184,0.665739
2.648639,0.657037
2.643820,0.648334
2.643881,0.639632
2.640739,0.630929
2.643506,0.622227
2.622096,0.613524
2.596325,0.604822
2.578408,0.596119
2.555074,0.587417
2.565772,0.578714
2.544714,0.570012
2.533695,0.561309
2.564356,0.552607
2.556650,0.543905
2.588920,0.535202
2.560465,0.526500
2.570565,0.517797
2.570138,0.509095
2.582503,0.500392
2.585936,0.491690
2.600701,0.482987
2.589747,0.474285
2.599491,0.465582
2.655611,0.456880
2.642295,0.448177
2.629312,0.439475
2.685052,0.430772
2.740467,0.422070
2.750398,0.413367
2.805417,0.404665
2.882544,0.395962
2.892349,0.387260
2.880096,0.378558
2.890266,0.369855
2.900571,0.361153
2.911015,0.352450
2.921597,0.343748
2.932321,0.335045
2.986544,0.326343
2.997398,0.317640
3.029927,0.308938
3.105363,0.300235
3.201905,0.291533
3.234126,0.282830
3.351356,0.274128
3.446934,0.265425
3.499966,0.256723
3.637162,0.248020
3.689877,0.239318
3.805387,0.230615
3.814375,0.221913
3.788133,0.213211
3.785933,0.204508
3.780569,0.195806
3.767553,0.187103
3.758855,0.178401
3.757025,0.169698
3.741009,0.160996
3.731051,0.152293
3.720203,0.143591
3.728650,0.134888
3.725487,0.126186
3.699583,0.117483
3.693637,0.108781
3.687991,0.100078
3.682642,0.091376
3.677589,0.082673
3.672828,0.073971
3.668359,0.065269
3.664179,0.056566
3.660287,0.047864
3.656682,0.039161
3.653362,0.030459
3.650325,0.021756
3.647571,0.013054
3.645099,0.004351
3.642907,-0.004351
3.640995,-0.013054
3.639362,-0.021756
3.638007,-0.030459
3.636930,-0.039161
3.636131,-0.047864
3.635608,-0.056566
3.635363,-0.065269
3.635395,-0.073971
3.635703,-0.082674
3.636289,-0.091376
3.637151,-0.100078
3.638292,-0.108781
3.639710,-0.117483
3.641407,-0.126186
3.643383,-0.134888
3.645638,-0.143591
3.648175,-0.152293
3.650993,-0.160996
3.654094,-0.169698
3.657480,-0.178401
3.661150,-0.187103
3.665108,-0.195806
3.669353,-0.204508
3.673889,-0.213211
3.678716,-0.221913
3.683837,-0.230616
3.689254,-0.239318
3.694968,-0.248021
3.700983,-0.256723
3.707299,-0.265425
3.713921,-0.274128
3.720850,-0.282830
3.728090,-0.291533
3.735643,-0.300235
3.743512,-0.308938
3.751701,-0.317640
3.760212,-0.326343
3.769050,-0.335045
3.778218,-0.343748
3.787720,-0.352450
3.797560,-0.361153
3.807742,-0.369855
3.818269,-0.378558
3.829148,-0.387260
3.840383,-0.395963
3.851977,-0.404665
3.863937,-0.413367
3.876268,-0.422070
3.888974,-0.430772
3.902063,-0.439475
3.915539,-0.448177
3.929408,-0.456880
3.943678,-0.465582
3.958354,-0.474285
3.973444,-0.482987
3.988954,-0.491690
4.004891,-0.500392
4.021264,-0.509095
4.038080,-0.517797
1.912949,-0.526500
1.884518,-0.535202
1.835381,-0.543905
1.808513,-0.552607
1.785204,-0.561310
1.759804,-0.570012
1.716719,-0.578714
1.692511,-0.587417
1.668482,-0.596119
1.675419,-0.604822
1.699439,-0.613524
1.686134,-0.622227
1.664597,-0.630929
1.653822,-0.639632
1.657132,-0.648334
1.624823,-0.657037
1.605034,-0.665739
1.550224,-0.674442
1.530893,-0.683144
1.502021,-0.691847
1.433573,-0.700549
1.405993,-0.709252
1.387302,-0.717954
1.386533,-0.726657
1.368383,-0.735359
1.343886,-0.744061
1.320328,-0.752764
1.328925,-0.761466
1.285097,-0.770169
1.268307,-0.778871
1.251360,-0.787574
1.234247,-0.796276
1.244003,-0.804979
1.226750,-0.813681
1.209309,-0.822384
1.191673,-0.831086
1.201778,-0.839789
1.183959,-0.848491
1.181623,-0.857194
1.171553,-0.865896
1.161741,-0.874599
1.152179,-0.883301
1.142860,-0.892003
1.133775,-0.900706
1.124919,-0.909408
1.116285,-0.918111
1.107865,-0.926813
1.099655,-0.935516
1.091648,-0.944218
1.083839,-0.952921
1.076223,-0.961623
1.068793,-0.970326
1.061546,-0.979028
1.054475,-0.987731
1.047578,-0.996433
1.040849,-1.005136
1.034285,-1.013838
1.027880,-1.022541
1.021631,-1.031243
1.015535,-1.039946
1.009588,-1.048648
1.003786,-1.057350
0.998126,-1.066053
0.992604,-1.074755
0.987218,-1.083458
0.981964,-1.092160
0.976840,-1.100863
0.971843,-1.109565
0.966970,-1.118268
0.962219,-1.126970
0.957586,-1.135673
0.953071,-1.144375
0.948669,-1.153078
0.944380,-1.161780
0.940200,-1.170483
0.936128,-1.179185
0.932162,-1.187888
0.928300,-1.196590
0.924540,-1.205293
0.920880,-1.213995
0.917319,-1.222697
0.913854,-1.231400
0.910484,-1.240102
0.907209,-1.248805
0.904025,-1.257507
0.900931,-1.266210
0.897927,-1.274912
0.895011,-1.283615
0.892182,-1.292317
0.889438,-1.301020
0.886778,-1.309722
0.884201,-1.318425
0.881706,-1.327127
0.879291,-1.335830
0.876957,-1.344532
0.874701,-1.353235
0.872523,-1.361937
0.870422,-1.370639
0.868397,-1.379342
0.866448,-1.388044
0.864573,-1.396747
0.862771,-1.405449
0.861042,-1.414152
0.859386,-1.422854
0.857801,-1.431557
0.856287,-1.440259
0.854844,-1.448962
0.853470,-1.457664
0.852165,-1.466367
0.850929,-1.475069
0.849762,-1.483772
0.848662,-1.492474
0.847629,-1.501177
0.846663,-1.509879
0.845764,-1.518582
0.844931,-1.527284
0.844164,-1.535986
0.843462,-1.544689
0.842826,-1.553391
0.842254,-1.562094
0.841748,-1.570796
