scan.pos:-2.083069,2.859502,1.1352500.926498,1.562094
0.930312,1.553391
0.934228,1.544689
0.938249,1.535986
0.942377,1.527284
0.946614,1.518581
0.950962,1.509879
0.955423,1.501177
0.959999,1.492474
0.964694,1.483772
0.969509,1.475069
0.974447,1.466367
0.979510,1.457664
0.984701,1.448962
0.990024,1.440259
0.995481,1.431557
1.001075,1.422854
1.006809,1.414152
1.012686,1.405449
1.018711,1.396747
1.024887,1.388044
1.031217,1.379342
1.033913,1.370639
1.040539,1.361937
1.047331,1.353234
1.054293,1.344532
1.061429,1.335830
1.068744,1.327127
1.076244,1.318425
1.083933,1.309722
1.091816,1.301020
1.099899,1.292317
1.108187,1.283615
1.116687,1.274912
1.125405,1.266210
1.134347,1.257507
1.143520,1.248805
1.152932,1.240102
1.162588,1.231400
1.172498,1.222697
1.182670,1.213995
1.177836,1.205292
1.199581,1.196590
1.193530,1.187888
1.217043,1.179185
1.211790,1.170483
1.233730,1.161780
1.255510,1.153078
1.254563,1.144375
1.276767,1.135673
1.298848,1.126970
1.300357,1.118268
1.322932,1.109565
1.319851,1.100863
1.342443,1.092160
1.347340,1.083458
1.370528,1.074755
1.393680,1.066053
1.416810,1.057350
1.425174,1.048648
1.449030,1.039945
1.448629,1.031243
1.472693,1.022541
1.496809,1.013838
1.509949,1.005136
1.534981,0.996433
1.560121,0.987731
1.585387,0.979028
1.610798,0.970326
1.629279,0.961623
1.655861,0.952921
1.751629,0.944218
1.778331,0.935516
3.939359,0.926813
3.920896,0.918111
3.902901,0.909408
3.885365,0.900706
3.868279,0.892003
3.851634,0.883301
3.835423,0.874598
3.819638,0.865896
3.826257,0.857194
3.833114,0.848491
3.818393,0.839789
3.804072,0.831086
3.790146,0.822384
3.798186,0.813681
3.787180,0.804979
3.809469,0.796276
3.843964,0.787574
3.842919,0.778871
3.862039,0.770169
3.887545,0.761466
3.898780,0.752764
3.896419,0.744061
3.943970,0.735359
3.954187,0.726656
4.089832,0.717954
4.162655,0.709251
4.235429,0.700549
4.266753,0.691847
4.277592,0.683144
4.309324,0.674442
4.361816,0.665739
4.434951,0.657037
4.569594,0.648334
4.744963,0.639632
5.001693,0.630929
5.217135,0.622227
5.208461,0.613524
5.200212,0.604822
5.192383,0.596119
5.184972,0.587417
5.177977,0.578714
5.183809,0.570012
5.174580,0.561309
5.176456,0.552607
5.156201,0.543905
5.163491,0.535202
5.144571,0.526500
5.140412,0.517797
5.136651,0.509095
5.133285,0.500392
5.130314,0.491690
5.127738,0.482987
5.125553,0.474285
5.123761,0.465582
5.122360,0.456880
5.121349,0.448177
5.120729,0.439475
5.120499,0.430772
5.120659,0.422070
5.121209,0.413367
5.122149,0.404665
5.123480,0.395962
5.125202,0.387260
5.127315,0.378558
5.129821,0.369855
5.132721,0.361153
5.136015,0.352450
5.139705,0.343748
5.143793,0.335045
5.148279,0.326343
5.153166,0.317640
5.158455,0.308938
5.164149,0.300235
5.170250,0.291533
5.176760,0.282830
5.183681,0.274128
5.191018,0.265425
5.198771,0.256723
5.206944,0.248020
5.215541,0.239318
5.224565,0.230615
5.234020,0.221913
5.243909,0.213211
5.254236,0.204508
5.265006,0.195806
5.276222,0.187103
5.287890,0.178401
5.300014,0.169698
5.312600,0.160996
5.325652,0.152293
5.339176,0.143591
3.330897,0.134888
3.245419,0.126186
3.161894,0.117483
3.085503,0.108781
3.096780,0.100078
3.033712,0.091376
3.022803,0.082673
2.793880,0.073971
2.710702,0.065269
2.650879,0.056566
2.592919,0.047864
2.558329,0.039161
2.503784,0.030459
2.444090,0.021756
2.393590,0.013054
2.344350,0.004351
2.318342,-0.004351
2.271460,-0.013054
2.202662,-0.021756
2.180476,-0.030459
2.137425,-0.039161
2.117716,-0.047864
2.076321,-0.056566
2.035625,-0.065269
2.022839,-0.073971
1.984374,-0.082674
1.946457,-0.091376
1.932248,-0.100078
1.895427,-0.108781
1.867607,-0.117483
1.832416,-0.126186
1.821285,-0.134888
1.786912,-0.143591
1.764503,-0.152293
1.731455,-0.160996
1.722898,-0.169698
1.690445,-0.178401
1.682734,-0.187103
1.666143,-0.195806
1.635067,-0.204508
1.629137,-0.213211
1.598443,-0.221913
1.586040,-0.230616
1.556193,-0.239318
1.552100,-0.248021
1.502993,-0.256723
1.513917,-0.265425
1.511279,-0.274128
1.482518,-0.282830
1.480391,-0.291533
1.448695,-0.300235
1.447545,-0.308938
1.419402,-0.317640
1.417166,-0.326343
1.445059,-0.335045
1.445731,-0.343748
1.446732,-0.352450
1.463547,-0.361153
1.451139,-0.369855
1.439048,-0.378558
1.481997,-0.387260
1.470071,-0.395963
1.485378,-0.404665
1.527280,-0.413367
1.515618,-0.422070
1.530565,-0.430772
1.545407,-0.439475
1.534213,-0.448177
1.523296,-0.456880
1.538218,-0.465582
1.553051,-0.474285
1.567801,-0.482987
1.607529,-0.491690
1.621965,-0.500392
1.636339,-0.509095
1.675234,-0.517797
1.689346,-0.526500
1.703414,-0.535202
1.717443,-0.543905
1.731437,-0.552607
1.769261,-0.561310
1.783066,-0.570012
1.820449,-0.578714
1.834095,-0.587417
1.871078,-0.596119
1.907817,-0.604822
1.944324,-0.613524
1.934633,-0.622227
1.948061,-0.630929
2.007042,-0.639632
2.065618,-0.648334
2.078694,-0.657037
2.114265,-0.665739
2.149682,-0.674442
2.162693,-0.683144
2.220091,-0.691847
2.277180,-0.700549
2.333979,-0.709252
2.368604,-0.717954
2.379221,-0.726657
2.435531,-0.735359
2.478810,-0.744061
2.536030,-0.752764
2.593098,-0.761466
2.662870,-0.770169
2.721130,-0.778871
2.773840,-0.787574
2.854918,-0.796276
2.914799,-0.804979
2.995500,-0.813681
3.078507,-0.822384
3.165106,-0.831086
3.250574,-0.839789
3.565941,-0.848491
5.854271,-1.074755
5.771218,-1.083458
5.728720,-1.092160
5.686691,-1.100863
5.665129,-1.109565
5.664011,-1.118268
5.623324,-1.126970
5.603071,-1.135673
5.603246,-1.144375
5.523837,-1.153078
5.504844,-1.161780
5.446239,-1.170483
5.448070,-1.179185
5.410263,-1.187888
5.372835,-1.196590
5.355824,-1.205293
5.319140,-1.213995
5.322962,-1.222697
5.307104,-1.231400
5.311733,-1.240102
5.276520,-1.248805
5.281936,-1.257507
5.247425,-1.266210
5.253624,-1.274912
5.199580,-1.283615
5.206532,-1.292317
5.153074,-1.301020
5.160770,-1.309722
5.128209,-1.318425
5.116304,-1.327127
5.084344,-1.335830
5.086271,-1.344532
5.007070,-1.353235
4.954658,-1.361937
4.876926,-1.370639
4.777433,-1.379342
4.447106,-1.388044
4.294005,-1.396747
4.165339,-1.405449
4.017845,-1.414152
3.916435,-1.422854
3.742698,-1.431557
3.635650,-1.440259
3.530560,-1.448962
3.453679,-1.457664
3.231957,-1.466367
3.142494,-1.475069
3.076183,-1.483772
2.997132,-1.492474
2.936309,-1.501177
2.877507,-1.509879
2.799017,-1.518582
2.743757,-1.527284
2.690118,-1.535986
2.637986,-1.544689
2.587259,-1.553391
2.552019,-1.562094
2.555827,-1.570796
