scan.pos:-0.525445,7.269677,-0.3647500.770702,1.562094
0.773308,1.553391
0.775992,1.544689
0.778753,1.535986
0.781594,1.527284
0.784515,1.518581
0.787519,1.509879
0.790606,1.501177
0.793778,1.492474
0.797037,1.483772
0.800384,1.475069
0.803820,1.466367
0.807348,1.457664
0.810969,1.448962
0.814685,1.440259
0.818498,1.431557
0.822410,1.422854
0.826422,1.414152
0.830537,1.405449
0.834758,1.396747
0.839085,1.388044
0.843523,1.379342
0.848072,1.370639
0.852736,1.361937
0.857518,1.353234
0.862419,1.344532
0.867443,1.335830
0.872593,1.327127
0.877872,1.318425
0.883282,1.309722
0.888828,1.301020
0.894512,1.292317
0.900339,1.283615
0.906311,1.274912
0.912433,1.266210
0.918709,1.257507
0.925143,1.248805
0.931739,1.240102
0.938502,1.231400
0.945436,1.222697
0.952546,1.213995
0.959838,1.205292
0.967316,1.196590
0.974987,1.187888
0.982856,1.179185
0.990929,1.170483
0.999212,1.161780
1.007713,1.153078
1.016437,1.144375
1.011223,1.135673
1.030483,1.126970
1.021880,1.118268
1.040888,1.109565
1.059666,1.100863
1.051270,1.092160
1.069830,1.083458
1.088186,1.074755
1.080005,1.066053
1.098174,1.057350
1.116161,1.048648
1.133975,1.039945
1.116986,1.031243
1.135013,1.022541
1.152887,1.013838
1.153620,1.005136
1.171928,0.996433
1.190111,0.987731
1.217934,0.979028
1.212021,0.970326
1.230610,0.961623
1.260630,0.952921
1.255647,0.944218
1.274755,0.935516
1.307187,0.926813
1.326841,0.918111
1.346472,0.909408
1.358094,0.900706
1.378522,0.892003
1.398973,0.883301
1.413940,0.874598
1.435325,0.865896
1.456784,0.857194
1.478331,0.848491
1.520577,0.839789
1.543177,0.831086
1.565934,0.822384
1.589782,0.813681
1.613920,0.804979
1.660387,0.796276
1.684942,0.787574
1.714946,0.778871
1.741254,0.770169
1.789687,0.761466
1.816712,0.752764
1.854172,0.744061
1.904968,0.735359
1.934761,0.726656
1.986552,0.717954
2.033190,0.709251
2.087759,0.700549
2.143077,0.691847
2.199222,0.683144
2.257531,0.674442
2.317552,0.665739
2.378794,0.657037
2.462255,0.648334
2.535950,0.639632
2.604041,0.630929
2.694828,0.622227
2.787718,0.613524
2.882570,0.604822
2.983599,0.596119
3.108362,0.587417
3.216156,0.578714
3.362069,0.570012
3.482743,0.561309
3.629443,0.552607
3.823236,0.543905
3.983652,0.535202
4.211700,0.526500
4.437832,0.517797
4.716857,0.509095
4.990375,0.500392
5.331925,0.491690
5.675550,0.482987
6.147880,0.474285
6.614784,0.465582
7.170155,0.456880
2.186398,-0.221913
2.080504,-0.230616
2.046810,-0.239318
2.037806,-0.248021
1.833094,-0.256723
1.799307,-0.265425
1.790571,-0.274128
1.757326,-0.282830
1.749413,-0.291533
1.691282,-0.300235
1.683954,-0.308938
1.599974,-0.317640
1.567092,-0.326343
1.560315,-0.335045
1.553935,-0.343748
1.521486,-0.352450
1.462352,-0.361153
1.429629,-0.369855
1.423916,-0.378558
1.418547,-0.387260
1.385989,-0.395963
1.381059,-0.404665
1.376452,-0.413367
1.372162,-0.422070
1.361888,-0.430772
1.350319,-0.439475
1.339046,-0.448177
1.328059,-0.456880
1.317351,-0.465582
1.306913,-0.474285
1.296737,-0.482987
1.286816,-0.491690
1.277142,-0.500392
1.267708,-0.509095
1.258507,-0.517797
1.249534,-0.526500
1.240781,-0.535202
1.232243,-0.543905
1.223915,-0.552607
1.215790,-0.561310
1.207864,-0.570012
1.200131,-0.578714
1.192587,-0.587417
1.185227,-0.596119
1.178047,-0.604822
1.171041,-0.613524
1.164207,-0.622227
1.157539,-0.630929
1.151035,-0.639632
1.144690,-0.648334
1.138500,-0.657037
1.119906,-0.665739
1.126575,-0.674442
1.120833,-0.683144
1.115234,-0.691847
1.109774,-0.700549
1.104452,-0.709252
1.099263,-0.717954
1.094206,-0.726657
1.089278,-0.735359
1.084476,-0.744061
1.079798,-0.752764
1.075242,-0.761466
1.070806,-0.770169
1.066486,-0.778871
1.062282,-0.787574
1.058192,-0.796276
1.054212,-0.804979
1.050342,-0.813681
1.046580,-0.822384
1.042924,-0.831086
1.039372,-0.839789
1.035923,-0.848491
1.032575,-0.857194
1.029327,-0.865896
1.026177,-0.874599
1.023124,-0.883301
1.020167,-0.892003
1.017304,-0.900706
1.014534,-0.909408
1.011856,-0.918111
1.009268,-0.926813
1.006770,-0.935516
1.004361,-0.944218
1.002040,-0.952921
0.999805,-0.961623
0.997656,-0.970326
0.995592,-0.979028
0.993612,-0.987731
0.991715,-0.996433
0.989900,-1.005136
0.988168,-1.013838
0.986516,-1.022541
0.984945,-1.031243
0.983453,-1.039946
0.982041,-1.048648
0.980707,-1.057350
0.979452,-1.066053
0.978274,-1.074755
0.977173,-1.083458
0.976149,-1.092160
0.975201,-1.100863
0.974330,-1.109565
0.973533,-1.118268
0.972813,-1.126970
0.972167,-1.135673
0.971596,-1.144375
0.971099,-1.153078
0.970677,-1.161780
0.970330,-1.170483
0.970056,-1.179185
0.969856,-1.187888
0.969731,-1.196590
0.969679,-1.205293
0.969701,-1.213995
0.969796,-1.222697
0.969966,-1.231400
0.970210,-1.240102
0.970528,-1.248805
0.970919,-1.257507
0.971386,-1.266210
0.971926,-1.274912
0.972542,-1.283615
0.973232,-1.292317
0.973998,-1.301020
0.974839,-1.309722
0.975756,-1.318425
1.017040,-1.327127
1.018154,-1.335830
1.019348,-1.344532
1.011278,-1.353235
1.021978,-1.361937
1.023415,-1.370639
1.024935,-1.379342
1.026537,-1.388044
1.028223,-1.396747
1.029993,-1.405449
1.031848,-1.414152
1.033788,-1.422854
1.035814,-1.431557
1.037928,-1.440259
1.040130,-1.448962
1.042421,-1.457664
1.044801,-1.466367
1.047272,-1.475069
1.049836,-1.483772
1.052492,-1.492474
1.055242,-1.501177
1.058087,-1.509879
1.061029,-1.518582
1.064069,-1.527284
1.067207,-1.535986
1.070446,-1.544689
1.073786,-1.553391
1.077230,-1.562094
1.080778,-1.570796
