scan.pos:4.820577,5.425200,-0.3647502.734708,1.562094
2.743956,1.553391
2.753477,1.544689
2.763275,1.535986
2.773355,1.527284
2.783722,1.518581
2.794380,1.509879
2.805334,1.501177
2.816591,1.492474
2.828154,1.483772
2.840029,1.475069
2.852223,1.466367
2.864741,1.457664
2.877589,1.448962
2.890775,1.440259
2.904304,1.431557
2.918184,1.422854
2.932421,1.414152
2.947023,1.405449
2.961998,1.396747
2.977355,1.388044
2.993100,1.379342
3.009243,1.370639
3.025793,1.361937
3.042758,1.353234
3.060150,1.344532
3.077977,1.335830
3.096251,1.327127
3.114981,1.318425
3.134179,1.309722
3.153857,1.301020
3.174027,1.292317
3.194702,1.283615
3.215894,1.274912
3.237617,1.266210
3.259886,1.257507
3.282715,1.248805
3.306120,1.240102
3.330116,1.231400
3.354720,1.222697
3.379950,1.213995
3.405824,1.205292
3.432360,1.196590
3.459579,1.187888
3.487500,1.179185
3.516145,1.170483
3.545538,1.161780
3.575700,1.153078
3.606658,1.144375
3.627020,1.135673
3.645318,1.126970
3.692087,1.118268
3.711883,1.109565
3.762120,1.100863
3.784009,1.092160
3.833588,1.083458
3.883725,1.074755
3.912507,1.066053
3.938439,1.057350
3.991388,1.048648
4.045055,1.039945
4.048305,1.031243
4.014922,1.022541
3.987786,1.013838
3.961314,1.005136
3.935489,0.996433
3.910294,0.987731
3.885714,0.979028
3.861733,0.970326
3.838337,0.961623
3.815512,0.952921
3.793244,0.944218
3.771519,0.935516
3.750326,0.926813
3.729653,0.918111
3.709486,0.909408
3.689817,0.900706
3.670633,0.892003
3.651924,0.883301
3.633680,0.874598
3.615891,0.865896
3.598548,0.857194
3.581643,0.848491
3.565166,0.839789
3.549109,0.831086
3.533463,0.822384
3.518222,0.813681
3.503377,0.804979
3.488922,0.796276
3.474849,0.787574
3.461151,0.778871
3.447823,0.770169
3.434857,0.761466
3.422248,0.752764
3.409991,0.744061
3.398078,0.735359
3.386506,0.726656
3.375268,0.717954
3.364360,0.709251
3.353776,0.700549
3.343513,0.691847
3.333566,0.683144
3.323930,0.674442
3.314601,0.665739
3.305576,0.657037
3.296850,0.648334
3.288420,0.639632
3.280282,0.630929
3.272432,0.622227
3.264868,0.613524
3.257587,0.604822
3.250585,0.596119
3.243859,0.587417
3.237407,0.578714
3.231227,0.570012
3.225315,0.561309
3.219670,0.552607
3.214288,0.543905
3.209169,0.535202
3.204309,0.526500
3.199708,0.517797
3.195362,0.509095
3.191271,0.500392
3.187433,0.491690
3.183847,0.482987
3.180510,0.474285
3.177422,0.465582
3.174582,0.456880
3.171988,0.448177
3.169639,0.439475
3.167535,0.430772
3.165675,0.422070
3.164057,0.413367
3.162683,0.404665
3.161549,0.395962
3.160658,0.387260
3.160007,0.378558
3.159597,0.369855
3.159428,0.361153
3.159500,0.352450
3.159812,0.343748
3.160365,0.335045
3.161159,0.326343
3.162194,0.317640
3.163471,0.308938
3.164990,0.300235
3.166751,0.291533
3.168757,0.282830
3.171006,0.274128
3.173500,0.265425
3.176241,0.256723
3.179228,0.248020
3.182464,0.239318
3.185949,0.230615
3.189685,0.221913
3.193673,0.213211
3.197915,0.204508
3.202412,0.195806
3.207167,0.187103
3.212181,0.178401
3.217456,0.169698
3.222994,0.160996
3.228798,0.152293
3.234869,0.143591
3.241210,0.134888
3.247824,0.126186
3.254714,0.117483
3.261882,0.108781
3.269331,0.100078
3.277064,0.091376
3.285085,0.082673
3.293396,0.073971
3.302002,0.065269
3.310906,0.056566
3.320111,0.047864
3.329622,0.039161
3.339442,0.030459
3.349577,0.021756
3.360030,0.013054
3.370806,0.004351
3.381909,-0.004351
3.393345,-0.013054
3.405119,-0.021756
3.417236,-0.030459
3.429702,-0.039161
3.442522,-0.047864
3.455703,-0.056566
3.469250,-0.065269
3.483170,-0.073971
3.497469,-0.082674
3.512156,-0.091376
3.527235,-0.100078
3.542716,-0.108781
3.558605,-0.117483
3.574911,-0.126186
3.591642,-0.134888
3.608806,-0.143591
3.626413,-0.152293
3.644471,-0.160996
3.662990,-0.169698
3.681981,-0.178401
3.701452,-0.187103
3.721416,-0.195806
3.741882,-0.204508
3.762863,-0.213211
3.784371,-0.221913
3.806417,-0.230616
3.829015,-0.239318
3.852178,-0.248021
3.875920,-0.256723
3.900255,-0.265425
3.925198,-0.274128
3.950766,-0.282830
3.976973,-0.291533
4.003838,-0.300235
4.031377,-0.308938
4.059608,-0.317640
4.088552,-0.326343
4.118227,-0.335045
4.148654,-0.343748
4.179855,-0.352450
4.211852,-0.361153
4.244668,-0.369855
4.278328,-0.378558
4.312858,-0.387260
4.348283,-0.395963
4.384631,-0.404665
4.421932,-0.413367
4.460216,-0.422070
4.487705,-0.430772
4.513230,-0.439475
4.567432,-0.448177
4.596752,-0.456880
4.652977,-0.465582
4.682959,-0.474285
4.740865,-0.482987
4.803453,-0.491690
4.837175,-0.500392
4.898334,-0.509095
4.934484,-0.517797
4.997780,-0.526500
5.073796,-0.535202
5.115130,-0.543905
5.105803,-0.552607
5.071909,-0.561310
5.038844,-0.570012
5.006586,-0.578714
4.975114,-0.587417
4.944410,-0.596119
4.914455,-0.604822
4.836924,-0.613524
4.808694,-0.622227
4.757279,-0.630929
4.730547,-0.639632
4.704470,-0.648334
4.679033,-0.657037
4.654222,-0.665739
4.630024,-0.674442
4.606425,-0.683144
4.583413,-0.691847
4.560975,-0.700549
4.539099,-0.709252
4.517775,-0.717954
4.496991,-0.726657
4.476737,-0.735359
4.457003,-0.744061
4.437778,-0.752764
4.374698,-0.761466
4.356647,-0.770169
4.339075,-0.778871
4.278150,-0.787574
4.261676,-0.796276
4.245650,-0.804979
4.230065,-0.813681
4.214913,-0.822384
4.200189,-0.831086
4.185885,-0.839789
4.171994,-0.848491
4.158512,-0.857194
4.145430,-0.865896
4.132744,-0.874599
4.120449,-0.883301
4.108539,-0.892003
4.097008,-0.900706
4.085852,-0.909408
4.075066,-0.918111
4.064646,-0.926813
4.054587,-0.935516
4.044885,-0.944218
4.035535,-0.952921
4.026535,-0.961623
4.017880,-0.970326
3.085514,-0.979028
3.017897,-0.987731
2.991681,-0.996433
2.945373,-1.005136
2.899455,-1.013838
2.894608,-1.022541
2.889998,-1.031243
2.865338,-1.039946
2.861223,-1.048648
2.857337,-1.057350
2.853679,-1.066053
2.809892,-1.074755
2.806731,-1.083458
2.803789,-1.092160
2.780953,-1.100863
2.778467,-1.109565
2.736038,-1.118268
2.693883,-1.126970
2.692094,-1.135673
2.690513,-1.144375
2.669109,-1.153078
2.667949,-1.161780
2.666994,-1.170483
2.666241,-1.179185
2.625685,-1.187888
2.625345,-1.196590
2.625204,-1.205293
2.605263,-1.213995
2.605521,-1.222697
2.605977,-1.231400
2.566609,-1.240102
2.567450,-1.248805
2.568486,-1.257507
2.529649,-1.266210
2.531057,-1.274912
2.512601,-1.283615
2.474238,-1.292317
2.476184,-1.301020
2.458216,-1.309722
2.460528,-1.318425
2.463032,-1.327127
2.425393,-1.335830
2.428237,-1.344532
2.431274,-1.353235
2.394016,-1.361937
2.387961,-1.370639
2.398170,-1.379342
2.376973,-1.388044
2.384074,-1.396747
2.377777,-1.405449
2.336714,-1.414152
2.339770,-1.422854
2.344357,-1.431557
2.308021,-1.440259
2.312917,-1.448962
2.276714,-1.457664
2.281913,-1.466367
2.287311,-1.475069
2.272114,-1.483772
2.277862,-1.492474
2.283814,-1.501177
2.289972,-1.509879
2.296339,-1.518582
2.302917,-1.527284
2.309710,-1.535986
2.316719,-1.544689
2.323949,-1.553391
2.331402,-1.562094
2.339082,-1.570796
