scan.pos:-0.726045,7.134613,-2.6147500.948636,1.562094
0.943881,1.553391
0.939244,1.544689
0.934724,1.535986
0.930317,1.527284
0.926022,1.518581
0.921836,1.509879
0.917757,1.501177
0.913784,1.492474
0.909914,1.483772
0.906145,1.475069
0.902476,1.466367
0.898905,1.457664
0.895429,1.448962
0.892048,1.440259
0.888760,1.431557
0.885564,1.422854
0.882457,1.414152
0.879439,1.405449
0.876507,1.396747
0.873662,1.388044
0.870901,1.379342
0.868223,1.370639
0.865628,1.361937
0.863113,1.353234
0.860679,1.344532
0.858323,1.335830
0.856045,1.327127
0.853844,1.318425
0.851719,1.309722
0.849669,1.301020
0.847694,1.292317
0.845792,1.283615
0.843962,1.274912
0.842205,1.266210
0.840518,1.257507
0.838902,1.248805
0.837356,1.240102
0.835879,1.231400
0.834471,1.222697
0.833131,1.213995
0.831858,1.205292
0.830653,1.196590
0.829514,1.187888
0.828441,1.179185
0.827433,1.170483
0.826492,1.161780
0.825615,1.153078
0.844919,1.144375
0.864252,1.135673
0.863535,1.126970
0.862884,1.118268
0.862300,1.109565
0.861783,1.100863
0.861331,1.092160
0.860946,1.083458
0.860626,1.074755
0.860372,1.066053
0.860184,1.057350
0.860062,1.048648
0.860005,1.039945
0.860013,1.031243
0.860087,1.022541
0.860226,1.013838
0.860431,1.005136
0.860702,0.996433
0.861038,0.987731
0.861441,0.979028
0.861909,0.970326
0.862444,0.961623
0.863045,0.952921
0.863712,0.944218
0.864447,0.935516
0.865249,0.926813
0.866118,0.918111
0.867055,0.909408
0.868061,0.900706
0.869134,0.892003
0.870277,0.883301
0.871490,0.874598
0.872772,0.865896
0.874125,0.857194
0.875549,0.848491
0.877044,0.839789
0.878612,0.831086
0.880252,0.822384
0.922987,0.813681
0.924858,0.804979
0.926808,0.796276
0.928836,0.787574
0.930944,0.778871
0.933133,0.770169
0.956191,0.761466
0.958597,0.752764
0.961088,0.744061
0.963666,0.735359
1.008346,0.726656
1.011220,0.717954
1.014188,0.709251
1.038444,0.700549
1.041670,0.691847
1.130301,0.683144
5.191893,0.596119
5.013982,0.587417
4.926556,0.578714
4.840986,0.570012
4.757153,0.561309
4.674942,0.552607
4.616965,0.543905
4.537796,0.535202
4.459953,0.526500
4.406397,0.517797
4.331060,0.509095
4.280086,0.500392
4.206947,0.491690
4.134740,0.482987
4.087060,0.474285
4.040442,0.465582
3.970899,0.456880
3.926108,0.448177
3.882224,0.439475
3.814841,0.430772
3.772487,0.422070
3.730906,0.413367
3.690058,0.404665
3.649907,0.395962
3.610415,0.387260
3.596864,0.378558
3.584253,0.369855
3.546893,0.361153
3.510071,0.352450
3.499794,0.343748
3.490380,0.335045
3.481815,0.326343
3.500715,0.317640
3.494021,0.308938
3.488150,0.300235
3.509741,0.291533
3.538484,0.282830
3.512542,0.274128
3.542336,0.265425
3.572913,0.256723
3.587861,0.248020
3.621796,0.239318
3.657390,0.230615
3.692566,0.221913
3.730446,0.213211
3.766972,0.204508
3.780476,0.195806
3.845249,0.187103
3.888073,0.178401
3.901482,0.169698
4.019820,0.160996
4.094895,0.152293
4.210220,0.143591
4.233309,0.134888
4.301682,0.126186
4.420729,0.117483
4.473354,0.108781
4.518901,0.100078
4.575061,0.091376
4.657841,0.082673
4.704726,0.073971
4.778238,0.065269
4.834030,0.056566
7.775214,-0.169698
7.749972,-0.178401
7.725481,-0.187103
7.701728,-0.195806
7.678704,-0.204508
7.656399,-0.213211
7.634803,-0.221913
7.613906,-0.230616
7.593700,-0.239318
7.574176,-0.248021
7.555327,-0.256723
2.832876,-0.265425
2.805614,-0.274128
2.799318,-0.282830
2.710925,-0.291533
2.705279,-0.300235
2.638361,-0.308938
2.633288,-0.317640
2.608012,-0.326343
2.562637,-0.335045
2.558320,-0.343748
2.554211,-0.352450
2.550310,-0.361153
2.546614,-0.369855
2.543122,-0.378558
2.539832,-0.387260
2.536745,-0.395963
2.533857,-0.404665
2.531168,-0.413367
2.528678,-0.422070
2.526385,-0.430772
2.524288,-0.439475
2.522386,-0.448177
2.460519,-0.456880
2.459042,-0.465582
2.417692,-0.474285
2.416610,-0.482987
2.395698,-0.491690
2.394992,-0.500392
2.394468,-0.509095
2.394127,-0.517797
2.353967,-0.526500
2.353991,-0.535202
2.354193,-0.543905
2.354574,-0.552607
2.355135,-0.561310
2.355876,-0.570012
2.356797,-0.578714
2.357898,-0.587417
2.359180,-0.596119
2.360644,-0.604822
2.362289,-0.613524
2.364116,-0.622227
2.366127,-0.630929
2.368322,-0.639632
2.370701,-0.648334
2.373266,-0.657037
2.376018,-0.665739
2.378958,-0.674442
2.382086,-0.683144
2.385405,-0.691847
2.388915,-0.700549
2.433275,-0.709252
2.437238,-0.717954
2.400608,-0.726657
2.404898,-0.735359
2.409388,-0.744061
2.414078,-0.752764
2.418972,-0.761466
2.424070,-0.770169
2.429376,-0.778871
2.434890,-0.787574
2.440616,-0.796276
2.446555,-0.804979
2.452711,-0.813681
2.474949,-0.822384
2.484691,-0.831086
2.475786,-0.839789
2.532173,-0.848491
2.549994,-0.857194
2.527753,-0.865896
2.464512,-0.874599
2.423743,-0.883301
2.349268,-0.892003
2.290642,-0.900706
2.254369,-0.909408
2.209546,-0.918111
2.154540,-0.926813
2.121872,-0.935516
2.062202,-0.944218
2.031869,-0.952921
2.002077,-0.961623
1.948137,-0.970326
1.920253,-0.979028
1.892770,-0.987731
1.843251,-0.996433
1.817820,-1.005136
1.792199,-1.013838
1.766848,-1.022541
1.745901,-1.031243
1.698956,-1.039946
1.675024,-1.048648
1.657971,-1.057350
1.635179,-1.066053
1.612507,-1.074755
1.575538,-1.083458
1.577382,-1.092160
1.555755,-1.100863
1.521700,-1.109565
1.500781,-1.118268
1.479879,-1.126970
1.472669,-1.135673
1.452496,-1.144375
1.422783,-1.153078
1.403115,-1.161780
1.408375,-1.170483
1.380908,-1.179185
1.361759,-1.187888
1.342523,-1.196590
1.342619,-1.205293
1.323887,-1.213995
1.299840,-1.222697
1.307608,-1.231400
1.285031,-1.240102
1.266989,-1.248805
1.248789,-1.257507
1.227760,-1.266210
1.236980,-1.274912
1.217302,-1.283615
1.199594,-1.292317
1.229874,-1.301020
1.212298,-1.309722
1.209610,-1.318425
1.199304,-1.327127
1.189262,-1.335830
1.179476,-1.344532
1.169938,-1.353235
1.160640,-1.361937
1.151577,-1.370639
1.142740,-1.379342
1.134123,-1.388044
1.125720,-1.396747
1.117526,-1.405449
1.109534,-1.414152
1.101738,-1.422854
1.094134,-1.431557
1.086717,-1.440259
1.079481,-1.448962
1.072422,-1.457664
1.065535,-1.466367
1.058817,-1.475069
1.052262,-1.483772
1.045867,-1.492474
1.039628,-1.501177
1.033541,-1.509879
1.027603,-1.518582
1.021810,-1.527284
1.016159,-1.535986
1.010646,-1.544689
1.005269,-1.553391
1.000025,-1.562094
0.994911,-1.570796
