scan.pos:-5.896750,-5.897077,0.7852502.974534,1.562094
2.980109,1.553391
3.014169,1.544689
3.048456,1.535986
3.082996,1.527284
3.090691,1.518581
3.126025,1.509879
3.161683,1.501177
3.197690,1.492474
3.234073,1.483772
3.244755,1.475069
3.282164,1.466367
3.320029,1.457664
3.358381,1.448962
3.397251,1.440259
3.436671,1.431557
3.476675,1.422854
3.517297,1.414152
3.558573,1.405449
3.600541,1.396747
3.653703,1.388044
3.697762,1.379342
3.754298,1.370639
3.800663,1.361937
3.836999,1.353234
3.909756,1.344532
3.950305,1.335830
4.002162,1.327127
4.070711,1.318425
4.125688,1.309722
4.181998,1.301020
4.257364,1.292317
4.317318,1.283615
4.398034,1.274912
4.462057,1.266210
4.526120,1.257507
4.617248,1.248805
4.687883,1.240102
4.784081,1.231400
4.860129,1.222697
4.963935,1.213995
5.046105,1.205292
5.153015,1.196590
5.247545,1.187888
5.361675,1.179185
5.479148,1.170483
5.588915,1.161780
5.715252,1.153078
5.837365,1.144375
5.973967,1.135673
6.136809,1.126970
6.279955,1.118268
6.434322,1.109565
6.615940,1.100863
6.785406,1.092160
6.962493,1.083458
7.174504,1.074755
7.371106,1.066053
7.598584,1.057350
3.804207,0.717954
3.525702,0.709251
3.387559,0.700549
3.309714,0.691847
2.890425,0.683144
2.812528,0.674442
2.634053,0.665739
2.596478,0.657037
2.599365,0.648334
2.562063,0.639632
2.565311,0.630929
2.568762,0.622227
2.572419,0.613524
2.576283,0.604822
2.580355,0.596119
2.584637,0.587417
2.548310,0.578714
2.552943,0.570012
2.557789,0.561309
2.542321,0.552607
2.547554,0.543905
2.553004,0.535202
2.558671,0.526500
2.564560,0.517797
2.570673,0.509095
2.577011,0.500392
2.583578,0.491690
2.590376,0.482987
2.597409,0.474285
2.604678,0.465582
2.612188,0.456880
2.619941,0.448177
2.627942,0.439475
2.636192,0.430772
2.643296,0.422070
2.653460,0.413367
2.662483,0.404665
2.650202,0.395962
2.638035,0.387260
2.647710,0.378558
2.657660,0.369855
2.667889,0.361153
2.678401,0.352450
2.689203,0.343748
2.700298,0.335045
2.711692,0.326343
2.723392,0.317640
2.735402,0.308938
2.747728,0.300235
2.760378,0.291533
2.773356,0.282830
2.786671,0.274128
2.800328,0.265425
2.814335,0.256723
2.828699,0.248020
2.843428,0.239318
2.858531,0.230615
2.874015,0.221913
2.889888,0.213211
2.906161,0.204508
2.922841,0.195806
2.939940,0.187103
2.944247,0.178401
2.975430,0.169698
2.993844,0.160996
3.012717,0.152293
3.032062,0.143591
3.051892,0.134888
3.122642,0.126186
3.296119,0.117483
7.762830,0.100078
7.679376,0.091376
7.668480,0.082673
7.610819,0.073971
7.605693,0.065269
7.580984,0.056566
7.586447,0.047864
7.592580,0.039161
7.626744,0.030459
7.689631,0.021756
7.754159,0.013054
5.977208,-0.178401
5.771283,-0.187103
5.712982,-0.195806
5.679777,-0.204508
5.647384,-0.213211
5.615783,-0.221913
5.584956,-0.230616
5.554887,-0.239318
5.525559,-0.248021
5.496955,-0.256723
5.469060,-0.265425
5.441859,-0.274128
5.415338,-0.282830
5.389482,-0.291533
5.364279,-0.300235
5.339715,-0.308938
5.315778,-0.317640
5.292455,-0.326343
5.269736,-0.335045
5.247610,-0.343748
5.226064,-0.352450
5.205090,-0.361153
5.184677,-0.369855
5.164814,-0.378558
5.145494,-0.387260
5.126707,-0.395963
5.108444,-0.404665
5.090697,-0.413367
5.073458,-0.422070
5.078070,-0.430772
5.061755,-0.439475
5.088359,-0.448177
5.136337,-0.456880
5.163329,-0.465582
5.190557,-0.474285
5.197054,-0.482987
5.358715,-0.491690
5.382675,-0.500392
5.477959,-0.509095
5.644879,-0.517797
6.063113,-0.526500
6.257578,-0.535202
6.498374,-0.543905
6.711448,-0.552607
7.247571,-0.561310
7.717530,-0.570012
7.591620,-1.066053
7.364536,-1.074755
7.147382,-1.083458
6.956686,-1.092160
6.779902,-1.100863
6.610714,-1.109565
6.429412,-1.118268
6.275281,-1.126970
6.132409,-1.135673
5.969766,-1.144375
5.833353,-1.153078
5.711463,-1.161780
5.585288,-1.170483
5.475718,-1.179185
5.358385,-1.187888
5.244387,-1.196590
5.150023,-1.205293
5.043228,-1.213995
4.957998,-1.222697
4.857500,-1.231400
4.781551,-1.240102
4.685476,-1.248805
4.614929,-1.257507
4.523880,-1.266210
4.459928,-1.274912
4.395978,-1.283615
4.315359,-1.292317
4.255472,-1.301020
4.180194,-1.309722
4.123944,-1.318425
4.053536,-1.327127
4.000553,-1.335830
3.948748,-1.344532
3.908275,-1.353235
3.835561,-1.361937
3.799296,-1.370639
3.752974,-1.379342
3.696500,-1.388044
3.652481,-1.396747
3.599376,-1.405449
3.557444,-1.414152
3.516203,-1.422854
3.475614,-1.431557
3.435643,-1.440259
3.396253,-1.448962
3.357413,-1.457664
3.319090,-1.466367
3.281253,-1.475069
3.243871,-1.483772
3.233221,-1.492474
3.196863,-1.501177
3.160880,-1.509879
3.125246,-1.518582
3.089934,-1.527284
3.082268,-1.535986
3.047750,-1.544689
3.013482,-1.553391
2.979442,-1.562094
2.973542,-1.570796
