scan.pos:-5.796363,5.641563,2.9684357.752522,1.448962
7.537703,1.440259
7.333124,1.431557
7.135977,1.422854
6.951241,1.414152
6.774311,1.405449
6.604563,1.396747
6.446562,1.388044
6.291142,1.379342
6.141321,1.370639
5.996688,1.361937
5.867972,1.353234
5.755622,1.344532
5.647541,1.335830
5.521654,1.327127
5.415648,1.318425
5.297861,1.309722
5.205197,1.301020
5.113276,1.292317
5.027544,1.283615
4.944478,1.274912
4.841490,1.266210
4.764832,1.257507
4.689692,1.248805
4.616632,1.240102
4.527031,1.231400
4.458547,1.222697
4.391798,1.213995
4.333578,1.205292
4.270839,1.196590
4.209555,1.187888
4.149649,1.179185
4.101129,1.170483
4.044531,1.161780
3.976743,1.153078
3.923014,1.144375
3.870312,1.135673
3.842974,1.126970
3.782349,1.118268
3.733134,1.109565
3.700759,1.100863
3.653848,1.092160
3.607662,1.083458
3.580323,1.074755
3.536172,1.066053
3.492626,1.057350
3.444042,1.048648
3.428191,1.039945
3.382375,1.031243
3.342109,1.022541
3.302274,1.013838
3.286663,1.005136
3.248313,0.996433
3.208251,0.987731
3.198595,0.979028
3.161922,0.970326
3.124944,0.961623
3.117519,0.952921
3.093755,0.944218
3.067494,0.935516
3.041904,0.926813
3.016966,0.918111
2.992660,0.909408
2.968966,0.900706
2.945867,0.892003
2.923346,0.883301
2.901386,0.874598
2.879971,0.865896
2.859086,0.857194
2.838716,0.848491
2.818847,0.839789
2.799467,0.831086
2.780561,0.822384
2.762118,0.813681
2.744126,0.804979
2.726573,0.796276
2.709448,0.787574
2.692740,0.778871
2.676440,0.770169
2.660537,0.761466
2.645023,0.752764
2.629888,0.744061
2.615123,0.735359
2.600719,0.726656
2.586669,0.717954
2.572966,0.709251
2.559600,0.700549
2.546566,0.691847
2.533855,0.683144
2.521462,0.674442
2.509380,0.665739
2.497602,0.657037
2.486123,0.648334
2.474937,0.639632
2.464037,0.630929
2.453419,0.622227
2.443078,0.613524
2.433007,0.604822
2.423203,0.596119
2.413661,0.587417
2.404377,0.578714
2.395345,0.570012
2.386562,0.561309
2.378023,0.552607
2.369725,0.543905
2.361664,0.535202
2.353836,0.526500
2.346238,0.517797
2.338867,0.509095
2.331719,0.500392
2.324790,0.491690
2.318079,0.482987
2.311582,0.474285
2.305297,0.465582
2.299220,0.456880
2.293349,0.448177
2.287682,0.439475
2.282216,0.430772
2.276949,0.422070
2.271880,0.413367
2.267004,0.404665
2.262322,0.395962
2.257831,0.387260
2.253529,0.378558
2.249414,0.369855
2.245484,0.361153
2.241739,0.352450
2.238177,0.343748
2.234795,0.335045
2.231594,0.326343
2.228571,0.317640
2.225726,0.308938
2.223057,0.300235
2.220563,0.291533
2.218244,0.282830
2.216098,0.274128
2.214124,0.265425
2.212323,0.256723
2.210692,0.248020
2.209233,0.239318
2.207943,0.230615
2.206822,0.221913
2.205871,0.213211
2.205088,0.204508
2.204474,0.195806
2.204028,0.187103
2.203749,0.178401
2.203639,0.169698
2.203696,0.160996
2.203922,0.152293
2.204315,0.143591
2.204876,0.134888
2.205606,0.126186
2.206504,0.117483
2.207571,0.108781
2.208808,0.100078
2.210214,0.091376
2.211790,0.082673
2.213538,0.073971
2.215457,0.065269
2.217548,0.056566
2.219813,0.047864
2.222252,0.039161
2.224865,0.030459
2.227655,0.021756
2.230622,0.013054
2.233767,0.004351
2.237091,-0.004351
2.240596,-0.013054
2.244284,-0.021756
2.248155,-0.030459
2.252211,-0.039161
2.256454,-0.047864
2.260886,-0.056566
2.265508,-0.065269
2.270322,-0.073971
2.275330,-0.082674
2.280535,-0.091376
2.285937,-0.100078
2.291541,-0.108781
2.297347,-0.117483
2.303359,-0.126186
2.309578,-0.134888
2.316008,-0.143591
2.322651,-0.152293
2.329511,-0.160996
2.336589,-0.169698
2.343890,-0.178401
2.351416,-0.187103
2.359171,-0.195806
2.367158,-0.204508
2.375381,-0.213211
2.383843,-0.221913
2.392549,-0.230616
2.401502,-0.239318
2.410707,-0.248021
2.420167,-0.256723
2.429888,-0.265425
2.439874,-0.274128
2.450129,-0.282830
2.460660,-0.291533
2.471470,-0.300235
2.482565,-0.308938
2.493952,-0.317640
2.505635,-0.326343
2.517620,-0.335045
2.529914,-0.343748
2.542524,-0.352450
2.555455,-0.361153
2.568716,-0.369855
2.582312,-0.378558
2.596252,-0.387260
2.610543,-0.395963
2.625193,-0.404665
2.640211,-0.413367
2.655605,-0.422070
2.671384,-0.430772
2.687558,-0.439475
2.704136,-0.448177
2.721128,-0.456880
2.738545,-0.465582
2.756398,-0.474285
2.774698,-0.482987
2.793456,-0.491690
2.812685,-0.500392
2.832399,-0.509095
2.852609,-0.517797
2.873330,-0.526500
2.894576,-0.535202
2.916363,-0.543905
2.938706,-0.552607
2.961621,-0.561310
2.985125,-0.570012
3.009236,-0.578714
3.033973,-0.587417
3.059355,-0.596119
3.085402,-0.604822
3.112135,-0.613524
3.120031,-0.622227
3.152825,-0.630929
3.185874,-0.639632
3.191820,-0.648334
3.175726,-0.657037
3.150583,-0.665739
3.126071,-0.674442
3.102172,-0.683144
3.078869,-0.691847
3.056144,-0.700549
3.033981,-0.709252
3.012365,-0.717954
2.991281,-0.726657
2.970715,-0.735359
2.950653,-0.744061
2.931082,-0.752764
2.911989,-0.761466
2.893362,-0.770169
2.875189,-0.778871
2.857460,-0.787574
2.840163,-0.796276
2.823287,-0.804979
2.806824,-0.813681
2.790762,-0.822384
2.775094,-0.831086
2.759810,-0.839789
2.744900,-0.848491
2.730358,-0.857194
2.716175,-0.865896
2.702343,-0.874599
2.688856,-0.883301
2.675704,-0.892003
2.662883,-0.900706
2.650385,-0.909408
2.638204,-0.918111
2.626333,-0.926813
2.614767,-0.935516
2.603499,-0.944218
2.592525,-0.952921
2.581839,-0.961623
2.571435,-0.970326
2.561309,-0.979028
2.551457,-0.987731
2.541872,-0.996433
2.532552,-1.005136
2.523491,-1.013838
2.514685,-1.022541
2.506131,-1.031243
2.497825,-1.039946
2.489762,-1.048648
2.481940,-1.057350
2.474354,-1.066053
2.467002,-1.074755
2.459880,-1.083458
2.452986,-1.092160
2.447951,-1.100863
2.441498,-1.109565
2.435264,-1.118268
1.432632,-1.126970
1.429209,-1.135673
1.363915,-1.144375
1.175304,-1.153078
1.172782,-1.161780
1.088229,-1.170483
1.065577,-1.179185
1.063546,-1.187888
1.061604,-1.196590
0.998610,-1.205293
0.996945,-1.213995
0.995360,-1.222697
0.993857,-1.231400
0.951926,-1.240102
0.889957,-1.248805
0.888821,-1.257507
0.887755,-1.266210
0.886759,-1.274912
0.885833,-1.283615
0.844750,-1.292317
0.843998,-1.301020
0.843311,-1.309722
0.822625,-1.318425
0.822082,-1.327127
0.821602,-1.335830
0.821185,-1.344532
0.820831,-1.353235
0.780514,-1.361937
0.780296,-1.370639
0.780138,-1.379342
0.780040,-1.388044
0.780001,-1.396747
0.780021,-1.405449
0.780101,-1.414152
0.780240,-1.422854
0.780439,-1.431557
0.740661,-1.440259
0.740963,-1.448962
0.741321,-1.457664
0.741736,-1.466367
0.742209,-1.475069
0.742738,-1.483772
0.743325,-1.492474
0.723862,-1.501177
0.724545,-1.509879
0.725285,-1.518582
0.726082,-1.527284
0.726936,-1.535986
0.727847,-1.544689
0.728817,-1.553391
0.729844,-1.562094
0.730931,-1.570796
