scan.pos:6.385735,2.459883,2.4684351.176686,1.562094
1.184976,1.553391
1.193477,1.544689
1.202192,1.535986
1.211128,1.527284
1.220292,1.518581
1.229689,1.509879
1.239328,1.501177
1.249215,1.492474
1.259358,1.483772
1.269764,1.475069
1.280442,1.466367
1.291400,1.457664
1.299511,1.448962
1.288344,1.440259
1.305235,1.431557
1.294403,1.422854
1.311161,1.414152
1.327749,1.405449
1.317291,1.396747
1.333771,1.388044
1.350099,1.379342
1.366285,1.370639
1.382334,1.361937
1.398256,1.353234
1.414056,1.344532
1.404211,1.335830
1.394607,1.327127
1.385239,1.318425
1.401120,1.309722
1.441758,1.301020
1.457285,1.292317
1.472727,1.283615
1.488090,1.274912
1.503379,1.266210
1.518601,1.257507
1.533760,1.248805
1.501204,1.240102
1.492823,1.231400
1.484647,1.222697
1.476673,1.213995
1.445579,1.205292
1.368528,1.196590
1.361600,1.187888
1.354844,1.179185
1.348258,1.170483
1.228122,1.161780
1.177119,1.153078
1.149209,1.144375
1.144071,1.135673
1.094395,1.126970
1.089710,1.118268
1.085147,1.109565
1.080704,1.100863
1.032444,1.092160
1.028407,1.083458
1.024478,1.074755
0.998941,1.066053
0.995305,1.057350
0.991770,1.048648
0.988335,1.039945
0.984998,1.031243
0.939074,1.022541
0.936066,1.013838
0.933149,1.005136
0.930321,0.996433
0.927580,0.987731
0.924925,0.979028
0.922356,0.970326
0.919870,0.961623
0.917468,0.952921
0.915148,0.944218
0.912909,0.935516
0.910749,0.926813
0.908670,0.918111
0.906668,0.909408
0.904744,0.900706
0.902897,0.892003
0.901126,0.883301
0.899430,0.874598
0.897809,0.865896
0.896261,0.857194
0.894787,0.848491
0.893386,0.839789
0.892057,0.831086
0.890800,0.822384
0.889614,0.813681
0.888498,0.804979
0.887453,0.796276
0.886478,0.787574
0.885572,0.778871
0.884736,0.770169
0.883968,0.761466
0.883269,0.752764
0.882638,0.744061
0.882075,0.735359
0.881580,0.726656
0.881153,0.717954
0.880793,0.709251
0.880500,0.700549
0.880275,0.691847
0.880116,0.683144
0.920026,0.674442
0.920001,0.665739
0.920045,0.657037
0.920160,0.648334
0.920345,0.639632
0.920600,0.630929
0.920926,0.622227
0.921321,0.613524
0.941827,0.604822
0.942376,0.596119
0.983124,0.587417
0.983848,0.578714
0.984648,0.570012
0.985524,0.561309
0.986477,0.552607
1.027813,0.543905
1.028966,0.535202
1.030199,0.526500
1.092192,0.517797
1.215191,0.509095
1.216933,0.500392
1.218772,0.491690
1.363126,0.482987
1.365401,0.474285
1.388203,0.465582
1.390741,0.456880
1.393394,0.448177
1.457759,0.439475
1.563645,0.430772
1.711334,0.422070
1.715150,0.413367
1.781252,0.404665
1.827039,0.395962
1.852375,0.387260
1.857114,0.378558
1.966627,0.369855
1.971986,0.361153
2.040637,0.352450
2.152034,0.343748
2.179605,0.335045
2.228735,0.326343
2.278342,0.317640
5.282497,0.308938
5.300056,0.300235
5.318137,0.291533
5.336750,0.282830
5.355903,0.274128
5.375605,0.265425
5.395865,0.256723
5.416692,0.248020
5.482079,0.239318
5.504248,0.230615
5.571362,0.221913
5.594936,0.213211
5.641501,0.204508
5.666445,0.195806
5.692047,0.187103
5.718318,0.178401
5.745272,0.169698
5.772923,0.160996
5.801286,0.152293
5.830375,0.143591
5.860206,0.134888
5.890794,0.126186
5.922157,0.117483
5.930710,0.108781
5.916079,0.100078
5.949470,0.091376
5.983697,0.082673
6.018781,0.073971
6.054744,0.065269
6.164913,0.056566
7.797230,-0.117483
7.730228,-0.126186
7.664948,-0.134888
7.601334,-0.143591
7.539337,-0.152293
7.478908,-0.160996
7.420001,-0.169698
7.362571,-0.178401
7.306575,-0.187103
7.251972,-0.195806
7.198724,-0.204508
7.146792,-0.213211
7.096141,-0.221913
7.046735,-0.230616
6.998542,-0.239318
6.951530,-0.248021
6.905667,-0.256723
6.860924,-0.265425
6.817274,-0.274128
6.774687,-0.282830
6.733140,-0.291533
6.692605,-0.300235
6.653059,-0.308938
6.614478,-0.317640
6.576840,-0.326343
6.540124,-0.335045
6.504308,-0.343748
6.469371,-0.352450
6.435296,-0.361153
6.402062,-0.369855
6.369653,-0.378558
6.338050,-0.387260
6.307238,-0.395963
6.277199,-0.404665
6.247919,-0.413367
6.219381,-0.422070
6.191573,-0.430772
6.164480,-0.439475
6.138088,-0.448177
6.112385,-0.456880
6.087358,-0.465582
6.062994,-0.474285
6.039283,-0.482987
6.016213,-0.491690
5.993773,-0.500392
5.971954,-0.509095
5.950744,-0.517797
5.930134,-0.526500
5.910115,-0.535202
5.890677,-0.543905
5.871813,-0.552607
5.853514,-0.561310
5.835772,-0.570012
5.818578,-0.578714
5.801926,-0.587417
5.785808,-0.596119
5.770218,-0.604822
5.755149,-0.613524
5.740594,-0.622227
5.726548,-0.630929
5.713004,-0.639632
5.699957,-0.648334
5.687402,-0.657037
5.675333,-0.665739
5.663746,-0.674442
5.652636,-0.683144
5.641998,-0.691847
5.631828,-0.700549
5.622122,-0.709252
5.612876,-0.717954
5.604086,-0.726657
5.595750,-0.735359
5.587863,-0.744061
5.580423,-0.752764
5.573426,-0.761466
5.566870,-0.770169
5.560753,-0.778871
5.555072,-0.787574
5.549824,-0.796276
5.545008,-0.804979
5.540623,-0.813681
5.536665,-0.822384
5.533134,-0.831086
5.530029,-0.839789
5.527347,-0.848491
5.525089,-0.857194
5.523253,-0.865896
5.521839,-0.874599
5.520846,-0.883301
5.520273,-0.892003
5.520121,-0.900706
5.520389,-0.909408
5.521078,-0.918111
5.522188,-0.926813
5.523718,-0.935516
5.525671,-0.944218
5.528046,-0.952921
5.530844,-0.961623
5.534067,-0.970326
5.537716,-0.979028
5.541791,-0.987731
5.546296,-0.996433
5.551231,-1.005136
5.556598,-1.013838
5.562399,-1.022541
5.568638,-1.031243
5.575315,-1.039946
5.582434,-1.048648
5.589997,-1.057350
5.598008,-1.066053
5.606470,-1.074755
5.615385,-1.083458
5.624757,-1.092160
5.634592,-1.100863
5.644890,-1.109565
5.655658,-1.118268
5.666900,-1.126970
5.678620,-1.135673
5.697126,-1.144375
5.713997,-1.153078
5.720974,-1.161780
5.737940,-1.170483
5.733447,-1.179185
5.561605,-1.187888
5.396374,-1.196590
5.254817,-1.205293
5.103102,-1.213995
4.977901,-1.222697
4.858616,-1.231400
4.743516,-1.240102
4.616572,-1.248805
4.510377,-1.257507
4.407405,-1.266210
4.296021,-1.274912
4.221694,-1.283615
4.141233,-1.292317
4.051543,-1.301020
3.963969,-1.309722
3.895036,-1.318425
3.812449,-1.327127
3.750560,-1.335830
3.672312,-1.344532
3.617731,-1.353235
3.542290,-1.361937
3.491472,-1.370639
3.421299,-1.379342
3.373812,-1.388044
3.304681,-1.396747
3.263877,-1.405449
3.220333,-1.414152
3.160909,-1.422854
3.119875,-1.431557
3.064246,-1.440259
3.025459,-1.448962
2.973309,-1.457664
2.936537,-1.466367
2.900378,-1.475069
2.876631,-1.483772
2.818197,-1.492474
2.797594,-1.501177
2.764867,-1.509879
2.722779,-1.518582
2.691462,-1.527284
2.651850,-1.535986
2.621805,-1.544689
2.609739,-1.553391
2.581014,-1.562094
2.546059,-1.570796
