scan.pos:-1.978815,-3.385109,1.7352506.103534,1.562094
6.094939,1.553391
6.086832,1.544689
6.079208,1.535986
6.072065,1.527284
6.065401,1.518581
6.059212,1.509879
6.053496,1.501177
6.048251,1.492474
6.043475,1.483772
6.039166,1.475069
6.035323,1.466367
6.031943,1.457664
6.029026,1.448962
2.063028,1.440259
2.062346,1.431557
2.061820,1.422854
2.001444,1.414152
2.001239,1.405449
2.001186,1.396747
1.961284,1.388044
1.961532,1.379342
1.941921,1.370639
1.942461,1.361937
1.863070,1.353234
1.863873,1.344532
1.864819,1.335830
1.865908,1.327127
1.867140,1.318425
1.868517,1.309722
1.870038,1.301020
1.871704,1.292317
1.873516,1.283615
1.875475,1.274912
1.877581,1.266210
1.879835,1.257507
1.882237,1.248805
1.884790,1.240102
1.887493,1.231400
1.890349,1.222697
1.893358,1.213995
1.896520,1.205292
1.899838,1.196590
1.903314,1.187888
1.906947,1.179185
1.910740,1.170483
1.914694,1.161780
1.918811,1.153078
1.923093,1.144375
1.927540,1.135673
1.932156,1.126970
1.936942,1.118268
1.941900,1.109565
1.947032,1.100863
1.952341,1.092160
1.957828,1.083458
1.963495,1.074755
1.969346,1.066053
1.975383,1.057350
1.981609,1.048648
1.988025,1.039945
1.994636,1.031243
2.001444,1.022541
2.008452,1.013838
2.015663,1.005136
2.023081,0.996433
2.030708,0.987731
2.038550,0.979028
2.046608,0.970326
2.054888,0.961623
2.063393,0.952921
2.072127,0.944218
2.081094,0.935516
2.090299,0.926813
2.099746,0.918111
2.109441,0.909408
2.119388,0.900706
2.129592,0.892003
2.140058,0.883301
2.150792,0.874598
2.161801,0.865896
2.173088,0.857194
2.184662,0.848491
2.196527,0.839789
2.208692,0.831086
2.221161,0.822384
2.233944,0.813681
2.247046,0.804979
2.260477,0.796276
2.274243,0.787574
2.288353,0.778871
2.302816,0.770169
2.317640,0.761466
2.332835,0.752764
2.348411,0.744061
2.364378,0.735359
2.380746,0.726656
2.397525,0.717954
2.414728,0.709251
2.432367,0.700549
2.450453,0.691847
2.468999,0.683144
2.488019,0.674442
2.507527,0.665739
2.527537,0.657037
2.548065,0.648334
2.569126,0.639632
2.590738,0.630929
2.612916,0.622227
2.630936,0.613524
2.651695,0.604822
2.672575,0.596119
2.693591,0.587417
2.714754,0.578714
2.736079,0.570012
2.757580,0.561309
2.805940,0.552607
2.827630,0.543905
2.849541,0.535202
2.897767,0.526500
2.919978,0.517797
2.942461,0.509095
3.143927,0.500392
6.370600,0.291533
6.276624,0.282830
6.161773,0.274128
6.114500,0.265425
6.090037,0.256723
6.066229,0.248020
6.043066,0.239318
6.020535,0.230615
5.998627,0.221913
5.977331,0.213211
5.956638,0.204508
5.936538,0.195806
5.917023,0.187103
5.898083,0.178401
5.879710,0.169698
5.861897,0.160996
5.844635,0.152293
5.827916,0.143591
5.811735,0.134888
5.796083,0.126186
5.801805,0.117483
5.787140,0.108781
5.772988,0.100078
5.800738,0.091376
5.787499,0.082673
5.815970,0.073971
5.803636,0.065269
5.791795,0.056566
5.780441,0.047864
5.769570,0.039161
5.779582,0.030459
5.789998,0.021756
5.821155,0.013054
5.852654,0.004351
5.965597,-0.004351
6.058422,-0.013054
6.394069,-0.021756
6.789916,-0.030459
7.265994,-0.039161
7.494438,-0.282830
7.320891,-0.291533
7.308935,-0.300235
7.317708,-0.308938
7.286609,-0.317640
7.296491,-0.326343
7.306957,-0.335045
7.318011,-0.343748
7.329658,-0.352450
7.341901,-0.361153
7.354747,-0.369855
4.831649,-0.378558
4.657095,-0.387260
4.551493,-0.395963
4.305736,-0.404665
4.087877,-0.413367
4.027730,-0.422070
3.733640,-0.430772
3.597242,-0.439475
3.522896,-0.448177
3.511046,-0.456880
3.478480,-0.465582
3.425025,-0.474285
3.413613,-0.482987
3.381296,-0.491690
3.349047,-0.500392
3.316859,-0.509095
3.327312,-0.517797
3.316723,-0.526500
3.327752,-0.535202
3.296096,-0.543905
3.307637,-0.552607
3.319513,-0.561310
3.331728,-0.570012
3.344290,-0.578714
3.357204,-0.587417
3.370475,-0.596119
3.384111,-0.604822
3.398117,-0.613524
3.412500,-0.622227
3.427268,-0.630929
3.442427,-0.639632
3.457986,-0.648334
3.473952,-0.657037
3.490333,-0.665739
3.507137,-0.674442
3.524374,-0.683144
3.542052,-0.691847
3.560181,-0.700549
3.578770,-0.709252
3.597830,-0.717954
3.617371,-0.726657
3.637403,-0.735359
3.634071,-0.744061
3.654985,-0.752764
3.676422,-0.761466
3.698396,-0.770169
3.720919,-0.778871
3.744004,-0.787574
3.743712,-0.796276
3.791922,-0.804979
3.816783,-0.813681
3.842267,-0.822384
3.868390,-0.831086
3.895169,-0.839789
3.922623,-0.848491
3.950769,-0.857194
3.979627,-0.865896
4.009218,-0.874599
4.039562,-0.883301
4.070681,-0.892003
4.102598,-0.900706
4.135337,-0.909408
4.168923,-0.918111
4.203382,-0.926813
4.238739,-0.935516
4.275026,-0.944218
4.305537,-0.952921
4.328323,-0.961623
1.138448,-0.970326
1.129003,-0.979028
1.119797,-0.987731
1.083731,-0.996433
1.075198,-1.005136
1.066878,-1.013838
1.058766,-1.022541
1.050857,-1.031243
1.043143,-1.039946
1.035620,-1.048648
1.028282,-1.057350
1.021125,-1.066053
1.014144,-1.074755
1.007333,-1.083458
1.000690,-1.092160
0.994208,-1.100863
0.987884,-1.109565
0.981715,-1.118268
0.975697,-1.126970
0.969824,-1.135673
0.964096,-1.144375
0.958507,-1.153078
0.953054,-1.161780
0.947735,-1.170483
0.942547,-1.179185
0.937486,-1.187888
0.932550,-1.196590
0.927735,-1.205293
0.923040,-1.213995
0.918462,-1.222697
0.913999,-1.231400
0.909647,-1.240102
0.905406,-1.248805
0.901272,-1.257507
0.897243,-1.266210
0.893319,-1.274912
0.889496,-1.283615
0.885772,-1.292317
0.882147,-1.301020
0.878618,-1.309722
0.875183,-1.318425
0.871841,-1.327127
0.868590,-1.335830
0.865430,-1.344532
0.862357,-1.353235
0.859372,-1.361937
0.856472,-1.370639
0.853657,-1.379342
0.850924,-1.388044
0.848273,-1.396747
0.845703,-1.405449
0.843213,-1.414152
0.840801,-1.422854
0.838466,-1.431557
0.836208,-1.440259
0.834026,-1.448962
0.831918,-1.457664
0.829883,-1.466367
0.827922,-1.475069
0.826032,-1.483772
0.824214,-1.492474
0.822466,-1.501177
0.820788,-1.509879
0.819179,-1.518582
0.817638,-1.527284
0.816165,-1.535986
0.814760,-1.544689
0.813421,-1.553391
0.812148,-1.562094
0.810941,-1.570796
