scan.pos:2.472145,6.674490,-2.9147504.077932,1.562094
4.110609,1.553391
4.153508,1.544689
4.207889,1.535986
4.193748,1.527284
4.284072,1.518581
4.320084,1.509879
4.455558,1.501177
4.469481,1.492474
4.544372,1.483772
4.599217,1.475069
4.613932,1.466367
4.689415,1.457664
4.704705,1.448962
4.780653,1.440259
4.816641,1.431557
4.852935,1.422854
4.889543,1.414152
4.886375,1.405449
4.943696,1.396747
4.941248,1.388044
4.979218,1.379342
4.977513,1.370639
4.976188,1.361937
4.975243,1.353234
4.974677,1.344532
4.974490,1.335830
4.974681,1.327127
4.975252,1.318425
4.936188,1.309722
4.937506,1.301020
4.939201,1.292317
4.941275,1.283615
4.943726,1.274912
4.946557,1.266210
4.949768,1.257507
4.953361,1.248805
4.957336,1.240102
4.961696,1.231400
4.966443,1.222697
4.971578,1.213995
4.977102,1.205292
4.983019,1.196590
4.989330,1.187888
4.996038,1.179185
5.003146,1.170483
5.010656,1.161780
4.998231,1.153078
5.006521,1.144375
5.015222,1.135673
5.024336,1.126970
5.033867,1.118268
5.043819,1.109565
5.054197,1.100863
5.065003,1.092160
5.076244,1.083458
5.087923,1.074755
5.100044,1.066053
5.112614,1.057350
5.125638,1.048648
5.097292,1.039945
5.111125,1.031243
5.125425,1.022541
5.140198,1.013838
5.155450,1.005136
5.171188,0.996433
5.187418,0.987731
2.906744,0.979028
2.859792,0.970326
2.792815,0.961623
2.727055,0.952921
2.675100,0.944218
2.612793,0.935516
2.573191,0.926813
2.512681,0.918111
2.474897,0.909408
2.415903,0.900706
2.379687,0.892003
2.343103,0.883301
2.286973,0.874598
2.253719,0.865896
2.266143,0.857194
2.256873,0.848491
2.225571,0.839789
2.194749,0.831086
2.169724,0.822384
2.186804,0.813681
2.158304,0.804979
2.093575,0.796276
2.081234,0.787574
2.068921,0.778871
2.057800,0.770169
2.055443,0.761466
2.029604,0.752764
2.003976,0.744061
1.978543,0.735359
1.953285,0.726656
1.942880,0.717954
1.918644,0.709251
1.894527,0.700549
1.870512,0.691847
1.846585,0.683144
1.815628,0.674442
1.792362,0.665739
1.794868,0.657037
1.771844,0.648334
1.748832,0.639632
1.721328,0.630929
1.698807,0.622227
1.702958,0.613524
1.680565,0.604822
1.658117,0.596119
1.633623,0.587417
1.639092,0.578714
1.617121,0.570012
1.595043,0.561309
1.572845,0.552607
1.503107,0.543905
1.490384,0.535202
1.477987,0.526500
1.465904,0.517797
1.454128,0.509095
1.442648,0.500392
1.431456,0.491690
1.420544,0.482987
1.409903,0.474285
1.399527,0.465582
1.389407,0.456880
1.379536,0.448177
1.369909,0.439475
1.360518,0.430772
1.351357,0.422070
1.342420,0.413367
1.333701,0.404665
1.325195,0.395962
1.316897,0.387260
1.308801,0.378558
1.325170,0.369855
1.341444,0.361153
1.333645,0.352450
1.326037,0.343748
1.318616,0.335045
1.311376,0.326343
1.327770,0.317640
1.320758,0.308938
1.313919,0.300235
1.307250,0.291533
1.346704,0.282830
1.340139,0.274128
1.333739,0.265425
1.327501,0.256723
1.343967,0.248020
1.337941,0.239318
1.332070,0.230615
1.369272,0.221913
1.387446,0.213211
1.383574,0.204508
1.379907,0.195806
1.381840,0.187103
1.423360,0.178401
1.443077,0.169698
1.471871,0.160996
1.514658,0.152293
1.535980,0.143591
1.514657,0.134888
1.508250,0.126186
1.532014,0.117483
1.534886,0.108781
1.557379,0.100078
1.584064,0.091376
1.569201,0.082673
1.576101,0.073971
1.589401,0.065269
1.641695,0.056566
1.694738,0.047864
1.707112,0.039161
1.715097,0.030459
1.773974,0.021756
1.813606,0.013054
1.813730,0.004351
1.802139,-0.004351
1.871603,-0.013054
1.943563,-0.021756
1.936725,-0.030459
1.936389,-0.039161
2.003191,-0.047864
2.095141,-0.056566
2.233191,-0.065269
2.280200,-0.073971
2.462709,-0.082674
2.632328,-0.091376
2.793725,-0.100078
3.012997,-0.108781
3.092003,-0.117483
6.000352,-0.178401
5.937783,-0.187103
5.875714,-0.195806
5.834136,-0.204508
5.773019,-0.213211
5.752361,-0.221913
5.712145,-0.230616
5.712365,-0.239318
5.713020,-0.248021
5.714110,-0.256723
5.715637,-0.265425
5.717599,-0.274128
5.659916,-0.282830
5.622649,-0.291533
5.605820,-0.300235
5.569335,-0.308938
5.573378,-0.317640
5.577851,-0.326343
5.582757,-0.335045
5.588098,-0.343748
5.593875,-0.352450
5.600091,-0.361153
5.606749,-0.369855
5.613850,-0.378558
5.621397,-0.387260
5.629395,-0.395963
5.637846,-0.404665
5.646752,-0.413367
5.656117,-0.422070
5.685501,-0.430772
5.689357,-0.439475
5.688227,-0.448177
5.741919,-0.456880
5.557945,-0.465582
5.370214,-0.474285
5.170753,-0.482987
5.020619,-0.491690
4.865230,-0.500392
4.710634,-0.509095
4.561790,-0.517797
4.439075,-0.526500
4.317625,-0.535202
4.206155,-0.543905
4.098648,-0.552607
3.973619,-0.561310
3.876759,-0.570012
3.802139,-0.578714
3.687705,-0.587417
3.626986,-0.596119
3.540245,-0.604822
3.455615,-0.613524
3.372935,-0.622227
3.327786,-0.630929
3.249925,-0.639632
3.195460,-0.648334
3.116309,-0.657037
3.065855,-0.665739
3.016732,-0.674442
2.946607,-0.683144
2.899688,-0.691847
2.854954,-0.700549
2.811225,-0.709252
2.771146,-0.717954
2.707387,-0.726657
2.667089,-0.735359
2.627551,-0.744061
2.594920,-0.752764
2.557594,-0.761466
2.505385,-0.770169
2.469924,-0.778871
2.458570,-0.787574
2.424250,-0.796276
2.377518,-0.804979
2.344707,-0.813681
2.324770,-0.822384
2.293448,-0.831086
2.262451,-0.839789
2.231754,-0.848491
2.201332,-0.857194
2.171164,-0.865896
2.166269,-0.874599
2.136704,-0.883301
2.107331,-0.892003
2.078126,-0.900706
2.049070,-0.909408
2.046063,-0.918111
2.017433,-0.926813
1.988897,-0.935516
1.960435,-0.944218
1.958733,-0.952921
1.930572,-0.961623
1.902433,-0.970326
1.901645,-0.979028
1.873721,-0.987731
1.873572,-0.996433
1.845810,-1.005136
1.846178,-1.013838
1.830277,-1.022541
1.814785,-1.031243
1.799689,-1.039946
1.784977,-1.048648
1.770637,-1.057350
1.756658,-1.066053
1.743030,-1.074755
1.729743,-1.083458
1.716786,-1.092160
1.704151,-1.100863
1.691828,-1.109565
1.679810,-1.118268
1.668087,-1.126970
1.656651,-1.135673
1.645496,-1.144375
1.634614,-1.153078
1.623998,-1.161780
1.613641,-1.170483
1.603536,-1.179185
1.593678,-1.187888
1.584060,-1.196590
1.574677,-1.205293
1.565523,-1.213995
1.556592,-1.222697
1.547880,-1.231400
1.539381,-1.240102
1.531092,-1.248805
1.523006,-1.257507
1.515120,-1.266210
1.507430,-1.274912
1.499931,-1.283615
1.492619,-1.292317
1.485491,-1.301020
1.478543,-1.309722
1.471770,-1.318425
1.465171,-1.327127
1.458741,-1.335830
1.452478,-1.344532
1.446378,-1.353235
1.440438,-1.361937
1.434655,-1.370639
1.429027,-1.379342
1.423551,-1.388044
1.418225,-1.396747
1.413045,-1.405449
1.408010,-1.414152
1.403117,-1.422854
1.398364,-1.431557
1.393749,-1.440259
1.389270,-1.448962
1.384924,-1.457664
1.380711,-1.466367
1.376628,-1.475069
1.372672,-1.483772
1.368844,-1.492474
1.365141,-1.501177
1.361560,-1.509879
1.358102,-1.518582
1.354764,-1.527284
1.351546,-1.535986
1.348445,-1.544689
1.345460,-1.553391
1.342591,-1.562094
1.339835,-1.570796
