scan.pos:-2.561635,0.126860,1.7352505.512743,1.562094
5.504981,1.553391
5.497658,1.544689
5.490772,1.535986
5.484321,1.527284
5.478301,1.518581
5.472711,1.509879
5.467549,1.501177
5.462811,1.492474
5.458498,1.483772
5.454606,1.475069
5.451134,1.466367
5.448082,1.457664
5.445447,1.448962
5.443230,1.440259
5.441428,1.431557
5.440042,1.422854
5.439070,1.414152
5.438513,1.405449
5.438370,1.396747
5.438641,1.388044
5.439327,1.379342
5.440427,1.370639
5.441942,1.361937
5.443872,1.353234
5.446219,1.344532
5.448983,1.335830
5.452166,1.327127
5.455767,1.318425
5.459790,1.309722
5.464234,1.301020
5.469103,1.292317
5.474398,1.283615
5.480121,1.274912
5.486274,1.266210
5.492860,1.257507
5.499881,1.248805
5.507339,1.240102
5.515239,1.231400
5.523583,1.222697
5.532374,1.213995
5.541615,1.205292
5.551311,1.196590
5.561465,1.187888
5.572082,1.179185
5.583165,1.170483
5.594719,1.161780
5.606749,1.153078
5.619260,1.144375
5.632256,1.135673
5.645744,1.126970
5.659728,1.118268
5.674215,1.109565
5.689211,1.100863
5.704722,1.092160
5.720755,1.083458
5.737316,1.074755
5.754413,1.066053
5.772052,1.057350
5.790243,1.048648
5.808992,1.039945
5.828309,1.031243
5.848201,1.022541
5.868678,1.013838
5.889749,1.005136
5.911424,0.996433
5.933712,0.987731
5.956624,0.979028
5.980171,0.970326
6.004364,0.961623
6.029215,0.952921
6.054735,0.944218
6.080937,0.935516
6.107835,0.926813
6.135440,0.918111
6.163768,0.909408
6.192832,0.900706
6.222648,0.892003
6.253231,0.883301
6.284596,0.874598
6.316762,0.865896
6.349745,0.857194
6.383562,0.848491
6.418233,0.839789
6.453777,0.831086
6.490213,0.822384
6.527564,0.813681
6.565850,0.804979
6.605093,0.796276
6.645318,0.787574
6.686547,0.778871
6.728807,0.770169
6.772124,0.761466
6.816525,0.752764
6.862037,0.744061
6.908691,0.735359
6.956518,0.726656
7.005548,0.717954
7.055815,0.709251
7.107354,0.700549
7.160201,0.691847
7.214394,0.683144
7.269970,0.674442
7.326972,0.665739
7.385442,0.657037
7.445424,0.648334
7.506964,0.639632
7.570112,0.630929
2.908959,0.622227
2.871413,0.613524
2.846747,0.604822
2.822713,0.596119
2.799294,0.587417
2.776469,0.578714
2.754222,0.570012
2.732535,0.561309
2.711391,0.552607
2.690776,0.543905
2.670674,0.535202
2.651070,0.526500
2.631951,0.517797
2.613303,0.509095
2.595114,0.500392
2.577371,0.491690
2.560063,0.482987
2.543178,0.474285
2.526705,0.465582
2.510635,0.456880
2.494956,0.448177
2.479660,0.439475
2.464736,0.430772
2.450177,0.422070
2.435973,0.413367
2.422117,0.404665
2.408599,0.395962
2.395413,0.387260
2.382551,0.378558
2.370005,0.369855
2.357770,0.361153
2.345839,0.352450
2.334204,0.343748
2.322860,0.335045
2.311801,0.326343
2.323656,0.317640
2.313047,0.308938
2.302708,0.300235
2.292636,0.291533
2.282824,0.282830
2.273268,0.274128
2.263964,0.265425
2.298837,0.256723
2.289850,0.248020
2.281107,0.239318
2.272602,0.230615
2.264332,0.221913
2.256294,0.213211
2.269967,0.204508
2.283719,0.195806
2.276212,0.187103
2.268926,0.178401
2.261858,0.169698
2.255005,0.160996
2.248365,0.152293
2.241933,0.143591
2.235708,0.134888
2.229687,0.126186
2.223867,0.117483
2.218246,0.108781
2.212822,0.100078
2.207591,0.091376
2.223204,0.082673
2.218310,0.073971
2.213605,0.065269
2.250128,0.056566
2.245717,0.047864
2.261935,0.039161
2.298669,0.030459
2.294710,0.021756
2.351946,0.013054
2.348266,0.004351
2.466417,-0.004351
2.503434,-0.013054
2.500104,-0.021756
2.658515,-0.030459
2.776405,-0.039161
3.035267,-0.047864
3.193181,-0.056566
3.511885,-0.065269
3.770011,-0.073971
6.898585,-0.082674
6.993965,-0.091376
7.751298,-0.100078
5.971706,-0.413367
5.858467,-0.422070
5.797276,-0.430772
5.413950,-0.439475
5.246320,-0.448177
5.078963,-0.456880
4.949254,-0.465582
4.805015,-0.474285
4.687607,-0.482987
4.555047,-0.491690
4.449771,-0.500392
4.327793,-0.509095
4.231158,-0.517797
4.124213,-0.526500
4.036464,-0.535202
4.038016,-0.543905
4.043213,-0.552607
4.042991,-0.561310
4.057869,-0.570012
4.073169,-0.578714
4.045085,-0.587417
4.061076,-0.596119
4.077505,-0.604822
4.094381,-0.613524
4.111712,-0.622227
4.129505,-0.630929
4.147771,-0.639632
4.166517,-0.648334
4.185754,-0.657037
4.205492,-0.665739
4.225739,-0.674442
4.246508,-0.683144
4.267808,-0.691847
4.289651,-0.700549
4.312049,-0.709252
4.335014,-0.717954
4.358559,-0.726657
4.382697,-0.735359
4.407441,-0.744061
4.432805,-0.752764
4.458804,-0.761466
4.485454,-0.770169
4.512770,-0.778871
4.540769,-0.787574
4.569467,-0.796276
4.598883,-0.804979
4.629035,-0.813681
4.659942,-0.822384
4.691625,-0.831086
4.724103,-0.839789
4.757399,-0.848491
4.791535,-0.857194
4.826535,-0.865896
4.862422,-0.874599
4.899224,-0.883301
4.936965,-0.892003
4.975675,-0.900706
5.015381,-0.909408
5.056114,-0.918111
5.097906,-0.926813
5.140789,-0.935516
5.269032,-0.944218
5.308356,-0.952921
5.340448,-0.961623
5.401129,-0.970326
5.437700,-0.979028
2.146166,-1.022541
2.130132,-1.031243
2.088418,-1.039946
2.073356,-1.048648
2.058666,-1.057350
2.044338,-1.066053
2.030360,-1.074755
2.016726,-1.083458
2.003424,-1.092160
1.990448,-1.100863
1.977788,-1.109565
1.965437,-1.118268
1.953387,-1.126970
1.941631,-1.135673
1.930162,-1.144375
1.918972,-1.153078
1.908057,-1.161780
1.921101,-1.170483
1.910584,-1.179185
1.900325,-1.187888
1.890319,-1.196590
1.880560,-1.205293
1.871043,-1.213995
1.861764,-1.222697
1.852716,-1.231400
1.843895,-1.240102
1.835297,-1.248805
1.826917,-1.257507
1.818752,-1.266210
1.810796,-1.274912
1.780809,-1.283615
1.773355,-1.292317
1.766096,-1.301020
1.759031,-1.309722
1.752154,-1.318425
1.745464,-1.327127
1.738956,-1.335830
1.732628,-1.344532
1.712849,-1.353235
1.720500,-1.361937
1.714695,-1.370639
1.709058,-1.379342
1.703587,-1.388044
1.698281,-1.396747
1.693135,-1.405449
1.688149,-1.414152
1.683321,-1.422854
1.678647,-1.431557
1.674126,-1.440259
1.669756,-1.448962
1.665536,-1.457664
1.661463,-1.466367
1.657535,-1.475069
1.653752,-1.483772
1.650112,-1.492474
1.646613,-1.501177
1.643253,-1.509879
1.640032,-1.518582
1.636947,-1.527284
1.633999,-1.535986
1.631185,-1.544689
1.628505,-1.553391
1.625957,-1.562094
1.623540,-1.570796
