scan.pos:-2.234955,2.533112,1.1352500.772082,1.562094
0.775260,1.553391
0.778523,1.544689
0.781874,1.535986
0.785314,1.527284
0.788845,1.518581
0.792468,1.509879
0.796186,1.501177
0.800000,1.492474
0.803912,1.483772
0.807924,1.475069
0.812039,1.466367
0.816258,1.457664
0.820584,1.448962
0.825020,1.440259
0.829567,1.431557
0.834229,1.422854
0.839007,1.414152
0.843905,1.405449
0.848926,1.396747
0.854072,1.388044
0.859347,1.379342
0.864754,1.370639
0.870296,1.361937
0.875976,1.353234
0.881799,1.344532
0.887768,1.335830
0.893887,1.327127
0.900159,1.318425
0.906590,1.309722
0.913183,1.301020
0.919944,1.292317
0.926876,1.283615
0.933986,1.274912
0.941277,1.266210
0.948756,1.257507
0.956429,1.248805
0.964300,1.240102
0.972377,1.231400
0.980665,1.222697
0.989172,1.213995
0.982181,1.205292
1.001678,1.196590
0.993332,1.187888
1.012565,1.179185
1.031563,1.170483
1.023405,1.161780
1.042175,1.153078
1.060735,1.144375
1.052777,1.135673
1.071141,1.126970
1.089318,1.118268
1.107318,1.109565
1.099577,1.100863
1.117423,1.092160
1.135110,1.083458
1.152648,1.074755
1.170043,1.066053
1.162568,1.057350
1.179856,1.048648
1.197018,1.039945
1.214063,1.031243
1.230995,1.022541
1.247823,1.013838
1.264551,1.005136
1.281186,0.996433
1.297734,0.987731
1.314200,0.979028
1.330591,0.970326
1.346911,0.961623
1.386270,0.952921
1.402350,0.944218
1.418377,0.935516
1.434358,0.926813
1.472957,0.918111
1.454549,0.909408
1.493159,0.900706
1.509192,0.892003
1.548498,0.883301
1.565427,0.874598
1.604457,0.865896
1.625526,0.857194
1.665479,0.848491
1.705350,0.839789
1.731043,0.831086
1.772111,0.822384
1.791614,0.813681
1.844262,0.804979
1.886888,0.796276
4.086823,0.787574
4.073656,0.778871
4.060881,0.770169
4.048493,0.761466
4.057582,0.752764
4.045892,0.744061
4.076527,0.735359
4.084854,0.726656
4.098516,0.717954
4.119306,0.709251
4.139416,0.700549
4.152467,0.691847
4.183546,0.683144
4.233446,0.674442
4.286101,0.665739
4.482570,0.657037
4.514673,0.648334
4.546995,0.639632
4.559130,0.630929
4.632700,0.622227
4.665685,0.613524
4.841097,0.604822
5.138021,0.596119
5.353458,0.587417
5.508030,0.578714
5.501027,0.570012
5.494459,0.561309
5.488325,0.552607
5.482621,0.543905
5.477345,0.535202
5.472496,0.526500
5.470035,0.517797
5.483042,0.509095
5.467235,0.500392
5.457331,0.491690
5.454589,0.482987
5.452266,0.474285
5.450359,0.465582
5.448869,0.456880
5.447794,0.448177
5.447134,0.439475
5.446889,0.430772
5.447060,0.422070
5.447645,0.413367
5.448645,0.404665
5.450060,0.395962
5.451892,0.387260
5.454140,0.378558
5.456806,0.369855
5.459890,0.361153
5.463395,0.352450
5.467320,0.343748
5.471668,0.335045
5.476440,0.326343
5.481638,0.317640
5.487265,0.308938
5.493322,0.300235
5.499812,0.291533
5.506737,0.282830
5.514099,0.274128
5.521903,0.265425
5.530150,0.256723
5.538845,0.248020
5.547990,0.239318
5.557589,0.230615
5.567646,0.221913
5.578166,0.213211
5.589151,0.204508
5.600607,0.195806
5.612539,0.187103
5.624950,0.178401
5.637848,0.169698
5.651236,0.160996
5.665119,0.152293
5.679505,0.143591
5.694399,0.134888
5.709807,0.126186
3.645566,0.117483
3.565674,0.108781
3.467982,0.100078
3.461675,0.091376
3.414118,0.082673
3.380007,0.073971
3.142524,0.065269
3.081879,0.056566
3.001662,0.047864
2.957341,0.039161
2.881780,0.030459
2.822775,0.021756
2.773026,0.013054
2.724599,0.004351
2.677407,-0.004351
2.631369,-0.013054
2.564167,-0.021756
2.520122,-0.030459
2.477020,-0.039161
2.434798,-0.047864
2.393402,-0.056566
2.352777,-0.065269
2.335729,-0.073971
2.296610,-0.082674
2.258122,-0.091376
2.220224,-0.100078
2.182875,-0.108781
2.169482,-0.117483
2.133246,-0.126186
2.097453,-0.134888
2.062071,-0.143591
2.051039,-0.152293
2.016523,-0.160996
1.982330,-0.169698
1.972834,-0.178401
1.923573,-0.187103
1.906116,-0.195806
1.897964,-0.204508
1.865302,-0.213211
1.858008,-0.221913
1.825839,-0.230616
1.819342,-0.239318
1.787592,-0.248021
1.755932,-0.256723
1.776523,-0.265425
1.771648,-0.274128
1.793687,-0.282830
1.789871,-0.291533
1.786480,-0.300235
1.810616,-0.308938
1.835607,-0.317640
1.833914,-0.326343
1.860426,-0.335045
1.859812,-0.343748
1.887886,-0.352450
1.873098,-0.361153
1.857217,-0.369855
1.869334,-0.378558
1.881394,-0.387260
1.920547,-0.395963
1.905359,-0.404665
1.943998,-0.413367
1.955672,-0.422070
1.993637,-0.430772
1.978940,-0.439475
2.016478,-0.448177
2.027880,-0.456880
2.064847,-0.465582
2.076064,-0.474285
2.137734,-0.482987
2.148630,-0.491690
2.184440,-0.500392
2.195220,-0.509095
2.204199,-0.517797
2.229961,-0.526500
2.255951,-0.535202
2.282190,-0.543905
2.308697,-0.552607
2.348311,-0.561310
2.376051,-0.570012
2.404138,-0.578714
2.432595,-0.587417
2.484793,-0.596119
2.513949,-0.604822
2.560400,-0.613524
2.591221,-0.622227
2.622577,-0.630929
2.677268,-0.639632
2.709689,-0.648334
2.765311,-0.657037
2.820492,-0.665739
2.855739,-0.674442
2.914053,-0.683144
2.950870,-0.691847
3.010678,-0.700549
3.071282,-0.709252
3.138038,-0.717954
3.201603,-0.726657
3.266230,-0.735359
3.332012,-0.744061
3.399045,-0.752764
3.488937,-0.761466
3.730159,-0.770169
3.815248,-0.778871
6.034284,-1.022541
5.948030,-1.031243
5.862388,-1.039946
5.857648,-1.048648
5.833299,-1.057350
5.789377,-1.066053
5.786027,-1.074755
5.763093,-1.083458
5.720598,-1.092160
5.658559,-1.100863
5.616998,-1.109565
5.595886,-1.118268
5.555207,-1.126970
5.514957,-1.135673
5.495129,-1.144375
5.455713,-1.153078
5.436708,-1.161780
5.438121,-1.170483
5.439948,-1.179185
5.402138,-1.187888
5.404779,-1.196590
5.367738,-1.205293
5.351123,-1.213995
5.314817,-1.222697
5.298953,-1.231400
5.263358,-1.240102
5.268354,-1.248805
5.213317,-1.257507
5.178730,-1.266210
5.174206,-1.274912
5.105545,-1.283615
5.045405,-1.292317
5.029822,-1.301020
4.482443,-1.309722
4.317538,-1.318425
4.115832,-1.327127
3.844899,-1.335830
3.686702,-1.344532
3.517743,-1.353235
3.233661,-1.361937
3.100578,-1.370639
2.994236,-1.379342
2.897401,-1.388044
2.805786,-1.396747
2.650808,-1.405449
2.636221,-1.414152
2.578278,-1.422854
2.586679,-1.431557
2.553020,-1.440259
2.528278,-1.448962
2.506371,-1.457664
2.529390,-1.466367
2.491486,-1.475069
2.477021,-1.483772
2.422011,-1.492474
2.307574,-1.501177
2.293911,-1.509879
2.256524,-1.518582
2.209008,-1.527284
2.162725,-1.535986
2.117588,-1.544689
2.073513,-1.553391
2.048028,-1.562094
2.007033,-1.570796
