scan.pos:-2.606232,1.735269,1.1352501.058855,1.562094
1.041063,1.553391
1.023202,1.544689
1.005267,1.535986
1.009690,1.527284
1.014229,1.518581
1.018888,1.509879
1.023667,1.501177
1.005714,1.492474
0.987663,1.483772
0.992592,1.475069
0.974447,1.466367
0.956188,1.457664
0.937811,1.448962
0.942880,1.440259
0.948077,1.431557
0.953404,1.422854
0.958865,1.414152
0.940352,1.405449
0.945946,1.396747
0.927279,1.388044
0.908453,1.379342
0.914169,1.370639
0.895162,1.361937
0.875976,1.353234
0.881799,1.344532
0.862403,1.335830
0.842807,1.327127
0.848721,1.318425
0.828882,1.309722
0.834910,1.301020
0.814807,1.292317
0.820947,1.283615
0.800559,1.274912
0.779915,1.266210
0.786112,1.257507
0.765143,1.248805
0.771440,1.240102
0.750119,1.231400
0.756513,1.222697
0.763076,1.213995
0.757683,1.205292
0.751259,1.196590
0.772592,1.187888
0.766265,1.179185
0.760099,1.170483
0.754088,1.161780
0.748228,1.153078
0.742515,1.144375
0.736944,1.135673
0.731511,1.126970
0.726212,1.118268
0.746796,1.109565
0.741575,1.100863
0.761879,1.092160
0.756740,1.083458
0.751727,1.074755
0.746836,1.066053
0.742065,1.057350
0.737410,1.048648
0.757297,1.039945
0.752719,1.031243
0.748252,1.022541
0.743894,1.013838
0.763502,1.005136
0.759221,0.996433
0.778640,0.987731
0.774440,0.979028
0.770342,0.970326
0.766346,0.961623
0.762449,0.952921
0.758648,0.944218
0.754943,0.935516
0.774098,0.926813
0.793131,0.918111
0.812047,0.909408
0.808399,0.900706
0.804844,0.892003
0.801381,0.883301
0.820175,0.874598
0.816799,0.865896
0.835500,0.857194
0.854115,0.848491
0.872651,0.839789
0.891113,0.831086
0.909506,0.822384
0.927835,0.813681
0.946105,0.804979
0.942892,0.796276
0.939773,0.787574
0.936745,0.778871
0.933807,0.770169
0.952117,0.761466
0.970388,0.752764
1.009662,0.744061
1.027814,0.735359
1.066862,0.726656
1.105784,0.717954
1.123777,0.709251
1.162525,0.700549
1.201174,0.691847
1.239733,0.683144
1.278212,0.674442
1.337193,0.665739
1.375498,0.657037
1.434242,0.648334
1.492867,0.639632
1.551388,0.630929
1.630196,0.622227
1.688517,0.613524
1.787399,0.604822
1.886112,0.596119
2.004931,0.587417
2.103348,0.578714
2.262264,0.570012
2.380611,0.561309
2.519018,0.552607
5.259006,0.543905
5.294169,0.535202
5.369859,0.526500
5.485984,0.517797
6.043736,0.509095
6.260326,0.500392
6.256703,0.491690
6.253561,0.482987
6.250896,0.474285
6.248711,0.465582
6.247002,0.456880
6.245770,0.448177
6.245013,0.439475
6.244733,0.430772
6.244928,0.422070
6.245598,0.413367
6.246745,0.404665
6.248368,0.395962
6.250468,0.387260
6.253045,0.378558
6.256102,0.369855
6.259638,0.361153
6.263655,0.352450
6.268156,0.343748
6.273140,0.335045
6.278612,0.326343
6.284572,0.317640
6.291022,0.308938
6.297966,0.300235
6.305407,0.291533
6.313346,0.282830
6.321787,0.274128
6.330734,0.265425
6.340189,0.256723
6.350157,0.248020
6.360642,0.239318
6.371647,0.230615
6.383177,0.221913
6.395237,0.213211
6.407832,0.204508
6.420967,0.195806
6.434646,0.187103
6.448875,0.178401
6.463662,0.169698
6.479011,0.160996
6.494928,0.152293
6.511421,0.143591
6.528497,0.134888
6.546162,0.126186
6.564424,0.117483
6.583292,0.108781
6.602772,0.100078
4.501714,0.091376
4.391109,0.082673
4.334507,0.073971
4.298483,0.065269
4.245224,0.056566
4.001742,0.047864
3.911979,0.039161
3.825285,0.030459
3.763256,0.021756
3.682180,0.013054
3.625575,0.004351
3.549423,-0.004351
3.475461,-0.013054
3.424582,-0.021756
3.355681,-0.030459
3.310997,-0.039161
3.245643,-0.047864
3.181858,-0.056566
3.142293,-0.065269
3.081471,-0.073971
3.044917,-0.082674
2.986731,-0.091376
2.959837,-0.100078
2.904814,-0.108781
2.874237,-0.117483
2.787071,-0.126186
2.792908,-0.134888
2.741794,-0.143591
2.715428,-0.152293
2.690068,-0.160996
2.654578,-0.169698
2.631706,-0.178401
2.634274,-0.187103
2.662714,-0.195806
2.642889,-0.204508
2.673931,-0.213211
2.681232,-0.221913
2.715011,-0.230616
2.718083,-0.239318
2.703684,-0.248021
2.715911,-0.256723
2.729220,-0.265425
2.743611,-0.274128
2.785565,-0.282830
2.802324,-0.291533
2.803299,-0.300235
2.825573,-0.308938
2.848423,-0.317640
2.871866,-0.326343
2.895920,-0.335045
2.920604,-0.343748
2.945940,-0.352450
2.953528,-0.361153
2.987796,-0.369855
3.022285,-0.378558
3.029652,-0.387260
3.064876,-0.395963
3.100390,-0.404665
3.136220,-0.413367
3.172393,-0.422070
3.182616,-0.430772
3.219750,-0.439475
3.257304,-0.448177
3.295309,-0.456880
3.333793,-0.465582
3.372790,-0.474285
3.412330,-0.482987
3.452447,-0.491690
3.493176,-0.500392
3.534552,-0.509095
3.576613,-0.517797
3.619398,-0.526500
3.662948,-0.535202
3.707306,-0.543905
3.752516,-0.552607
3.798625,-0.561310
3.845683,-0.570012
3.917336,-0.578714
3.966323,-0.587417
4.016427,-0.596119
4.090932,-0.604822
4.143339,-0.613524
4.334997,-0.622227
4.389434,-0.630929
4.468122,-0.639632
4.542595,-0.648334
6.534878,-0.909408
6.399005,-0.918111
6.345945,-0.926813
6.313979,-0.935516
6.262228,-0.944218
6.231473,-0.952921
6.180981,-0.961623
6.110834,-0.970326
6.061608,-0.979028
5.992756,-0.987731
5.985136,-0.996433
5.937641,-1.005136
5.870555,-1.013838
5.844322,-1.022541
5.838699,-1.031243
5.833530,-1.039946
5.788659,-1.048648
5.744296,-1.057350
5.720483,-1.066053
5.677095,-1.074755
5.654216,-1.083458
5.611768,-1.092160
5.569780,-1.100863
2.847268,-1.109565
2.846706,-1.118268
2.786359,-1.126970
2.766233,-1.135673
2.726318,-1.144375
2.646600,-1.153078
2.026886,-1.161780
2.027413,-1.170483
1.827910,-1.179185
1.828664,-1.187888
1.809521,-1.196590
1.770449,-1.205293
1.771585,-1.213995
1.732708,-1.222697
1.734086,-1.231400
1.715490,-1.240102
1.717118,-1.248805
1.678584,-1.257507
1.680437,-1.266210
1.682422,-1.274912
1.684541,-1.283615
1.686793,-1.292317
1.689180,-1.301020
1.671397,-1.309722
1.674025,-1.318425
1.676789,-1.327127
1.679690,-1.335830
1.682730,-1.344532
1.685909,-1.353235
1.689229,-1.361937
1.692692,-1.370639
1.696298,-1.379342
1.700049,-1.388044
1.703947,-1.396747
1.707993,-1.405449
1.712189,-1.414152
1.716537,-1.422854
1.721039,-1.431557
1.725696,-1.440259
1.730510,-1.448962
1.735484,-1.457664
1.740619,-1.466367
1.745918,-1.475069
1.772661,-1.483772
1.761857,-1.492474
1.784239,-1.501177
1.790290,-1.509879
1.796520,-1.518582
1.802931,-1.527284
1.809526,-1.535986
1.816308,-1.544689
1.823281,-1.553391
1.830448,-1.562094
1.837811,-1.570796
