scan.pos:2.783947,6.746458,-2.9147503.762858,1.562094
3.796407,1.553391
3.830116,1.544689
3.904809,1.535986
3.918413,1.527284
4.013630,1.518581
4.047920,1.509879
4.041856,1.501177
4.076616,1.492474
4.091368,1.483772
4.116767,1.475069
4.173190,1.466367
4.235523,1.457664
4.289599,1.448962
4.323295,1.440259
4.386632,1.431557
4.503576,1.422854
4.580561,1.414152
4.637739,1.405449
4.695201,1.396747
4.752960,1.388044
4.831046,1.379342
4.849404,1.370639
4.888127,1.361937
4.947207,1.353234
4.946644,1.344532
4.986458,1.335830
5.006651,1.327127
5.047232,1.318425
5.048195,1.309722
5.049543,1.301020
5.051277,1.292317
5.053397,1.283615
5.055904,1.274912
5.058799,1.266210
5.062083,1.257507
5.065757,1.248805
5.029638,1.240102
5.034062,1.231400
5.038877,1.222697
5.044087,1.213995
5.049692,1.205292
5.055696,1.196590
5.062099,1.187888
5.068905,1.179185
5.076116,1.170483
5.083736,1.161780
5.091767,1.153078
5.100213,1.144375
5.109076,1.135673
5.118360,1.126970
5.128070,1.118268
5.138208,1.109565
5.148780,1.100863
5.139176,1.092160
5.150581,1.083458
5.162431,1.074755
5.174730,1.066053
5.187484,1.057350
5.200698,1.048648
5.214378,1.039945
5.228529,1.031243
5.243158,1.022541
5.258270,1.013838
5.273872,1.005136
5.289972,0.996433
5.264007,0.987731
5.280984,0.979028
5.298476,0.970326
5.316490,0.961623
5.335035,0.952921
5.354119,0.944218
5.373751,0.935516
5.393939,0.926813
5.414694,0.918111
5.436024,0.909408
5.457941,0.900706
3.099604,0.892003
3.052076,0.883301
2.985457,0.874598
2.942143,0.865896
2.899819,0.857194
2.793511,0.848491
2.783884,0.839789
2.759821,0.831086
2.721643,0.822384
2.661077,0.813681
2.624151,0.804979
2.595683,0.796276
2.560761,0.787574
2.526373,0.778871
2.492484,0.770169
2.482910,0.761466
2.485784,0.752764
2.454238,0.744061
2.423071,0.735359
2.392257,0.726656
2.410904,0.717954
2.405752,0.709251
2.376323,0.700549
2.347163,0.691847
2.318250,0.683144
2.289562,0.674442
2.286636,0.665739
2.284254,0.657037
2.256489,0.648334
2.228878,0.639632
2.191632,0.630929
2.174045,0.622227
2.173491,0.613524
2.146520,0.604822
2.119617,0.596119
2.092764,0.587417
2.093515,0.578714
2.066939,0.570012
2.040365,0.561309
2.042060,0.552607
2.024360,0.543905
2.007225,0.535202
1.990528,0.526500
1.974256,0.517797
1.958395,0.509095
1.942934,0.500392
1.927861,0.491690
1.913165,0.482987
1.898834,0.474285
1.858752,0.465582
1.845312,0.456880
1.780734,0.448177
1.768307,0.439475
1.756185,0.430772
1.744360,0.422070
1.732824,0.413367
1.721569,0.404665
1.710590,0.395962
1.699878,0.387260
1.689428,0.378558
1.679232,0.369855
1.669285,0.361153
1.659581,0.352450
1.650114,0.343748
1.640878,0.335045
1.631869,0.326343
1.623081,0.317640
1.614510,0.308938
1.629361,0.300235
1.644184,0.291533
1.636005,0.282830
1.628030,0.274128
1.620255,0.265425
1.635327,0.256723
1.627837,0.248020
1.620538,0.239318
1.635774,0.230615
1.651002,0.221913
1.644068,0.213211
1.637316,0.204508
1.652721,0.195806
1.646238,0.187103
1.683546,0.178401
1.703186,0.169698
1.713801,0.160996
1.708307,0.152293
1.702371,0.143591
1.784880,0.134888
1.821611,0.126186
1.837972,0.117483
1.834241,0.108781
1.831842,0.100078
1.851949,0.091376
1.873442,0.082673
1.896433,0.073971
1.905807,0.065269
1.892691,0.056566
1.944239,0.047864
2.018659,0.039161
2.012496,0.030459
2.071177,0.021756
2.132725,0.013054
2.135759,0.004351
2.138738,-0.004351
2.215156,-0.013054
2.265733,-0.021756
2.250156,-0.030459
2.281834,-0.039161
2.402106,-0.047864
2.510092,-0.056566
2.619855,-0.065269
2.796251,-0.073971
2.957598,-0.082674
3.154394,-0.091376
3.349290,-0.100078
6.315708,-0.169698
6.252499,-0.178401
6.149786,-0.187103
6.127669,-0.195806
6.066018,-0.204508
6.064865,-0.213211
6.024174,-0.221913
6.023947,-0.230616
6.024179,-0.239318
6.024869,-0.248021
6.026020,-0.256723
5.987605,-0.265425
5.929604,-0.274128
5.912065,-0.282830
5.874923,-0.291533
5.878286,-0.300235
5.882102,-0.308938
5.886372,-0.317640
5.891097,-0.326343
5.896278,-0.335045
5.901918,-0.343748
5.908020,-0.352450
5.914586,-0.361153
5.962010,-0.369855
5.929117,-0.378558
5.937089,-0.387260
5.945535,-0.395963
5.956587,-0.404665
5.979960,-0.413367
5.985674,-0.422070
6.031923,-0.430772
5.891552,-0.439475
5.653427,-0.448177
5.442409,-0.456880
5.242676,-0.465582
5.073605,-0.474285
4.892950,-0.482987
4.741057,-0.491690
4.596511,-0.500392
4.437799,-0.509095
4.305862,-0.517797
4.200309,-0.526500
4.075294,-0.535202
3.960379,-0.543905
3.870623,-0.552607
3.763567,-0.561310
3.659933,-0.570012
3.580726,-0.578714
3.483196,-0.587417
3.409755,-0.596119
3.348840,-0.604822
3.260250,-0.613524
3.195355,-0.622227
3.132508,-0.630929
3.071569,-0.639632
3.012411,-0.648334
2.954916,-0.657037
2.898975,-0.665739
2.844487,-0.674442
2.790246,-0.683144
2.739384,-0.691847
2.689687,-0.700549
2.641083,-0.709252
2.616153,-0.717954
2.569636,-0.726657
2.524018,-0.735359
2.479243,-0.744061
2.441449,-0.752764
2.399029,-0.761466
2.380616,-0.770169
2.339625,-0.778871
2.322807,-0.787574
2.283085,-0.796276
2.243878,-0.804979
2.216884,-0.813681
2.179346,-0.822384
2.166477,-0.831086
2.129855,-0.839789
2.118142,-0.848491
2.082327,-0.857194
2.046798,-0.865896
2.028385,-0.874599
2.019270,-0.883301
1.985317,-0.892003
1.977102,-0.900706
1.943666,-0.909408
1.910368,-0.918111
1.898288,-0.926813
1.892202,-0.935516
1.860078,-0.944218
1.854710,-0.952921
1.822874,-0.961623
1.815704,-0.970326
1.784586,-0.979028
1.781014,-0.987731
1.750050,-0.996433
1.747064,-1.005136
1.744404,-1.013838
1.729380,-1.022541
1.714742,-1.031243
1.700478,-1.039946
1.686576,-1.048648
1.673027,-1.057350
1.659819,-1.066053
1.646942,-1.074755
1.634387,-1.083458
1.622145,-1.092160
1.610206,-1.100863
1.598563,-1.109565
1.587207,-1.118268
1.576130,-1.126970
1.565325,-1.135673
1.554785,-1.144375
1.544503,-1.153078
1.534472,-1.161780
1.524686,-1.170483
1.515138,-1.179185
1.505823,-1.187888
1.496736,-1.196590
1.487870,-1.205293
1.479220,-1.213995
1.470782,-1.222697
1.462550,-1.231400
1.454520,-1.240102
1.446687,-1.248805
1.439048,-1.257507
1.431596,-1.266210
1.424330,-1.274912
1.417244,-1.283615
1.410336,-1.292317
1.403600,-1.301020
1.397035,-1.309722
1.390636,-1.318425
1.384401,-1.327127
1.378325,-1.335830
1.372407,-1.344532
1.366643,-1.353235
1.361031,-1.361937
1.355567,-1.370639
1.350249,-1.379342
1.345075,-1.388044
1.340042,-1.396747
1.335148,-1.405449
1.330391,-1.414152
1.325767,-1.422854
1.321277,-1.431557
1.316916,-1.440259
1.312684,-1.448962
1.308578,-1.457664
1.304597,-1.466367
1.300738,-1.475069
1.297001,-1.483772
1.293384,-1.492474
1.289885,-1.501177
1.286502,-1.509879
1.283234,-1.518582
1.280080,-1.527284
1.277039,-1.535986
1.274109,-1.544689
1.271289,-1.553391
1.268578,-1.562094
1.265974,-1.570796
