scan.pos:-2.122883,-2.516982,1.7352501.740601,1.562094
1.738150,1.553391
1.735838,1.544689
1.733664,1.535986
1.731627,1.527284
1.729726,1.518581
1.727961,1.509879
1.726331,1.501177
1.724836,1.492474
1.723474,1.483772
1.722245,1.475069
1.721149,1.466367
1.720185,1.457664
1.719353,1.448962
1.718653,1.440259
1.718084,1.431557
1.717646,1.422854
1.717339,1.414152
1.717164,1.405449
1.717118,1.396747
1.717204,1.388044
1.717421,1.379342
1.717768,1.370639
1.718246,1.361937
1.718856,1.353234
1.719597,1.344532
1.720469,1.335830
1.721474,1.327127
1.722611,1.318425
1.723881,1.309722
1.725285,1.301020
1.726822,1.292317
1.728494,1.283615
1.730301,1.274912
1.732244,1.266210
1.734323,1.257507
1.736540,1.248805
1.738895,1.240102
1.741389,1.231400
1.744024,1.222697
1.746799,1.213995
1.749717,1.205292
1.752779,1.196590
1.755985,1.187888
1.759337,1.179185
1.762836,1.170483
1.766484,1.161780
1.770283,1.153078
1.774233,1.144375
1.778336,1.135673
1.782595,1.126970
1.787010,1.118268
1.791585,1.109565
1.796319,1.100863
1.801217,1.092160
1.806279,1.083458
1.811508,1.074755
1.816906,1.066053
1.822476,1.057350
1.828219,1.048648
1.834139,1.039945
1.840238,1.031243
1.846519,1.022541
1.852985,1.013838
1.859637,1.005136
1.866481,0.996433
1.873518,0.987731
1.880753,0.979028
1.888188,0.970326
1.895826,0.961623
1.903673,0.952921
1.911730,0.944218
1.920004,0.935516
1.928496,0.926813
1.937212,0.918111
1.946157,0.909408
1.955333,0.900706
1.964747,0.892003
1.974404,0.883301
1.984307,0.874598
1.994463,0.865896
2.004877,0.857194
2.015555,0.848491
2.026502,0.839789
2.037724,0.831086
2.049229,0.822384
2.061022,0.813681
2.073110,0.804979
2.085501,0.796276
2.098202,0.787574
2.111220,0.778871
2.124563,0.770169
2.138240,0.761466
2.152259,0.752764
2.166629,0.744061
2.181360,0.735359
2.196460,0.726656
2.211941,0.717954
2.227813,0.709251
2.244086,0.700549
2.366101,0.691847
2.410540,0.683144
2.562789,0.674442
5.526244,0.335045
5.431711,0.326343
5.315843,0.317640
5.269040,0.308938
5.245489,0.300235
5.222544,0.291533
5.200193,0.282830
5.178425,0.274128
5.157230,0.265425
5.136598,0.256723
5.116517,0.248020
5.096980,0.239318
5.077977,0.230615
5.059498,0.221913
5.041537,0.213211
5.024083,0.204508
5.007130,0.195806
4.990670,0.187103
4.974695,0.178401
4.959199,0.169698
4.944174,0.160996
4.929615,0.152293
4.936534,0.143591
4.922827,0.134888
4.909569,0.126186
4.896754,0.117483
4.925973,0.108781
4.913927,0.100078
4.943708,0.091376
4.932425,0.082673
4.921567,0.073971
4.911130,0.065269
4.901110,0.056566
4.891502,0.047864
4.902744,0.039161
4.893913,0.030459
4.926223,0.021756
4.979135,0.013054
5.032256,0.004351
5.085597,-0.004351
5.179661,-0.013054
5.476041,-0.021756
5.852845,-0.030459
6.168672,-0.039161
6.625279,-0.047864
7.701981,-0.300235
7.206930,-0.308938
6.752508,-0.317640
6.478115,-0.326343
6.467124,-0.335045
6.476908,-0.343748
6.487216,-0.352450
6.457293,-0.361153
6.468591,-0.369855
6.480422,-0.378558
6.492794,-0.387260
6.505708,-0.395963
6.519171,-0.404665
6.533189,-0.413367
6.547767,-0.422070
6.562911,-0.430772
6.578627,-0.439475
6.594923,-0.448177
4.041983,-0.456880
3.931078,-0.465582
3.873374,-0.474285
3.777248,-0.482987
3.684773,-0.491690
3.532935,-0.500392
3.446943,-0.509095
3.363291,-0.517797
3.281790,-0.526500
3.223703,-0.535202
3.017033,-0.543905
2.962216,-0.552607
2.909088,-0.561310
2.835793,-0.570012
2.746238,-0.578714
2.736817,-0.587417
2.723755,-0.596119
2.712693,-0.604822
2.679574,-0.613524
2.668649,-0.622227
2.680198,-0.630929
2.624667,-0.639632
2.636530,-0.648334
2.603367,-0.657037
2.615643,-0.665739
2.605352,-0.674442
2.595160,-0.683144
2.608177,-0.691847
2.598296,-0.700549
2.611863,-0.709252
2.602297,-0.717954
2.592827,-0.726657
2.607186,-0.735359
2.621906,-0.744061
2.636995,-0.752764
2.652461,-0.761466
2.668315,-0.770169
2.684564,-0.778871
2.701220,-0.787574
2.718292,-0.796276
2.735791,-0.804979
2.753728,-0.813681
2.772115,-0.822384
2.790962,-0.831086
2.810282,-0.839789
2.830090,-0.848491
2.850397,-0.857194
2.871217,-0.865896
2.892566,-0.874599
2.914459,-0.883301
2.936910,-0.892003
2.959938,-0.900706
2.983558,-0.909408
3.007790,-0.918111
3.032651,-0.926813
3.030322,-0.935516
3.056263,-0.944218
3.081053,-0.952921
3.096537,-0.961623
3.112738,-0.970326
3.157210,-0.979028
3.174669,-0.987731
3.219991,-0.996433
3.238796,-1.005136
3.261970,-1.013838
3.309394,-1.022541
3.331008,-1.031243
3.379586,-1.039946
3.402807,-1.048648
3.452676,-1.057350
3.477627,-1.066053
3.536122,-1.074755
3.563479,-1.083458
3.616931,-1.092160
3.646318,-1.100863
3.701558,-1.109565
3.733143,-1.118268
3.790364,-1.126970
3.824335,-1.135673
3.859857,-1.144375
3.931933,-1.153078
3.980047,-1.161780
4.041731,-1.170483
4.104710,-1.179185
4.154132,-1.187888
4.219247,-1.196590
4.285877,-1.205293
4.337093,-1.213995
4.383328,-1.222697
4.367357,-1.231400
4.348904,-1.240102
4.401162,-1.248805
4.412263,-1.257507
4.423573,-1.266210
4.437760,-1.274912
4.498145,-1.283615
4.517250,-1.292317
4.561656,-1.301020
4.571978,-1.309722
4.554104,-1.318425
4.623899,-1.327127
4.650089,-1.335830
4.676439,-1.344532
4.702955,-1.353235
4.708158,-1.361937
4.777918,-1.370639
4.783553,-1.379342
4.832061,-1.388044
4.859423,-1.396747
4.908128,-1.405449
4.999076,-1.414152
4.984776,-1.422854
5.096705,-1.431557
5.145695,-1.440259
5.191499,-1.448962
5.276306,-1.457664
5.367258,-1.466367
7.022429,-1.475069
7.265730,-1.483772
7.434118,-1.492474
7.566234,-1.501177
