scan.pos:5.249166,5.549382,1.9184354.051530,1.562094
4.038912,1.553391
4.026679,1.544689
4.014824,1.535986
4.003343,1.527284
3.992230,1.518581
3.981481,1.509879
3.971092,1.501177
3.961057,1.492474
3.951373,1.483772
3.942036,1.475069
3.933042,1.466367
3.924387,1.457664
3.916067,1.448962
3.928599,1.440259
3.941379,1.431557
3.933970,1.422854
3.926887,1.414152
3.940495,1.405449
3.954358,1.396747
3.948174,1.388044
3.942308,1.379342
3.936759,1.370639
3.951743,1.361937
3.946796,1.353234
3.942162,1.344532
3.937838,1.335830
3.933822,1.327127
3.930114,1.318425
3.926711,1.309722
3.923613,1.301020
3.920818,1.292317
3.918325,1.283615
3.916134,1.274912
3.914242,1.266210
3.912651,1.257507
3.911358,1.248805
3.910364,1.240102
3.909668,1.231400
3.909271,1.222697
3.909170,1.213995
3.889367,1.205292
3.889860,1.196590
3.850634,1.187888
3.851708,1.179185
3.853077,1.170483
3.854741,1.161780
3.856700,1.153078
3.858954,1.144375
3.861506,1.135673
3.864356,1.126970
3.907695,1.118268
3.911180,1.109565
3.935101,1.100863
3.979525,1.092160
4.004172,1.083458
4.089784,1.074755
4.277052,1.066053
4.748695,1.057350
7.796906,0.900706
7.599432,0.892003
7.410402,0.883301
7.229154,0.874598
7.055089,0.865896
6.887665,0.857194
6.747826,0.848491
6.570820,0.839789
6.442127,0.831086
6.296852,0.822384
6.177900,0.813681
6.041560,0.804979
5.931111,0.796276
5.824553,0.787574
5.721645,0.778871
5.599996,0.770169
5.503652,0.761466
5.410344,0.752764
5.319893,0.744061
5.232139,0.735359
5.146926,0.726656
5.064115,0.717954
4.983571,0.709251
4.905169,0.700549
4.828794,0.691847
4.754337,0.683144
4.681693,0.674442
4.610765,0.665739
4.565068,0.657037
4.497436,0.648334
4.431264,0.639632
4.366475,0.630929
4.327143,0.622227
4.265047,0.613524
4.204128,0.604822
4.168913,0.596119
4.110316,0.587417
4.052717,0.578714
4.021132,0.570012
3.965536,0.561309
3.936191,0.552607
3.882409,0.543905
3.829380,0.535202
3.803006,0.526500
3.751535,0.517797
3.727022,0.509095
3.676959,0.500392
3.654181,0.491690
3.605383,0.482987
3.584225,0.474285
3.536563,0.465582
3.516919,0.456880
3.470271,0.448177
3.452045,0.439475
3.432519,0.430772
3.403036,0.422070
3.374310,0.413367
3.346318,0.404665
3.319038,0.395962
3.292447,0.387260
3.266526,0.378558
3.241254,0.369855
3.216614,0.361153
3.192587,0.352450
3.169155,0.343748
3.146303,0.335045
3.124014,0.326343
3.102274,0.317640
3.081067,0.308938
3.060379,0.300235
3.040198,0.291533
3.020509,0.282830
3.001301,0.274128
2.982561,0.265425
2.964278,0.256723
2.946441,0.248020
2.929039,0.239318
2.912062,0.230615
2.895499,0.221913
2.879343,0.213211
2.863582,0.204508
2.848208,0.195806
2.833214,0.187103
2.818590,0.178401
2.804328,0.169698
2.790422,0.160996
2.776864,0.152293
2.763645,0.143591
2.750761,0.134888
2.738204,0.126186
2.725967,0.117483
2.714046,0.108781
2.702432,0.100078
2.691122,0.091376
2.680110,0.082673
2.669389,0.073971
2.658956,0.065269
2.648805,0.056566
2.638932,0.047864
2.629331,0.039161
2.619998,0.030459
2.610930,0.021756
2.602122,0.013054
2.593570,0.004351
2.585270,-0.004351
2.577218,-0.013054
2.569412,-0.021756
2.561847,-0.030459
2.554521,-0.039161
2.547430,-0.047864
2.540571,-0.056566
2.533942,-0.065269
2.527539,-0.073971
2.521360,-0.082674
2.515402,-0.091376
2.509663,-0.100078
2.504140,-0.108781
2.498831,-0.117483
2.493734,-0.126186
2.488847,-0.134888
2.484169,-0.143591
2.479696,-0.152293
2.475427,-0.160996
2.471361,-0.169698
2.467496,-0.178401
2.463830,-0.187103
2.460362,-0.195806
2.457091,-0.204508
2.454015,-0.213211
2.451134,-0.221913
2.448445,-0.230616
2.445948,-0.239318
2.443643,-0.248021
2.441527,-0.256723
2.439600,-0.265425
2.437863,-0.274128
2.436313,-0.282830
2.434950,-0.291533
2.433774,-0.300235
2.432785,-0.308938
2.431981,-0.317640
2.431363,-0.326343
2.430930,-0.335045
2.430683,-0.343748
2.430620,-0.352450
2.430743,-0.361153
2.431051,-0.369855
2.431545,-0.378558
2.432223,-0.387260
2.433088,-0.395963
2.434138,-0.404665
2.435375,-0.413367
2.436799,-0.422070
2.438410,-0.430772
2.440210,-0.439475
2.442198,-0.448177
2.444376,-0.456880
2.446744,-0.465582
2.449303,-0.474285
2.452055,-0.482987
2.455000,-0.491690
2.458139,-0.500392
2.461475,-0.509095
2.465007,-0.517797
2.468738,-0.526500
2.472668,-0.535202
2.476801,-0.543905
2.481136,-0.552607
2.485676,-0.561310
2.490422,-0.570012
2.495378,-0.578714
2.500544,-0.587417
2.505922,-0.596119
2.511515,-0.604822
2.517326,-0.613524
2.523356,-0.622227
2.529608,-0.630929
2.536085,-0.639632
2.542789,-0.648334
2.549723,-0.657037
2.556891,-0.665739
2.564295,-0.674442
2.571938,-0.683144
2.579824,-0.691847
2.587956,-0.700549
2.596338,-0.709252
2.604974,-0.717954
2.613867,-0.726657
2.623021,-0.735359
2.632441,-0.744061
2.642130,-0.752764
2.652094,-0.761466
2.662337,-0.770169
2.672863,-0.778871
2.683679,-0.787574
2.694788,-0.796276
2.706196,-0.804979
2.717910,-0.813681
2.729934,-0.822384
2.742275,-0.831086
2.754938,-0.839789
2.767931,-0.848491
2.781260,-0.857194
2.794931,-0.865896
2.808953,-0.874599
2.823332,-0.883301
2.838076,-0.892003
2.853194,-0.900706
2.868693,-0.909408
2.884582,-0.918111
2.900871,-0.926813
2.917567,-0.935516
2.934682,-0.944218
2.952226,-0.952921
2.970207,-0.961623
2.988638,-0.970326
3.007530,-0.979028
3.026894,-0.987731
3.046742,-0.996433
3.067088,-1.005136
3.087944,-1.013838
3.109324,-1.022541
3.131242,-1.031243
3.153713,-1.039946
3.176753,-1.048648
3.200377,-1.057350
3.224603,-1.066053
3.249448,-1.074755
3.274930,-1.083458
3.301068,-1.092160
3.327882,-1.100863
3.355393,-1.109565
3.383622,-1.118268
3.412593,-1.126970
3.440230,-1.135673
3.457916,-1.144375
3.504172,-1.153078
3.523250,-1.161780
3.543172,-1.170483
3.591046,-1.179185
3.612497,-1.187888
3.661526,-1.196590
3.613911,-1.205293
3.586916,-1.213995
3.560591,-1.222697
3.534916,-1.231400
3.509874,-1.240102
3.485449,-1.248805
3.461622,-1.257507
3.438380,-1.266210
3.415705,-1.274912
3.393584,-1.283615
3.372004,-1.292317
3.350950,-1.301020
3.330408,-1.309722
3.310368,-1.318425
3.290817,-1.327127
3.271743,-1.335830
3.253135,-1.344532
3.234982,-1.353235
3.217275,-1.361937
3.200003,-1.370639
3.183156,-1.379342
3.166726,-1.388044
3.150703,-1.396747
3.135079,-1.405449
3.119845,-1.414152
3.104995,-1.422854
3.090519,-1.431557
3.076411,-1.440259
3.062663,-1.448962
3.049268,-1.457664
3.036221,-1.466367
3.023514,-1.475069
3.011141,-1.483772
2.999097,-1.492474
2.987375,-1.501177
2.975970,-1.509879
2.964877,-1.518582
2.954090,-1.527284
2.943605,-1.535986
2.933417,-1.544689
2.923521,-1.553391
2.913912,-1.562094
2.904587,-1.570796
