scan.pos:4.949369,6.376740,1.9184353.839020,1.562094
3.827064,1.553391
3.815472,1.544689
3.804239,1.535986
3.793360,1.527284
3.782830,1.518581
3.772645,1.509879
3.762801,1.501177
3.753293,1.492474
3.744117,1.483772
3.735269,1.475069
3.726747,1.466367
3.718546,1.457664
3.710662,1.448962
3.703094,1.440259
3.675358,1.431557
3.627567,1.422854
3.621036,1.414152
3.614802,1.405449
3.608865,1.396747
3.603221,1.388044
3.597868,1.379342
3.592804,1.370639
3.588027,1.361937
3.583535,1.353234
3.599496,1.344532
3.615695,1.335830
3.612008,1.327127
3.628710,1.318425
3.665748,1.309722
3.662855,1.301020
3.760544,1.292317
3.898481,1.283615
3.916336,1.274912
3.974523,1.266210
3.992925,1.257507
4.131684,1.248805
4.250671,1.240102
4.389933,1.231400
7.630455,1.005136
7.306599,0.996433
7.040895,0.987731
6.808220,0.979028
6.554065,0.970326
6.332517,0.961623
6.121777,0.952921
5.929372,0.944218
5.760452,0.935516
5.578617,0.926813
5.424832,0.918111
5.277651,0.909408
5.135187,0.900706
5.001435,0.892003
4.872680,0.883301
4.748519,0.874598
4.634227,0.865896
4.541130,0.857194
4.430286,0.848491
4.322722,0.839789
4.229744,0.831086
4.151042,0.822384
4.075064,0.813681
3.979809,0.804979
3.908671,0.796276
3.835669,0.787574
3.769919,0.778871
3.683921,0.770169
3.621809,0.761466
3.561425,0.752764
3.503563,0.744061
3.447175,0.735359
3.372355,0.726656
3.342223,0.717954
3.267748,0.709251
3.217185,0.700549
3.174017,0.691847
3.126360,0.683144
3.079638,0.674442
3.033797,0.665739
2.998338,0.657037
2.954883,0.648334
2.912151,0.639632
2.881953,0.630929
2.841288,0.622227
2.801214,0.613524
2.786134,0.604822
2.737503,0.596119
2.699708,0.587417
2.662359,0.578714
2.642395,0.570012
2.606558,0.561309
2.571074,0.552607
2.555014,0.543905
2.520860,0.535202
2.512927,0.526500
2.474557,0.517797
2.441848,0.509095
2.435870,0.500392
2.400341,0.491690
2.368869,0.482987
2.362296,0.474285
2.331785,0.465582
2.301367,0.456880
2.297955,0.448177
2.268393,0.439475
2.264123,0.430772
2.244677,0.422070
2.225729,0.413367
2.207265,0.404665
2.189270,0.395962
2.171731,0.387260
2.154633,0.378558
2.137964,0.369855
2.121711,0.361153
2.105862,0.352450
2.090406,0.343748
2.075333,0.335045
2.060631,0.326343
2.046291,0.317640
2.032302,0.308938
2.018657,0.300235
2.005345,0.291533
1.992358,0.282830
1.979688,0.274128
1.967327,0.265425
1.955267,0.256723
1.943502,0.248020
1.932023,0.239318
1.920825,0.230615
1.909900,0.221913
1.899243,0.213211
1.888847,0.204508
1.878707,0.195806
1.868816,0.187103
1.859170,0.178401
1.849763,0.169698
1.840590,0.160996
1.831647,0.152293
1.822928,0.143591
1.814429,0.134888
1.806147,0.126186
1.798075,0.117483
1.790211,0.108781
1.782551,0.100078
1.775091,0.091376
1.767827,0.082673
1.760756,0.073971
1.753874,0.065269
1.747178,0.056566
1.740665,0.047864
1.734333,0.039161
1.728177,0.030459
1.722195,0.021756
1.716385,0.013054
1.710744,0.004351
1.705270,-0.004351
1.699959,-0.013054
1.694810,-0.021756
1.689820,-0.030459
1.684988,-0.039161
1.680310,-0.047864
1.675786,-0.056566
1.671413,-0.065269
1.667190,-0.073971
1.663114,-0.082674
1.659184,-0.091376
1.655398,-0.100078
1.651756,-0.108781
1.648254,-0.117483
1.644892,-0.126186
1.641669,-0.134888
1.638582,-0.143591
1.635632,-0.152293
1.632816,-0.160996
1.630134,-0.169698
1.627585,-0.178401
1.625167,-0.187103
1.622880,-0.195806
1.620722,-0.204508
1.618693,-0.213211
1.616792,-0.221913
1.615019,-0.230616
1.613372,-0.239318
1.611851,-0.248021
1.610456,-0.256723
1.609185,-0.265425
1.608039,-0.274128
1.607016,-0.282830
1.606117,-0.291533
1.605342,-0.300235
1.604689,-0.308938
1.604159,-0.317640
1.603751,-0.326343
1.603466,-0.335045
1.603303,-0.343748
1.603261,-0.352450
1.603343,-0.361153
1.603546,-0.369855
1.603871,-0.378558
1.604319,-0.387260
1.604889,-0.395963
1.605582,-0.404665
1.606398,-0.413367
1.607337,-0.422070
1.608400,-0.430772
1.609587,-0.439475
1.610898,-0.448177
1.612334,-0.456880
1.613896,-0.465582
1.615585,-0.474285
1.617400,-0.482987
1.619342,-0.491690
1.621413,-0.500392
1.623613,-0.509095
1.625943,-0.517797
1.628404,-0.526500
1.630997,-0.535202
1.633722,-0.543905
1.636582,-0.552607
1.639577,-0.561310
1.642708,-0.570012
1.645976,-0.578714
1.649384,-0.587417
1.652931,-0.596119
1.656621,-0.604822
1.660453,-0.613524
1.664431,-0.622227
1.668555,-0.630929
1.672827,-0.639632
1.677249,-0.648334
1.681823,-0.657037
1.686551,-0.665739
1.691434,-0.674442
1.696476,-0.683144
1.701678,-0.691847
1.707042,-0.700549
1.712571,-0.709252
1.718267,-0.717954
1.724132,-0.726657
1.730171,-0.735359
1.736384,-0.744061
1.742775,-0.752764
1.749348,-0.761466
1.756104,-0.770169
1.763047,-0.778871
1.770181,-0.787574
1.777509,-0.796276
1.785034,-0.804979
1.792760,-0.813681
1.800692,-0.822384
1.808832,-0.831086
1.817185,-0.839789
1.825755,-0.848491
1.834547,-0.857194
1.843565,-0.865896
1.852813,-0.874599
1.862298,-0.883301
1.872023,-0.892003
1.881995,-0.900706
1.892218,-0.909408
1.902699,-0.918111
1.913443,-0.926813
1.924457,-0.935516
1.935746,-0.944218
1.947317,-0.952921
1.959178,-0.961623
1.971336,-0.970326
1.983797,-0.979028
1.996569,-0.987731
2.009662,-0.996433
2.023082,-1.005136
2.036839,-1.013838
2.050941,-1.022541
2.065398,-1.031243
2.080221,-1.039946
2.095418,-1.048648
2.111001,-1.057350
2.126981,-1.066053
2.143368,-1.074755
2.160177,-1.083458
2.177417,-1.092160
2.195104,-1.100863
2.213251,-1.109565
2.231871,-1.118268
2.250980,-1.126970
2.266639,-1.135673
2.290581,-1.144375
2.286798,-1.153078
2.311069,-1.161780
2.335407,-1.170483
2.359827,-1.179185
2.384347,-1.187888
2.408981,-1.196590
2.433746,-1.205293
2.458659,-1.213995
2.483736,-1.222697
2.514602,-1.231400
2.540581,-1.240102
2.573439,-1.248805
2.600412,-1.257507
2.610201,-1.266210
2.646718,-1.274912
2.675817,-1.283615
2.714653,-1.292317
2.745025,-1.301020
2.786341,-1.309722
2.818121,-1.318425
2.862100,-1.327127
2.895438,-1.335830
2.942283,-1.344532
2.977350,-1.353235
3.003729,-1.361937
3.064279,-1.370639
3.094264,-1.379342
3.156701,-1.388044
3.190577,-1.396747
3.255160,-1.405449
3.293250,-1.414152
3.337534,-1.422854
3.402951,-1.431557
3.427690,-1.440259
3.408978,-1.448962
3.392421,-1.457664
3.378498,-1.466367
3.355443,-1.475069
3.341712,-1.483772
3.328345,-1.492474
3.315336,-1.501177
3.302679,-1.509879
3.290368,-1.518582
3.278397,-1.527284
3.266761,-1.535986
3.255454,-1.544689
3.244472,-1.553391
3.233808,-1.562094
3.223459,-1.570796
