scan.pos:-1.889665,3.346734,1.6352501.042164,1.562094
1.041617,1.553391
1.041150,1.544689
1.040762,1.535986
1.040454,1.527284
1.040226,1.518581
1.040076,1.509879
1.040006,1.501177
1.040015,1.492474
1.040103,1.483772
1.040271,1.475069
1.040517,1.466367
1.040844,1.457664
1.041249,1.448962
1.041735,1.440259
1.042300,1.431557
1.042945,1.422854
1.043671,1.414152
1.044477,1.405449
1.045365,1.396747
1.046333,1.388044
1.047383,1.379342
1.048515,1.370639
1.049730,1.361937
1.051027,1.353234
1.052408,1.344532
1.053873,1.335830
1.055423,1.327127
1.057058,1.318425
1.058778,1.309722
1.060585,1.301020
1.062480,1.292317
1.064462,1.283615
1.066533,1.274912
1.068694,1.266210
1.070945,1.257507
1.073288,1.248805
1.075723,1.240102
1.078251,1.231400
1.080874,1.222697
1.083592,1.213995
1.086407,1.205292
1.089320,1.196590
1.092332,1.187888
1.095444,1.179185
1.098658,1.170483
1.101975,1.161780
1.105396,1.153078
1.108924,1.144375
1.112559,1.135673
1.116303,1.126970
1.120159,1.118268
1.124126,1.109565
1.128209,1.100863
1.132407,1.092160
1.136724,1.083458
1.141161,1.074755
1.145721,1.066053
1.150405,1.057350
1.155215,1.048648
1.160155,1.039945
1.165227,1.031243
1.170432,1.022541
1.175774,1.013838
1.181256,1.005136
1.186880,0.996433
1.192649,0.987731
1.198565,0.979028
1.204633,0.970326
1.210856,0.961623
1.217236,0.952921
1.223778,0.944218
1.230484,0.935516
1.237359,0.926813
1.244407,0.918111
1.251631,0.909408
1.259036,0.900706
1.266626,0.892003
1.274406,0.883301
1.270463,0.874598
1.278561,0.865896
1.286862,0.857194
1.295370,0.848491
1.304091,0.839789
1.313031,0.831086
1.322196,0.822384
1.331592,0.813681
1.341225,0.804979
1.351102,0.796276
1.361231,0.787574
1.371617,0.778871
1.382270,0.770169
1.393196,0.761466
1.404404,0.752764
1.470871,0.744061
1.483127,0.735359
1.495704,0.726656
1.508611,0.717954
1.508823,0.709251
1.556975,0.700549
4.112103,0.691847
4.078257,0.683144
4.045269,0.674442
4.013114,0.665739
3.981767,0.657037
3.951204,0.648334
3.921403,0.639632
3.892343,0.630929
3.864002,0.622227
3.836361,0.613524
3.809401,0.604822
3.783103,0.596119
3.757449,0.587417
3.732424,0.578714
3.708010,0.570012
3.684193,0.561309
3.660956,0.552607
3.638286,0.543905
3.616169,0.535202
3.594591,0.526500
3.573540,0.517797
3.553003,0.509095
3.532968,0.500392
3.513423,0.491690
3.494359,0.482987
3.475763,0.474285
3.504143,0.465582
3.486217,0.456880
3.468737,0.448177
3.451692,0.439475
3.447311,0.430772
3.439810,0.422070
3.435571,0.413367
3.412219,0.404665
3.459465,0.395962
3.488886,0.387260
3.455331,0.378558
3.470310,0.369855
3.493269,0.361153
3.517807,0.352450
3.497147,0.343748
3.517540,0.335045
3.569604,0.326343
3.599961,0.317640
3.630376,0.308938
3.768109,0.300235
3.841062,0.291533
3.828588,0.282830
3.837726,0.274128
3.868277,0.265425
3.877822,0.256723
3.950762,0.248020
3.939614,0.239318
4.054439,0.230615
4.168954,0.221913
4.283188,0.213211
4.417944,0.204508
4.531652,0.195806
4.789900,0.187103
4.779147,0.178401
4.768803,0.169698
4.758866,0.160996
4.757293,0.152293
4.759405,0.143591
4.750988,0.134888
4.733377,0.126186
4.728484,0.117483
4.708823,0.108781
4.720656,0.100078
4.711792,0.091376
4.687109,0.082673
4.681042,0.073971
4.675345,0.065269
4.670018,0.056566
4.665058,0.047864
4.660463,0.039161
4.656231,0.030459
4.652361,0.021756
4.648851,0.013054
4.645700,0.004351
4.642907,-0.004351
4.640470,-0.013054
4.638388,-0.021756
4.636662,-0.030459
4.635289,-0.039161
4.634271,-0.047864
4.633605,-0.056566
4.633292,-0.065269
4.633333,-0.073971
4.633726,-0.082674
4.634472,-0.091376
4.635571,-0.100078
4.637025,-0.108781
4.638832,-0.117483
4.640995,-0.126186
4.643513,-0.134888
4.646388,-0.143591
4.649621,-0.152293
4.653213,-0.160996
4.657166,-0.169698
4.661480,-0.178401
4.666158,-0.187103
4.671202,-0.195806
4.676613,-0.204508
4.682394,-0.213211
4.688547,-0.221913
4.695073,-0.230616
4.701977,-0.239318
4.709260,-0.248021
4.716925,-0.256723
4.724976,-0.265425
4.733415,-0.274128
4.742247,-0.282830
4.751473,-0.291533
4.761099,-0.300235
4.771129,-0.308938
4.781565,-0.317640
4.792413,-0.326343
4.803678,-0.335045
4.815362,-0.343748
2.777114,-0.352450
2.689809,-0.361153
2.621783,-0.369855
2.562724,-0.378558
2.569130,-0.387260
2.507123,-0.395963
2.528656,-0.404665
2.415905,-0.413367
2.261666,-0.422070
2.193753,-0.430772
2.136382,-0.439475
2.093693,-0.448177
2.052087,-0.456880
2.011485,-0.465582
1.964818,-0.474285
1.927177,-0.482987
1.890298,-0.491690
1.854127,-0.500392
1.838194,-0.509095
1.782195,-0.517797
1.748853,-0.526500
1.738415,-0.535202
1.707546,-0.543905
1.642993,-0.552607
1.627937,-0.561310
1.612862,-0.570012
1.590908,-0.578714
1.562125,-0.587417
1.556750,-0.596119
1.536066,-0.604822
1.508867,-0.613524
1.481831,-0.622227
1.454938,-0.630929
1.438846,-0.639632
1.412945,-0.648334
1.411191,-0.657037
1.374297,-0.665739
1.373674,-0.674442
1.348863,-0.683144
1.339199,-0.691847
1.315112,-0.700549
1.290999,-0.709252
1.284137,-0.717954
1.260641,-0.726657
1.262562,-0.735359
1.232841,-0.744061
1.235646,-0.752764
1.212678,-0.761466
1.211124,-0.770169
1.188607,-0.778871
1.188895,-0.787574
1.166783,-0.796276
1.144500,-0.804979
1.147125,-0.813681
1.125182,-0.822384
1.130746,-0.831086
1.107927,-0.839789
1.114248,-0.848491
1.110817,-0.857194
1.101351,-0.865896
1.092127,-0.874599
1.083138,-0.883301
1.074376,-0.892003
1.065836,-0.900706
1.057511,-0.909408
1.049394,-0.918111
1.041479,-0.926813
1.033761,-0.935516
1.026234,-0.944218
1.006422,-0.952921
0.999350,-0.961623
0.992451,-0.970326
0.985721,-0.979028
0.979156,-0.987731
0.972751,-0.996433
0.966503,-1.005136
0.960407,-1.013838
0.954460,-1.022541
0.948658,-1.031243
0.942997,-1.039946
0.961512,-1.048648
0.979886,-1.057350
0.974361,-1.066053
0.992604,-1.074755
0.987218,-1.083458
0.981964,-1.092160
1.000098,-1.100863
1.018121,-1.109565
1.036040,-1.118268
1.053859,-1.126970
1.048785,-1.135673
1.089224,-1.144375
1.106781,-1.153078
1.101776,-1.161780
1.096900,-1.170483
1.092150,-1.179185
1.087523,-1.187888
1.105119,-1.196590
1.122656,-1.205293
1.140137,-1.213995
1.179410,-1.222697
1.196714,-1.231400
1.213979,-1.240102
1.252812,-1.248805
1.269939,-1.257507
1.308496,-1.266210
1.325512,-1.274912
1.363827,-1.283615
1.402000,-1.292317
1.440042,-1.301020
1.456849,-1.309722
1.515773,-1.318425
1.553481,-1.327127
1.591098,-1.335830
1.649514,-1.344532
1.686923,-1.353235
1.745046,-1.361937
1.803017,-1.370639
1.860852,-1.379342
1.918563,-1.388044
1.996751,-1.396747
2.054217,-1.405449
2.152606,-1.414152
2.230311,-1.422854
2.307894,-1.431557
2.446535,-1.440259
2.544178,-1.448962
2.682334,-1.457664
2.799972,-1.466367
