scan.pos:-2.656861,1.626472,1.1352501.248620,1.562094
1.227589,1.553391
1.187572,1.544689
1.169668,1.535986
1.151721,1.527284
1.149460,1.518581
1.154739,1.509879
1.160156,1.501177
1.142856,1.492474
1.125476,1.483772
1.108010,1.475069
1.090452,1.466367
1.072796,1.457664
1.055037,1.448962
1.037168,1.440259
1.019183,1.431557
1.024910,1.422854
1.030780,1.414152
1.036798,1.405449
1.042966,1.396747
1.024887,1.388044
1.006664,1.379342
1.012998,1.370639
0.994624,1.361937
0.976088,1.353234
0.957382,1.344532
0.963862,1.335830
0.970505,1.327127
0.977316,1.318425
0.984298,1.309722
0.991456,1.301020
0.972512,1.292317
0.953358,1.283615
0.960671,1.274912
0.941277,1.266210
0.921649,1.257507
0.929102,1.248805
0.909197,1.240102
0.916812,1.231400
0.896608,1.222697
0.904386,1.213995
0.897994,1.205292
0.890381,1.196590
0.882962,1.187888
0.875732,1.179185
0.868685,1.170483
0.861815,1.161780
0.855118,1.153078
0.848588,1.144375
0.842221,1.135673
0.836012,1.126970
0.829957,1.118268
0.824051,1.109565
0.818290,1.100863
0.812671,1.092160
0.807189,1.083458
0.826900,1.074755
0.821520,1.066053
0.816271,1.057350
0.811151,1.048648
0.806155,1.039945
0.801281,1.031243
0.796526,1.022541
0.791887,1.013838
0.787362,1.005136
0.806673,0.996433
0.802236,0.987731
0.821375,0.979028
0.817029,0.970326
0.812791,0.961623
0.808658,0.952921
0.804627,0.944218
0.800697,0.935516
0.819633,0.926813
0.815792,0.918111
0.812047,0.909408
0.808399,0.900706
0.827201,0.892003
0.845902,0.883301
0.842342,0.874598
0.838875,0.865896
0.835500,0.857194
0.832215,0.848491
0.829019,0.839789
0.847644,0.831086
0.866196,0.822384
0.884680,0.813681
0.881598,0.804979
0.878604,0.796276
0.875697,0.787574
0.894165,0.778871
0.933807,0.770169
0.952117,0.761466
0.970388,0.752764
1.009662,0.744061
1.027814,0.735359
1.025025,0.726656
1.022328,0.717954
1.019724,0.709251
1.017209,0.700549
1.056204,0.691847
1.074435,0.683144
1.113281,0.674442
1.152043,0.665739
1.190729,0.657037
1.249839,0.648334
1.308815,0.639632
1.347258,0.630929
1.426422,0.622227
1.485081,0.613524
1.563974,0.604822
1.642743,0.596119
1.741657,0.587417
1.820205,0.578714
1.959283,0.570012
2.077991,0.561309
2.196584,0.552607
2.395613,0.543905
2.574315,0.535202
5.378697,0.526500
5.414504,0.517797
5.530921,0.509095
5.988445,0.500392
6.365708,0.491690
6.362511,0.482987
6.359801,0.474285
6.357577,0.465582
6.355838,0.456880
6.354585,0.448177
6.353815,0.439475
6.353529,0.430772
6.353728,0.422070
6.354410,0.413367
6.355577,0.404665
6.357228,0.395962
6.359364,0.387260
6.361987,0.378558
6.365097,0.369855
6.368694,0.361153
6.372782,0.352450
6.377360,0.343748
6.382432,0.335045
6.387999,0.326343
6.394063,0.317640
6.400626,0.308938
6.407691,0.300235
6.415261,0.291533
6.423338,0.282830
6.431926,0.274128
6.441029,0.265425
6.450649,0.256723
6.460791,0.248020
6.471458,0.239318
6.482655,0.230615
6.494386,0.221913
6.506657,0.213211
6.519471,0.204508
6.532834,0.195806
6.546751,0.187103
6.561229,0.178401
6.576273,0.169698
6.591889,0.160996
6.608084,0.152293
6.624865,0.143591
6.642237,0.134888
6.660210,0.126186
6.678791,0.117483
6.697987,0.108781
6.717806,0.100078
4.639681,0.091376
4.528639,0.082673
4.443496,0.073971
4.435285,0.065269
4.398307,0.056566
4.137989,0.047864
4.048010,0.039161
3.961138,0.030459
3.877165,0.021756
3.817784,0.013054
3.734764,0.004351
3.659568,-0.004351
3.608709,-0.013054
3.537841,-0.021756
3.468897,-0.030459
3.401757,-0.039161
3.360548,-0.047864
3.297719,-0.056566
3.236366,-0.065269
3.199256,-0.073971
3.140704,-0.082674
3.106464,-0.091376
3.057354,-0.100078
3.003203,-0.108781
2.973505,-0.117483
2.915299,-0.126186
2.893955,-0.134888
2.843743,-0.143591
2.805980,-0.152293
2.758040,-0.160996
2.735034,-0.169698
2.761761,-0.178401
2.765435,-0.187103
2.760934,-0.195806
2.792383,-0.204508
2.800271,-0.213211
2.834489,-0.221913
2.844809,-0.230616
2.805172,-0.239318
2.836999,-0.248021
2.851009,-0.256723
2.866121,-0.265425
2.908617,-0.274128
2.904469,-0.282830
2.926747,-0.291533
2.949596,-0.300235
2.973033,-0.308938
2.997075,-0.317640
3.021741,-0.326343
3.047050,-0.335045
3.073024,-0.343748
3.099681,-0.352450
3.106380,-0.361153
3.139571,-0.369855
3.173016,-0.378558
3.206739,-0.387260
3.240764,-0.395963
3.275116,-0.404665
3.283097,-0.413367
3.318382,-0.422070
3.354065,-0.430772
3.390174,-0.439475
3.426738,-0.448177
3.463783,-0.456880
3.501340,-0.465582
3.539440,-0.474285
3.578113,-0.482987
3.617394,-0.491690
3.657316,-0.500392
3.722650,-0.509095
3.763807,-0.517797
3.805720,-0.526500
3.848430,-0.535202
3.916116,-0.543905
3.960407,-0.552607
4.005632,-0.561310
4.051840,-0.570012
4.122677,-0.578714
4.170881,-0.587417
4.243578,-0.596119
4.410135,-0.604822
4.484372,-0.613524
4.536751,-0.622227
4.608887,-0.630929
6.614603,-0.892003
6.518157,-0.900706
6.422610,-0.909408
6.389404,-0.918111
6.377264,-0.926813
6.324827,-0.935516
6.252680,-0.944218
6.181254,-0.952921
6.130841,-0.961623
6.060769,-0.970326
6.052119,-0.979028
6.003504,-0.987731
5.935274,-0.996433
5.928188,-1.005136
5.901417,-1.013838
5.895283,-1.022541
5.849387,-1.031243
5.804021,-1.039946
5.779251,-1.048648
5.734895,-1.057350
5.711088,-1.066053
2.902415,-1.074755
2.900957,-1.083458
2.819642,-1.092160
2.078185,-1.100863
2.077616,-1.109565
1.877173,-1.118268
1.876946,-1.126970
1.876862,-1.135673
1.876920,-1.144375
1.777108,-1.153078
1.777434,-1.161780
1.777896,-1.170483
1.758475,-1.179185
1.719147,-1.187888
1.719987,-1.196590
1.720960,-1.205293
1.722064,-1.213995
1.723301,-1.222697
1.724672,-1.231400
1.706068,-1.240102
1.707687,-1.248805
1.709440,-1.257507
1.711327,-1.266210
1.713349,-1.274912
1.715506,-1.283615
1.717799,-1.292317
1.720230,-1.301020
1.722800,-1.309722
1.725508,-1.318425
1.728357,-1.327127
1.731348,-1.335830
1.734481,-1.344532
1.737758,-1.353235
1.741180,-1.361937
1.744749,-1.370639
1.748466,-1.379342
1.752333,-1.388044
1.756351,-1.396747
1.760521,-1.405449
1.785648,-1.414152
1.790182,-1.422854
1.794877,-1.431557
1.799734,-1.440259
1.804754,-1.448962
1.809942,-1.457664
1.815297,-1.466367
1.820824,-1.475069
1.826524,-1.483772
1.832399,-1.492474
1.838453,-1.501177
1.844688,-1.509879
1.851107,-1.518582
1.857713,-1.527284
1.864509,-1.535986
1.849696,-1.544689
1.856797,-1.553391
1.864095,-1.562094
1.871594,-1.570796
