scan.pos:-2.766424,1.370018,1.5352505.236885,1.562094
5.238710,1.553391
5.240935,1.544689
5.243563,1.535986
5.246592,1.527284
5.250025,1.518581
5.253863,1.509879
5.258107,1.501177
5.262759,1.492474
5.267821,1.483772
5.273295,1.475069
5.279182,1.466367
5.285486,1.457664
5.292208,1.448962
5.299352,1.440259
5.306919,1.431557
5.314913,1.422854
5.323338,1.414152
5.332196,1.405449
5.341491,1.396747
5.351226,1.388044
5.361407,1.379342
5.372036,1.370639
5.383117,1.361937
5.394657,1.353234
5.406658,1.344532
5.419127,1.335830
5.432068,1.327127
5.445487,1.318425
5.459389,1.309722
5.473780,1.301020
5.488666,1.292317
5.504053,1.283615
5.519949,1.274912
5.536359,1.266210
5.553292,1.257507
5.570754,1.248805
5.588753,1.240102
5.607297,1.231400
5.626395,1.222697
5.646054,1.213995
5.666285,1.205292
5.687096,1.196590
1.945339,1.187888
1.910378,1.179185
1.876083,1.170483
1.839293,1.161780
1.807232,1.153078
1.775672,1.144375
1.744575,1.135673
1.713905,1.126970
1.685479,1.118268
1.656485,1.109565
1.627804,1.100863
1.603954,1.092160
1.576681,1.083458
1.549628,1.074755
1.545995,1.066053
1.503989,1.057350
1.478270,1.048648
1.476269,1.039945
1.450913,1.031243
1.436679,1.022541
1.412250,1.013838
1.387873,1.005136
1.387810,0.996433
1.353226,0.987731
1.354218,0.979028
1.330773,0.970326
1.298600,0.961623
1.300700,0.952921
1.277853,0.944218
1.273265,0.935516
1.250977,0.926813
1.228593,0.918111
1.226548,0.909408
1.204641,0.900706
1.208917,0.892003
1.209497,0.883301
1.214785,0.874598
1.193399,0.865896
1.169402,0.857194
1.175522,0.848491
1.154308,0.839789
1.159757,0.831086
1.138851,0.822384
1.144755,0.813681
1.134907,0.804979
1.125312,0.796276
1.115962,0.787574
1.106850,0.778871
1.097968,0.770169
1.089311,0.761466
1.107558,0.752764
1.125611,0.744061
1.117190,0.735359
1.108977,0.726656
1.100968,0.717954
1.106040,0.709251
1.098331,0.700549
1.090811,0.691847
1.083475,0.683144
1.076318,0.674442
1.069336,0.665739
1.062525,0.657037
1.080435,0.648334
1.098205,0.639632
1.091586,0.630929
1.085128,0.622227
1.078828,0.613524
1.072682,0.604822
1.066686,0.596119
1.060837,0.587417
1.055132,0.578714
1.049567,0.570012
1.044140,0.561309
1.038847,0.552607
1.033686,0.543905
1.028654,0.535202
1.023749,0.526500
1.018967,0.517797
1.014306,0.509095
1.009765,0.500392
1.005340,0.491690
1.001030,0.482987
0.996832,0.474285
0.992744,0.465582
0.988765,0.456880
0.984892,0.448177
0.981124,0.439475
0.977459,0.430772
0.973895,0.422070
0.991996,0.413367
0.988554,0.404665
0.985212,0.395962
0.981966,0.387260
0.978816,0.378558
0.975760,0.369855
0.972797,0.361153
0.991011,0.352450
1.009194,0.343748
1.006385,0.335045
1.003668,0.326343
1.001041,0.317640
0.998505,0.308938
1.016807,0.300235
1.014397,0.291533
1.012075,0.282830
1.051058,0.274128
1.048823,0.265425
1.046676,0.256723
1.044617,0.248020
1.042646,0.239318
1.061168,0.230615
1.100078,0.221913
1.098263,0.213211
1.096537,0.204508
1.176004,0.195806
1.235083,0.187103
1.253652,0.178401
1.252074,0.169698
1.250595,0.160996
1.249214,0.152293
1.328444,0.143591
1.467944,0.134888
1.587210,0.126186
1.766624,0.117483
1.925840,0.108781
2.225322,0.100078
2.504574,0.091376
6.258350,0.082673
6.616096,0.073971
6.613864,0.065269
6.612138,0.056566
6.610916,0.047864
6.610198,0.039161
6.609983,0.030459
6.610271,0.021756
6.611063,0.013054
6.612360,0.004351
6.614160,-0.004351
6.616465,-0.013054
6.619276,-0.021756
6.622594,-0.030459
6.626420,-0.039161
6.630756,-0.047864
6.635603,-0.056566
6.640964,-0.065269
6.646840,-0.073971
6.653233,-0.082674
6.660146,-0.091376
6.667582,-0.100078
6.675543,-0.108781
6.684033,-0.117483
6.693056,-0.126186
6.702613,-0.134888
6.712710,-0.143591
6.723350,-0.152293
6.734538,-0.160996
6.746277,-0.169698
6.758573,-0.178401
6.771430,-0.187103
6.784855,-0.195806
6.798851,-0.204508
6.813426,-0.213211
6.828583,-0.221913
6.844331,-0.230616
6.860675,-0.239318
6.877623,-0.248021
6.895181,-0.256723
6.913357,-0.265425
6.932158,-0.274128
6.951592,-0.282830
6.971669,-0.291533
6.992395,-0.300235
4.950380,-0.308938
4.840367,-0.317640
4.713553,-0.326343
4.719394,-0.335045
4.686884,-0.343748
4.421146,-0.352450
4.330815,-0.361153
4.243653,-0.369855
4.159450,-0.378558
4.078012,-0.387260
3.977176,-0.395963
3.922734,-0.404665
3.848577,-0.413367
3.776551,-0.422070
3.706525,-0.430772
3.638377,-0.439475
3.594549,-0.448177
3.529929,-0.456880
3.466872,-0.465582
3.405284,-0.474285
3.368068,-0.482987
3.309282,-0.491690
3.216031,-0.500392
3.218660,-0.509095
3.163467,-0.517797
3.132892,-0.526500
3.079818,-0.535202
3.027652,-0.543905
3.024327,-0.552607
3.046499,-0.561310
3.046013,-0.570012
3.046837,-0.578714
3.073524,-0.587417
3.101785,-0.596119
3.106723,-0.604822
3.087843,-0.613524
3.095073,-0.622227
3.128905,-0.630929
3.138716,-0.639632
3.154172,-0.648334
3.176771,-0.657037
3.199942,-0.665739
3.223701,-0.674442
3.248065,-0.683144
3.273050,-0.691847
3.298676,-0.700549
3.324962,-0.709252
3.351928,-0.717954
3.379593,-0.726657
3.407981,-0.735359
3.437114,-0.744061
3.465568,-0.752764
3.476514,-0.761466
3.516047,-0.770169
3.555932,-0.778871
3.568866,-0.787574
3.609759,-0.796276
3.651088,-0.804979
3.696399,-0.813681
3.712713,-0.822384
3.756246,-0.831086
3.800344,-0.839789
3.845041,-0.848491
3.890375,-0.857194
3.936385,-0.865896
3.964884,-0.874599
4.013072,-0.883301
4.062060,-0.892003
4.111893,-0.900706
4.162617,-0.909408
4.214280,-0.918111
4.266934,-0.926813
4.320633,-0.935516
4.363003,-0.944218
4.419712,-0.952921
4.477650,-0.961623
4.655403,-0.970326
4.715351,-0.979028
4.800201,-0.987731
4.870787,-0.996433
6.788191,-1.257507
6.688540,-1.266210
6.589879,-1.274912
6.554140,-1.283615
6.498451,-1.292317
6.464062,-1.301020
6.409785,-1.309722
6.294765,-1.318425
6.262441,-1.327127
6.210307,-1.335830
6.158828,-1.344532
6.128330,-1.353235
6.078089,-1.361937
6.048741,-1.370639
6.040185,-1.379342
5.991672,-1.388044
2.005765,-1.396747
1.942883,-1.405449
1.940739,-1.414152
1.898490,-1.422854
1.896687,-1.431557
1.874941,-1.440259
1.833298,-1.448962
1.831979,-1.457664
1.830802,-1.466367
1.829765,-1.475069
1.808842,-1.483772
1.808094,-1.492474
1.807485,-1.501177
1.807013,-1.509879
1.806679,-1.518582
1.806483,-1.527284
1.806424,-1.535986
1.806503,-1.544689
1.806719,-1.553391
1.807073,-1.562094
1.807565,-1.570796
