scan.pos:-2.122306,7.058588,1.2352501.016701,1.562094
1.019843,1.553391
1.023083,1.544689
1.026423,1.535986
1.029862,1.527284
1.033404,1.518581
1.037050,1.509879
1.040800,1.501177
1.044658,1.492474
1.048625,1.483772
1.052703,1.475069
1.056893,1.466367
1.061198,1.457664
1.065619,1.448962
1.070159,1.440259
1.074821,1.431557
1.079605,1.422854
1.084516,1.414152
1.134953,1.405449
1.140338,1.396747
1.122944,1.388044
1.105466,1.379342
1.111045,1.370639
1.116765,1.361937
1.122630,1.353234
1.128644,1.344532
1.134809,1.335830
1.141130,1.327127
1.147609,1.318425
1.154251,1.309722
1.161059,1.301020
1.168037,1.292317
1.175190,1.283615
1.182521,1.274912
1.190036,1.266210
1.197738,1.257507
1.205633,1.248805
1.213727,1.240102
1.222023,1.231400
1.230527,1.222697
1.239246,1.213995
1.248186,1.205292
1.257351,1.196590
1.266749,1.187888
1.276387,1.179185
1.286271,1.170483
1.296409,1.161780
1.361259,1.153078
1.372372,1.144375
1.356099,1.135673
1.339656,1.126970
1.323035,1.118268
1.324162,1.109565
1.312845,1.100863
1.301818,1.092160
1.291073,1.083458
1.280600,1.074755
1.270392,1.066053
1.260440,1.057350
1.250738,1.048648
1.241277,1.039945
1.232052,1.031243
1.223055,1.022541
1.214281,1.013838
1.205722,1.005136
1.197375,0.996433
1.189231,0.987731
1.181288,0.979028
1.173538,0.970326
1.165977,0.961623
1.158602,0.952921
1.151405,0.944218
1.144385,0.935516
1.137535,0.926813
1.130853,0.918111
1.124334,0.909408
1.117974,0.900706
1.111770,0.892003
1.105718,0.883301
1.099815,0.874598
1.094058,0.865896
1.088443,0.857194
1.082967,0.848491
1.077628,0.839789
1.072423,0.831086
1.067348,0.822384
1.062402,0.813681
1.057582,0.804979
1.052884,0.796276
1.048308,0.787574
1.043851,0.778871
1.039510,0.770169
1.035284,0.761466
1.031170,0.752764
1.027167,0.744061
1.023272,0.735359
1.019484,0.726656
1.015801,0.717954
1.012222,0.709251
1.008744,0.700549
1.005366,0.691847
1.002087,0.683144
0.998905,0.674442
0.995818,0.665739
0.992826,0.657037
0.989927,0.648334
0.987120,0.639632
0.984404,0.630929
0.981777,0.622227
0.979239,0.613524
0.976787,0.604822
0.974422,0.596119
0.972142,0.587417
0.969947,0.578714
0.967835,0.570012
0.965806,0.561309
0.963858,0.552607
0.961991,0.543905
0.960205,0.535202
0.958498,0.526500
0.956869,0.517797
0.955319,0.509095
0.953847,0.500392
0.952451,0.491690
0.951132,0.482987
0.949889,0.474285
0.948721,0.465582
0.947628,0.456880
0.946609,0.448177
0.945665,0.439475
0.944794,0.430772
0.943997,0.422070
0.943273,0.413367
0.942622,0.404665
0.942044,0.395962
0.941537,0.387260
0.941103,0.378558
0.940741,0.369855
0.940451,0.361153
0.940233,0.352450
0.940086,0.343748
0.940011,0.335045
0.940007,0.326343
0.940075,0.317640
0.940215,0.308938
0.940426,0.300235
0.940709,0.291533
0.941064,0.282830
0.941491,0.274128
0.941990,0.265425
0.942562,0.256723
0.943206,0.248020
0.943923,0.239318
0.944713,0.230615
0.945576,0.221913
0.946513,0.213211
0.947524,0.204508
0.948610,0.195806
0.949770,0.187103
0.951006,0.178401
0.952318,0.169698
0.953706,0.160996
0.955171,0.152293
0.956713,0.143591
0.958334,0.134888
0.960033,0.126186
0.961812,0.117483
0.963671,0.108781
0.965610,0.100078
0.967632,0.091376
0.969735,0.082673
0.971923,0.073971
0.974194,0.065269
0.976551,0.056566
0.978993,0.047864
0.981523,0.039161
0.984141,0.030459
0.986849,0.021756
0.989647,0.013054
0.992537,0.004351
0.995520,-0.004351
0.998597,-0.013054
1.001769,-0.021756
1.005039,-0.030459
1.008407,-0.039161
1.011875,-0.047864
1.015444,-0.056566
1.019117,-0.065269
1.022895,-0.073971
1.026779,-0.082674
1.030771,-0.091376
1.034874,-0.100078
1.039089,-0.108781
1.043419,-0.117483
1.047864,-0.126186
1.052429,-0.134888
1.057114,-0.143591
1.061922,-0.152293
1.066856,-0.160996
1.071917,-0.169698
1.077110,-0.178401
1.082436,-0.187103
1.087898,-0.195806
1.093499,-0.204508
1.099242,-0.213211
1.105131,-0.221913
1.111168,-0.230616
1.117357,-0.239318
1.123701,-0.248021
1.130204,-0.256723
1.136870,-0.265425
1.143703,-0.274128
1.150707,-0.282830
1.157885,-0.291533
1.165243,-0.300235
1.172785,-0.308938
1.180516,-0.317640
1.188441,-0.326343
1.196564,-0.335045
1.204891,-0.343748
1.213429,-0.352450
1.222182,-0.361153
1.231156,-0.369855
1.240359,-0.378558
1.249796,-0.387260
1.259474,-0.395963
1.269401,-0.404665
1.279584,-0.413367
1.290030,-0.422070
1.300748,-0.430772
1.311747,-0.439475
1.323035,-0.448177
1.324162,-0.456880
1.340778,-0.465582
1.357215,-0.474285
1.346012,-0.482987
1.362341,-0.491690
1.378510,-0.500392
1.394529,-0.509095
1.410406,-0.517797
1.426148,-0.526500
1.441763,-0.535202
1.457257,-0.543905
1.472638,-0.552607
1.487913,-0.561310
1.503087,-0.570012
1.518168,-0.578714
1.533160,-0.587417
1.525461,-0.596119
1.549480,-0.604822
1.564995,-0.613524
1.590585,-0.622227
1.606570,-0.630929
1.609627,-0.639632
1.650352,-0.648334
1.655471,-0.657037
1.696525,-0.665739
1.703818,-0.674442
1.745297,-0.683144
1.754892,-0.691847
1.773626,-0.700549
1.808950,-0.709252
1.828571,-0.717954
1.866282,-0.726657
1.886911,-0.735359
1.927218,-0.744061
1.948997,-0.752764
1.992138,-0.761466
2.015229,-0.770169
2.060909,-0.778871
2.108280,-0.787574
2.133140,-0.796276
2.184088,-0.804979
2.210764,-0.813681
2.265682,-0.822384
2.294452,-0.831086
2.353798,-0.839789
2.406606,-0.848491
2.460006,-0.857194
2.504791,-0.865896
2.582435,-0.874599
2.633222,-0.883301
2.692790,-0.892003
2.753452,-0.900706
2.835205,-0.909408
2.900141,-0.918111
2.990116,-0.926813
3.081157,-0.935516
3.159780,-0.944218
3.256984,-0.952921
3.356578,-0.961623
3.451811,-0.970326
3.559710,-0.979028
3.712340,-0.987731
3.829095,-0.996433
3.992921,-1.005136
4.129080,-1.013838
4.286814,-1.022541
4.471701,-1.031243
4.664496,-1.039946
4.890868,-1.048648
5.117795,-1.057350
5.392745,-1.066053
5.662016,-1.074755
5.978415,-1.083458
6.353894,-1.092160
6.734401,-1.100863
7.222755,-1.109565
7.743298,-1.118268
2.760272,-1.509879
2.672108,-1.518582
2.608917,-1.527284
2.528621,-1.535986
2.438049,-1.544689
2.398989,-1.553391
2.328108,-1.562094
2.281023,-1.570796
