scan.pos:-4.023281,5.331435,2.9684350.832449,1.562094
0.833753,1.553391
0.875863,1.544689
0.877374,1.535986
0.878957,1.527284
0.880613,1.518581
0.882342,1.509879
0.884146,1.501177
0.886025,1.492474
0.887979,1.483772
0.890010,1.475069
0.892119,1.466367
0.894306,1.457664
0.896572,1.448962
0.898918,1.440259
0.901345,1.431557
0.903854,1.422854
0.906447,1.414152
0.909124,1.405449
0.911887,1.396747
0.914736,1.388044
0.917673,1.379342
0.920699,1.370639
0.923816,1.361937
0.927026,1.353234
0.930328,1.344532
0.933726,1.335830
0.937220,1.327127
0.940812,1.318425
0.944504,1.309722
0.948298,1.301020
0.952195,1.292317
0.956197,1.283615
0.960307,1.274912
0.964525,1.266210
0.968856,1.257507
0.973299,1.248805
0.977859,1.240102
0.982536,1.231400
1.000462,1.222697
1.005448,1.213995
1.010562,1.205292
1.015806,1.196590
1.021183,1.187888
1.026695,1.179185
1.032347,1.170483
1.038140,1.161780
1.044079,1.153078
1.050167,1.144375
1.056407,1.135673
1.062803,1.126970
1.069358,1.118268
1.076078,1.109565
1.082966,1.100863
1.090026,1.092160
1.097262,1.083458
1.104680,1.074755
1.112285,1.066053
1.120080,1.057350
1.128073,1.048648
1.162345,1.039945
1.170940,1.031243
1.179753,1.022541
1.188791,1.013838
1.198061,1.005136
5.890051,0.996433
5.810436,0.987731
5.783847,0.979028
5.732994,0.970326
5.679897,0.961623
5.627636,0.952921
5.583040,0.944218
5.535649,0.935516
5.489470,0.926813
5.444467,0.918111
5.400603,0.909408
5.357845,0.900706
5.316160,0.892003
5.275518,0.883301
5.235888,0.874598
5.197242,0.865896
5.159553,0.857194
5.122793,0.848491
5.086938,0.839789
5.051963,0.831086
5.017846,0.822384
4.984563,0.813681
4.952094,0.804979
4.920417,0.796276
4.889513,0.787574
4.859363,0.778871
4.829947,0.770169
4.801250,0.761466
4.773252,0.752764
4.745938,0.744061
4.719293,0.735359
4.693300,0.726656
4.667946,0.717954
4.643216,0.709251
4.619096,0.700549
4.595574,0.691847
4.572637,0.683144
4.550272,0.674442
4.528468,0.665739
4.507214,0.657037
4.486498,0.648334
4.466311,0.639632
4.446641,0.630929
4.427480,0.622227
4.408818,0.613524
4.390645,0.604822
4.372952,0.596119
4.355733,0.587417
4.338977,0.578714
4.322678,0.570012
4.306828,0.561309
4.291419,0.552607
4.276444,0.543905
4.261898,0.535202
4.247771,0.526500
4.234060,0.517797
4.220757,0.509095
4.207858,0.500392
4.195355,0.491690
4.183244,0.482987
4.171519,0.474285
4.160176,0.465582
4.149209,0.456880
4.138615,0.448177
4.128388,0.439475
4.118525,0.430772
4.109020,0.422070
4.099871,0.413367
4.091074,0.404665
4.082623,0.395962
4.074519,0.387260
4.066754,0.378558
4.059329,0.369855
4.052238,0.361153
4.045479,0.352450
4.039050,0.343748
4.032948,0.335045
4.027171,0.326343
4.021716,0.317640
4.016581,0.308938
4.011765,0.300235
4.007264,0.291533
4.003079,0.282830
3.999206,0.274128
3.995645,0.265425
3.992394,0.256723
3.989452,0.248020
3.986817,0.239318
3.984489,0.230615
3.982468,0.221913
3.980751,0.213211
3.979338,0.204508
3.978230,0.195806
3.977424,0.187103
3.976922,0.178401
3.976723,0.169698
3.976827,0.160996
3.977233,0.152293
3.977943,0.143591
3.978956,0.134888
3.980273,0.126186
3.981893,0.117483
3.983819,0.108781
3.986050,0.100078
3.988588,0.091376
3.991433,0.082673
3.994587,0.073971
3.998050,0.065269
4.001824,0.056566
4.005911,0.047864
4.010312,0.039161
4.015028,0.030459
4.020062,0.021756
4.025416,0.013054
4.031092,0.004351
4.037091,-0.004351
4.043417,-0.013054
4.050071,-0.021756
4.057057,-0.030459
4.064377,-0.039161
4.072034,-0.047864
4.080031,-0.056566
4.088372,-0.065269
4.097060,-0.073971
4.106098,-0.082674
4.115489,-0.091376
4.125240,-0.100078
4.135352,-0.108781
4.145830,-0.117483
4.156678,-0.126186
4.167902,-0.134888
4.179506,-0.143591
4.191494,-0.152293
4.203873,-0.160996
4.216648,-0.169698
4.229823,-0.178401
4.243404,-0.187103
4.257399,-0.195806
4.271812,-0.204508
4.286652,-0.213211
4.301923,-0.221913
4.317633,-0.230616
4.333790,-0.239318
4.350401,-0.248021
4.367473,-0.256723
4.385015,-0.265425
4.403036,-0.274128
4.421543,-0.282830
4.440547,-0.291533
4.460054,-0.300235
4.480078,-0.308938
4.500626,-0.317640
4.521709,-0.326343
4.543338,-0.335045
4.565525,-0.343748
4.588280,-0.352450
4.611617,-0.361153
1.897743,-0.369855
1.878680,-0.378558
1.845455,-0.387260
1.827232,-0.395963
1.809074,-0.404665
1.778621,-0.413367
1.761175,-0.422070
1.719508,-0.430772
1.701956,-0.439475
1.698985,-0.448177
1.657461,-0.456880
1.640458,-0.465582
1.615148,-0.474285
1.598624,-0.482987
1.582047,-0.491690
1.584282,-0.500392
1.568284,-0.509095
1.526319,-0.517797
1.530963,-0.526500
1.515225,-0.535202
1.499385,-0.543905
1.479874,-0.552607
1.464307,-0.561310
1.448611,-0.570012
1.447512,-0.578714
1.431875,-0.587417
1.416087,-0.596119
1.428144,-0.604822
1.412272,-0.613524
1.403931,-0.622227
1.392014,-0.630929
1.380402,-0.639632
1.369085,-0.648334
1.358055,-0.657037
1.347303,-0.665739
1.336821,-0.674442
1.326601,-0.683144
1.316635,-0.691847
1.306917,-0.700549
1.297439,-0.709252
1.288196,-0.717954
1.279180,-0.726657
1.270385,-0.735359
1.261805,-0.744061
1.253436,-0.752764
1.245271,-0.761466
1.237306,-0.770169
1.229535,-0.778871
1.221953,-0.787574
1.214556,-0.796276
1.207339,-0.804979
1.200299,-0.813681
1.193431,-0.822384
1.186730,-0.831086
1.180194,-0.839789
1.173818,-0.848491
1.167600,-0.857194
1.161534,-0.865896
1.155619,-0.874599
1.149852,-0.883301
1.144228,-0.892003
1.138745,-0.900706
1.133400,-0.909408
1.128191,-0.918111
1.123114,-0.926813
1.118168,-0.935516
1.113350,-0.944218
1.108657,-0.952921
1.104087,-0.961623
1.099638,-0.970326
1.095308,-0.979028
1.091095,-0.987731
1.086996,-0.996433
1.083010,-1.005136
1.079136,-1.013838
1.075370,-1.022541
1.071712,-1.031243
1.068160,-1.039946
1.064712,-1.048648
1.061367,-1.057350
1.058123,-1.066053
1.054979,-1.074755
1.051933,-1.083458
1.048985,-1.092160
1.046133,-1.100863
1.043375,-1.109565
1.040711,-1.118268
1.038139,-1.126970
1.035659,-1.135673
1.033269,-1.144375
1.030968,-1.153078
1.028756,-1.161780
1.026631,-1.170483
1.024593,-1.179185
1.022641,-1.187888
1.020773,-1.196590
1.018990,-1.205293
1.017291,-1.213995
1.015674,-1.222697
1.014140,-1.231400
1.012687,-1.240102
1.011315,-1.248805
1.010024,-1.257507
1.008813,-1.266210
1.007681,-1.274912
1.006628,-1.283615
1.005655,-1.292317
1.004759,-1.301020
1.003942,-1.309722
1.003202,-1.318425
1.002539,-1.327127
1.001954,-1.335830
1.001446,-1.344532
1.001014,-1.353235
1.000659,-1.361937
1.000380,-1.370639
1.000177,-1.379342
1.000051,-1.388044
1.000001,-1.396747
1.000027,-1.405449
1.000129,-1.414152
1.000308,-1.422854
1.000562,-1.431557
1.000893,-1.440259
1.001301,-1.448962
1.001785,-1.457664
1.002346,-1.466367
1.002985,-1.475069
1.003700,-1.483772
1.004493,-1.492474
1.005364,-1.501177
1.006313,-1.509879
1.007341,-1.518582
1.008447,-1.527284
1.009633,-1.535986
1.010899,-1.544689
1.012246,-1.553391
1.013673,-1.562094
1.015181,-1.570796
