scan.pos:-1.416628,7.199809,-0.4647500.894921,1.562094
0.898888,1.553391
0.902960,1.544689
0.907138,1.535986
0.911424,1.527284
0.915822,1.518581
0.920332,1.509879
0.924958,1.501177
0.929702,1.492474
0.934566,1.483772
0.939553,1.475069
0.944666,1.466367
0.949908,1.457664
0.955281,1.448962
0.960789,1.440259
0.966435,1.431557
0.972223,1.422854
0.978155,1.414152
0.984235,1.405449
0.990467,1.396747
0.996855,1.388044
1.003403,1.379342
1.010115,1.370639
1.016995,1.361937
1.024048,1.353234
1.031279,1.344532
1.038692,1.335830
1.046293,1.327127
1.054087,1.318425
1.062079,1.309722
1.070276,1.301020
1.078682,1.292317
1.087306,1.283615
1.096152,1.274912
1.105229,1.266210
1.114542,1.257507
1.124100,1.248805
1.128848,1.240102
1.119167,1.231400
1.137479,1.222697
1.155572,1.213995
1.173456,1.205292
1.164070,1.196590
1.181779,1.187888
1.199302,1.179185
1.216648,1.170483
1.207575,1.161780
1.224786,1.153078
1.241841,1.144375
1.258747,1.135673
1.275512,1.126970
1.292143,1.118268
1.308648,1.109565
1.325033,1.100863
1.341305,1.092160
1.357471,1.083458
1.373537,1.074755
1.389509,1.066053
1.405393,1.057350
1.421196,1.048648
1.436921,1.039945
1.405302,1.031243
1.444842,1.022541
1.451281,1.013838
1.467679,1.005136
1.499712,0.996433
1.516733,0.987731
1.533744,0.979028
1.568577,0.970326
1.586341,0.961623
1.623495,0.952921
1.642128,0.944218
1.681814,0.935516
1.701451,0.926813
1.743531,0.918111
1.764705,0.909408
1.807814,0.900706
1.832354,0.892003
1.854735,0.883301
1.899255,0.874598
1.950738,0.865896
1.975029,0.857194
2.030626,0.848491
2.056936,0.839789
2.126702,0.831086
2.167238,0.822384
2.217827,0.813681
2.285284,0.804979
2.338650,0.796276
2.392785,0.787574
2.448001,0.778871
2.526830,0.770169
2.585716,0.761466
2.652061,0.752764
2.736625,0.744061
2.822731,0.735359
2.903040,0.726656
3.016159,0.717954
3.110859,0.709251
3.229779,0.700549
3.333191,0.691847
3.460637,0.683144
3.603418,0.674442
3.743197,0.665739
3.928581,0.657037
4.084595,0.648334
4.268455,0.639632
4.516693,0.630929
4.725479,0.622227
5.027717,0.613524
5.304067,0.604822
5.663198,0.596119
6.008298,0.587417
6.487311,0.578714
6.966748,0.570012
7.611240,0.561309
2.581623,0.065269
2.527970,0.056566
2.322963,0.047864
2.183874,0.039161
2.133343,0.030459
2.106055,0.021756
2.057840,0.013054
2.010625,0.004351
1.986713,-0.004351
1.941391,-0.013054
1.919451,-0.021756
1.898468,-0.030459
1.855613,-0.039161
1.804887,-0.047864
1.790768,-0.056566
1.777005,-0.065269
1.736710,-0.073971
1.720256,-0.082674
1.704492,-0.091376
1.665772,-0.100078
1.651173,-0.108781
1.637181,-0.117483
1.599753,-0.126186
1.586768,-0.134888
1.574321,-0.143591
1.537942,-0.152293
1.526368,-0.160996
1.515277,-0.169698
1.504654,-0.178401
1.469398,-0.187103
1.459499,-0.195806
1.450023,-0.204508
1.415355,-0.213211
1.406508,-0.221913
1.398045,-0.230616
1.389956,-0.239318
1.355879,-0.248021
1.348312,-0.256723
1.341088,-0.265425
1.334199,-0.274128
1.327639,-0.282830
1.293996,-0.291533
1.287847,-0.300235
1.282002,-0.308938
1.276455,-0.317640
1.269684,-0.326343
1.246114,-0.335045
1.248188,-0.343748
1.237850,-0.352450
1.227775,-0.361153
1.217954,-0.369855
1.208381,-0.378558
1.199047,-0.387260
1.189947,-0.395963
1.181073,-0.404665
1.224537,-0.413367
1.215722,-0.422070
1.207124,-0.430772
1.198737,-0.439475
1.190556,-0.448177
1.182576,-0.456880
1.174790,-0.465582
1.167195,-0.474285
1.159785,-0.482987
1.152556,-0.491690
1.145503,-0.500392
1.138622,-0.509095
1.131909,-0.517797
1.125360,-0.526500
1.118971,-0.535202
1.112738,-0.543905
1.106658,-0.552607
1.100727,-0.561310
1.094943,-0.570012
1.089302,-0.578714
1.083801,-0.587417
1.078436,-0.596119
1.073206,-0.604822
1.068107,-0.613524
1.063137,-0.622227
1.080815,-0.630929
1.098416,-0.639632
1.093622,-0.648334
1.088952,-0.657037
1.084404,-0.665739
1.079975,-0.674442
1.075665,-0.683144
1.093341,-0.691847
1.089176,-0.700549
1.085125,-0.709252
1.081186,-0.717954
1.077358,-0.726657
1.095114,-0.735359
1.112833,-0.744061
1.109185,-0.752764
1.105644,-0.761466
1.102209,-0.770169
1.120016,-0.778871
1.116727,-0.787574
1.134556,-0.796276
1.110460,-0.804979
1.128378,-0.813681
1.187978,-0.822384
1.184985,-0.831086
1.182097,-0.839789
1.179313,-0.848491
1.176631,-0.857194
1.277055,-0.865896
1.274357,-0.874599
1.292283,-0.883301
1.412613,-0.892003
1.430405,-0.900706
1.754248,-0.909408
1.751241,-0.918111
1.748377,-0.926813
1.765956,-0.935516
1.824157,-0.944218
2.003783,-0.952921
2.081995,-0.961623
2.266277,-0.970326
2.402973,-0.979028
2.602628,-0.987731
2.784304,-0.996433
3.046614,-1.005136
3.296705,-1.013838
5.700403,-1.022541
5.896967,-1.031243
6.434495,-1.039946
6.951843,-1.048648
4.797399,-1.422854
4.685412,-1.431557
4.558664,-1.440259
4.455857,-1.448962
4.335011,-1.457664
4.245745,-1.466367
4.153413,-1.475069
4.052360,-1.483772
3.966180,-1.492474
3.882103,-1.501177
3.792552,-1.509879
3.735239,-1.518582
3.652718,-1.527284
3.577916,-1.535986
3.526575,-1.544689
3.452631,-1.553391
3.382751,-1.562094
3.336428,-1.570796
