scan.pos:-2.502698,-0.228283,1.7352505.572486,1.562094
5.564639,1.553391
5.557237,1.544689
5.550277,1.535986
5.543756,1.527284
5.537671,1.518581
5.532021,1.509879
5.526802,1.501177
5.522013,1.492474
5.517653,1.483772
5.513719,1.475069
5.510210,1.466367
5.507124,1.457664
5.504461,1.448962
5.502219,1.440259
5.500398,1.431557
5.498996,1.422854
5.498014,1.414152
5.497451,1.405449
5.497307,1.396747
5.497581,1.388044
5.498274,1.379342
5.499386,1.370639
5.500917,1.361937
5.502869,1.353234
5.505241,1.344532
5.508035,1.335830
5.511252,1.327127
5.514893,1.318425
5.518959,1.309722
5.523452,1.301020
5.528373,1.292317
5.533726,1.283615
5.539511,1.274912
5.545731,1.266210
5.552387,1.257507
5.559484,1.248805
5.567024,1.240102
5.575009,1.231400
5.583443,1.222697
5.592330,1.213995
5.601671,1.205292
5.611472,1.196590
5.621736,1.187888
5.632468,1.179185
5.643671,1.170483
5.655350,1.161780
5.667511,1.153078
5.680157,1.144375
5.693294,1.135673
5.706928,1.126970
5.721064,1.118268
5.735708,1.109565
5.750866,1.100863
5.766546,1.092160
5.782752,1.083458
5.799492,1.074755
5.816774,1.066053
5.834605,1.057350
5.852993,1.048648
5.871946,1.039945
5.891471,1.031243
5.911580,1.022541
5.932278,1.013838
5.953578,1.005136
5.975487,0.996433
5.998017,0.987731
6.021177,0.979028
6.044980,0.970326
6.069435,0.961623
6.094555,0.952921
6.120352,0.944218
6.146838,0.935516
6.174026,0.926813
6.201931,0.918111
6.230566,0.909408
6.259945,0.900706
6.290084,0.892003
6.320998,0.883301
6.352704,0.874598
6.385218,0.865896
6.418558,0.857194
6.452742,0.848491
6.487789,0.839789
6.523718,0.831086
6.560550,0.822384
6.598305,0.813681
6.637005,0.804979
6.676674,0.796276
6.717334,0.787574
6.759011,0.778871
6.801729,0.770169
6.845515,0.761466
6.890397,0.752764
6.936403,0.744061
6.983562,0.735359
7.031907,0.726656
7.081469,0.717954
7.132281,0.709251
7.184379,0.700549
7.237798,0.691847
7.292578,0.683144
7.348756,0.674442
7.406376,0.665739
7.465479,0.657037
7.526112,0.648334
7.588319,0.639632
7.652151,0.630929
7.717659,0.622227
7.780993,0.613524
3.344245,0.561309
3.211681,0.552607
3.160793,0.543905
3.137179,0.535202
3.114151,0.526500
3.091692,0.517797
3.069787,0.509095
3.048420,0.500392
3.027578,0.491690
3.007247,0.482987
2.987412,0.474285
2.968063,0.465582
2.949185,0.456880
2.930768,0.448177
2.912799,0.439475
2.895269,0.430772
2.878167,0.422070
2.861482,0.413367
2.845205,0.404665
2.829326,0.395962
2.813836,0.387260
2.798728,0.378558
2.783991,0.369855
2.769619,0.361153
2.755603,0.352450
2.741935,0.343748
2.728610,0.335045
2.715619,0.326343
2.702957,0.317640
2.690615,0.308938
2.678589,0.300235
2.666873,0.291533
2.677696,0.282830
2.666488,0.274128
2.655574,0.265425
2.644950,0.256723
2.634610,0.248020
2.624550,0.239318
2.614765,0.230615
2.626885,0.221913
2.639119,0.213211
2.629982,0.204508
2.621108,0.195806
2.612491,0.187103
2.604129,0.178401
2.638431,0.169698
2.630437,0.160996
2.622691,0.152293
2.615189,0.143591
2.607928,0.134888
2.600904,0.126186
2.594115,0.117483
2.587559,0.108781
2.581231,0.100078
2.575130,0.091376
2.589903,0.082673
2.584202,0.073971
2.578722,0.065269
2.573460,0.056566
2.609374,0.047864
2.604467,0.039161
2.620180,0.030459
2.656406,0.021756
2.672376,0.013054
2.708802,0.004351
2.745323,-0.004351
2.862927,-0.013054
2.859119,-0.021756
3.037273,-0.030459
3.275732,-0.039161
3.534046,-0.047864
3.852461,-0.056566
3.989578,-0.065269
4.428099,-0.073971
7.335339,-0.082674
7.610944,-0.091376
6.394314,-0.387260
6.171457,-0.395963
6.125477,-0.404665
5.728647,-0.413367
5.549514,-0.422070
5.360423,-0.430772
5.180946,-0.439475
5.030980,-0.448177
4.829002,-0.456880
4.754323,-0.465582
4.626295,-0.474285
4.483324,-0.482987
4.367447,-0.491690
4.363782,-0.500392
4.339132,-0.509095
4.352807,-0.517797
4.366902,-0.526500
4.381423,-0.535202
4.353363,-0.543905
4.368606,-0.552607
4.384291,-0.561310
4.400425,-0.570012
4.417016,-0.578714
4.434072,-0.587417
4.451601,-0.596119
4.469610,-0.604822
4.488108,-0.613524
4.507105,-0.622227
4.526610,-0.630929
4.546632,-0.639632
4.567182,-0.648334
4.588268,-0.657037
4.609904,-0.665739
4.632098,-0.674442
4.654864,-0.683144
4.678213,-0.691847
4.702156,-0.700549
4.726708,-0.709252
4.751882,-0.717954
4.777690,-0.726657
4.804149,-0.735359
4.831273,-0.744061
4.859076,-0.752764
4.887576,-0.761466
4.916788,-0.770169
4.946731,-0.778871
4.977422,-0.787574
5.008880,-0.796276
5.041125,-0.804979
5.074176,-0.813681
5.108056,-0.822384
5.142785,-0.831086
5.178386,-0.839789
5.214884,-0.848491
5.252303,-0.857194
5.290668,-0.865896
5.330007,-0.874599
5.370347,-0.883301
2.346539,-0.892003
2.307527,-0.900706
2.272050,-0.909408
2.236681,-0.918111
2.229002,-0.926813
2.194005,-0.935516
2.187126,-0.944218
2.178760,-0.952921
2.160043,-0.961623
2.141807,-0.970326
2.124037,-0.979028
2.106718,-0.987731
2.089838,-0.996433
2.073382,-1.005136
2.084011,-1.013838
2.068166,-1.022541
2.052715,-1.031243
2.037647,-1.039946
2.022952,-1.048648
2.008619,-1.057350
1.994638,-1.066053
1.981001,-1.074755
1.967698,-1.083458
1.954720,-1.092160
1.942059,-1.100863
1.905010,-1.109565
1.879328,-1.118268
1.881507,-1.126970
1.870183,-1.135673
1.859136,-1.144375
1.848358,-1.153078
1.837844,-1.161780
1.827587,-1.170483
1.817582,-1.179185
1.807822,-1.187888
1.798303,-1.196590
1.789020,-1.205293
1.779966,-1.213995
1.771138,-1.222697
1.762530,-1.231400
1.754139,-1.240102
1.745960,-1.248805
1.737988,-1.257507
1.730220,-1.266210
1.722651,-1.274912
1.715279,-1.283615
1.708099,-1.292317
1.701108,-1.301020
1.694302,-1.309722
1.687679,-1.318425
1.681234,-1.327127
1.674966,-1.335830
1.668871,-1.344532
1.662946,-1.353235
1.657189,-1.361937
1.651597,-1.370639
1.603485,-1.379342
1.598353,-1.388044
1.593374,-1.396747
1.588546,-1.405449
1.583868,-1.414152
1.579338,-1.422854
1.574953,-1.431557
1.570711,-1.440259
1.566611,-1.448962
1.562652,-1.457664
1.558830,-1.466367
1.555146,-1.475069
1.551596,-1.483772
1.548181,-1.492474
1.544897,-1.501177
1.541745,-1.509879
1.538723,-1.518582
1.535829,-1.527284
1.533063,-1.535986
1.530423,-1.544689
1.527908,-1.553391
1.525517,-1.562094
1.523250,-1.570796
