scan.pos:-1.488143,7.235665,-0.4647500.832651,1.562094
0.836342,1.553391
0.840131,1.544689
0.844018,1.535986
0.848006,1.527284
0.852098,1.518581
0.856294,1.509879
0.860598,1.501177
0.865012,1.492474
0.869537,1.483772
0.874178,1.475069
0.878935,1.466367
0.883812,1.457664
0.888812,1.448962
0.893936,1.440259
0.899190,1.431557
0.904574,1.422854
0.910093,1.414152
0.915751,1.405449
0.921549,1.396747
0.927493,1.388044
0.933585,1.379342
0.939830,1.370639
0.946231,1.361937
0.952794,1.353234
0.959521,1.344532
0.966419,1.335830
0.973491,1.327127
0.980742,1.318425
0.988178,1.309722
0.995804,1.301020
1.003626,1.292317
1.011649,1.283615
1.019880,1.274912
1.028325,1.266210
1.036991,1.257507
1.045884,1.248805
1.051974,1.240102
1.049494,1.231400
1.047251,1.222697
1.072759,1.213995
1.070764,1.205292
1.096080,1.196590
1.094351,1.187888
1.123126,1.179185
1.122189,1.170483
1.121504,1.161780
1.147131,1.153078
1.146766,1.144375
1.172350,1.135673
1.172328,1.126970
1.205155,1.118268
1.206045,1.109565
1.232221,1.100863
1.233523,1.092160
1.259805,1.083458
1.261554,1.074755
1.287992,1.066053
1.301419,1.057350
1.328668,1.048648
1.332035,1.039945
1.359572,1.031243
1.363531,1.022541
1.391420,1.013838
1.419448,1.005136
1.424333,0.996433
1.452821,0.987731
1.475536,0.979028
1.505298,0.970326
1.512487,0.961623
1.542915,0.952921
1.573662,0.944218
1.604756,0.935516
1.636230,0.926813
1.645794,0.918111
1.678223,0.909408
1.711136,0.900706
1.748034,0.892003
1.783124,0.883301
1.818860,0.874598
1.855294,0.865896
1.892480,0.857194
1.930480,0.848491
1.969358,0.839789
2.009183,0.831086
2.071438,0.822384
2.113327,0.813681
2.172723,0.804979
2.218706,0.796276
2.266176,0.787574
2.336336,0.778871
2.408133,0.770169
2.460776,0.761466
2.536414,0.752764
2.614236,0.744061
2.694468,0.735359
2.777365,0.726656
2.863215,0.717954
2.950336,0.709251
3.066741,0.700549
3.187345,0.691847
3.292151,0.683144
3.443309,0.674442
3.579975,0.665739
3.743885,0.657037
3.895176,0.648334
4.075771,0.639632
4.307263,0.630929
4.510074,0.622227
4.775640,0.613524
5.057305,0.604822
5.400002,0.596119
5.727180,0.587417
6.185486,0.578714
6.640945,0.570012
7.244082,0.561309
2.666064,0.065269
2.605447,0.056566
2.502874,0.047864
2.357719,0.039161
2.213343,0.030459
2.180069,0.021756
2.146363,0.013054
2.094632,0.004351
2.066344,-0.004351
2.039249,-0.013054
1.990712,-0.021756
1.965721,-0.030459
1.941750,-0.039161
1.895854,-0.047864
1.873666,-0.056566
1.835636,-0.065269
1.815875,-0.073971
1.796900,-0.082674
1.755188,-0.091376
1.737558,-0.100078
1.720616,-0.108781
1.704334,-0.117483
1.664667,-0.126186
1.649489,-0.134888
1.624005,-0.143591
1.610560,-0.152293
1.597649,-0.160996
1.560490,-0.169698
1.548432,-0.178401
1.536851,-0.187103
1.525733,-0.195806
1.489639,-0.204508
1.472793,-0.213211
1.463327,-0.221913
1.454263,-0.230616
1.445589,-0.239318
1.410945,-0.248021
1.402825,-0.256723
1.395064,-0.265425
1.384804,-0.274128
1.378234,-0.282830
1.344594,-0.291533
1.338458,-0.300235
1.332638,-0.308938
1.327129,-0.317640
1.313767,-0.326343
1.308957,-0.335045
1.297926,-0.343748
1.287176,-0.352450
1.276700,-0.361153
1.266488,-0.369855
1.256533,-0.378558
1.273479,-0.387260
1.290262,-0.395963
1.280640,-0.404665
1.271256,-0.413367
1.262105,-0.422070
1.253179,-0.430772
1.244472,-0.439475
1.235979,-0.448177
1.227694,-0.456880
1.219611,-0.465582
1.211726,-0.474285
1.204034,-0.482987
1.196529,-0.491690
1.189207,-0.500392
1.182063,-0.509095
1.175094,-0.517797
1.168295,-0.526500
1.161662,-0.535202
1.155191,-0.543905
1.148880,-0.552607
1.142723,-0.561310
1.136718,-0.570012
1.130861,-0.578714
1.125150,-0.587417
1.142531,-0.596119
1.159829,-0.604822
1.154319,-0.613524
1.148948,-0.622227
1.143713,-0.630929
1.138612,-0.639632
1.133643,-0.648334
1.151030,-0.657037
1.146222,-0.665739
1.141542,-0.674442
1.136985,-0.683144
1.176293,-0.691847
1.171812,-0.700549
1.167454,-0.709252
1.163216,-0.717954
1.159097,-0.726657
1.176571,-0.735359
1.172612,-0.744061
1.190102,-0.752764
1.207569,-0.761466
1.203818,-0.770169
1.242453,-0.778871
1.238805,-0.787574
1.235272,-0.796276
1.231853,-0.804979
1.249445,-0.813681
1.329576,-0.822384
1.347019,-0.831086
1.405962,-0.839789
1.423343,-0.848491
1.461399,-0.857194
1.726005,-0.865896
1.742916,-0.874599
1.788089,-0.883301
1.789866,-0.892003
1.833082,-0.900706
1.937404,-0.909408
2.006683,-0.918111
2.097308,-0.926813
2.224515,-0.935516
2.323897,-0.944218
2.474289,-0.952921
2.606719,-0.961623
2.783747,-0.970326
2.960344,-0.979028
3.200338,-0.987731
5.670695,-0.996433
5.725706,-1.005136
5.740878,-1.013838
6.077622,-1.022541
6.815495,-1.031243
6.951531,-1.039946
4.833646,-1.405449
4.698507,-1.414152
4.566410,-1.422854
4.462232,-1.431557
4.340420,-1.440259
4.225891,-1.448962
4.132977,-1.457664
4.050094,-1.466367
3.942410,-1.475069
3.858333,-1.483772
3.788001,-1.492474
3.709252,-1.501177
3.624810,-1.509879
3.550570,-1.518582
3.472674,-1.527284
3.424317,-1.535986
3.355248,-1.544689
3.285415,-1.553391
3.286325,-1.562094
3.266484,-1.570796
