scan.pos:5.268999,5.253977,-0.3647502.917989,1.562094
2.927857,1.553391
2.938015,1.544689
2.948470,1.535986
2.959226,1.527284
2.970288,1.518581
2.981660,1.509879
2.993349,1.501177
3.005359,1.492474
3.017697,1.483772
3.030369,1.475069
3.043380,1.466367
3.056737,1.457664
3.070446,1.448962
3.084516,1.440259
3.098952,1.431557
3.113761,1.422854
3.128953,1.414152
3.144534,1.405449
3.160512,1.396747
3.176898,1.388044
3.193698,1.379342
3.210923,1.370639
3.228582,1.361937
3.246685,1.353234
3.265242,1.344532
3.284264,1.335830
3.303762,1.327127
3.323748,1.318425
3.344233,1.309722
3.365230,1.301020
3.386752,1.292317
3.408812,1.283615
3.431424,1.274912
3.454604,1.266210
3.478365,1.257507
3.502724,1.248805
3.527697,1.240102
3.553302,1.231400
3.579555,1.222697
3.606476,1.213995
3.634083,1.205292
3.662398,1.196590
3.691441,1.187888
3.721233,1.179185
3.751799,1.170483
3.783161,1.161780
3.815345,1.153078
3.836732,1.144375
3.807536,1.135673
3.775191,1.126970
3.743673,1.118268
3.712957,1.109565
3.683020,1.100863
3.653838,1.092160
3.625388,1.083458
3.597650,1.074755
3.570603,1.066053
3.544227,1.057350
3.518505,1.048648
3.493417,1.039945
3.468946,1.031243
3.445077,1.022541
3.421793,1.013838
3.399078,1.005136
3.376918,0.996433
3.355300,0.987731
3.334208,0.979028
3.313631,0.970326
3.293556,0.961623
3.273970,0.952921
3.254862,0.944218
3.236221,0.935516
3.218036,0.926813
3.200297,0.918111
3.182993,0.909408
3.166115,0.900706
3.149654,0.892003
3.133600,0.883301
3.117945,0.874598
3.102682,0.865896
3.087801,0.857194
3.073294,0.848491
3.059156,0.839789
3.045377,0.831086
3.031953,0.822384
3.018875,0.813681
3.006137,0.804979
2.993733,0.796276
2.981658,0.787574
2.969904,0.778871
2.958467,0.770169
2.947342,0.761466
2.936523,0.752764
2.926005,0.744061
2.915783,0.735359
2.905853,0.726656
2.896210,0.717954
2.886851,0.709251
2.877769,0.700549
2.868963,0.691847
2.860427,0.683144
2.852159,0.674442
2.844155,0.665739
2.836410,0.657037
2.828923,0.648334
2.821689,0.639632
2.814706,0.630929
2.807970,0.622227
2.801480,0.613524
2.795232,0.604822
2.789224,0.596119
2.783453,0.587417
2.777917,0.578714
2.772614,0.570012
2.767541,0.561309
2.762697,0.552607
2.758079,0.543905
2.753686,0.535202
2.749516,0.526500
2.745568,0.517797
2.741839,0.509095
2.738329,0.500392
2.735035,0.491690
2.731958,0.482987
2.729095,0.474285
2.726445,0.465582
2.724008,0.456880
2.721782,0.448177
2.719767,0.439475
2.717962,0.430772
2.716365,0.422070
2.714978,0.413367
2.713798,0.404665
2.712825,0.395962
2.712060,0.387260
2.711502,0.378558
2.711150,0.369855
2.711005,0.361153
2.711067,0.352450
2.711334,0.343748
2.711809,0.335045
2.712490,0.326343
2.713378,0.317640
2.714474,0.308938
2.715777,0.300235
2.717289,0.291533
2.719010,0.282830
2.720940,0.274128
2.723080,0.265425
2.725431,0.256723
2.727995,0.248020
2.730771,0.239318
2.733762,0.230615
2.736967,0.221913
2.740390,0.213211
2.744030,0.204508
2.747889,0.195806
2.751968,0.187103
2.756271,0.178401
2.760797,0.169698
2.765549,0.160996
2.770529,0.152293
2.775738,0.143591
2.781180,0.134888
2.786855,0.126186
2.792767,0.117483
2.798918,0.108781
2.805309,0.100078
2.811945,0.091376
2.818827,0.082673
2.825959,0.073971
2.833344,0.065269
2.840983,0.056566
2.848882,0.047864
2.857043,0.039161
2.865470,0.030459
2.874166,0.021756
2.883135,0.013054
2.892381,0.004351
2.901909,-0.004351
2.911722,-0.013054
2.921825,-0.021756
2.932222,-0.030459
2.942919,-0.039161
2.953919,-0.047864
2.965229,-0.056566
2.976853,-0.065269
2.988798,-0.073971
3.001068,-0.082674
3.013669,-0.091376
3.026609,-0.100078
3.039892,-0.108781
3.053526,-0.117483
3.067518,-0.126186
3.081874,-0.134888
3.096602,-0.143591
3.111710,-0.152293
3.127205,-0.160996
3.143096,-0.169698
3.159391,-0.178401
3.176099,-0.187103
3.193229,-0.195806
3.210791,-0.204508
3.228794,-0.213211
3.247249,-0.221913
3.266166,-0.230616
3.285556,-0.239318
3.305432,-0.248021
3.325804,-0.256723
3.346685,-0.265425
3.368088,-0.274128
3.390027,-0.282830
3.412515,-0.291533
3.435566,-0.300235
3.459197,-0.308938
3.483422,-0.317640
3.508257,-0.326343
3.533720,-0.335045
3.559829,-0.343748
3.586601,-0.352450
3.614057,-0.361153
3.642216,-0.369855
3.671098,-0.378558
3.700727,-0.387260
3.731124,-0.395963
3.762313,-0.404665
3.794320,-0.413367
3.827170,-0.422070
3.845145,-0.430772
3.887855,-0.439475
3.930997,-0.448177
3.947214,-0.456880
3.991543,-0.465582
4.036398,-0.474285
4.081815,-0.482987
4.101288,-0.491690
4.148135,-0.500392
4.195649,-0.509095
4.243867,-0.517797
4.292831,-0.526500
4.316991,-0.535202
4.367749,-0.543905
4.419378,-0.552607
4.471925,-0.561310
4.525439,-0.570012
4.579970,-0.578714
4.635573,-0.587417
4.710680,-0.596119
4.706438,-0.604822
4.678450,-0.613524
4.651145,-0.622227
4.624508,-0.630929
4.598522,-0.639632
4.573172,-0.648334
4.548445,-0.657037
4.524327,-0.665739
4.454332,-0.674442
4.431628,-0.683144
4.386487,-0.691847
4.365013,-0.700549
4.344078,-0.709252
4.323669,-0.717954
4.303779,-0.726657
4.284395,-0.735359
4.265508,-0.744061
4.247109,-0.752764
4.229189,-0.761466
4.211739,-0.770169
4.194750,-0.778871
4.178215,-0.787574
4.162125,-0.796276
4.146473,-0.804979
4.131252,-0.813681
4.116455,-0.822384
4.102075,-0.831086
4.045229,-0.839789
4.031806,-0.848491
4.018776,-0.857194
4.006134,-0.865896
3.951544,-0.874599
3.939788,-0.883301
3.928400,-0.892003
3.917375,-0.900706
3.906708,-0.909408
3.896395,-0.918111
3.886431,-0.926813
3.876813,-0.935516
3.867537,-0.944218
3.858597,-0.952921
3.849992,-0.961623
3.841716,-0.970326
3.833767,-0.979028
3.826142,-0.987731
3.818838,-0.996433
3.811851,-1.005136
3.805179,-1.013838
3.798819,-1.022541
3.792768,-1.031243
3.787025,-1.039946
3.781587,-1.048648
3.776451,-1.057350
3.771616,-1.066053
3.767080,-1.074755
3.762841,-1.083458
3.758898,-1.092160
3.755249,-1.100863
3.751892,-1.109565
3.748826,-1.118268
2.843140,-1.126970
2.781099,-1.135673
2.759426,-1.144375
2.717957,-1.153078
2.716776,-1.161780
2.675776,-1.170483
2.675021,-1.179185
2.654467,-1.187888
2.654123,-1.196590
2.653981,-1.205293
2.654041,-1.213995
2.654303,-1.222697
2.634762,-1.231400
2.615412,-1.240102
2.616269,-1.248805
2.617325,-1.257507
2.598547,-1.266210
2.599993,-1.274912
2.601640,-1.283615
2.563340,-1.292317
2.525178,-1.301020
2.527358,-1.309722
2.529735,-1.318425
2.512164,-1.327127
2.514915,-1.335830
2.517864,-1.344532
2.521013,-1.353235
2.524361,-1.361937
2.487367,-1.370639
2.491060,-1.379342
2.474620,-1.388044
2.478684,-1.396747
2.482951,-1.405449
2.487422,-1.414152
2.492099,-1.422854
2.455949,-1.431557
2.460961,-1.440259
2.466181,-1.448962
2.430315,-1.457664
2.435865,-1.466367
2.420882,-1.475069
2.406012,-1.483772
2.391251,-1.492474
2.376597,-1.501177
2.383005,-1.509879
2.389631,-1.518582
2.354321,-1.527284
2.361265,-1.535986
2.368431,-1.544689
2.375822,-1.553391
2.340765,-1.562094
2.348476,-1.570796
