scan.pos:-1.199760,7.098816,-0.0647500.901890,1.562094
0.902435,1.553391
0.903049,1.544689
0.903734,1.535986
0.904488,1.527284
0.905312,1.518581
0.906207,1.509879
0.907173,1.501177
0.908210,1.492474
0.909319,1.483772
0.910500,1.475069
0.911754,1.466367
0.913081,1.457664
0.914481,1.448962
0.915955,1.440259
0.917505,1.431557
0.919129,1.422854
0.920830,1.414152
0.922607,1.405449
0.924462,1.396747
0.926395,1.388044
0.928407,1.379342
0.930498,1.370639
0.932670,1.361937
0.934924,1.353234
0.937260,1.344532
0.939680,1.335830
0.942184,1.327127
0.944774,1.318425
0.947450,1.309722
0.950214,1.301020
0.953067,1.292317
0.956010,1.283615
0.959045,1.274912
0.962173,1.266210
0.965395,1.257507
0.968712,1.248805
0.972127,1.240102
0.975640,1.231400
0.979254,1.222697
0.982969,1.213995
0.986789,1.205292
0.990714,1.196590
0.994746,1.187888
0.998888,1.179185
1.003141,1.170483
1.007507,1.161780
1.011989,1.153078
1.016589,1.144375
1.021309,1.135673
1.026152,1.126970
1.031119,1.118268
1.036215,1.109565
1.041440,1.100863
1.046799,1.092160
1.052293,1.083458
1.057927,1.074755
1.063703,1.066053
1.069624,1.057350
1.075693,1.048648
1.081915,1.039945
1.088293,1.031243
1.094830,1.022541
1.101530,1.013838
1.108398,1.005136
1.115438,0.996433
1.122653,0.987731
1.130049,0.979028
1.137631,0.970326
1.145402,0.961623
1.153370,0.952921
1.161537,0.944218
1.169911,0.935516
1.178497,0.926813
1.187301,0.918111
1.196330,0.909408
1.205589,0.900706
1.189683,0.892003
1.199221,0.883301
1.209006,0.874598
1.219046,0.865896
1.229348,0.857194
1.239921,0.848491
1.242277,0.839789
1.261110,0.831086
1.253239,0.822384
1.272416,0.813681
1.291415,0.804979
1.285897,0.796276
1.305284,0.787574
1.328212,0.778871
1.321400,0.770169
1.345784,0.761466
1.365854,0.752764
1.385819,0.744061
1.386297,0.735359
1.406792,0.726656
1.427215,0.717954
1.430310,0.709251
1.451337,0.700549
1.481307,0.691847
1.502840,0.683144
1.499866,0.674442
1.532254,0.665739
1.554553,0.657037
1.576893,0.648334
1.587873,0.639632
1.611099,0.630929
1.634418,0.622227
1.648749,0.613524
1.673094,0.604822
1.697591,0.596119
1.738750,0.587417
1.764326,0.578714
1.790129,0.570012
1.816180,0.561309
1.839276,0.552607
1.866800,0.543905
1.894665,0.535202
1.944865,0.526500
1.974373,0.517797
2.004339,0.509095
2.037373,0.500392
2.091454,0.491690
2.124018,0.482987
2.157232,0.474285
2.198179,0.465582
2.255745,0.456880
2.292391,0.448177
2.351492,0.439475
2.402122,0.430772
2.464466,0.422070
2.527881,0.413367
2.571213,0.404665
2.634123,0.395962
2.703207,0.387260
2.773912,0.378558
2.846394,0.369855
2.946224,0.361153
3.024853,0.352450
3.105955,0.343748
3.200929,0.335045
3.310994,0.326343
3.403760,0.317640
3.541671,0.308938
3.664640,0.300235
3.814615,0.291533
3.949533,0.282830
4.090689,0.274128
4.275491,0.265425
4.456501,0.256723
4.667348,0.248020
4.889026,0.239318
5.123242,0.230615
5.414895,0.221913
5.708203,0.213211
6.063010,0.204508
6.442904,0.195806
6.909924,0.187103
7.389045,0.178401
2.311051,-0.335045
2.201437,-0.343748
2.064520,-0.352450
1.913187,-0.361153
1.893965,-0.369855
1.853631,-0.378558
1.812345,-0.387260
1.796770,-0.395963
1.759624,-0.404665
1.724295,-0.413367
1.689198,-0.422070
1.677271,-0.430772
1.647166,-0.439475
1.614364,-0.448177
1.581917,-0.456880
1.572935,-0.465582
1.535025,-0.474285
1.517952,-0.482987
1.511058,-0.491690
1.490742,-0.500392
1.461631,-0.509095
1.432671,-0.517797
1.415890,-0.526500
1.412102,-0.535202
1.384356,-0.543905
1.370947,-0.552607
1.344043,-0.561310
1.341952,-0.570012
1.306731,-0.578714
1.305676,-0.587417
1.279647,-0.596119
1.272150,-0.604822
1.272360,-0.613524
1.241220,-0.622227
1.242338,-0.630929
1.217542,-0.639632
1.214735,-0.648334
1.190400,-0.657037
1.189444,-0.665739
1.165518,-0.674442
1.166371,-0.683144
1.142806,-0.691847
1.146712,-0.700549
1.122192,-0.709252
1.126866,-0.717954
1.125580,-0.726657
1.115955,-0.735359
1.106577,-0.744061
1.097438,-0.752764
1.088531,-0.761466
1.079849,-0.770169
1.071386,-0.778871
1.063134,-0.787574
1.055088,-0.796276
1.047242,-0.804979
1.039591,-0.813681
1.032129,-0.822384
1.024850,-0.831086
1.017751,-0.839789
1.010825,-0.848491
0.980419,-0.857194
0.973984,-0.865896
0.967705,-0.874599
0.961580,-0.883301
0.955604,-0.892003
0.974127,-0.900706
0.968294,-0.909408
0.986667,-0.918111
0.980976,-0.926813
0.975424,-0.935516
0.970008,-0.944218
0.964724,-0.952921
0.959571,-0.961623
0.954545,-0.970326
0.949643,-0.979028
0.944862,-0.987731
0.940201,-0.996433
0.935657,-1.005136
0.931226,-1.013838
0.926908,-1.022541
0.922700,-1.031243
0.918599,-1.039946
0.914604,-1.048648
0.910712,-1.057350
0.906923,-1.066053
0.903233,-1.074755
0.899641,-1.083458
0.896146,-1.092160
0.892746,-1.100863
0.889438,-1.109565
0.886223,-1.118268
0.883097,-1.126970
0.880061,-1.135673
0.877111,-1.144375
0.874248,-1.153078
0.871470,-1.161780
0.868775,-1.170483
0.866162,-1.179185
0.863631,-1.187888
0.882184,-1.196590
0.900701,-1.205293
0.898295,-1.213995
0.895970,-1.222697
0.893725,-1.231400
0.891558,-1.240102
0.889470,-1.248805
0.887459,-1.257507
0.885525,-1.266210
0.904216,-1.274912
0.902390,-1.283615
0.900641,-1.292317
0.898966,-1.301020
0.897365,-1.309722
0.916199,-1.318425
0.935039,-1.327127
0.933596,-1.335830
0.932227,-1.344532
0.930934,-1.353235
0.929715,-1.361937
0.948756,-1.370639
0.947661,-1.379342
0.946640,-1.388044
1.026178,-1.396747
1.025231,-1.405449
1.024363,-1.414152
1.023575,-1.422854
1.022866,-1.431557
1.082367,-1.440259
1.262080,-1.448962
1.601899,-1.457664
1.861487,-1.466367
2.321133,-1.475069
3.100786,-1.483772
