scan.pos:-2.299694,-1.451553,1.7352501.561373,1.562094
1.559174,1.553391
1.557100,1.544689
1.555150,1.535986
1.553322,1.527284
1.551618,1.518581
1.550034,1.509879
1.548572,1.501177
1.547230,1.492474
1.546009,1.483772
1.544906,1.475069
1.543923,1.466367
1.543059,1.457664
1.542312,1.448962
1.541684,1.440259
1.541174,1.431557
1.540781,1.422854
1.540506,1.414152
1.540348,1.405449
1.540308,1.396747
1.540385,1.388044
1.540579,1.379342
1.540890,1.370639
1.541319,1.361937
1.541866,1.353234
1.542531,1.344532
1.543314,1.335830
1.544215,1.327127
1.545235,1.318425
1.546374,1.309722
1.547633,1.301020
1.549012,1.292317
1.550512,1.283615
1.552133,1.274912
1.553876,1.266210
1.555741,1.257507
1.557729,1.248805
1.559842,1.240102
1.562079,1.231400
1.564443,1.222697
1.566932,1.213995
1.569550,1.205292
1.572296,1.196590
1.575172,1.187888
1.578179,1.179185
1.581318,1.170483
1.584590,1.161780
1.629236,1.153078
1.632872,1.144375
1.636648,1.135673
1.682093,1.126970
1.686259,1.118268
1.711443,1.109565
1.715966,1.100863
1.720644,1.092160
1.725480,1.083458
1.793773,1.074755
1.799119,1.066053
1.847088,1.057350
1.852909,1.048648
6.088785,1.039945
6.109032,1.031243
6.129882,1.022541
6.151346,1.013838
6.173431,1.005136
6.196150,0.996433
6.219512,0.987731
6.243528,0.979028
6.268209,0.970326
6.293568,0.961623
6.319615,0.952921
6.346364,0.944218
6.373829,0.935516
6.402021,0.926813
6.430956,0.918111
6.460649,0.909408
6.491113,0.900706
6.522365,0.892003
6.554420,0.883301
6.587297,0.874598
6.621012,0.865896
6.655583,0.857194
6.691030,0.848491
6.727370,0.839789
6.764626,0.831086
6.802818,0.822384
6.841967,0.813681
6.882097,0.804979
6.923231,0.796276
6.965393,0.787574
7.008608,0.778871
7.052904,0.770169
7.098307,0.761466
7.144846,0.752764
7.192551,0.744061
7.241452,0.735359
7.291582,0.726656
7.342973,0.717954
7.395662,0.709251
7.449684,0.700549
7.505076,0.691847
7.561878,0.683144
7.620131,0.674442
7.679879,0.665739
7.741165,0.657037
4.446936,0.413367
4.326334,0.404665
4.302189,0.395962
4.255073,0.387260
4.232225,0.378558
4.209941,0.369855
4.188207,0.361153
4.167012,0.352450
4.146345,0.343748
4.126194,0.335045
4.106550,0.326343
4.087401,0.317640
4.068738,0.308938
4.050553,0.300235
4.032835,0.291533
4.015575,0.282830
3.998767,0.274128
3.982400,0.265425
3.966467,0.256723
3.950961,0.248020
3.935875,0.239318
3.921201,0.230615
3.906932,0.221913
3.893062,0.213211
3.879584,0.204508
3.866493,0.195806
3.875124,0.187103
3.862720,0.178401
3.850688,0.169698
3.839021,0.160996
3.827716,0.152293
3.858807,0.143591
3.848093,0.134888
3.837729,0.126186
3.869413,0.117483
3.859633,0.108781
3.850195,0.100078
3.841094,0.091376
3.832327,0.082673
3.823891,0.073971
3.815782,0.065269
3.807997,0.056566
3.821011,0.047864
3.813825,0.039161
3.847764,0.030459
3.861507,0.021756
3.895832,0.013054
3.950648,0.004351
4.025870,-0.004351
4.101182,-0.013054
4.176598,-0.021756
4.555029,-0.030459
4.872381,-0.039161
5.169236,-0.047864
5.586614,-0.056566
7.545638,-0.326343
7.313492,-0.335045
6.814972,-0.343748
6.480960,-0.352450
6.206664,-0.361153
5.937266,-0.369855
5.704067,-0.378558
5.462644,-0.387260
5.473509,-0.395963
5.464262,-0.404665
5.476011,-0.413367
5.467565,-0.422070
5.459497,-0.430772
5.472571,-0.439475
5.486126,-0.448177
5.500169,-0.456880
5.514705,-0.465582
5.529740,-0.474285
5.545281,-0.482987
5.561334,-0.491690
5.577907,-0.500392
5.595005,-0.509095
5.612638,-0.517797
5.630812,-0.526500
5.649536,-0.535202
5.668818,-0.543905
5.688667,-0.552607
5.709092,-0.561310
5.730102,-0.570012
5.751706,-0.578714
5.773916,-0.587417
3.191548,-0.596119
3.146323,-0.604822
3.050495,-0.613524
3.037120,-0.622227
2.972807,-0.630929
2.954210,-0.639632
2.914179,-0.648334
2.875021,-0.657037
2.813911,-0.665739
2.776240,-0.674442
2.693300,-0.683144
2.656805,-0.691847
2.620945,-0.700549
2.585681,-0.709252
2.527501,-0.717954
2.493194,-0.726657
2.483110,-0.735359
2.426014,-0.744061
2.393078,-0.752764
2.384685,-0.761466
2.345942,-0.770169
2.320980,-0.778871
2.289620,-0.787574
2.258555,-0.796276
2.153047,-0.804979
2.147079,-0.813681
2.116422,-0.822384
2.085959,-0.831086
2.055668,-0.839789
2.051291,-0.848491
2.021464,-0.857194
2.017888,-0.865896
1.988461,-0.874599
1.959112,-0.883301
1.956556,-0.892003
1.954457,-0.900706
1.952811,-0.909408
1.951615,-0.918111
1.923260,-0.926813
1.922727,-0.935516
1.922634,-0.944218
1.920302,-0.952921
1.903805,-0.961623
1.887733,-0.970326
1.927144,-0.979028
1.911430,-0.987731
1.896114,-0.996433
1.881184,-1.005136
1.893300,-1.013838
1.878905,-1.022541
1.864868,-1.031243
1.877258,-1.039946
1.872667,-1.048648
1.874342,-1.057350
1.888691,-1.066053
1.901131,-1.074755
1.914959,-1.083458
1.943838,-1.092160
1.923163,-1.100863
1.903297,-1.109565
1.943287,-1.118268
1.949706,-1.126970
1.980902,-1.135673
2.012356,-1.144375
2.044094,-1.153078
2.065287,-1.161780
2.098440,-1.170483
2.131968,-1.179185
2.142465,-1.187888
2.192565,-1.196590
2.205029,-1.205293
2.241324,-1.213995
2.278172,-1.222697
2.315615,-1.231400
2.350230,-1.240102
2.389891,-1.248805
2.430301,-1.257507
2.471511,-1.266210
2.535911,-1.274912
2.512484,-1.283615
2.558529,-1.292317
2.604769,-1.301020
2.674119,-1.309722
2.722645,-1.318425
2.772486,-1.327127
2.831657,-1.335830
2.885662,-1.344532
2.962895,-1.353235
3.020287,-1.361937
3.079610,-1.370639
3.162353,-1.379342
3.242077,-1.388044
3.286735,-1.396747
3.401077,-1.405449
3.495289,-1.414152
3.571532,-1.422854
3.676097,-1.431557
3.782478,-1.440259
3.892971,-1.448962
4.028778,-1.457664
4.148711,-1.466367
4.129252,-1.475069
4.114231,-1.483772
4.173714,-1.492474
4.179564,-1.501177
4.235649,-1.509879
4.240350,-1.518582
4.338310,-1.527284
4.346856,-1.535986
4.419760,-1.544689
4.432833,-1.553391
4.446201,-1.562094
4.500413,-1.570796
