scan.pos:-2.426263,-3.826165,0.2852506.238245,1.562094
6.222558,1.553391
6.207421,1.544689
6.192829,1.535986
6.178774,1.527284
6.165251,1.518581
6.152255,1.509879
6.139780,1.501177
6.127821,1.492474
6.116374,1.483772
6.125832,1.475069
6.115359,1.466367
6.105386,1.457664
6.136507,1.448962
6.127462,1.440259
6.159390,1.431557
6.151273,1.422854
6.143644,1.414152
6.136500,1.405449
6.129840,1.396747
6.143783,1.388044
6.178271,1.379342
6.233254,1.370639
6.288623,1.361937
6.605137,1.353234
7.442906,1.344532
5.420125,1.005136
5.242420,0.996433
5.141915,0.987731
5.012987,0.979028
4.798910,0.970326
4.678418,0.961623
4.562372,0.952921
4.325943,0.944218
4.190350,0.935516
4.097089,0.926813
4.067664,0.918111
4.038355,0.909408
3.987638,0.900706
4.001656,0.892003
3.951062,0.883301
3.922154,0.874598
3.915163,0.865896
3.908418,0.857194
3.901919,0.848491
3.917761,0.839789
3.889659,0.831086
3.906181,0.822384
3.923144,0.813681
3.940556,0.804979
3.958426,0.796276
3.976764,0.787574
3.995578,0.778871
4.014877,0.770169
4.034673,0.761466
4.054976,0.752764
4.075796,0.744061
4.097144,0.735359
4.119032,0.726656
4.141473,0.717954
4.164478,0.709251
4.188062,0.700549
4.212236,0.691847
4.237016,0.683144
4.262415,0.674442
4.263987,0.665739
4.290520,0.657037
4.317715,0.648334
4.345591,0.639632
4.374165,0.630929
4.403454,0.622227
4.433478,0.613524
4.464256,0.604822
4.495810,0.596119
4.528160,0.587417
4.561329,0.578714
4.595340,0.570012
4.630217,0.561309
4.665986,0.552607
4.702672,0.543905
4.740304,0.535202
4.778910,0.526500
4.818520,0.517797
4.859166,0.509095
4.900878,0.500392
4.931651,0.491690
4.965053,0.482987
1.783422,0.474285
1.768666,0.465582
1.727007,0.456880
1.713207,0.448177
1.699754,0.439475
1.686638,0.430772
1.673850,0.422070
1.661379,0.413367
1.649218,0.404665
1.637357,0.395962
1.625789,0.387260
1.614505,0.378558
1.603498,0.369855
1.592760,0.361153
1.582285,0.352450
1.572065,0.343748
1.562095,0.335045
1.552369,0.326343
1.542879,0.317640
1.533621,0.308938
1.524588,0.300235
1.515776,0.291533
1.507180,0.282830
1.498794,0.274128
1.490613,0.265425
1.482634,0.256723
1.474852,0.248020
1.467261,0.239318
1.459860,0.230615
1.452642,0.221913
1.445605,0.213211
1.438745,0.204508
1.432059,0.195806
1.425542,0.187103
1.419192,0.178401
1.413005,0.169698
1.406979,0.160996
1.401110,0.152293
1.395396,0.143591
1.389834,0.134888
1.384420,0.126186
1.379154,0.117483
1.374031,0.108781
1.369051,0.100078
1.364209,0.091376
1.359506,0.082673
1.354937,0.073971
1.350501,0.065269
1.346197,0.056566
1.342021,0.047864
1.337974,0.039161
1.334051,0.030459
1.330253,0.021756
1.326577,0.013054
1.323022,0.004351
1.319586,-0.004351
1.316267,-0.013054
1.313066,-0.021756
1.309979,-0.030459
1.307006,-0.039161
1.304145,-0.047864
1.301396,-0.056566
1.298757,-0.065269
1.296228,-0.073971
1.293806,-0.082674
1.291492,-0.091376
1.289284,-0.100078
1.287181,-0.108781
1.285183,-0.117483
1.283289,-0.126186
1.281498,-0.134888
1.279809,-0.143591
1.278222,-0.152293
1.276736,-0.160996
1.275350,-0.169698
1.274064,-0.178401
1.272878,-0.187103
1.271790,-0.195806
1.270801,-0.204508
1.269910,-0.213211
1.269118,-0.221913
1.268422,-0.230616
1.267824,-0.239318
1.267323,-0.248021
1.266919,-0.256723
1.266611,-0.265425
1.266400,-0.274128
1.266286,-0.282830
1.266268,-0.291533
1.266346,-0.300235
1.266521,-0.308938
1.266792,-0.317640
1.267160,-0.326343
1.267625,-0.335045
1.268187,-0.343748
1.268846,-0.352450
1.269602,-0.361153
1.270456,-0.369855
1.271408,-0.378558
1.272459,-0.387260
1.273608,-0.395963
1.274857,-0.404665
1.276205,-0.413367
1.277653,-0.422070
1.279203,-0.430772
1.280854,-0.439475
1.282606,-0.448177
1.284462,-0.456880
1.286421,-0.465582
1.288484,-0.474285
1.290653,-0.482987
1.292927,-0.491690
1.295308,-0.500392
1.297797,-0.509095
1.300395,-0.517797
1.323685,-0.526500
1.326548,-0.535202
1.329525,-0.543905
1.332617,-0.552607
1.377367,-0.561310
1.380796,-0.570012
1.384349,-0.578714
1.492683,-0.587417
1.496772,-0.596119
1.543094,-0.604822
1.568691,-0.613524
1.573387,-0.622227
7.163715,-0.630929
7.207694,-0.639632
7.231132,-0.648334
7.255277,-0.657037
7.280140,-0.665739
7.305733,-0.674442
7.332067,-0.683144
7.359153,-0.691847
7.387005,-0.700549
7.415636,-0.709252
7.445058,-0.717954
7.475287,-0.726657
7.506336,-0.735359
7.538220,-0.744061
7.570956,-0.752764
7.604558,-0.761466
7.639045,-0.770169
7.674433,-0.778871
7.756323,-0.787574
7.793789,-0.796276
7.726308,-0.857194
7.620650,-0.865896
7.517693,-0.874599
7.430022,-0.883301
7.332827,-0.892003
7.237958,-0.900706
7.135614,-0.909408
7.070417,-0.918111
6.982618,-0.926813
6.888721,-0.935516
6.805216,-0.944218
6.748886,-0.952921
6.662549,-0.961623
6.584733,-0.970326
6.534401,-0.979028
6.454875,-0.987731
6.382082,-0.996433
6.337159,-1.005136
6.263801,-1.013838
6.195458,-1.022541
6.153120,-1.031243
6.087702,-1.039946
6.023312,-1.048648
5.986939,-1.057350
5.925183,-1.066053
5.886649,-1.074755
5.836218,-1.083458
5.787082,-1.092160
5.739199,-1.100863
5.692532,-1.109565
5.647044,-1.118268
5.602701,-1.126970
5.559469,-1.135673
5.517315,-1.144375
5.476211,-1.153078
5.436125,-1.161780
5.397029,-1.170483
5.358898,-1.179185
5.321703,-1.187888
5.285421,-1.196590
5.250028,-1.205293
5.215500,-1.213995
5.181815,-1.222697
5.148952,-1.231400
5.116891,-1.240102
5.085611,-1.248805
5.055094,-1.257507
5.025321,-1.266210
4.996276,-1.274912
4.967940,-1.283615
4.940299,-1.292317
4.913334,-1.301020
4.887033,-1.309722
4.861381,-1.318425
4.836362,-1.327127
4.811965,-1.335830
4.788175,-1.344532
4.764980,-1.353235
4.742368,-1.361937
4.720327,-1.370639
4.698847,-1.379342
4.677916,-1.388044
4.657524,-1.396747
4.637660,-1.405449
4.618316,-1.414152
4.599480,-1.422854
4.581146,-1.431557
4.563303,-1.440259
4.545943,-1.448962
4.529058,-1.457664
4.512641,-1.466367
4.496684,-1.475069
4.481179,-1.483772
4.466120,-1.492474
4.451499,-1.501177
4.437311,-1.509879
4.423548,-1.518582
4.410206,-1.527284
4.397277,-1.535986
4.384758,-1.544689
4.372641,-1.553391
4.360922,-1.562094
4.349596,-1.570796
