scan.pos:6.608522,2.696536,-1.9147501.456805,1.562094
1.461429,1.553391
1.466194,1.544689
1.471103,1.535986
1.476158,1.527284
1.481360,1.518581
1.486713,1.509879
1.492219,1.501177
1.497880,1.492474
1.503700,1.483772
1.509680,1.475069
1.515824,1.466367
1.522134,1.457664
1.528614,1.448962
1.535267,1.440259
1.542096,1.431557
1.549105,1.422854
1.556297,1.414152
1.563675,1.405449
1.571244,1.396747
1.579007,1.388044
1.586969,1.379342
1.595134,1.370639
1.603505,1.361937
1.612089,1.353234
1.620889,1.344532
1.629911,1.335830
1.639159,1.327127
1.648639,1.318425
1.658356,1.309722
1.668316,1.301020
1.678525,1.292317
1.688989,1.283615
1.699715,1.274912
1.710709,1.266210
1.742285,1.257507
1.757621,1.248805
1.756224,1.240102
1.780868,1.231400
1.774643,1.222697
1.801171,1.213995
1.802294,1.205292
1.830205,1.196590
1.828560,1.187888
1.858392,1.179185
1.862051,1.170483
1.891069,1.161780
1.896274,1.153078
1.900622,1.144375
1.879268,1.135673
1.857863,1.126970
1.855170,1.118268
1.839305,1.109565
1.823847,1.100863
1.808783,1.092160
1.794101,1.083458
1.779790,1.074755
1.765839,1.066053
1.752237,1.057350
1.738975,1.048648
1.726043,1.039945
1.713431,1.031243
1.701130,1.022541
1.689133,1.013838
1.677430,1.005136
1.666015,0.996433
1.654879,0.987731
1.594065,0.979028
1.583789,0.970326
1.573763,0.961623
1.563982,0.952921
1.554439,0.944218
1.520921,0.935516
1.511980,0.926813
1.503258,0.918111
1.494749,0.909408
1.486448,0.900706
1.478351,0.892003
1.470453,0.883301
1.462750,0.874598
1.455237,0.865896
1.447911,0.857194
1.440767,0.848491
1.414933,0.839789
1.408233,0.831086
1.401702,0.822384
1.395337,0.813681
1.389135,0.804979
1.383093,0.796276
1.377208,0.787574
1.371476,0.778871
1.365895,0.770169
1.360463,0.761466
1.355177,0.752764
1.350034,0.744061
1.345032,0.735359
1.340169,0.726656
1.335442,0.717954
1.330849,0.709251
1.326388,0.700549
1.322058,0.691847
1.317855,0.683144
1.313779,0.674442
1.309828,0.665739
1.306000,0.657037
1.302292,0.648334
1.298705,0.639632
1.295235,0.630929
1.291882,0.622227
1.288644,0.613524
1.285520,0.604822
1.282509,0.596119
1.279609,0.587417
1.276819,0.578714
1.274137,0.570012
1.271564,0.561309
1.269098,0.552607
1.266737,0.543905
1.264482,0.535202
1.262330,0.526500
1.260281,0.517797
1.258335,0.509095
1.256491,0.500392
1.254747,0.491690
1.253103,0.482987
1.251559,0.474285
1.250113,0.465582
1.248766,0.456880
1.207274,0.448177
1.206160,0.439475
1.205139,0.430772
1.204211,0.422070
1.203376,0.413367
1.202634,0.404665
1.201985,0.395962
1.201427,0.387260
1.200962,0.378558
1.200588,0.369855
1.200306,0.361153
1.200115,0.352450
1.200016,0.343748
1.200008,0.335045
1.200091,0.326343
1.200266,0.317640
1.160515,0.308938
1.160861,0.300235
1.161296,0.291533
1.161820,0.282830
1.162432,0.274128
1.163134,0.265425
1.163926,0.256723
1.164807,0.248020
1.165778,0.239318
1.166841,0.230615
1.167994,0.221913
1.169238,0.213211
1.170574,0.204508
1.172003,0.195806
1.173525,0.187103
1.175140,0.178401
1.176849,0.169698
1.178654,0.160996
1.180554,0.152293
1.182550,0.143591
1.184643,0.134888
1.186835,0.126186
1.189125,0.117483
1.191515,0.108781
1.194005,0.100078
1.196598,0.091376
1.199293,0.082673
1.202092,0.073971
1.222174,0.065269
1.225228,0.056566
1.228390,0.047864
1.231663,0.039161
1.235048,0.030459
1.238546,0.021756
1.242159,0.013054
1.245888,0.004351
1.249735,-0.004351
1.253701,-0.013054
1.257789,-0.021756
1.262000,-0.030459
1.266336,-0.039161
1.270799,-0.047864
1.275391,-0.056566
1.280115,-0.065269
1.284971,-0.073971
1.289964,-0.082674
1.295094,-0.091376
1.300364,-0.100078
1.305778,-0.108781
1.311337,-0.117483
1.317044,-0.126186
1.322903,-0.134888
1.328915,-0.143591
1.335084,-0.152293
1.341414,-0.160996
1.347907,-0.169698
1.354567,-0.178401
1.361397,-0.187103
1.368401,-0.195806
1.375583,-0.204508
1.382946,-0.213211
1.390496,-0.221913
1.398235,-0.230616
1.406168,-0.239318
1.414301,-0.248021
1.422637,-0.256723
1.431181,-0.265425
1.439939,-0.274128
1.448916,-0.282830
1.458117,-0.291533
1.467549,-0.300235
1.477216,-0.308938
1.487126,-0.317640
1.497284,-0.326343
1.507698,-0.335045
1.518373,-0.343748
1.529319,-0.352450
1.540541,-0.361153
1.552049,-0.369855
1.563850,-0.378558
1.575952,-0.387260
1.588365,-0.395963
1.601099,-0.404665
1.614161,-0.413367
1.627564,-0.422070
1.641318,-0.430772
1.627292,-0.439475
1.635808,-0.448177
1.636601,-0.456880
1.665475,-0.465582
1.666790,-0.474285
1.695744,-0.482987
1.687843,-0.491690
1.701438,-0.500392
1.741570,-0.509095
1.728389,-0.517797
1.741756,-0.526500
1.729029,-0.535202
1.742459,-0.543905
1.730170,-0.552607
1.769148,-0.561310
1.782418,-0.570012
1.820783,-0.578714
1.833805,-0.587417
1.871611,-0.596119
1.884420,-0.604822
1.823701,-0.613524
1.812574,-0.622227
1.801718,-0.630929
1.694863,-0.639632
1.685086,-0.648334
1.675547,-0.657037
1.500626,-0.665739
1.468922,-0.674442
1.414264,-0.683144
1.406855,-0.691847
1.399630,-0.700549
1.346491,-0.709252
1.316916,-0.717954
1.310550,-0.726657
1.304344,-0.735359
1.253078,-0.744061
1.247388,-0.752764
1.241844,-0.761466
1.236442,-0.770169
1.231181,-0.778871
1.226057,-0.787574
1.221068,-0.796276
1.216212,-0.804979
1.211486,-0.813681
1.206889,-0.822384
1.202417,-0.831086
1.198069,-0.839789
1.193843,-0.848491
1.189738,-0.857194
1.185750,-0.865896
1.181878,-0.874599
1.178122,-0.883301
1.174478,-0.892003
1.170946,-0.900706
1.167523,-0.909408
1.164209,-0.918111
1.161002,-0.926813
1.157900,-0.935516
1.154902,-0.944218
1.152008,-0.952921
1.149215,-0.961623
1.146523,-0.970326
1.143930,-0.979028
1.141436,-0.987731
1.159590,-0.996433
1.157248,-1.005136
1.175473,-1.013838
1.173286,-1.022541
1.171197,-1.031243
1.169204,-1.039946
1.167307,-1.048648
1.165504,-1.057350
1.184062,-1.066053
1.182418,-1.074755
1.192469,-1.083458
1.211186,-1.092160
1.209787,-1.100863
1.208483,-1.109565
1.207274,-1.118268
1.246365,-1.126970
1.245310,-1.135673
1.244351,-1.144375
1.243489,-1.153078
1.302854,-1.161780
1.302150,-1.170483
1.421689,-1.179185
1.421138,-1.187888
1.420696,-1.196590
1.420362,-1.205293
1.480142,-1.213995
1.560020,-1.222697
1.560010,-1.231400
1.560119,-1.240102
1.580351,-1.248805
1.580702,-1.257507
1.581173,-1.266210
1.641832,-1.274912
1.642573,-1.283615
1.743648,-1.292317
1.744701,-1.301020
1.806092,-1.309722
1.887791,-1.318425
1.889365,-1.327127
1.951440,-1.335830
1.953368,-1.344532
1.995768,-1.353235
2.018231,-1.361937
2.020695,-1.370639
2.063785,-1.379342
2.127409,-1.388044
2.191375,-1.396747
2.194735,-1.405449
2.300044,-1.414152
2.303933,-1.422854
2.369287,-1.431557
2.373669,-1.440259
2.419254,-1.448962
2.424116,-1.457664
5.317635,-1.466367
5.331588,-1.475069
5.343597,-1.483772
5.356070,-1.492474
5.369010,-1.501177
5.382424,-1.509879
5.396317,-1.518582
5.410695,-1.527284
5.425564,-1.535986
5.440930,-1.544689
5.456801,-1.553391
5.473183,-1.562094
5.490082,-1.570796
