scan.pos:-2.694949,-3.904957,0.2852506.320354,1.562094
6.304461,1.553391
6.289124,1.544689
6.274340,1.535986
6.260100,1.527284
6.246399,1.518581
6.233232,1.509879
6.220593,1.501177
6.208477,1.492474
6.196879,1.483772
6.185795,1.475069
6.175220,1.466367
6.165149,1.457664
6.155579,1.448962
6.146506,1.440259
6.158167,1.431557
6.150051,1.422854
6.142424,1.414152
6.175612,1.405449
6.168910,1.396747
6.202937,1.388044
6.197160,1.379342
6.191866,1.370639
6.187051,1.361937
6.182715,1.353234
6.198900,1.344532
6.235571,1.335830
6.292705,1.327127
6.370285,1.318425
7.448812,1.309722
5.539625,0.961623
5.403912,0.952921
5.316685,0.944218
5.191944,0.935516
5.013497,0.926813
4.898441,0.918111
4.787023,0.909408
4.667816,0.900706
4.477822,0.892003
4.376740,0.883301
4.247127,0.874598
4.241617,0.865896
4.213965,0.857194
4.164666,0.848491
4.181575,0.839789
4.132381,0.831086
4.105370,0.822384
4.100820,0.813681
4.096543,0.804979
4.092541,0.796276
4.111499,0.787574
4.085367,0.778871
4.105101,0.770169
4.125341,0.761466
4.146100,0.752764
4.167388,0.744061
4.189216,0.735359
4.211596,0.726656
4.234541,0.717954
4.258063,0.709251
4.282176,0.700549
4.306894,0.691847
4.332231,0.683144
4.358201,0.674442
4.384820,0.665739
4.412105,0.657037
4.440071,0.648334
4.468737,0.639632
4.473026,0.630929
4.502977,0.622227
4.533679,0.613524
4.565154,0.604822
4.597420,0.596119
4.630501,0.587417
4.664420,0.578714
4.699200,0.570012
4.734865,0.561309
4.771442,0.552607
4.808958,0.543905
4.847441,0.535202
4.886919,0.526500
4.927424,0.517797
4.968988,0.509095
5.011644,0.500392
5.043384,0.491690
5.077131,0.482987
5.138308,0.474285
5.169610,0.465582
5.231215,0.456880
5.287886,0.448177
5.322350,0.439475
5.380642,0.430772
5.442518,0.422070
2.092626,0.413367
2.025211,0.404665
2.010646,0.395962
1.970761,0.387260
1.957083,0.378558
1.943740,0.369855
1.930724,0.361153
1.918026,0.352450
1.905638,0.343748
1.893553,0.335045
1.881762,0.326343
1.870259,0.317640
1.859036,0.308938
1.848087,0.300235
1.837406,0.291533
1.826985,0.282830
1.816819,0.274128
1.806903,0.265425
1.797231,0.256723
1.787797,0.248020
1.778596,0.239318
1.769624,0.230615
1.760875,0.221913
1.752345,0.213211
1.744030,0.204508
1.735924,0.195806
1.728025,0.187103
1.705915,0.178401
1.712828,0.169698
1.705523,0.160996
1.698409,0.152293
1.691482,0.143591
1.684739,0.134888
1.678177,0.126186
1.671793,0.117483
1.665584,0.108781
1.659546,0.100078
1.653678,0.091376
1.647976,0.082673
1.642438,0.073971
1.637061,0.065269
1.631843,0.056566
1.626782,0.047864
1.621875,0.039161
1.617121,0.030459
1.612517,0.021756
1.608060,0.013054
1.603751,0.004351
1.599586,-0.004351
1.595563,-0.013054
1.591682,-0.021756
1.587940,-0.030459
1.584337,-0.039161
1.580869,-0.047864
1.577537,-0.056566
1.574338,-0.065269
1.571272,-0.073971
1.568336,-0.082674
1.565531,-0.091376
1.562854,-0.100078
1.560306,-0.108781
1.557884,-0.117483
1.555588,-0.126186
1.553416,-0.134888
1.551369,-0.143591
1.549445,-0.152293
1.547643,-0.160996
1.545964,-0.169698
1.544405,-0.178401
1.542967,-0.187103
1.541649,-0.195806
1.540450,-0.204508
1.539370,-0.213211
1.538409,-0.221913
1.537566,-0.230616
1.536841,-0.239318
1.536234,-0.248021
1.535744,-0.256723
1.535371,-0.265425
1.535115,-0.274128
1.534976,-0.282830
1.534954,-0.291533
1.535049,-0.300235
1.535261,-0.308938
1.535590,-0.317640
1.536036,-0.326343
1.536600,-0.335045
1.537281,-0.343748
1.538079,-0.352450
1.538996,-0.361153
1.540032,-0.369855
1.541186,-0.378558
1.542459,-0.387260
1.543852,-0.395963
1.545366,-0.404665
1.547000,-0.413367
1.548756,-0.422070
1.550634,-0.430772
1.572865,-0.439475
1.575018,-0.448177
1.577297,-0.456880
1.620339,-0.465582
1.622938,-0.474285
1.625669,-0.482987
1.730640,-0.491690
1.733827,-0.500392
1.737159,-0.509095
1.781714,-0.517797
1.806006,-0.526500
7.317157,-0.535202
7.333579,-0.543905
7.329914,-0.552607
7.306020,-0.561310
7.324213,-0.570012
7.343056,-0.578714
7.362559,-0.587417
7.361741,-0.596119
7.382528,-0.604822
7.425107,-0.613524
7.447334,-0.622227
7.470264,-0.630929
7.493908,-0.639632
7.518277,-0.648334
7.543381,-0.657037
7.569232,-0.665739
7.595841,-0.674442
7.623220,-0.683144
7.651382,-0.691847
7.680340,-0.700549
7.710108,-0.709252
7.740699,-0.717954
7.772128,-0.726657
7.787849,-0.839789
7.669631,-0.848491
7.568836,-0.857194
7.470720,-0.865896
7.363097,-0.874599
7.270572,-0.883301
7.193812,-0.892003
7.106530,-0.900706
7.011648,-0.909408
6.929028,-0.918111
6.839739,-0.926813
6.761386,-0.935516
6.677284,-0.944218
6.602844,-0.952921
6.549179,-0.961623
6.478515,-0.970326
6.409284,-0.979028
6.341421,-0.987731
6.274867,-0.996433
6.209562,-1.005136
6.145451,-1.013838
6.082479,-1.022541
6.020593,-1.031243
5.959743,-1.039946
5.927525,-1.048648
5.868835,-1.057350
5.811045,-1.066053
5.775524,-1.074755
5.726046,-1.083458
5.677836,-1.092160
5.630857,-1.100863
5.585071,-1.109565
5.540442,-1.118268
5.496936,-1.126970
5.454520,-1.135673
5.413163,-1.144375
5.372834,-1.153078
5.333505,-1.161780
5.295147,-1.170483
5.257735,-1.179185
5.221243,-1.187888
5.185646,-1.196590
5.150921,-1.205293
5.117045,-1.213995
5.083996,-1.222697
5.051754,-1.231400
5.020297,-1.240102
4.989608,-1.248805
4.959667,-1.257507
4.930457,-1.266210
4.901959,-1.274912
4.874158,-1.283615
4.847038,-1.292317
4.820583,-1.301020
4.794779,-1.309722
4.769610,-1.318425
4.745064,-1.327127
4.721127,-1.335830
4.697786,-1.344532
4.675029,-1.353235
4.652844,-1.361937
4.631220,-1.370639
4.610145,-1.379342
4.589609,-1.388044
4.569602,-1.396747
4.550113,-1.405449
4.531134,-1.414152
4.512654,-1.422854
4.494665,-1.431557
4.477159,-1.440259
4.460127,-1.448962
4.443562,-1.457664
4.427454,-1.466367
4.411798,-1.475069
4.396586,-1.483772
4.381811,-1.492474
4.367466,-1.501177
4.353546,-1.509879
4.340043,-1.518582
4.326952,-1.527284
4.314268,-1.535986
4.301984,-1.544689
4.290096,-1.553391
4.278599,-1.562094
4.267487,-1.570796
