scan.pos:-4.535505,5.421027,2.9684350.975617,1.562094
0.977146,1.553391
0.978754,1.544689
0.980442,1.535986
0.982211,1.527284
0.984061,1.518581
1.006514,1.509879
1.008571,1.501177
1.010714,1.492474
1.012944,1.483772
1.015261,1.475069
1.017666,1.466367
1.020161,1.457664
1.064446,1.448962
1.067232,1.440259
1.070114,1.431557
1.115133,1.422854
1.118331,1.414152
1.121634,1.405449
1.188662,1.396747
1.192376,1.388044
1.196205,1.379342
7.777518,1.274912
7.626979,1.266210
7.502687,1.257507
7.382358,1.248805
7.262316,1.240102
7.148396,1.231400
7.037851,1.222697
6.924448,1.213995
6.819298,1.205292
6.717037,1.196590
6.632444,1.187888
6.534859,1.179185
6.453370,1.170483
6.359993,1.161780
6.268872,1.153078
6.179894,1.144375
6.106062,1.135673
6.046186,1.126970
5.963902,1.118268
5.883367,1.109565
5.829348,1.100863
5.743939,1.092160
5.694043,1.083458
5.620557,1.074755
5.548430,1.066053
5.497170,1.057350
5.428262,1.048648
5.386593,1.039945
5.320140,1.031243
5.281203,1.022541
5.213435,1.013838
5.177551,1.005136
5.115891,0.996433
5.082386,0.987731
5.021029,0.979028
4.990248,0.970326
4.932645,0.961623
4.903955,0.952921
4.863913,0.944218
4.822626,0.935516
4.782395,0.926813
4.743188,0.918111
4.704975,0.909408
4.667724,0.900706
4.631409,0.892003
4.596002,0.883301
4.561476,0.874598
4.527808,0.865896
4.494973,0.857194
4.462948,0.848491
4.431712,0.839789
4.401242,0.831086
4.371519,0.822384
4.342524,0.813681
4.314237,0.804979
4.286640,0.796276
4.259717,0.787574
4.233449,0.778871
4.207823,0.770169
4.182822,0.761466
4.158430,0.752764
4.134634,0.744061
4.111421,0.735359
4.088777,0.726656
4.066688,0.717954
4.045144,0.709251
4.024130,0.700549
4.003638,0.691847
3.983655,0.683144
3.964171,0.674442
3.945176,0.665739
3.926660,0.657037
3.908612,0.648334
3.891025,0.639632
3.873889,0.630929
3.857196,0.622227
3.840937,0.613524
3.825105,0.604822
3.809692,0.596119
3.794690,0.587417
3.780093,0.578714
3.765893,0.570012
3.752084,0.561309
3.738660,0.552607
3.725614,0.543905
3.712941,0.535202
3.700634,0.526500
3.688689,0.517797
3.677100,0.509095
3.665862,0.500392
3.654969,0.491690
3.644418,0.482987
3.634204,0.474285
3.624322,0.465582
3.614768,0.456880
3.605538,0.448177
3.596629,0.439475
3.588036,0.430772
3.579755,0.422070
3.571785,0.413367
3.564120,0.404665
3.556759,0.395962
3.549698,0.387260
3.542934,0.378558
3.536464,0.369855
3.530287,0.361153
3.524399,0.352450
3.518798,0.343748
3.513482,0.335045
3.508449,0.326343
3.503696,0.317640
3.499223,0.308938
3.495027,0.300235
3.491106,0.291533
3.487460,0.282830
3.484086,0.274128
3.480983,0.265425
3.478151,0.256723
3.475588,0.248020
3.473293,0.239318
3.471265,0.230615
3.469503,0.221913
3.468008,0.213211
3.466777,0.204508
3.465811,0.195806
3.465110,0.187103
3.464672,0.178401
3.464499,0.169698
3.464589,0.160996
3.464943,0.152293
3.465562,0.143591
3.466444,0.134888
3.467591,0.126186
3.469003,0.117483
3.470681,0.108781
3.472625,0.100078
3.474835,0.091376
3.477314,0.082673
3.480062,0.073971
3.483078,0.065269
3.486367,0.056566
3.489927,0.047864
3.493761,0.039161
3.497870,0.030459
3.502256,0.021756
3.506920,0.013054
3.511864,0.004351
3.517091,-0.004351
3.522602,-0.013054
3.528399,-0.021756
3.534485,-0.030459
3.540862,-0.039161
3.547533,-0.047864
3.554501,-0.056566
3.561767,-0.065269
3.569335,-0.073971
3.577209,-0.082674
3.585392,-0.091376
3.593886,-0.100078
3.602695,-0.108781
3.611824,-0.117483
3.621275,-0.126186
3.631053,-0.134888
3.641162,-0.143591
3.651607,-0.152293
3.662391,-0.160996
3.673520,-0.169698
3.684998,-0.178401
3.696830,-0.187103
3.709022,-0.195806
3.721579,-0.204508
3.734507,-0.213211
3.747811,-0.221913
3.761498,-0.230616
3.775573,-0.239318
3.790045,-0.248021
3.804918,-0.256723
3.820201,-0.265425
3.835900,-0.274128
3.852024,-0.282830
3.868579,-0.291533
3.885575,-0.300235
3.903018,-0.308938
3.920920,-0.317640
3.939287,-0.326343
3.958131,-0.335045
3.977459,-0.343748
3.997284,-0.352450
4.017614,-0.361153
4.038462,-0.369855
4.059838,-0.378558
4.081754,-0.387260
4.104221,-0.395963
4.127254,-0.404665
4.150865,-0.413367
4.175067,-0.422070
4.199874,-0.430772
4.225302,-0.439475
4.251366,-0.448177
4.286539,-0.456880
4.281857,-0.465582
4.240074,-0.474285
4.201124,-0.482987
1.546542,-0.491690
1.429549,-0.500392
1.413862,-0.509095
1.398060,-0.517797
1.382138,-0.526500
1.366087,-0.535202
1.349900,-0.543905
1.333571,-0.552607
1.317090,-0.561310
1.327543,-0.570012
1.310954,-0.578714
1.294194,-0.587417
1.277255,-0.596119
1.260127,-0.604822
1.271045,-0.613524
1.263538,-0.622227
1.252813,-0.630929
1.242362,-0.639632
1.232176,-0.648334
1.222249,-0.657037
1.212572,-0.665739
1.203139,-0.674442
1.193941,-0.683144
1.184972,-0.691847
1.176225,-0.700549
1.167696,-0.709252
1.159376,-0.717954
1.151262,-0.726657
1.143346,-0.735359
1.135625,-0.744061
1.128093,-0.752764
1.120744,-0.761466
1.113575,-0.770169
1.106581,-0.778871
1.099757,-0.787574
1.093100,-0.796276
1.086605,-0.804979
1.080269,-0.813681
1.074088,-0.822384
1.068057,-0.831086
1.062175,-0.839789
1.056436,-0.848491
1.050840,-0.857194
1.045381,-0.865896
1.040057,-0.874599
1.034866,-0.883301
1.029805,-0.892003
1.024870,-0.900706
1.020060,-0.909408
1.015372,-0.918111
1.010803,-0.926813
1.006351,-0.935516
1.002015,-0.944218
0.997791,-0.952921
0.993678,-0.961623
0.989674,-0.970326
0.985777,-0.979028
0.981985,-0.987731
0.978297,-0.996433
0.974709,-1.005136
0.971222,-1.013838
0.967833,-1.022541
0.964541,-1.031243
0.961344,-1.039946
0.958241,-1.048648
0.955230,-1.057350
0.952311,-1.066053
0.949481,-1.074755
0.946740,-1.083458
0.944087,-1.092160
0.941519,-1.100863
0.939038,-1.109565
0.936640,-1.118268
0.934325,-1.126970
0.932093,-1.135673
0.929942,-1.144375
0.927871,-1.153078
0.925880,-1.161780
0.923968,-1.170483
0.922134,-1.179185
0.920377,-1.187888
0.918696,-1.196590
0.917091,-1.205293
0.915561,-1.213995
0.914107,-1.222697
0.912726,-1.231400
0.911418,-1.240102
0.910183,-1.248805
0.909021,-1.257507
0.907931,-1.266210
0.906913,-1.274912
0.905966,-1.283615
0.905089,-1.292317
0.904283,-1.301020
0.903547,-1.309722
0.902882,-1.318425
0.902285,-1.327127
0.901759,-1.335830
0.901301,-1.344532
0.900912,-1.353235
0.900593,-1.361937
0.900342,-1.370639
0.900160,-1.379342
0.900046,-1.388044
0.900001,-1.396747
0.900024,-1.405449
0.900116,-1.414152
0.900277,-1.422854
0.900506,-1.431557
0.900804,-1.440259
0.901171,-1.448962
0.901607,-1.457664
0.902112,-1.466367
0.902686,-1.475069
0.903330,-1.483772
0.904044,-1.492474
0.904827,-1.501177
0.905682,-1.509879
0.906607,-1.518582
0.907603,-1.527284
0.908670,-1.535986
0.909809,-1.544689
0.911021,-1.553391
0.912305,-1.562094
0.913663,-1.570796
