scan.pos:-0.135859,7.100055,-0.2147500.900689,1.562094
0.902441,1.553391
0.904269,1.544689
0.906173,1.535986
0.908155,1.527284
0.910215,1.518581
0.912354,1.509879
0.914573,1.501177
0.916873,1.492474
0.919254,1.483772
0.921718,1.475069
0.924266,1.466367
0.926899,1.457664
0.929618,1.448962
0.932424,1.440259
0.935319,1.431557
0.938303,1.422854
0.941379,1.414152
0.944546,1.405449
0.947808,1.396747
0.951165,1.388044
0.954618,1.379342
0.958171,1.370639
0.961823,1.361937
0.965577,1.353234
0.969434,1.344532
0.973397,1.335830
0.977467,1.327127
0.981646,1.318425
0.985937,1.309722
0.990341,1.301020
0.994860,1.292317
0.999498,1.283615
1.004256,1.274912
1.009136,1.266210
1.014142,1.257507
1.019276,1.248805
1.024540,1.240102
1.029938,1.231400
1.035473,1.222697
1.041147,1.213995
1.046963,1.205292
1.052926,1.196590
1.059038,1.187888
1.065303,1.179185
1.071724,1.170483
1.078306,1.161780
1.085053,1.153078
1.091968,1.144375
1.099057,1.135673
1.106322,1.126970
1.113770,1.118268
1.121405,1.109565
1.129231,1.100863
1.137255,1.092160
1.145482,1.083458
1.153917,1.074755
1.162566,1.066053
1.171436,1.057350
1.180532,1.048648
1.189863,1.039945
1.199434,1.031243
1.209254,1.022541
1.219329,1.013838
1.229667,1.005136
1.240278,0.996433
1.237951,0.987731
1.255296,0.979028
1.272443,0.970326
1.261969,0.961623
1.278972,0.952921
1.295801,0.944218
1.312463,0.935516
1.328967,0.926813
1.345322,0.918111
1.335351,0.909408
1.351620,0.900706
1.367757,0.892003
1.383769,0.883301
1.399664,0.874598
1.415448,0.865896
1.431127,0.857194
1.446708,0.848491
1.471189,0.839789
1.487158,0.831086
1.513281,0.822384
1.529699,0.813681
1.557473,0.804979
1.574406,0.796276
1.580045,0.787574
1.597703,0.778871
1.629264,0.770169
1.647590,0.761466
1.681181,0.752764
1.700270,0.744061
1.736053,0.735359
1.756013,0.726656
1.776083,0.717954
1.815129,0.709251
1.836241,0.700549
1.877970,0.691847
1.900275,0.683144
1.944942,0.674442
1.968613,0.665739
2.014778,0.657037
2.041753,0.648334
2.089386,0.639632
2.120274,0.630929
2.169638,0.622227
2.204853,0.613524
2.256259,0.604822
2.308149,0.596119
2.350106,0.587417
2.404569,0.578714
2.459748,0.570012
2.509716,0.561309
2.589403,0.552607
2.646099,0.543905
2.708380,0.535202
2.793028,0.526500
2.860826,0.517797
2.950356,0.509095
3.048603,0.500392
3.123232,0.491690
3.221019,0.482987
3.335464,0.474285
3.441281,0.465582
3.550417,0.456880
3.685978,0.448177
3.806248,0.439475
3.972437,0.430772
4.115915,0.422070
4.297833,0.413367
4.507488,0.404665
4.690792,0.395962
4.944235,0.387260
5.168773,0.378558
5.471448,0.369855
5.773622,0.361153
6.095742,0.352450
6.530565,0.343748
6.936065,0.335045
7.509792,0.326343
1.753207,-0.413367
1.734559,-0.422070
1.657559,-0.430772
1.639141,-0.439475
1.613384,-0.448177
1.493497,-0.456880
1.417216,-0.465582
1.392869,-0.474285
1.400703,-0.482987
1.377885,-0.491690
1.360154,-0.500392
1.338613,-0.509095
1.294282,-0.517797
1.300786,-0.526500
1.281214,-0.535202
1.264220,-0.543905
1.247041,-0.552607
1.257614,-0.561310
1.183902,-0.570012
1.181681,-0.578714
1.171609,-0.587417
1.161796,-0.596119
1.152232,-0.604822
1.142911,-0.613524
1.133826,-0.622227
1.071398,-0.630929
1.063174,-0.639632
1.055154,-0.648334
1.047334,-0.657037
1.039708,-0.665739
1.032269,-0.674442
1.025014,-0.683144
1.017937,-0.691847
1.011034,-0.700549
1.004300,-0.709252
0.997730,-0.717954
0.991321,-0.726657
0.985068,-0.735359
0.978967,-0.744061
0.973015,-0.752764
0.967209,-0.761466
0.961544,-0.770169
0.956017,-0.778871
0.950626,-0.787574
0.945366,-0.796276
0.940236,-0.804979
0.935232,-0.813681
0.930351,-0.822384
0.925591,-0.831086
0.920950,-0.839789
0.916424,-0.848491
0.912012,-0.857194
0.907710,-0.865896
0.903518,-0.874599
0.899432,-0.883301
0.895451,-0.892003
0.891572,-0.900706
0.887795,-0.909408
0.884116,-0.918111
0.880534,-0.926813
0.877048,-0.935516
0.873656,-0.944218
0.870355,-0.952921
0.867146,-0.961623
0.864025,-0.970326
0.860993,-0.979028
0.858046,-0.987731
0.855185,-0.996433
0.852407,-1.005136
0.849712,-1.013838
0.847098,-1.022541
0.844564,-1.031243
0.842109,-1.039946
0.839733,-1.048648
0.837433,-1.057350
0.835209,-1.066053
0.833060,-1.074755
0.830986,-1.083458
0.828985,-1.092160
0.827056,-1.100863
0.825199,-1.109565
0.823412,-1.118268
0.821696,-1.126970
0.820049,-1.135673
0.818472,-1.144375
0.816962,-1.153078
0.815520,-1.161780
0.814144,-1.170483
0.812836,-1.179185
0.811593,-1.187888
0.810415,-1.196590
0.809303,-1.205293
0.808255,-1.213995
0.807271,-1.222697
0.806351,-1.231400
0.805494,-1.240102
0.804700,-1.248805
0.803969,-1.257507
0.803301,-1.266210
0.802694,-1.274912
0.802150,-1.283615
0.801667,-1.292317
0.801246,-1.301020
0.800886,-1.309722
0.800588,-1.318425
0.800350,-1.327127
0.800174,-1.335830
0.800059,-1.344532
0.800005,-1.353235
0.800011,-1.361937
0.800079,-1.370639
0.800207,-1.379342
0.800397,-1.388044
0.800647,-1.396747
0.800959,-1.405449
0.801332,-1.414152
0.801767,-1.422854
0.802263,-1.431557
0.802821,-1.440259
0.803441,-1.448962
0.804123,-1.457664
0.804867,-1.466367
0.805675,-1.475069
0.806545,-1.483772
0.807479,-1.492474
0.808477,-1.501177
0.809539,-1.509879
0.810665,-1.518582
0.811857,-1.527284
0.813114,-1.535986
0.814437,-1.544689
0.815827,-1.553391
0.817284,-1.562094
0.818808,-1.570796
