scan.pos:5.344556,5.286132,1.9184354.182468,1.553391
4.127516,1.544689
4.115364,1.535986
4.103595,1.527284
4.092204,1.518581
4.081186,1.509879
4.070537,1.501177
4.060251,1.492474
4.050324,1.483772
4.040753,1.475069
4.031534,1.466367
4.022662,1.457664
4.014134,1.448962
4.005947,1.440259
3.998096,1.431557
3.990580,1.422854
3.983395,1.414152
3.976538,1.405449
3.970006,1.396747
3.963797,1.388044
3.957909,1.379342
3.952338,1.370639
3.987519,1.361937
3.982527,1.353234
3.977851,1.344532
3.973487,1.335830
4.009687,1.327127
4.005908,1.318425
4.002439,1.309722
3.999282,1.301020
4.016492,1.292317
4.013939,1.283615
4.011693,1.274912
4.009756,1.266210
4.008126,1.257507
4.006802,1.248805
4.005784,1.240102
4.005071,1.231400
4.004663,1.222697
4.004560,1.213995
4.004763,1.205292
4.005270,1.196590
4.006083,1.187888
4.007201,1.179185
4.008626,1.170483
4.010356,1.161780
4.012394,1.153078
3.994689,1.144375
3.997330,1.135673
3.960122,1.126970
3.963349,1.118268
3.966883,1.109565
3.970726,1.100863
3.974880,1.092160
3.979345,1.083458
3.984125,1.074755
3.989220,1.066053
3.994633,1.057350
4.040931,1.048648
4.067360,1.039945
4.114529,1.031243
4.141785,1.022541
4.414438,1.013838
4.483874,1.005136
7.628841,0.857194
7.461642,0.848491
7.290129,0.839789
7.137855,0.831086
6.991647,0.822384
6.851104,0.813681
6.715858,0.804979
6.585572,0.796276
6.459934,0.787574
6.338658,0.778871
6.221479,0.770169
6.107197,0.761466
5.998483,0.752764
5.893158,0.744061
5.791029,0.735359
5.691913,0.726656
5.618418,0.717954
5.524944,0.709251
5.439496,0.700549
5.351812,0.691847
5.266387,0.683144
5.206454,0.674442
5.125318,0.665739
5.046102,0.657037
4.992440,0.648334
4.916901,0.639632
4.854854,0.630929
4.783251,0.622227
4.737401,0.613524
4.668792,0.604822
4.626090,0.596119
4.560196,0.587417
4.511740,0.578714
4.448864,0.570012
4.412281,0.561309
4.351628,0.552607
4.291922,0.543905
4.258872,0.535202
4.201083,0.526500
4.165307,0.517797
4.136102,0.509095
4.081463,0.500392
4.054225,0.491690
4.001078,0.482987
3.973279,0.474285
3.921973,0.465582
3.898780,0.456880
3.848676,0.448177
3.827085,0.439475
3.804281,0.430772
3.771605,0.422070
3.739768,0.413367
3.708745,0.404665
3.678509,0.395962
3.649039,0.387260
3.620310,0.378558
3.592301,0.369855
3.564992,0.361153
3.538363,0.352450
3.512393,0.343748
3.487067,0.335045
3.462364,0.326343
3.438268,0.317640
3.414765,0.308938
3.391836,0.300235
3.369469,0.291533
3.347648,0.282830
3.326359,0.274128
3.305590,0.265425
3.285327,0.256723
3.265558,0.248020
3.246271,0.239318
3.227455,0.230615
3.209099,0.221913
3.191193,0.213211
3.173725,0.204508
3.156686,0.195806
3.140068,0.187103
3.123860,0.178401
3.108054,0.169698
3.092641,0.160996
3.077614,0.152293
3.062964,0.143591
3.048685,0.134888
3.034767,0.126186
3.021206,0.117483
3.007993,0.108781
2.995122,0.100078
2.982587,0.091376
2.970381,0.082673
2.958500,0.073971
2.946937,0.065269
2.935686,0.056566
2.924743,0.047864
2.914103,0.039161
2.903759,0.030459
2.893709,0.021756
2.883947,0.013054
2.874469,0.004351
2.865270,-0.004351
2.856346,-0.013054
2.847695,-0.021756
2.839311,-0.030459
2.831191,-0.039161
2.823332,-0.047864
2.815730,-0.056566
2.808383,-0.065269
2.801286,-0.073971
2.794438,-0.082674
2.787835,-0.091376
2.781474,-0.100078
2.775353,-0.108781
2.769469,-0.117483
2.763820,-0.126186
2.758404,-0.134888
2.753219,-0.143591
2.748261,-0.152293
2.743531,-0.160996
2.739024,-0.169698
2.734740,-0.178401
2.730678,-0.187103
2.726834,-0.195806
2.723209,-0.204508
2.719800,-0.213211
2.716606,-0.221913
2.713626,-0.230616
2.710859,-0.239318
2.708303,-0.248021
2.705959,-0.256723
2.703824,-0.265425
2.701898,-0.274128
2.700180,-0.282830
2.698669,-0.291533
2.697366,-0.300235
2.696270,-0.308938
2.695379,-0.317640
2.694694,-0.326343
2.694214,-0.335045
2.693940,-0.343748
2.693871,-0.352450
2.694007,-0.361153
2.694349,-0.369855
2.694895,-0.378558
2.695647,-0.387260
2.696605,-0.395963
2.697770,-0.404665
2.699141,-0.413367
2.700719,-0.422070
2.702504,-0.430772
2.704499,-0.439475
2.706702,-0.448177
2.709116,-0.456880
2.711740,-0.465582
2.714577,-0.474285
2.717627,-0.482987
2.720891,-0.491690
2.724370,-0.500392
2.728067,-0.509095
2.731982,-0.517797
2.736117,-0.526500
2.740473,-0.535202
2.745053,-0.543905
2.749857,-0.552607
2.754889,-0.561310
2.760150,-0.570012
2.765642,-0.578714
2.771367,-0.587417
2.777328,-0.596119
2.783527,-0.604822
2.789967,-0.613524
2.796650,-0.622227
2.803580,-0.630929
2.810758,-0.639632
2.818188,-0.648334
2.825874,-0.657037
2.833817,-0.665739
2.842023,-0.674442
2.850494,-0.683144
2.859234,-0.691847
2.868247,-0.700549
2.877537,-0.709252
2.887108,-0.717954
2.896964,-0.726657
2.907109,-0.735359
2.917549,-0.744061
2.928288,-0.752764
2.939331,-0.761466
2.950684,-0.770169
2.962350,-0.778871
2.974337,-0.787574
2.986649,-0.796276
2.999293,-0.804979
3.012275,-0.813681
3.025602,-0.822384
3.039279,-0.831086
3.053314,-0.839789
3.067714,-0.848491
3.082486,-0.857194
3.097639,-0.865896
3.113179,-0.874599
3.129115,-0.883301
3.145457,-0.892003
3.162212,-0.900706
3.179389,-0.909408
3.197000,-0.918111
3.215052,-0.926813
3.233557,-0.935516
3.252526,-0.944218
3.271969,-0.952921
3.291898,-0.961623
3.312325,-0.970326
3.333263,-0.979028
3.354724,-0.987731
3.376723,-0.996433
3.399272,-1.005136
3.422387,-1.013838
3.446082,-1.022541
3.470374,-1.031243
3.495279,-1.039946
3.520814,-1.048648
3.546997,-1.057350
3.573847,-1.066053
3.601382,-1.074755
3.629624,-1.083458
3.658593,-1.092160
3.688311,-1.100863
3.718802,-1.109565
3.750089,-1.118268
3.739720,-1.126970
3.721773,-1.135673
3.689806,-1.144375
3.658660,-1.153078
3.628309,-1.161780
3.598730,-1.170483
3.569898,-1.179185
3.541792,-1.187888
3.514391,-1.196590
3.487674,-1.205293
3.461622,-1.213995
3.436217,-1.222697
3.411439,-1.231400
3.387272,-1.240102
3.363699,-1.248805
3.340705,-1.257507
3.318274,-1.266210
3.296392,-1.274912
3.275044,-1.283615
3.254217,-1.292317
3.233898,-1.301020
3.214075,-1.309722
3.194734,-1.318425
3.175866,-1.327127
3.157458,-1.335830
3.139500,-1.344532
3.121982,-1.353235
3.104893,-1.361937
3.088224,-1.370639
3.071966,-1.379342
3.056109,-1.388044
3.040646,-1.396747
3.025568,-1.405449
3.010867,-1.414152
2.996535,-1.422854
2.982565,-1.431557
2.968949,-1.440259
2.955682,-1.448962
2.942755,-1.457664
2.930163,-1.466367
2.917900,-1.475069
2.905960,-1.483772
2.894336,-1.492474
2.883024,-1.501177
2.872017,-1.509879
2.861311,-1.518582
2.850902,-1.527284
2.840783,-1.535986
2.830950,-1.544689
2.821400,-1.553391
2.812127,-1.562094
2.803128,-1.570796
