scan.pos:6.456281,2.440119,-3.0647500.922723,1.562094
0.922138,1.553391
0.921625,1.544689
0.921182,1.535986
0.920810,1.527284
0.920508,1.518581
0.920276,1.509879
0.920114,1.501177
0.920023,1.492474
0.920001,1.483772
0.920050,1.475069
0.920169,1.466367
0.920358,1.457664
0.920617,1.448962
0.920946,1.440259
0.921346,1.431557
0.921816,1.422854
0.922357,1.414152
0.922969,1.405449
0.923653,1.396747
0.924407,1.388044
0.925234,1.379342
0.926133,1.370639
0.927104,1.361937
0.928147,1.353234
0.929264,1.344532
0.930455,1.335830
0.931720,1.327127
0.933059,1.318425
0.934473,1.309722
0.935964,1.301020
0.937530,1.292317
0.939173,1.283615
0.940894,1.274912
0.942693,1.266210
0.944571,1.257507
0.946529,1.248805
0.948567,1.240102
0.950687,1.231400
0.952889,1.222697
0.955174,1.213995
0.957543,1.205292
0.959997,1.196590
0.962537,1.187888
0.965165,1.179185
0.967880,1.170483
0.970686,1.161780
0.973581,1.153078
0.976569,1.144375
0.979650,1.135673
0.982826,1.126970
0.986097,1.118268
0.989466,1.109565
0.992934,1.100863
0.996503,1.092160
1.000174,1.083458
1.003948,1.074755
1.007828,1.066053
1.011816,1.057350
1.015913,1.048648
1.020122,1.039945
1.024443,1.031243
1.028880,1.022541
1.033435,1.013838
1.038110,1.005136
1.042907,0.996433
1.047829,0.987731
1.052878,0.979028
1.058057,0.970326
1.063368,0.961623
1.068815,0.952921
1.074400,0.944218
1.080126,0.935516
1.085997,0.926813
1.092016,0.918111
1.098186,0.909408
1.104511,0.900706
1.110994,0.892003
1.117639,0.883301
1.124450,0.874598
1.131432,0.865896
1.138588,0.857194
1.145923,0.848491
1.153442,0.839789
1.161148,0.831086
1.169049,0.822384
1.177147,0.813681
1.185450,0.804979
1.193962,0.796276
1.202689,0.787574
1.211638,0.778871
1.220815,0.770169
1.230226,0.761466
1.239879,0.752764
1.249780,0.744061
1.259937,0.735359
1.270358,0.726656
1.281052,0.717954
1.292026,0.709251
1.298874,0.700549
1.287724,0.691847
1.304618,0.683144
1.321328,0.674442
1.337865,0.665739
1.354238,0.657037
1.343581,0.648334
1.359856,0.639632
1.349524,0.630929
1.365713,0.622227
1.381766,0.613524
1.397691,0.604822
1.413495,0.596119
1.429185,0.587417
1.444767,0.578714
1.460248,0.570012
1.450624,0.561309
1.441235,0.552607
1.456766,0.543905
1.472212,0.535202
1.487579,0.526500
1.502873,0.517797
1.518099,0.509095
1.533262,0.500392
1.572189,0.491690
1.587110,0.482987
1.601986,0.474285
1.546526,0.465582
1.538390,0.456880
1.530454,0.448177
1.499643,0.439475
1.446297,0.430772
1.416429,0.422070
1.409691,0.413367
1.403123,0.404665
1.284083,0.395962
1.278348,0.387260
1.205774,0.378558
1.200618,0.369855
1.151315,0.361153
1.146607,0.352450
1.142024,0.343748
1.137564,0.335045
1.089639,0.326343
1.085580,0.317640
1.081633,0.308938
1.056241,0.300235
1.052588,0.291533
1.049040,0.282830
1.045595,0.274128
1.042252,0.265425
0.996600,0.256723
0.993584,0.248020
0.990662,0.239318
0.987831,0.230615
0.985092,0.221913
0.982442,0.213211
0.979881,0.204508
0.977407,0.195806
0.975020,0.187103
0.972719,0.178401
0.970502,0.169698
0.968368,0.160996
0.966318,0.152293
0.964349,0.143591
0.962462,0.134888
0.960655,0.126186
0.958928,0.117483
0.957279,0.108781
0.955709,0.100078
0.954217,0.091376
0.952802,0.082673
0.951463,0.073971
0.950200,0.065269
0.949013,0.056566
0.947901,0.047864
0.946863,0.039161
0.945900,0.030459
0.945011,0.021756
0.944195,0.013054
0.943452,0.004351
0.942782,-0.004351
0.942185,-0.013054
0.941660,-0.021756
0.941208,-0.030459
0.940827,-0.039161
0.940519,-0.047864
0.940282,-0.056566
0.940117,-0.065269
0.980024,-0.073971
0.980001,-0.082674
0.980053,-0.091376
0.980180,-0.100078
0.980381,-0.108781
0.980657,-0.117483
0.981008,-0.126186
1.001463,-0.134888
1.001974,-0.143591
1.002562,-0.152293
1.043357,-0.160996
1.044129,-0.169698
1.044982,-0.178401
1.045917,-0.187103
1.087199,-0.195806
1.088339,-0.204508
1.089564,-0.213211
1.151480,-0.221913
1.152955,-0.230616
1.276051,-0.239318
1.277885,-0.248021
1.422025,-0.256723
1.424292,-0.265425
1.426676,-0.274128
1.449594,-0.282830
1.452250,-0.291533
1.516506,-0.300235
1.622198,-0.308938
1.769598,-0.317640
1.773408,-0.326343
1.839373,-0.335045
1.885063,-0.343748
1.910348,-0.352450
1.915086,-0.361153
2.024342,-0.369855
2.092472,-0.378558
2.098184,-0.387260
2.209292,-0.395963
2.236797,-0.404665
2.285800,-0.413367
2.335274,-0.422070
5.341522,-0.430772
5.358836,-0.439475
5.376674,-0.448177
5.395044,-0.456880
5.413953,-0.465582
5.433411,-0.474285
5.453425,-0.482987
5.474006,-0.491690
5.525168,-0.500392
5.560898,-0.509095
5.583415,-0.517797
5.650898,-0.526500
5.674837,-0.535202
5.721784,-0.543905
5.747114,-0.552607
5.773111,-0.561310
5.799788,-0.570012
5.827159,-0.578714
5.855237,-0.587417
5.884037,-0.596119
5.913575,-0.604822
5.943865,-0.613524
5.974926,-0.622227
5.983290,-0.630929
5.968595,-0.639632
6.001674,-0.648334
6.035584,-0.657037
6.070344,-0.665739
6.105975,-0.674442
6.191090,-0.683144
6.302155,-0.691847
7.754170,-0.874599
7.688751,-0.883301
7.625002,-0.892003
7.562873,-0.900706
7.502315,-0.909408
7.443282,-0.918111
7.385728,-0.926813
7.329611,-0.935516
7.274891,-0.944218
7.221528,-0.952921
7.169483,-0.961623
7.118722,-0.970326
7.069209,-0.979028
7.020911,-0.987731
6.973795,-0.996433
6.927833,-1.005136
6.882992,-1.013838
6.839246,-1.022541
6.796567,-1.031243
6.754929,-1.039946
6.714305,-1.048648
6.674673,-1.057350
6.636008,-1.066053
6.598288,-1.074755
6.561491,-1.083458
6.525597,-1.092160
6.490585,-1.100863
6.456436,-1.109565
6.423131,-1.118268
6.390651,-1.126970
6.358980,-1.135673
6.328102,-1.144375
6.297998,-1.153078
6.268656,-1.161780
6.240058,-1.170483
6.212191,-1.179185
6.185040,-1.187888
6.158594,-1.196590
6.132837,-1.205293
6.107758,-1.213995
6.083344,-1.222697
6.059585,-1.231400
6.036468,-1.240102
6.013984,-1.248805
5.992120,-1.257507
5.970869,-1.266210
5.950219,-1.274912
5.930161,-1.283615
5.910687,-1.292317
5.891788,-1.301020
5.873454,-1.309722
5.855680,-1.318425
5.838455,-1.327127
5.821774,-1.335830
5.805628,-1.344532
5.790012,-1.353235
5.774918,-1.361937
5.760340,-1.370639
5.746272,-1.379342
5.732708,-1.388044
5.719643,-1.396747
5.707070,-1.405449
5.694986,-1.414152
5.683384,-1.422854
5.672261,-1.431557
5.661611,-1.440259
5.651431,-1.448962
5.641716,-1.457664
5.632463,-1.466367
5.623668,-1.475069
5.615327,-1.483772
5.607437,-1.492474
5.599996,-1.501177
5.592999,-1.509879
5.586444,-1.518582
5.580330,-1.527284
5.574653,-1.535986
5.569411,-1.544689
5.564602,-1.553391
5.560225,-1.562094
5.556277,-1.570796
