scan.pos:-2.541989,0.008479,1.7352505.532658,1.562094
5.524867,1.553391
5.517518,1.544689
5.510607,1.535986
5.504132,1.527284
5.498091,1.518581
5.492481,1.509879
5.487300,1.501177
5.482545,1.492474
5.478216,1.483772
5.474310,1.475069
5.470826,1.466367
5.467762,1.457664
5.465118,1.448962
5.462893,1.440259
5.461084,1.431557
5.459693,1.422854
5.458718,1.414152
5.458159,1.405449
5.458015,1.396747
5.458288,1.388044
5.458976,1.379342
5.460080,1.370639
5.461600,1.361937
5.463538,1.353234
5.465893,1.344532
5.468667,1.335830
5.471861,1.327127
5.475476,1.318425
5.479513,1.309722
5.483974,1.301020
5.488860,1.292317
5.494174,1.283615
5.499918,1.274912
5.506093,1.266210
5.512702,1.257507
5.519749,1.248805
5.527235,1.240102
5.535162,1.231400
5.543536,1.222697
5.552359,1.213995
5.561634,1.205292
5.571365,1.196590
5.581555,1.187888
5.592210,1.179185
5.603333,1.170483
5.614930,1.161780
5.627003,1.153078
5.639559,1.144375
5.652602,1.135673
5.666139,1.126970
5.680173,1.118268
5.694713,1.109565
5.709763,1.100863
5.725330,1.092160
5.741420,1.083458
5.758041,1.074755
5.775200,1.066053
5.792903,1.057350
5.811160,1.048648
5.829977,1.039945
5.849363,1.031243
5.869327,1.022541
5.889878,1.013838
5.911025,1.005136
5.932778,0.996433
5.955147,0.987731
5.978142,0.979028
6.001774,0.970326
6.026055,0.961623
6.050995,0.952921
6.076608,0.944218
6.102904,0.935516
6.129899,0.926813
6.157604,0.918111
6.186034,0.909408
6.215203,0.900706
6.245127,0.892003
6.275820,0.883301
6.307299,0.874598
6.339581,0.865896
6.372683,0.857194
6.406622,0.848491
6.441418,0.839789
6.477090,0.831086
6.513659,0.822384
6.551144,0.813681
6.589568,0.804979
6.628953,0.796276
6.669323,0.787574
6.710702,0.778871
6.753115,0.770169
6.796588,0.761466
6.841149,0.752764
6.886826,0.744061
6.933649,0.735359
6.981647,0.726656
7.030855,0.717954
7.081304,0.709251
7.133029,0.700549
7.186067,0.691847
7.240455,0.683144
7.296232,0.674442
7.353440,0.665739
7.412121,0.657037
7.472320,0.648334
7.534082,0.639632
7.597458,0.630929
7.662498,0.622227
7.722980,0.613524
3.152518,0.604822
3.014835,0.596119
2.962284,0.587417
2.938131,0.578714
2.914588,0.570012
2.891639,0.561309
2.869264,0.552607
2.847448,0.543905
2.826175,0.535202
2.805430,0.526500
2.785198,0.517797
2.765464,0.509095
2.746216,0.500392
2.727440,0.491690
2.709124,0.482987
2.691256,0.474285
2.673824,0.465582
2.656818,0.456880
2.640227,0.448177
2.624040,0.439475
2.608248,0.430772
2.592840,0.422070
2.577810,0.413367
2.563146,0.404665
2.548841,0.395962
2.534887,0.387260
2.521276,0.378558
2.508001,0.369855
2.495053,0.361153
2.482426,0.352450
2.470114,0.343748
2.458110,0.335045
2.446407,0.326343
2.435000,0.317640
2.423882,0.308938
2.435479,0.300235
2.424826,0.291533
2.414448,0.282830
2.404341,0.274128
2.394500,0.265425
2.384921,0.256723
2.375597,0.248020
2.410119,0.239318
2.401133,0.230615
2.392395,0.221913
2.383902,0.213211
2.375649,0.204508
2.410456,0.195806
2.402532,0.187103
2.394842,0.178401
2.387382,0.169698
2.380149,0.160996
2.373140,0.152293
2.366352,0.143591
2.359782,0.134888
2.353426,0.126186
2.347283,0.117483
2.341350,0.108781
2.335625,0.100078
2.330104,0.091376
2.345437,0.082673
2.340274,0.073971
2.335311,0.065269
2.371585,0.056566
2.366936,0.047864
2.382926,0.039161
2.419442,0.030459
2.415276,0.021756
2.451978,0.013054
2.468445,0.004351
2.586417,-0.004351
2.623265,-0.013054
2.619776,-0.021756
2.818422,-0.030459
2.936125,-0.039161
3.194811,-0.047864
3.372688,-0.056566
3.711331,-0.065269
3.969284,-0.073971
7.017404,-0.082674
7.212998,-0.091376
6.113779,-0.404665
5.953300,-0.413367
5.907601,-0.422070
5.499875,-0.430772
5.285674,-0.439475
5.176642,-0.448177
5.023477,-0.456880
4.871681,-0.465582
4.754367,-0.474285
4.621621,-0.482987
4.494424,-0.491690
4.394257,-0.500392
4.277153,-0.509095
4.169504,-0.517797
4.146779,-0.526500
4.149254,-0.535202
4.141773,-0.543905
4.156275,-0.552607
4.171197,-0.561310
4.143068,-0.570012
4.158689,-0.578714
4.174747,-0.587417
4.191251,-0.596119
4.208207,-0.604822
4.225623,-0.613524
4.243509,-0.622227
4.261873,-0.630929
4.280725,-0.639632
4.300072,-0.648334
4.319926,-0.657037
4.340296,-0.665739
4.361192,-0.674442
4.382627,-0.683144
4.404609,-0.691847
4.427153,-0.700549
4.450269,-0.709252
4.473970,-0.717954
4.498270,-0.726657
4.523181,-0.735359
4.548718,-0.744061
4.574895,-0.752764
4.601728,-0.761466
4.629232,-0.770169
4.657423,-0.778871
4.686320,-0.787574
4.715938,-0.796276
4.746297,-0.804979
4.777416,-0.813681
4.809313,-0.822384
4.842011,-0.831086
4.875531,-0.839789
4.909894,-0.848491
4.945124,-0.857194
4.981246,-0.865896
5.018284,-0.874599
5.056265,-0.883301
5.095216,-0.892003
5.135167,-0.900706
5.176146,-0.909408
5.218184,-0.918111
5.344138,-0.926813
5.389092,-0.935516
5.435226,-0.944218
5.475157,-0.952921
5.533019,-0.961623
2.205671,-0.979028
2.187687,-0.987731
2.143064,-0.996433
2.126189,-1.005136
2.109738,-1.013838
2.093697,-1.022541
2.078055,-1.031243
2.062801,-1.039946
2.047925,-1.048648
2.033415,-1.057350
2.019262,-1.066053
2.005456,-1.074755
1.991988,-1.083458
1.978850,-1.092160
1.966033,-1.100863
1.978226,-1.109565
1.965872,-1.118268
1.953819,-1.126970
1.942061,-1.135673
1.930589,-1.144375
1.919397,-1.153078
1.908479,-1.161780
1.897828,-1.170483
1.887438,-1.179185
1.877303,-1.187888
1.867418,-1.196590
1.857778,-1.205293
1.848376,-1.213995
1.816247,-1.222697
1.807421,-1.231400
1.798816,-1.240102
1.790428,-1.248805
1.782253,-1.257507
1.774287,-1.266210
1.766526,-1.274912
1.758966,-1.283615
1.751603,-1.292317
1.744434,-1.301020
1.737455,-1.309722
1.730662,-1.318425
1.724054,-1.327127
1.717626,-1.335830
1.711376,-1.344532
1.705300,-1.353235
1.699397,-1.361937
1.693662,-1.370639
1.688095,-1.379342
1.682691,-1.388044
1.677450,-1.396747
1.672367,-1.405449
1.667443,-1.414152
1.662673,-1.422854
1.658056,-1.431557
1.653591,-1.440259
1.649275,-1.448962
1.645106,-1.457664
1.641083,-1.466367
1.637204,-1.475069
1.633468,-1.483772
1.629872,-1.492474
1.626415,-1.501177
1.623097,-1.509879
1.619915,-1.518582
1.616869,-1.527284
1.573148,-1.535986
1.570439,-1.544689
1.567858,-1.553391
1.565405,-1.562094
1.563079,-1.570796
