scan.pos:6.094050,3.217736,1.9184351.255079,1.562094
1.293583,1.553391
1.289665,1.544689
1.285868,1.535986
1.282191,1.527284
1.299593,1.518581
1.337903,1.509879
1.334412,1.501177
1.351838,1.492474
1.390026,1.483772
1.407439,1.475069
1.404228,1.466367
1.401137,1.457664
1.439290,1.448962
1.456873,1.440259
1.454018,1.431557
1.451285,1.422854
1.469076,1.414152
1.486915,1.405449
1.504808,1.396747
1.502455,1.388044
1.500223,1.379342
1.498111,1.370639
1.536555,1.361937
1.534632,1.353234
1.593336,1.344532
1.591588,1.335830
1.589965,1.327127
1.648788,1.318425
1.647360,1.309722
1.646061,1.301020
1.705067,1.292317
1.703983,1.283615
1.743101,1.274912
1.742259,1.266210
1.741551,1.257507
1.760987,1.248805
1.814606,1.240102
1.814283,1.231400
1.854100,1.222697
1.854052,1.213995
1.854146,1.205292
6.760624,1.126970
6.283845,1.118268
5.605600,1.109565
5.268775,1.100863
5.113056,1.092160
4.965578,1.083458
4.739994,1.074755
4.706747,1.066053
4.713133,1.057350
4.719897,1.048648
4.727040,1.039945
4.734567,1.031243
4.742479,1.022541
4.750780,1.013838
4.759473,1.005136
4.768561,0.996433
4.778049,0.987731
4.787941,0.979028
4.798239,0.970326
4.808949,0.961623
4.820075,0.952921
4.831621,0.944218
4.843593,0.935516
4.855994,0.926813
4.868831,0.918111
4.882109,0.909408
4.937911,0.900706
4.952209,0.892003
5.009295,0.883301
5.024655,0.874598
5.040494,0.865896
5.078183,0.857194
5.095073,0.848491
5.112466,0.839789
5.130371,0.831086
5.148795,0.822384
5.167747,0.813681
5.187235,0.804979
5.207269,0.796276
5.227858,0.787574
5.249012,0.778871
5.270741,0.770169
5.293055,0.761466
5.293601,0.752764
5.272094,0.744061
5.295927,0.735359
5.320383,0.726656
5.345474,0.717954
5.371215,0.709251
5.397618,0.700549
5.470923,0.691847
5.522160,0.683144
7.798703,0.561309
7.702477,0.552607
7.608263,0.543905
7.541734,0.535202
7.471969,0.526500
7.384151,0.517797
7.298003,0.509095
7.239984,0.500392
7.153758,0.491690
7.099831,0.482987
7.020553,0.474285
6.969979,0.465582
6.892102,0.456880
6.817323,0.448177
6.771761,0.439475
6.725268,0.430772
6.667504,0.422070
6.611222,0.413367
6.556378,0.404665
6.502928,0.395962
6.450829,0.387260
6.400042,0.378558
6.350528,0.369855
6.302250,0.361153
6.255174,0.352450
6.209266,0.343748
6.164492,0.335045
6.120822,0.326343
6.078226,0.317640
6.036676,0.308938
5.996143,0.300235
5.956602,0.291533
5.918026,0.282830
5.880392,0.274128
5.843675,0.265425
5.807854,0.256723
5.772906,0.248020
5.738811,0.239318
5.705547,0.230615
5.673097,0.221913
5.641441,0.213211
5.610562,0.204508
5.580441,0.195806
5.551062,0.187103
5.522409,0.178401
5.494468,0.169698
5.467221,0.160996
5.440656,0.152293
5.414758,0.143591
5.389513,0.134888
5.364911,0.126186
5.340936,0.117483
5.317577,0.108781
5.294824,0.100078
5.272665,0.091376
5.251088,0.082673
5.230084,0.073971
5.209642,0.065269
5.189754,0.056566
5.170408,0.047864
5.151597,0.039161
5.133313,0.030459
5.115545,0.021756
5.098288,0.013054
5.081532,0.004351
5.065269,-0.004351
5.049495,-0.013054
5.034200,-0.021756
5.019379,-0.030459
5.005025,-0.039161
4.991132,-0.047864
4.977694,-0.056566
4.964705,-0.065269
4.952159,-0.073971
4.940052,-0.082674
4.928379,-0.091376
4.917134,-0.100078
4.906313,-0.108781
4.895912,-0.117483
4.885926,-0.126186
4.876351,-0.134888
4.867184,-0.143591
4.858420,-0.152293
4.850057,-0.160996
4.842091,-0.169698
4.834518,-0.178401
4.827335,-0.187103
4.820541,-0.195806
4.814132,-0.204508
4.808106,-0.213211
4.802460,-0.221913
4.797192,-0.230616
4.792300,-0.239318
4.787782,-0.248021
4.783637,-0.256723
4.779863,-0.265425
4.776458,-0.274128
4.773421,-0.282830
4.770751,-0.291533
4.768447,-0.300235
4.766509,-0.308938
4.764934,-0.317640
4.763723,-0.326343
4.762875,-0.335045
4.762391,-0.343748
4.762269,-0.352450
4.762509,-0.361153
4.763113,-0.369855
4.764079,-0.378558
4.765409,-0.387260
4.767102,-0.395963
4.769161,-0.404665
4.771584,-0.413367
4.774374,-0.422070
4.777531,-0.430772
4.781056,-0.439475
4.784952,-0.448177
4.789218,-0.456880
4.793859,-0.465582
4.798873,-0.474285
4.804265,-0.482987
4.810035,-0.491690
4.816186,-0.500392
4.822721,-0.509095
4.829641,-0.517797
4.836951,-0.526500
4.844652,-0.535202
4.852748,-0.543905
4.861242,-0.552607
4.870137,-0.561310
4.879437,-0.570012
4.889146,-0.578714
4.899268,-0.587417
4.909805,-0.596119
4.920764,-0.604822
4.932149,-0.613524
4.943964,-0.622227
4.956213,-0.630929
4.968903,-0.639632
4.982038,-0.648334
4.995625,-0.657037
5.009668,-0.665739
5.024174,-0.674442
5.039149,-0.683144
5.054600,-0.691847
5.091136,-0.700549
5.089139,-0.709252
5.113689,-0.717954
5.100203,-0.726657
4.994781,-0.735359
4.882587,-0.744061
4.795270,-0.752764
4.682863,-0.761466
4.602572,-0.770169
4.502952,-0.778871
4.424720,-0.787574
4.352893,-0.796276
4.283240,-0.804979
4.193301,-0.813681
4.128483,-0.822384
4.042888,-0.831086
3.981439,-0.839789
3.921578,-0.848491
3.863215,-0.857194
3.806267,-0.865896
3.750653,-0.874599
3.696301,-0.883301
3.643141,-0.892003
3.591106,-0.900706
3.540136,-0.909408
3.490169,-0.918111
3.441152,-0.926813
3.393030,-0.935516
3.345754,-0.944218
3.299275,-0.952921
3.277987,-0.961623
3.233118,-0.970326
3.188919,-0.979028
3.145348,-0.987731
3.102367,-0.996433
3.085176,-1.005136
3.043437,-1.013838
3.002183,-1.022541
2.987148,-1.031243
2.946951,-1.039946
2.907148,-1.048648
2.894040,-1.057350
2.855130,-1.066053
2.816526,-1.074755
2.805149,-1.083458
2.767290,-1.092160
2.757041,-1.100863
2.719836,-1.109565
2.682811,-1.118268
2.674018,-1.126970
2.663338,-1.135673
2.640462,-1.144375
2.618174,-1.153078
2.596454,-1.161780
2.575287,-1.170483
2.554655,-1.179185
2.534542,-1.187888
2.514934,-1.196590
2.495815,-1.205293
2.477172,-1.213995
2.458991,-1.222697
2.441260,-1.231400
2.423966,-1.240102
2.407097,-1.248805
2.390642,-1.257507
2.374590,-1.266210
2.358931,-1.274912
2.343654,-1.283615
2.328750,-1.292317
2.314210,-1.301020
2.300024,-1.309722
2.286184,-1.318425
2.272681,-1.327127
2.259509,-1.335830
2.246658,-1.344532
2.234122,-1.353235
2.221893,-1.361937
2.209964,-1.370639
2.198330,-1.379342
2.186983,-1.388044
2.175917,-1.396747
2.165127,-1.405449
2.154607,-1.414152
2.144350,-1.422854
2.134353,-1.431557
2.124610,-1.440259
2.115115,-1.448962
2.105865,-1.457664
2.096854,-1.466367
2.088079,-1.475069
2.079534,-1.483772
2.071216,-1.492474
2.063121,-1.501177
2.055244,-1.509879
2.047583,-1.518582
2.040134,-1.527284
2.032892,-1.535986
2.025856,-1.544689
2.019022,-1.553391
2.012386,-1.562094
2.005946,-1.570796
