scan.pos:-0.548723,7.237470,-2.6647501.035513,1.562094
1.030905,1.553391
1.026415,1.544689
1.022042,1.535986
1.017783,1.527284
1.013637,1.518581
1.009600,1.509879
1.005672,1.501177
1.001850,1.492474
0.998133,1.483772
0.994519,1.475069
0.991006,1.466367
0.987593,1.457664
0.984278,1.448962
0.981060,1.440259
0.977937,1.431557
0.974907,1.422854
0.971971,1.414152
0.969125,1.405449
0.966369,1.396747
0.963703,1.388044
0.961123,1.379342
0.958631,1.370639
0.956224,1.361937
0.953901,1.353234
0.951662,1.344532
0.949506,1.335830
0.947431,1.327127
0.945438,1.318425
0.943524,1.309722
0.941690,1.301020
0.939934,1.292317
0.938256,1.283615
0.936655,1.274912
0.935131,1.266210
0.933683,1.257507
0.932310,1.248805
0.931012,1.240102
0.929788,1.231400
0.928638,1.222697
0.927562,1.213995
0.926558,1.205292
0.925627,1.196590
0.924769,1.187888
0.923982,1.179185
0.923267,1.170483
0.922623,1.161780
0.922050,1.153078
0.921548,1.144375
0.921116,1.135673
0.920755,1.126970
0.920465,1.118268
0.920245,1.109565
0.920094,1.100863
0.920014,1.092160
0.920004,1.083458
0.920065,1.074755
0.920195,1.066053
0.920395,1.057350
0.920666,1.048648
0.921007,1.039945
0.921418,1.031243
0.921900,1.022541
0.922453,1.013838
0.923076,1.005136
0.923771,0.996433
0.924538,0.987731
0.965610,0.979028
0.966560,0.970326
0.967585,0.961623
0.986314,0.952921
0.987514,0.944218
0.988792,0.935516
0.990148,0.926813
0.991584,0.918111
0.993100,0.909408
0.994697,0.900706
0.996374,0.892003
0.998134,0.883301
0.999975,0.874598
1.001901,0.865896
1.003910,0.857194
1.006004,0.848491
1.008183,0.839789
1.010450,0.831086
1.012803,0.822384
1.015246,0.813681
1.017777,0.804979
1.020400,0.796276
1.023114,0.787574
1.025920,0.778871
1.028821,0.770169
1.031817,0.761466
1.034910,0.752764
1.038100,0.744061
1.041390,0.735359
1.044781,0.726656
1.091171,0.717954
1.094914,0.709251
1.098768,0.700549
1.102733,0.691847
1.128567,0.683144
1.132843,0.674442
1.137239,0.665739
1.141755,0.657037
1.190596,0.648334
1.195546,0.639632
5.357143,0.622227
5.169935,0.613524
5.094801,0.604822
4.997302,0.596119
4.926570,0.587417
4.834889,0.578714
4.762209,0.570012
4.696089,0.561309
4.631644,0.552607
4.560665,0.543905
4.498515,0.535202
4.428099,0.526500
4.367977,0.517797
4.309159,0.509095
4.263609,0.500392
4.206594,0.491690
4.161529,0.482987
4.106112,0.474285
4.036760,0.465582
4.007377,0.456880
3.954291,0.448177
3.910067,0.439475
3.858126,0.430772
3.813879,0.422070
3.788543,0.413367
3.795925,0.404665
3.772346,0.395962
3.728425,0.387260
3.706140,0.378558
3.688621,0.369855
3.694511,0.361153
3.674756,0.352450
3.683111,0.343748
3.692798,0.335045
3.676161,0.326343
3.733398,0.317640
3.709218,0.308938
3.735465,0.300235
3.751473,0.291533
3.796072,0.282830
3.841099,0.274128
3.859320,0.265425
3.905522,0.256723
3.952250,0.248020
3.972910,0.239318
4.021002,0.230615
4.069726,0.221913
4.093083,0.213211
4.220940,0.204508
4.245771,0.195806
4.373570,0.187103
4.450871,0.178401
4.503427,0.169698
4.631896,0.160996
4.685943,0.152293
4.716400,0.143591
4.797320,0.134888
4.865427,0.126186
4.934264,0.117483
5.008330,0.108781
5.075311,0.100078
7.784345,-0.187103
3.033522,-0.195806
3.005118,-0.204508
2.997819,-0.213211
2.908029,-0.221913
2.880798,-0.230616
2.833312,-0.239318
2.806796,-0.248021
2.801115,-0.256723
2.754726,-0.265425
2.749590,-0.274128
2.744682,-0.282830
2.739999,-0.291533
2.735540,-0.300235
2.731304,-0.308938
2.727288,-0.317640
2.723490,-0.326343
2.719911,-0.335045
2.716547,-0.343748
2.713398,-0.352450
2.710462,-0.361153
2.707739,-0.369855
2.644916,-0.378558
2.642665,-0.387260
2.580407,-0.395963
2.578607,-0.404665
2.577006,-0.413367
2.575603,-0.422070
2.534348,-0.430772
2.533355,-0.439475
2.532556,-0.448177
2.531950,-0.456880
2.531537,-0.465582
2.531317,-0.474285
2.531290,-0.482987
2.531455,-0.491690
2.531813,-0.500392
2.532364,-0.509095
2.533109,-0.517797
2.534046,-0.526500
2.535178,-0.535202
2.536504,-0.543905
2.538025,-0.552607
2.539741,-0.561310
2.541653,-0.570012
2.543762,-0.578714
2.546068,-0.587417
2.548573,-0.596119
2.551277,-0.604822
2.594544,-0.613524
2.557288,-0.622227
2.560597,-0.630929
2.564111,-0.639632
2.567829,-0.648334
2.571755,-0.657037
2.575889,-0.665739
2.580233,-0.674442
2.584789,-0.683144
2.589559,-0.691847
2.599221,-0.700549
2.609896,-0.709252
2.612776,-0.717954
2.618901,-0.726657
2.631756,-0.735359
2.667004,-0.744061
2.672227,-0.752764
2.631214,-0.761466
2.570887,-0.770169
2.486032,-0.778871
2.409197,-0.787574
2.354274,-0.796276
2.280009,-0.804979
2.228463,-0.813681
2.177561,-0.822384
2.133182,-0.831086
2.084927,-0.839789
2.024616,-0.848491
1.978489,-0.857194
1.932624,-0.865896
1.900140,-0.874599
1.855991,-0.883301
1.833798,-0.892003
1.784958,-0.900706
1.742269,-0.909408
1.718875,-0.918111
1.699495,-0.926813
1.657951,-0.935516
1.638928,-0.944218
1.598253,-0.952921
1.582133,-0.961623
1.564861,-0.970326
1.524811,-0.979028
1.512251,-0.987731
1.472737,-0.996433
1.462592,-1.005136
1.446753,-1.013838
1.449352,-1.022541
1.433600,-1.031243
1.417788,-1.039946
1.401909,-1.048648
1.362063,-1.057350
1.345898,-1.066053
1.329647,-1.074755
1.313304,-1.083458
1.296863,-1.092160
1.280318,-1.100863
1.263663,-1.109565
1.246890,-1.118268
1.229993,-1.126970
1.238236,-1.135673
1.221243,-1.144375
1.204109,-1.153078
1.186826,-1.161780
1.169386,-1.170483
1.151782,-1.179185
1.160377,-1.187888
1.142619,-1.196590
1.124674,-1.205293
1.106536,-1.213995
1.115397,-1.222697
1.097062,-1.231400
1.078508,-1.240102
1.087613,-1.248805
1.068830,-1.257507
1.071461,-1.266210
1.062290,-1.274912
1.053353,-1.283615
1.044644,-1.292317
1.036157,-1.301020
1.027883,-1.309722
1.019818,-1.318425
1.011955,-1.327127
1.004288,-1.335830
0.996812,-1.344532
0.989521,-1.353235
0.982411,-1.361937
0.975475,-1.370639
0.968710,-1.379342
0.962111,-1.388044
0.955674,-1.396747
0.949394,-1.405449
0.943267,-1.414152
0.937290,-1.422854
0.931458,-1.431557
0.925769,-1.440259
0.920218,-1.448962
0.914803,-1.457664
0.909520,-1.466367
0.904366,-1.475069
0.899339,-1.483772
0.894435,-1.492474
0.889651,-1.501177
0.884985,-1.509879
0.880435,-1.518582
0.875997,-1.527284
0.871670,-1.535986
0.867452,-1.544689
0.863339,-1.553391
0.859331,-1.562094
0.855424,-1.570796
