scan.pos:-3.155552,-4.040027,0.2852502.459380,1.562094
2.536355,1.553391
2.633881,1.544689
2.710451,1.535986
2.786874,1.527284
2.904365,1.518581
3.001017,1.509879
6.359130,1.501177
6.346745,1.492474
6.334888,1.483772
6.323557,1.475069
6.312746,1.466367
6.302451,1.457664
6.292668,1.448962
6.283393,1.440259
6.274622,1.431557
6.266353,1.422854
6.258581,1.414152
6.251304,1.405449
6.244519,1.396747
6.238223,1.388044
6.232414,1.379342
6.227090,1.370639
6.222248,1.361937
6.237944,1.353234
6.234049,1.344532
6.230634,1.335830
6.267745,1.327127
6.265268,1.318425
6.303290,1.309722
6.301760,1.301020
6.300710,1.292317
6.300141,1.283615
6.300051,1.274912
6.360445,1.266210
6.381327,1.257507
6.482736,1.248805
5.979694,0.900706
5.799184,0.892003
5.676789,0.883301
5.615946,0.874598
5.502023,0.865896
5.342363,0.857194
5.235431,0.848491
5.131190,0.839789
5.049833,0.831086
4.951559,0.822384
4.788495,0.813681
4.695076,0.804979
4.628171,0.796276
4.562056,0.787574
4.535584,0.778871
4.511689,0.770169
4.510920,0.761466
4.464227,0.752764
4.440650,0.744061
4.440537,0.735359
4.440764,0.726656
4.441334,0.717954
4.442250,0.709251
4.443516,0.700549
4.469165,0.691847
4.495456,0.683144
4.522405,0.674442
4.550027,0.665739
4.578340,0.657037
4.607360,0.648334
4.637106,0.639632
4.667596,0.630929
4.698850,0.622227
4.730888,0.613524
4.763731,0.604822
4.797402,0.596119
4.831922,0.587417
4.867316,0.578714
4.877245,0.570012
4.914262,0.561309
4.952225,0.552607
4.991162,0.543905
5.031103,0.535202
5.046750,0.526500
5.114117,0.517797
5.157255,0.509095
5.201528,0.500392
5.238323,0.491690
5.284636,0.482987
5.330708,0.474285
5.376569,0.465582
5.422255,0.456880
5.467796,0.448177
5.540073,0.439475
5.581578,0.430772
5.652607,0.422070
5.701640,0.413367
5.772600,0.404665
5.817379,0.395962
5.887926,0.387260
5.951498,0.378558
6.003028,0.369855
6.082365,0.361153
6.043235,0.352450
2.676118,0.343748
2.535784,0.335045
2.470956,0.326343
2.455851,0.317640
2.416892,0.308938
2.402657,0.300235
2.388770,0.291533
2.375222,0.282830
2.362006,0.274128
2.349115,0.265425
2.336540,0.256723
2.324275,0.248020
2.312314,0.239318
2.300649,0.230615
2.289274,0.221913
2.278185,0.213211
2.267374,0.204508
2.256836,0.195806
2.246566,0.187103
2.236559,0.178401
2.226809,0.169698
2.217312,0.160996
2.208063,0.152293
2.199058,0.143591
2.175433,0.134888
2.181761,0.126186
2.173461,0.117483
2.165389,0.108781
2.157539,0.100078
2.149910,0.091376
2.142497,0.082673
2.135297,0.073971
2.128307,0.065269
2.121523,0.056566
2.114943,0.047864
2.108564,0.039161
2.102383,0.030459
2.096397,0.021756
2.090604,0.013054
2.085001,0.004351
2.079586,-0.004351
2.074356,-0.013054
2.069310,-0.021756
2.064446,-0.030459
2.059761,-0.039161
2.055253,-0.047864
2.050920,-0.056566
2.046762,-0.065269
2.042775,-0.073971
2.038959,-0.082674
2.035312,-0.091376
2.031832,-0.100078
2.028519,-0.108781
2.025370,-0.117483
2.022385,-0.126186
2.019562,-0.134888
2.016900,-0.143591
2.014399,-0.152293
2.012057,-0.160996
2.009873,-0.169698
2.007846,-0.178401
2.005976,-0.187103
2.004263,-0.195806
2.002704,-0.204508
2.001301,-0.213211
2.000051,-0.221913
1.998955,-0.230616
1.998013,-0.239318
1.997223,-0.248021
1.996586,-0.256723
1.996101,-0.265425
1.995769,-0.274128
1.995588,-0.282830
1.995560,-0.291533
1.995683,-0.300235
1.995959,-0.308938
1.996387,-0.317640
1.996967,-0.326343
2.017721,-0.335045
2.018615,-0.343748
2.019664,-0.352450
2.020867,-0.361153
2.062359,-0.369855
2.063905,-0.378558
2.166099,-0.387260
2.168056,-0.395963
2.210453,-0.404665
2.232947,-0.413367
2.235482,-0.422070
2.500850,-0.430772
7.774528,-0.439475
7.734103,-0.448177
7.684430,-0.456880
7.655513,-0.465582
7.667792,-0.474285
7.701082,-0.482987
7.714653,-0.491690
7.728860,-0.500392
7.743712,-0.509095
7.738674,-0.517797
7.713623,-0.526500
7.730308,-0.535202
7.747656,-0.543905
7.765675,-0.552607
7.763602,-0.561310
7.782933,-0.570012
7.743392,-0.822384
7.632245,-0.831086
7.533058,-0.839789
7.428699,-0.848491
7.327110,-0.857194
7.215479,-0.865896
7.119655,-0.874599
7.050378,-0.883301
6.948485,-0.892003
6.860196,-0.900706
6.773959,-0.909408
6.705319,-0.918111
6.623621,-0.926813
6.535679,-0.935516
6.457991,-0.944218
6.381911,-0.952921
6.326569,-0.961623
6.254191,-0.970326
6.183207,-0.979028
6.139719,-0.987731
6.071527,-0.996433
6.004545,-1.005136
5.938719,-1.013838
5.873991,-1.022541
5.837503,-1.031243
5.775035,-1.039946
5.713516,-1.048648
5.680773,-1.057350
5.621245,-1.066053
5.585024,-1.074755
5.537178,-1.083458
5.490559,-1.092160
5.445129,-1.100863
5.400854,-1.109565
5.357697,-1.118268
5.315626,-1.126970
5.274609,-1.135673
5.234615,-1.144375
5.195617,-1.153078
5.157585,-1.161780
5.120492,-1.170483
5.084314,-1.179185
5.049026,-1.187888
5.014603,-1.196590
4.981023,-1.205293
4.948264,-1.213995
4.916306,-1.222697
4.885127,-1.231400
4.854708,-1.240102
4.825031,-1.248805
4.796078,-1.257507
4.767830,-1.266210
4.740273,-1.274912
4.713389,-1.283615
4.687164,-1.292317
4.661582,-1.301020
4.636628,-1.309722
4.612289,-1.318425
4.588553,-1.327127
4.565405,-1.335830
4.542834,-1.344532
4.520828,-1.353235
4.499375,-1.361937
4.478464,-1.370639
4.458084,-1.379342
4.438226,-1.388044
4.418878,-1.396747
4.400033,-1.405449
4.381679,-1.414152
4.363809,-1.422854
4.346414,-1.431557
4.329485,-1.440259
4.313015,-1.448962
4.296995,-1.457664
4.281419,-1.466367
4.266280,-1.475069
4.251569,-1.483772
4.237281,-1.492474
4.223410,-1.501177
4.209949,-1.509879
4.196891,-1.518582
4.184232,-1.527284
4.171967,-1.535986
4.160088,-1.544689
4.148592,-1.553391
4.137474,-1.562094
4.126728,-1.570796
