scan.pos:-1.972582,-3.454458,1.4352501.884705,1.562094
1.887023,1.553391
1.889490,1.544689
1.892108,1.535986
1.894878,1.527284
1.897801,1.518581
1.900878,1.509879
1.904110,1.501177
1.907499,1.492474
1.911045,1.483772
1.914751,1.475069
1.918618,1.466367
1.922647,1.457664
1.926839,1.448962
1.931198,1.440259
1.935724,1.431557
1.940420,1.422854
1.945287,1.414152
1.950327,1.405449
1.955543,1.396747
1.960936,1.388044
1.966510,1.379342
1.972265,1.370639
1.978206,1.361937
1.984334,1.353234
1.990653,1.344532
1.997164,1.335830
2.003871,1.327127
2.010777,1.318425
2.017885,1.309722
2.025198,1.301020
2.032720,1.292317
2.040454,1.283615
2.048403,1.274912
2.056572,1.266210
2.064964,1.257507
2.073584,1.248805
2.082435,1.240102
2.091522,1.231400
2.100849,1.222697
2.110421,1.213995
2.120243,1.205292
2.130320,1.196590
2.140657,1.187888
2.151259,1.179185
2.162132,1.170483
2.173282,1.161780
2.184715,1.153078
2.196437,1.144375
2.208455,1.135673
2.220775,1.126970
2.233404,1.118268
2.246350,1.109565
2.259619,1.100863
2.273221,1.092160
2.287163,1.083458
2.301452,1.074755
2.316100,1.066053
2.331113,1.057350
2.346502,1.048648
2.362277,1.039945
2.378448,1.031243
2.395025,1.022541
2.412020,1.013838
2.429444,1.005136
2.447309,0.996433
2.465629,0.987731
2.484415,0.979028
2.503682,0.970326
2.523444,0.961623
2.543715,0.952921
2.564512,0.944218
2.585850,0.935516
2.607746,0.926813
2.630218,0.918111
2.642245,0.909408
2.673096,0.900706
2.676406,0.892003
2.707785,0.883301
2.739341,0.874598
2.773839,0.865896
2.779515,0.857194
2.812446,0.848491
2.845642,0.839789
2.879128,0.831086
2.912929,0.822384
2.927049,0.813681
2.962262,0.804979
2.997868,0.796276
6.343609,0.578714
6.228839,0.570012
6.181542,0.561309
6.157025,0.552607
6.133167,0.543905
6.109957,0.535202
6.087384,0.526500
6.065437,0.517797
6.044106,0.509095
6.023382,0.500392
6.003256,0.491690
5.983717,0.482987
5.964758,0.474285
5.946370,0.465582
5.928545,0.456880
5.911276,0.448177
5.894555,0.439475
5.878374,0.430772
5.883612,0.422070
5.868438,0.413367
5.853787,0.404665
5.839653,0.395962
5.867389,0.387260
5.854178,0.378558
5.882647,0.369855
5.870350,0.361153
5.858550,0.352450
5.847242,0.343748
5.836421,0.335045
5.846474,0.326343
5.877292,0.317640
5.928779,0.308938
5.980554,0.300235
6.133943,0.291533
6.186190,0.282830
6.663142,0.274128
7.058663,0.265425
7.494106,0.256723
7.385900,0.013054
7.373675,0.004351
7.382170,-0.004351
7.350828,-0.013054
7.360440,-0.021756
7.370639,-0.030459
7.381429,-0.039161
7.392815,-0.047864
7.404801,-0.056566
7.417391,-0.065269
4.916259,-0.073971
4.729479,-0.082674
4.626299,-0.091376
4.379955,-0.100078
4.215551,-0.108781
3.832653,-0.117483
3.737907,-0.126186
3.622278,-0.134888
3.589501,-0.143591
3.577670,-0.152293
3.482500,-0.160996
3.491813,-0.169698
3.459441,-0.178401
3.448212,-0.187103
3.416059,-0.195806
3.383976,-0.204508
3.394459,-0.213211
3.383947,-0.221913
3.395016,-0.230616
3.363495,-0.239318
3.375086,-0.248021
3.387017,-0.256723
3.399292,-0.265425
3.411917,-0.274128
3.424899,-0.282830
3.438242,-0.291533
3.451953,-0.300235
3.466039,-0.308938
3.480507,-0.317640
3.495363,-0.326343
3.510616,-0.335045
3.526271,-0.343748
3.542338,-0.352450
3.558824,-0.361153
3.575738,-0.369855
3.593089,-0.378558
3.610885,-0.387260
3.629136,-0.395963
3.647851,-0.404665
3.667041,-0.413367
3.686717,-0.422070
3.683236,-0.430772
3.703783,-0.439475
3.724846,-0.448177
3.746436,-0.456880
3.768567,-0.465582
3.791252,-0.474285
3.803946,-0.482987
3.838336,-0.491690
3.862764,-0.500392
3.887803,-0.509095
3.913469,-0.517797
3.939778,-0.526500
3.966748,-0.535202
3.994395,-0.543905
4.022739,-0.552607
4.051798,-0.561310
4.081594,-0.570012
4.112147,-0.578714
4.143478,-0.587417
4.175611,-0.596119
4.208570,-0.604822
4.242379,-0.613524
4.277063,-0.622227
1.181700,-0.630929
1.179778,-0.639632
1.178128,-0.648334
1.143862,-0.657037
1.134100,-0.665739
1.124588,-0.674442
1.115318,-0.683144
1.106284,-0.691847
1.097478,-0.700549
1.088893,-0.709252
1.080523,-0.717954
1.072362,-0.726657
1.064403,-0.735359
1.056642,-0.744061
1.049073,-0.752764
1.041689,-0.761466
1.034488,-0.770169
1.027462,-0.778871
1.020609,-0.787574
1.013924,-0.796276
1.007401,-0.804979
1.001038,-0.813681
0.994830,-0.822384
0.988773,-0.831086
0.982864,-0.839789
0.977099,-0.848491
0.971475,-0.857194
0.965989,-0.865896
0.960636,-0.874599
0.955415,-0.883301
0.950323,-0.892003
0.945356,-0.900706
0.940512,-0.909408
0.935789,-0.918111
0.931183,-0.926813
0.926692,-0.935516
0.922315,-0.944218
0.918048,-0.952921
0.913890,-0.961623
0.909838,-0.970326
0.905891,-0.979028
0.902046,-0.987731
0.898302,-0.996433
0.894656,-1.005136
0.891108,-1.013838
0.887655,-1.022541
0.884296,-1.031243
0.881029,-1.039946
0.877852,-1.048648
0.874765,-1.057350
0.871766,-1.066053
0.868853,-1.074755
0.866025,-1.083458
0.863281,-1.092160
0.860620,-1.100863
0.844754,-1.109565
0.842293,-1.118268
0.839911,-1.126970
0.837605,-1.135673
0.835376,-1.144375
0.833221,-1.153078
0.831141,-1.161780
0.829134,-1.170483
0.827200,-1.179185
0.825337,-1.187888
0.823546,-1.196590
0.821824,-1.205293
0.820172,-1.213995
0.818589,-1.222697
0.817074,-1.231400
0.815627,-1.240102
0.814247,-1.248805
0.812933,-1.257507
0.811685,-1.266210
0.810503,-1.274912
0.809385,-1.283615
0.808332,-1.292317
0.807344,-1.301020
0.806419,-1.309722
0.805557,-1.318425
0.804758,-1.327127
0.804023,-1.335830
0.803349,-1.344532
0.802738,-1.353235
0.802189,-1.361937
0.801702,-1.370639
0.801276,-1.379342
0.800911,-1.388044
0.800608,-1.396747
0.800366,-1.405449
0.800186,-1.414152
0.800066,-1.422854
0.800007,-1.431557
0.800009,-1.440259
0.800072,-1.448962
0.800195,-1.457664
0.800380,-1.466367
0.800626,-1.475069
0.800933,-1.483772
0.801302,-1.492474
0.801731,-1.501177
0.802223,-1.509879
0.802776,-1.518582
0.803391,-1.527284
0.804069,-1.535986
0.804808,-1.544689
0.805611,-1.553391
0.806477,-1.562094
0.807406,-1.570796
