scan.pos:6.446297,2.439601,3.1184350.900241,1.562094
0.900458,1.553391
0.900743,1.544689
0.901096,1.535986
0.901519,1.527284
0.902011,1.518581
0.902572,1.509879
0.903203,1.501177
0.903904,1.492474
0.904674,1.483772
0.905515,1.475069
0.906427,1.466367
0.907409,1.457664
0.908463,1.448962
0.909589,1.440259
0.910787,1.431557
0.912057,1.422854
0.913401,1.414152
0.914819,1.405449
0.916311,1.396747
0.917878,1.388044
0.919520,1.379342
0.921238,1.370639
0.923034,1.361937
0.924907,1.353234
0.926858,1.344532
0.928888,1.335830
0.930999,1.327127
0.933190,1.318425
0.935463,1.309722
0.937819,1.301020
0.940258,1.292317
0.942782,1.283615
0.945392,1.274912
0.948089,1.266210
0.950873,1.257507
0.953747,1.248805
0.956712,1.240102
0.959768,1.231400
0.962918,1.222697
0.966162,1.213995
0.969502,1.205292
0.972939,1.196590
0.976476,1.187888
0.980113,1.179185
0.983853,1.170483
0.987697,1.161780
0.991647,1.153078
0.995705,1.144375
0.999872,1.135673
1.004152,1.126970
1.008545,1.118268
1.013054,1.109565
1.017682,1.100863
1.022431,1.092160
1.027302,1.083458
1.032299,1.074755
1.037425,1.066053
1.042681,1.057350
1.048071,1.048648
1.053598,1.039945
1.059265,1.031243
1.065074,1.022541
1.071030,1.013838
1.077134,1.005136
1.083392,0.996433
1.089807,0.987731
1.096382,0.979028
1.103121,0.970326
1.110029,0.961623
1.117109,0.952921
1.124366,0.944218
1.131805,0.935516
1.139431,0.926813
1.147248,0.918111
1.155261,0.909408
1.163477,0.900706
1.171900,0.892003
1.180536,0.883301
1.189392,0.874598
1.198474,0.865896
1.207788,0.857194
1.217341,0.848491
1.227141,0.839789
1.237196,0.831086
1.247512,0.822384
1.258098,0.813681
1.268963,0.804979
1.265594,0.796276
1.282700,0.787574
1.299616,0.778871
1.288927,0.770169
1.305710,0.761466
1.322325,0.752764
1.338779,0.744061
1.328510,0.735359
1.344867,0.726656
1.334907,0.717954
1.351179,0.709251
1.393117,0.700549
1.408950,0.691847
1.399231,0.683144
1.415017,0.674442
1.430700,0.665739
1.446284,0.657037
1.437001,0.648334
1.427944,0.639632
1.443576,0.630929
1.459126,0.622227
1.474599,0.613524
1.490002,0.604822
1.529234,0.596119
1.544377,0.587417
1.559468,0.578714
1.574513,0.570012
1.589515,0.561309
1.534721,0.552607
1.526876,0.543905
1.519226,0.535202
1.488862,0.526500
1.436109,0.517797
1.406654,0.509095
1.400163,0.500392
1.393838,0.491690
1.275765,0.482987
1.270245,0.474285
1.220487,0.465582
1.193336,0.456880
1.188506,0.448177
1.139961,0.439475
1.135556,0.430772
1.131271,0.422070
1.127104,0.413367
1.079858,0.404665
1.076072,0.395962
1.072394,0.387260
1.047446,0.378558
1.044048,0.369855
1.040751,0.361153
1.037553,0.352450
1.034453,0.343748
0.989351,0.335045
0.986562,0.326343
0.983864,0.317640
0.981255,0.308938
0.978734,0.300235
0.976301,0.291533
0.973953,0.282830
0.971690,0.274128
0.969512,0.265425
0.967417,0.256723
0.965404,0.248020
0.963473,0.239318
0.961622,0.230615
0.959852,0.221913
0.958161,0.213211
0.956549,0.204508
0.955014,0.195806
0.953557,0.187103
0.952177,0.178401
0.950874,0.169698
0.949646,0.160996
0.948493,0.152293
0.947415,0.143591
0.946412,0.134888
0.945482,0.126186
0.944627,0.117483
0.943845,0.108781
0.943135,0.100078
0.942499,0.091376
0.941935,0.082673
0.941443,0.073971
0.941024,0.065269
0.940677,0.056566
0.940401,0.047864
0.940197,0.039161
0.940065,0.030459
0.940004,0.021756
0.940015,0.013054
0.980102,0.004351
0.980263,-0.004351
0.980498,-0.013054
0.980809,-0.021756
0.981194,-0.030459
0.981654,-0.039161
0.982190,-0.047864
1.002858,-0.056566
1.003559,-0.065269
1.044511,-0.073971
1.045401,-0.082674
1.046373,-0.091376
1.047426,-0.100078
1.088891,-0.108781
1.090156,-0.117483
1.091506,-0.126186
1.092944,-0.134888
1.155273,-0.143591
1.278762,-0.152293
1.280746,-0.160996
1.425372,-0.169698
1.427810,-0.178401
1.430364,-0.187103
1.453510,-0.195806
1.456342,-0.204508
1.520958,-0.213211
1.627151,-0.221913
1.775209,-0.230616
1.841309,-0.239318
1.845642,-0.248021
1.912502,-0.256723
1.917318,-0.265425
1.964094,-0.274128
2.032219,-0.282830
2.100871,-0.291533
2.212207,-0.300235
2.239835,-0.308938
2.288994,-0.317640
2.338629,-0.326343
2.346100,-0.335045
5.356280,-0.343748
5.374325,-0.352450
5.392904,-0.361153
5.412026,-0.369855
5.431699,-0.378558
5.451932,-0.387260
5.472734,-0.395963
5.538014,-0.404665
5.560162,-0.413367
5.627167,-0.422070
5.650720,-0.430772
5.674904,-0.439475
5.722145,-0.448177
5.747730,-0.456880
5.773986,-0.465582
5.800927,-0.474285
5.828567,-0.482987
5.856919,-0.491690
5.885999,-0.500392
5.915823,-0.509095
5.946404,-0.517797
5.977762,-0.526500
5.986372,-0.535202
5.971867,-0.543905
6.005259,-0.552607
6.039489,-0.561310
6.074577,-0.570012
6.110543,-0.578714
6.196137,-0.587417
7.790994,-0.770169
7.724644,-0.778871
7.659992,-0.787574
7.596988,-0.796276
7.535580,-0.804979
7.475722,-0.813681
7.417368,-0.822384
7.360474,-0.831086
7.304998,-0.839789
7.250901,-0.848491
7.198143,-0.857194
7.146687,-0.865896
7.096498,-0.874599
7.047543,-0.883301
6.999787,-0.892003
6.953200,-0.900706
6.907752,-0.909408
6.863414,-0.918111
6.820157,-0.926813
6.777955,-0.935516
6.736782,-0.944218
6.696612,-0.952921
6.657423,-0.961623
6.619192,-0.970326
6.581895,-0.979028
6.545512,-0.987731
6.510022,-0.996433
6.475405,-1.005136
6.441642,-1.013838
6.408715,-1.022541
6.376606,-1.031243
6.345298,-1.039946
6.314775,-1.048648
6.285020,-1.057350
6.256018,-1.066053
6.227755,-1.074755
6.200216,-1.083458
6.173388,-1.092160
6.147257,-1.100863
6.121810,-1.109565
6.097036,-1.118268
6.072922,-1.126970
6.049457,-1.135673
6.026630,-1.144375
6.004430,-1.153078
5.982847,-1.161780
5.961870,-1.170483
5.941492,-1.179185
5.921701,-1.187888
5.902490,-1.196590
5.883850,-1.205293
5.865772,-1.213995
5.848249,-1.222697
5.831274,-1.231400
5.814838,-1.240102
5.798935,-1.248805
5.783558,-1.257507
5.768700,-1.266210
5.754356,-1.274912
5.740519,-1.283615
5.727183,-1.292317
5.714344,-1.301020
5.701994,-1.309722
5.690131,-1.318425
5.678749,-1.327127
5.667842,-1.335830
5.657408,-1.344532
5.647441,-1.353235
5.637938,-1.361937
5.628894,-1.370639
5.620307,-1.379342
5.612173,-1.388044
5.604489,-1.396747
5.597251,-1.405449
5.590457,-1.414152
5.584105,-1.422854
5.578190,-1.431557
5.572713,-1.440259
5.567670,-1.448962
5.563059,-1.457664
5.558879,-1.466367
5.555128,-1.475069
5.551804,-1.483772
5.548907,-1.492474
5.546435,-1.501177
5.544387,-1.509879
5.542762,-1.518582
5.541561,-1.527284
5.540781,-1.535986
5.540424,-1.544689
5.540489,-1.553391
5.540976,-1.562094
5.541885,-1.570796
