scan.pos:-4.811317,5.469269,2.9684357.698191,1.309722
7.534287,1.301020
7.419493,1.292317
7.265114,1.283615
7.159358,1.274912
7.014361,1.266210
6.895608,1.257507
6.780547,1.248805
6.668973,1.240102
6.565041,1.231400
6.483710,1.222697
6.382468,1.213995
6.284010,1.205292
6.188191,1.196590
6.103383,1.187888
6.013230,1.179185
5.925317,1.170483
5.839530,1.161780
5.767377,1.153078
5.686280,1.144375
5.631242,1.135673
5.553828,1.126970
5.478055,1.118268
5.419144,1.109565
5.347132,1.100863
5.301538,1.092160
5.232427,1.083458
5.182747,1.074755
5.116816,1.066053
5.052025,1.057350
5.014207,1.048648
4.946625,1.039945
4.911889,1.031243
4.851999,1.022541
4.792982,1.013838
4.758613,1.005136
4.701910,0.996433
4.673254,0.987731
4.616641,0.979028
4.590502,0.970326
4.537443,0.961623
4.513204,0.952921
4.476691,0.944218
4.438691,0.935516
4.401663,0.926813
4.365577,0.918111
4.330406,0.909408
4.296121,0.900706
4.262697,0.892003
4.230108,0.883301
4.198331,0.874598
4.167344,0.865896
4.137123,0.857194
4.107647,0.848491
4.078897,0.839789
4.050854,0.831086
4.023497,0.822384
3.996810,0.813681
3.970775,0.804979
3.945375,0.796276
3.920595,0.787574
3.896420,0.778871
3.872833,0.770169
3.849822,0.761466
3.827372,0.752764
3.805471,0.744061
3.784106,0.735359
3.763264,0.726656
3.742934,0.717954
3.723104,0.709251
3.703764,0.700549
3.684904,0.691847
3.666512,0.683144
3.648579,0.674442
3.631096,0.665739
3.614053,0.657037
3.597443,0.648334
3.581256,0.639632
3.565484,0.630929
3.550120,0.622227
3.535155,0.613524
3.520584,0.604822
3.506397,0.596119
3.492590,0.587417
3.479155,0.578714
3.466086,0.570012
3.453376,0.561309
3.441021,0.552607
3.429013,0.543905
3.417349,0.535202
3.406023,0.526500
3.395028,0.517797
3.384362,0.509095
3.374018,0.500392
3.363993,0.491690
3.354282,0.482987
3.344881,0.474285
3.335785,0.465582
3.326992,0.456880
3.318497,0.448177
3.310297,0.439475
3.302387,0.430772
3.294767,0.422070
3.287431,0.413367
3.280376,0.404665
3.273601,0.395962
3.267102,0.387260
3.260876,0.378558
3.254922,0.369855
3.249236,0.361153
3.243817,0.352450
3.238662,0.343748
3.233769,0.335045
3.229137,0.326343
3.224763,0.317640
3.220645,0.308938
3.216783,0.300235
3.213175,0.291533
3.209819,0.282830
3.206713,0.274128
3.203858,0.265425
3.201251,0.256723
3.198892,0.248020
3.196780,0.239318
3.194913,0.230615
3.193292,0.221913
3.191915,0.213211
3.190783,0.204508
3.189894,0.195806
3.189248,0.187103
3.188845,0.178401
3.188686,0.169698
3.188769,0.160996
3.189095,0.152293
3.189664,0.143591
3.190476,0.134888
3.191532,0.126186
3.192832,0.117483
3.194376,0.108781
3.196165,0.100078
3.198200,0.091376
3.200481,0.082673
3.203009,0.073971
3.205786,0.065269
3.208813,0.056566
3.212090,0.047864
3.215618,0.039161
3.219400,0.030459
3.223437,0.021756
3.227730,0.013054
3.232281,0.004351
3.237091,-0.004351
3.242163,-0.013054
3.247499,-0.021756
3.253100,-0.030459
3.258970,-0.039161
3.265110,-0.047864
3.271522,-0.056566
3.278210,-0.065269
3.285176,-0.073971
3.292423,-0.082674
3.299954,-0.091376
3.307772,-0.100078
3.315880,-0.108781
3.324282,-0.117483
3.332981,-0.126186
3.341980,-0.134888
3.351285,-0.143591
3.360898,-0.152293
3.370823,-0.160996
3.381066,-0.169698
3.391630,-0.178401
3.402521,-0.187103
3.413742,-0.195806
3.425299,-0.204508
3.437198,-0.213211
3.449443,-0.221913
3.462040,-0.230616
3.474995,-0.239318
3.488315,-0.248021
3.502004,-0.256723
3.516070,-0.265425
3.530519,-0.274128
3.545359,-0.282830
3.560597,-0.291533
3.576239,-0.300235
3.592294,-0.308938
3.608770,-0.317640
3.625676,-0.326343
3.643019,-0.335045
3.660809,-0.343748
3.679055,-0.352450
3.697767,-0.361153
3.716955,-0.369855
3.736629,-0.378558
3.756800,-0.387260
3.777479,-0.395963
3.798678,-0.404665
3.820409,-0.413367
3.842685,-0.422070
3.865517,-0.430772
3.888921,-0.439475
3.912909,-0.448177
3.937497,-0.456880
3.962700,-0.465582
3.988533,-0.474285
4.015012,-0.482987
4.034601,-0.491690
4.014920,-0.500392
3.972611,-0.509095
3.927367,-0.517797
3.890862,-0.526500
3.861495,-0.535202
3.825500,-0.543905
3.766331,-0.552607
3.740135,-0.561310
3.718905,-0.570012
3.669693,-0.578714
1.364878,-0.587417
1.305021,-0.596119
1.260127,-0.604822
1.271045,-0.613524
1.207381,-0.622227
1.197132,-0.630929
1.187145,-0.639632
1.177413,-0.648334
1.167927,-0.657037
1.158680,-0.665739
1.149666,-0.674442
1.140877,-0.683144
1.132306,-0.691847
1.123949,-0.700549
1.115798,-0.709252
1.107848,-0.717954
1.100094,-0.726657
1.092531,-0.735359
1.085153,-0.744061
1.077955,-0.752764
1.070933,-0.761466
1.064083,-0.770169
1.057400,-0.778871
1.050879,-0.787574
1.044518,-0.796276
1.038312,-0.804979
1.032257,-0.813681
1.026350,-0.822384
1.020588,-0.831086
1.014967,-0.839789
1.009484,-0.848491
1.004136,-0.857194
0.998920,-0.865896
0.993833,-0.874599
0.988872,-0.883301
0.984036,-0.892003
0.979320,-0.900706
0.974724,-0.909408
0.970244,-0.918111
0.965878,-0.926813
0.961625,-0.935516
0.957481,-0.944218
0.953445,-0.952921
0.949515,-0.961623
0.945689,-0.970326
0.941965,-0.979028
0.938341,-0.987731
0.934817,-0.996433
0.931389,-1.005136
0.928057,-1.013838
0.924818,-1.022541
0.921672,-1.031243
0.918617,-1.039946
0.915652,-1.048648
0.912775,-1.057350
0.909986,-1.066053
0.907282,-1.074755
0.904663,-1.083458
0.902127,-1.092160
0.899674,-1.100863
0.897303,-1.109565
0.895011,-1.118268
0.892800,-1.126970
0.890667,-1.135673
0.888611,-1.144375
0.886633,-1.153078
0.884730,-1.161780
0.882903,-1.170483
0.881150,-1.179185
0.879471,-1.187888
0.877865,-1.196590
0.876332,-1.205293
0.874870,-1.213995
0.873480,-1.222697
0.872160,-1.231400
0.870911,-1.240102
0.869731,-1.248805
0.868620,-1.257507
0.867579,-1.266210
0.866606,-1.274912
0.865700,-1.283615
0.864863,-1.292317
0.864093,-1.301020
0.863390,-1.309722
0.862754,-1.318425
0.862184,-1.327127
0.861680,-1.335830
0.861243,-1.344532
0.860872,-1.353235
0.860566,-1.361937
0.860327,-1.370639
0.860152,-1.379342
0.860044,-1.388044
0.860001,-1.396747
0.860023,-1.405449
0.860111,-1.414152
0.860265,-1.422854
0.860484,-1.431557
0.860768,-1.440259
0.861119,-1.448962
0.861535,-1.457664
0.862018,-1.466367
0.862567,-1.475069
0.863182,-1.483772
0.863864,-1.492474
0.864613,-1.501177
0.865429,-1.509879
0.866313,-1.518582
0.867265,-1.527284
0.868285,-1.535986
0.869373,-1.544689
0.870531,-1.553391
0.871759,-1.562094
0.873056,-1.570796
