scan.pos:-7.149824,6.113573,1.6184350.860977,1.562094
0.860651,1.553391
0.860392,1.544689
0.860198,1.535986
0.860070,1.527284
0.860007,1.518581
0.860010,1.509879
0.860078,1.501177
0.860211,1.492474
0.860411,1.483772
0.860676,1.475069
0.861006,1.466367
0.861403,1.457664
0.861866,1.448962
0.862394,1.440259
0.862990,1.431557
0.863651,1.422854
0.864380,1.414152
0.865176,1.405449
0.866039,1.396747
0.866971,1.388044
0.867970,1.379342
0.869038,1.370639
0.870175,1.361937
0.871381,1.353234
0.872658,1.344532
0.874004,1.335830
0.875422,1.327127
0.876911,1.318425
0.878472,1.309722
0.880106,1.301020
0.881813,1.292317
0.883594,1.283615
0.885450,1.274912
0.887382,1.266210
0.889390,1.257507
0.891475,1.248805
0.893638,1.240102
0.895880,1.231400
0.898202,1.222697
0.900605,1.213995
0.903089,1.205292
0.905657,1.196590
0.908308,1.187888
0.911045,1.179185
0.913868,1.170483
0.916778,1.161780
0.919778,1.153078
0.922867,1.144375
0.926049,1.135673
0.929323,1.126970
0.932692,1.118268
0.936156,1.109565
0.939719,1.100863
0.943381,1.092160
0.947143,1.083458
0.951009,1.074755
0.954980,1.066053
0.959057,1.057350
0.963242,1.048648
0.967539,1.039945
0.971948,1.031243
0.965317,1.022541
0.969906,1.013838
0.974613,1.005136
0.979441,0.996433
0.984392,0.987731
0.989470,0.979028
0.994676,0.970326
1.000014,0.961623
1.005486,0.952921
1.011096,0.944218
1.016847,0.935516
1.022742,0.926813
1.028785,0.918111
1.034978,0.909408
1.041327,0.900706
1.047834,0.892003
1.054503,0.883301
1.061340,0.874598
1.068348,0.865896
1.075531,0.857194
1.082894,0.848491
1.090443,0.839789
1.098182,0.831086
1.106116,0.822384
1.114252,0.813681
1.122594,0.804979
1.131148,0.796276
1.139922,0.787574
1.148921,0.778871
1.158152,0.770169
1.167622,0.761466
1.177338,0.752764
1.187309,0.744061
1.197542,0.735359
1.200302,0.726656
1.196762,0.717954
1.221170,0.709251
1.217941,0.700549
1.244458,0.691847
1.242052,0.683144
1.266721,0.674442
1.264661,0.665739
1.293533,0.657037
1.292347,0.648334
1.317457,0.639632
1.316665,0.630929
1.341806,0.622227
1.348291,0.613524
1.374044,0.604822
1.399773,0.596119
1.400541,0.587417
1.426433,0.578714
1.437320,0.570012
1.463997,0.561309
1.466400,0.552607
1.493361,0.543905
1.520415,0.535202
1.523671,0.526500
1.564318,0.517797
1.568896,0.509095
1.597426,0.500392
1.626157,0.491690
1.655111,0.482987
1.677742,0.474285
1.685022,0.465582
1.715760,0.456880
1.746838,0.448177
1.778285,0.439475
1.810132,0.430772
1.841139,0.422070
1.874844,0.413367
1.909081,0.404665
1.943889,0.395962
1.979315,0.387260
2.015404,0.378558
2.030276,0.369855
2.052091,0.361153
2.048300,0.352450
2.024073,0.343748
2.022914,0.335045
2.023124,0.326343
2.003317,0.317640
1.998907,0.308938
2.005296,0.300235
1.992203,0.291533
1.976714,0.282830
1.970790,0.274128
1.965051,0.265425
1.959494,0.256723
1.954116,0.248020
1.948916,0.239318
1.943891,0.230615
1.939040,0.221913
1.934359,0.213211
1.929848,0.204508
1.925503,0.195806
1.921325,0.187103
1.917310,0.178401
1.913457,0.169698
1.909765,0.160996
1.906232,0.152293
1.902857,0.143591
1.899638,0.134888
1.896574,0.126186
1.893664,0.117483
1.890907,0.108781
1.888301,0.100078
1.885846,0.091376
1.883541,0.082673
1.881384,0.073971
1.879375,0.065269
1.877513,0.056566
1.875798,0.047864
1.874228,0.039161
1.872804,0.030459
1.871524,0.021756
1.870388,0.013054
1.869396,0.004351
1.868547,-0.004351
1.867841,-0.013054
1.867278,-0.021756
1.866857,-0.030459
1.866578,-0.039161
1.866442,-0.047864
1.866448,-0.056566
1.866596,-0.065269
1.866886,-0.073971
1.867318,-0.082674
1.867893,-0.091376
1.868611,-0.100078
1.869472,-0.108781
1.870476,-0.117483
1.871623,-0.126186
1.872915,-0.134888
1.874351,-0.143591
1.875933,-0.152293
1.877660,-0.160996
1.879534,-0.169698
1.881555,-0.178401
1.883724,-0.187103
1.886042,-0.195806
1.888509,-0.204508
1.891127,-0.213211
1.893897,-0.221913
1.896820,-0.230616
1.899896,-0.239318
1.903128,-0.248021
1.906516,-0.256723
1.910062,-0.265425
1.913767,-0.274128
1.917633,-0.282830
1.921661,-0.291533
1.925853,-0.300235
1.930211,-0.308938
1.934736,-0.317640
1.939431,-0.326343
1.944296,-0.335045
1.949336,-0.343748
1.954550,-0.352450
1.959942,-0.361153
1.965514,-0.369855
1.971269,-0.378558
1.977208,-0.387260
1.983334,-0.395963
1.989651,-0.404665
1.996160,-0.413367
2.002866,-0.422070
2.009770,-0.430772
2.016876,-0.439475
2.024187,-0.448177
2.031706,-0.456880
2.039438,-0.465582
2.047385,-0.474285
2.055551,-0.482987
2.063941,-0.491690
2.091119,-0.500392
2.091510,-0.509095
2.093141,-0.517797
2.118469,-0.526500
2.124836,-0.535202
2.130953,-0.543905
2.138140,-0.552607
2.146370,-0.561310
2.155618,-0.570012
2.165862,-0.578714
2.184542,-0.587417
2.197528,-0.596119
2.211445,-0.604822
2.013397,-0.613524
1.956596,-0.622227
1.935160,-0.630929
1.831213,-0.639632
1.799281,-0.648334
1.791924,-0.657037
1.687083,-0.665739
1.680105,-0.674442
1.664590,-0.683144
1.634116,-0.691847
1.628878,-0.700549
1.598760,-0.709252
1.594182,-0.717954
1.547374,-0.726657
1.554625,-0.735359
1.525542,-0.744061
1.522661,-0.752764
1.489517,-0.761466
1.487665,-0.770169
1.459344,-0.778871
1.457973,-0.787574
1.429694,-0.796276
1.427061,-0.804979
1.426963,-0.813681
1.399260,-0.822384
1.399572,-0.831086
1.393261,-0.839789
1.381372,-0.848491
1.369788,-0.857194
1.358500,-0.865896
1.347497,-0.874599
1.336772,-0.883301
1.379915,-0.892003
1.369310,-0.900706
1.358969,-0.909408
1.348885,-0.918111
1.339051,-0.926813
1.329460,-0.935516
1.345742,-0.944218
1.361900,-0.952921
1.377940,-0.961623
1.368751,-0.970326
1.359786,-0.979028
1.351040,-0.987731
1.342507,-0.996433
1.334183,-1.005136
1.326061,-1.013838
1.318138,-1.022541
1.310408,-1.031243
1.302866,-1.039946
1.295509,-1.048648
1.288332,-1.057350
1.281332,-1.066053
1.297892,-1.074755
1.314377,-1.083458
1.307644,-1.092160
1.301077,-1.100863
1.294674,-1.109565
1.288432,-1.118268
1.282347,-1.126970
1.276415,-1.135673
1.293128,-1.144375
1.287396,-1.153078
1.304107,-1.161780
1.298573,-1.170483
1.315293,-1.179185
1.309957,-1.187888
1.304762,-1.196590
1.299708,-1.205293
1.294790,-1.213995
1.333375,-1.222697
1.328569,-1.231400
1.323898,-1.240102
1.305112,-1.248805
1.301220,-1.257507
1.312685,-1.266210
1.310626,-1.274912
1.308783,-1.283615
1.306094,-1.292317
1.306537,-1.301020
1.307307,-1.309722
1.334065,-1.318425
1.337614,-1.327127
1.341670,-1.335830
1.336932,-1.344532
1.344681,-1.353235
1.353221,-1.361937
1.361457,-1.370639
1.374890,-1.379342
1.369037,-1.388044
1.373413,-1.396747
1.394948,-1.405449
1.438961,-1.414152
1.437342,-1.422854
1.475623,-1.431557
1.473243,-1.440259
1.470982,-1.448962
1.529627,-1.457664
1.527519,-1.466367
1.525533,-1.475069
1.523668,-1.483772
1.683206,-1.492474
1.782102,-1.501177
1.860812,-1.509879
2.200819,-1.518582
2.319479,-1.527284
2.518399,-1.535986
2.717224,-1.544689
3.256721,-1.553391
