scan.pos:3.563452,6.926380,-2.9147503.968036,1.562094
3.960210,1.553391
3.932269,1.544689
3.863911,1.535986
3.816463,1.527284
3.769466,1.518581
3.763524,1.509879
3.737608,1.501177
3.732302,1.492474
3.727293,1.483772
3.722582,1.475069
3.718165,1.466367
3.714041,1.457664
3.710209,1.448962
3.706666,1.440259
3.703412,1.431557
3.720521,1.422854
3.717826,1.414152
3.715418,1.405449
3.713295,1.396747
3.751512,1.388044
3.749941,1.379342
3.788682,1.370639
3.807680,1.361937
3.846963,1.353234
3.906527,1.344532
4.006380,1.335830
4.066537,1.327127
4.127012,1.318425
4.167814,1.309722
4.228964,1.301020
4.270454,1.292317
4.332329,1.283615
4.394590,1.274912
4.457253,1.266210
4.500271,1.257507
4.764532,1.248805
4.828633,1.240102
4.933432,1.231400
5.038799,1.222697
5.064158,1.213995
5.130304,1.205292
5.176796,1.196590
5.183353,1.187888
5.251070,1.179185
5.299098,1.170483
5.307052,1.161780
5.315436,1.153078
5.324253,1.144375
5.333505,1.135673
5.343197,1.126970
5.353333,1.118268
5.363917,1.109565
5.333817,1.100863
5.345221,1.092160
5.357083,1.083458
5.369408,1.074755
5.382200,1.066053
5.395466,1.057350
5.409210,1.048648
5.423438,1.039945
5.438157,1.031243
5.453372,1.022541
5.469090,1.013838
5.485318,1.005136
5.502062,0.996433
5.519331,0.987731
5.537132,0.979028
5.555472,0.970326
5.552864,0.961623
5.572233,0.952921
5.592165,0.944218
5.612670,0.935516
5.633756,0.926813
5.655433,0.918111
5.677712,0.909408
5.700603,0.900706
5.724117,0.892003
5.748265,0.883301
5.750711,0.874598
5.753618,0.865896
5.779539,0.857194
5.806139,0.848491
5.833432,0.839789
5.861431,0.831086
5.890150,0.822384
5.919605,0.813681
5.949812,0.804979
5.980786,0.796276
6.012545,0.787574
6.045106,0.778871
6.078487,0.770169
6.112707,0.761466
6.291694,0.752764
6.328492,0.744061
6.366210,0.735359
6.404872,0.726656
3.634924,0.717954
3.592557,0.709251
3.550893,0.700549
3.509894,0.691847
3.469525,0.683144
3.429749,0.674442
3.390534,0.665739
3.351847,0.657037
3.313656,0.648334
3.275930,0.639632
3.264944,0.630929
3.228261,0.622227
3.191962,0.613524
3.130594,0.604822
3.120409,0.596119
3.112450,0.587417
3.105221,0.578714
3.098713,0.570012
3.064880,0.561309
3.059554,0.552607
3.033079,0.543905
3.063010,0.535202
3.037531,0.526500
3.012699,0.517797
2.988496,0.509095
2.964903,0.500392
2.968604,0.491690
2.945974,0.482987
2.923907,0.474285
2.902388,0.465582
2.881401,0.456880
2.860932,0.448177
2.840966,0.439475
2.821490,0.430772
2.802492,0.422070
2.783958,0.413367
2.765877,0.404665
2.738022,0.395962
2.731028,0.387260
2.714238,0.378558
2.697858,0.369855
2.681877,0.361153
2.666286,0.352450
2.651076,0.343748
2.636238,0.335045
2.598181,0.326343
2.584190,0.317640
2.523879,0.308938
2.510811,0.300235
2.498067,0.291533
2.485639,0.282830
2.473523,0.274128
2.461710,0.265425
2.450195,0.256723
2.438973,0.248020
2.428037,0.239318
2.417382,0.230615
2.407002,0.221913
2.396893,0.213211
2.387049,0.204508
2.421423,0.195806
2.411924,0.187103
2.402682,0.178401
2.415419,0.169698
2.406597,0.160996
2.419592,0.152293
2.432679,0.143591
2.424438,0.134888
2.437789,0.126186
2.451237,0.117483
2.507220,0.108781
2.499592,0.100078
2.588238,0.091376
2.611213,0.082673
2.634431,0.073971
2.650659,0.065269
2.677452,0.056566
2.701626,0.047864
2.687620,0.039161
2.780971,0.030459
2.816043,0.021756
2.896725,0.013054
2.944782,0.004351
2.935787,-0.004351
3.036140,-0.013054
3.061558,-0.021756
3.095022,-0.030459
3.239447,-0.039161
3.318998,-0.047864
3.553157,-0.056566
3.738631,-0.065269
3.940361,-0.073971
4.128772,-0.082674
7.045142,-0.152293
7.020529,-0.160996
6.936368,-0.169698
6.872853,-0.178401
6.849957,-0.187103
6.807587,-0.195806
6.805775,-0.204508
6.804482,-0.213211
6.803708,-0.221913
6.803452,-0.230616
6.743711,-0.239318
6.684476,-0.248021
6.685751,-0.256723
6.647513,-0.265425
6.649796,-0.274128
6.652586,-0.282830
6.655887,-0.291533
6.659698,-0.300235
6.664021,-0.308938
6.668858,-0.317640
6.714396,-0.326343
6.680081,-0.335045
6.686471,-0.343748
6.693384,-0.352450
6.715881,-0.361153
6.719003,-0.369855
6.773984,-0.378558
6.680220,-0.387260
6.310226,-0.395963
6.024133,-0.404665
5.757860,-0.413367
5.465006,-0.422070
5.255660,-0.430772
5.018060,-0.439475
4.832381,-0.448177
4.656499,-0.456880
4.468733,-0.465582
4.329628,-0.474285
4.159376,-0.482987
4.036444,-0.491690
3.919003,-0.500392
3.785717,-0.509095
3.677678,-0.517797
3.588980,-0.526500
3.469883,-0.535202
3.374985,-0.543905
3.304175,-0.552607
3.215081,-0.561310
3.132246,-0.570012
3.049610,-0.578714
2.969024,-0.587417
2.911744,-0.596119
2.856339,-0.604822
2.781105,-0.613524
2.720024,-0.622227
2.670641,-0.630929
2.622617,-0.639632
2.575860,-0.648334
2.508304,-0.657037
2.460558,-0.665739
2.418072,-0.674442
2.376515,-0.683144
2.335826,-0.691847
2.295949,-0.700549
2.258615,-0.709252
2.221122,-0.717954
2.184267,-0.726657
2.148009,-0.735359
2.112306,-0.744061
2.083313,-0.752764
2.049438,-0.761466
2.015994,-0.770169
2.006407,-0.778871
1.983289,-0.787574
1.951864,-0.796276
1.920743,-0.804979
1.889902,-0.813681
1.859316,-0.822384
1.842190,-0.831086
1.812776,-0.839789
1.808108,-0.848491
1.779184,-0.857194
1.766541,-0.865896
1.738593,-0.874599
1.710740,-0.883301
1.682966,-0.892003
1.674237,-0.900706
1.647269,-0.909408
1.646243,-0.918111
1.614485,-0.926813
1.614539,-0.935516
1.588458,-0.944218
1.562336,-0.952921
1.560096,-0.961623
1.534556,-0.970326
1.536276,-0.979028
1.509289,-0.987731
1.511966,-0.996433
1.486943,-1.005136
1.489969,-1.013838
1.477136,-1.022541
1.464633,-1.031243
1.452450,-1.039946
1.440576,-1.048648
1.429003,-1.057350
1.417721,-1.066053
1.406723,-1.074755
1.395999,-1.083458
1.385543,-1.092160
1.375345,-1.100863
1.365400,-1.109565
1.355700,-1.118268
1.346239,-1.126970
1.337011,-1.135673
1.328008,-1.144375
1.319225,-1.153078
1.310657,-1.161780
1.302298,-1.170483
1.294143,-1.179185
1.286187,-1.187888
1.278425,-1.196590
1.270852,-1.205293
1.263464,-1.213995
1.256257,-1.222697
1.249226,-1.231400
1.242367,-1.240102
1.235677,-1.248805
1.229151,-1.257507
1.222787,-1.266210
1.216580,-1.274912
1.210528,-1.283615
1.204627,-1.292317
1.198874,-1.301020
1.193267,-1.309722
1.187801,-1.318425
1.182475,-1.327127
1.177286,-1.335830
1.179329,-1.344532
1.174376,-1.353235
1.169553,-1.361937
1.164858,-1.370639
1.160289,-1.379342
1.155842,-1.388044
1.151518,-1.396747
1.147312,-1.405449
1.143224,-1.414152
1.139251,-1.422854
1.135392,-1.431557
1.131645,-1.440259
1.128008,-1.448962
1.124480,-1.457664
1.121059,-1.466367
1.117743,-1.475069
1.114532,-1.483772
1.111423,-1.492474
1.108416,-1.501177
1.105509,-1.509879
1.102702,-1.518582
1.099991,-1.527284
1.097378,-1.535986
1.094860,-1.544689
1.092437,-1.553391
1.090107,-1.562094
1.087870,-1.570796
