scan.pos:-2.024655,-3.108886,1.7352502.002361,1.562094
1.979296,1.553391
1.976663,1.544689
1.933802,1.535986
1.931530,1.527284
1.929410,1.518581
1.826810,1.509879
1.825086,1.501177
1.823505,1.492474
1.822065,1.483772
1.820766,1.475069
1.819607,1.466367
1.818588,1.457664
1.817709,1.448962
1.816969,1.440259
1.816367,1.431557
1.815904,1.422854
1.815580,1.414152
1.815394,1.405449
1.815347,1.396747
1.815437,1.388044
1.815666,1.379342
1.816033,1.370639
1.816539,1.361937
1.817183,1.353234
1.817967,1.344532
1.818889,1.335830
1.819952,1.327127
1.821154,1.318425
1.822497,1.309722
1.823980,1.301020
1.825606,1.292317
1.827373,1.283615
1.829283,1.274912
1.831337,1.266210
1.833536,1.257507
1.835879,1.248805
1.838369,1.240102
1.841006,1.231400
1.843791,1.222697
1.846725,1.213995
1.849810,1.205292
1.853047,1.196590
1.856436,1.187888
1.859980,1.179185
1.863680,1.170483
1.867536,1.161780
1.871552,1.153078
1.875728,1.144375
1.880066,1.135673
1.884569,1.126970
1.889237,1.118268
1.894073,1.109565
1.899078,1.100863
1.904256,1.092160
1.909608,1.083458
1.915136,1.074755
1.920843,1.066053
1.926731,1.057350
1.932803,1.048648
1.939062,1.039945
1.945510,1.031243
1.952150,1.022541
1.958985,1.013838
1.966018,1.005136
1.973253,0.996433
1.980693,0.987731
1.988342,0.979028
1.996202,0.970326
2.004277,0.961623
2.012573,0.952921
2.021091,0.944218
2.029838,0.935516
2.038816,0.926813
2.048031,0.918111
2.057487,0.909408
2.067189,0.900706
2.077141,0.892003
2.087350,0.883301
2.097820,0.874598
2.108557,0.865896
2.119566,0.857194
2.130855,0.848491
2.142428,0.839789
2.154293,0.831086
2.166456,0.822384
2.178923,0.813681
2.191703,0.804979
2.204803,0.796276
2.218230,0.787574
2.231992,0.778871
2.246099,0.770169
2.260558,0.761466
2.275379,0.752764
2.290572,0.744061
2.306145,0.735359
2.322109,0.726656
2.338476,0.717954
2.355255,0.709251
2.372459,0.700549
2.390100,0.691847
2.408189,0.683144
2.426741,0.674442
2.445768,0.665739
2.465286,0.657037
2.485308,0.648334
2.505850,0.639632
2.526929,0.630929
2.548562,0.622227
2.566404,0.613524
2.589056,0.604822
2.612881,0.596119
2.636260,0.587417
2.659779,0.578714
2.686007,0.570012
2.710352,0.561309
2.871803,0.552607
2.896033,0.543905
6.088791,0.300235
5.995158,0.291533
5.880551,0.282830
5.833791,0.274128
5.809914,0.265425
5.786670,0.256723
5.764048,0.248020
5.742039,0.239318
5.720630,0.230615
5.699813,0.221913
5.679578,0.213211
5.659916,0.204508
5.640818,0.195806
5.622274,0.187103
5.604278,0.178401
5.586821,0.169698
5.569894,0.160996
5.553492,0.152293
5.537606,0.143591
5.522231,0.134888
5.528264,0.126186
5.513834,0.117483
5.499897,0.108781
5.527942,0.100078
5.514875,0.091376
5.543591,0.082673
5.531387,0.073971
5.519657,0.065269
5.508395,0.056566
5.497597,0.047864
5.487258,0.039161
5.497778,0.030459
5.529048,0.021756
5.540298,0.013054
5.572237,0.004351
5.726144,-0.004351
5.778816,-0.013054
6.114836,-0.021756
6.490839,-0.030459
6.947100,-0.039161
7.443146,-0.047864
7.365005,-0.291533
7.050455,-0.300235
7.038718,-0.308938
7.047715,-0.317640
7.016766,-0.326343
7.026830,-0.335045
7.037460,-0.343748
7.048661,-0.352450
7.060435,-0.361153
7.072788,-0.369855
7.085725,-0.378558
7.099252,-0.387260
4.670201,-0.395963
4.494493,-0.404665
4.403488,-0.413367
4.282925,-0.422070
4.064373,-0.430772
3.933401,-0.439475
3.817901,-0.448177
3.514988,-0.456880
3.419665,-0.465582
3.324090,-0.474285
3.270317,-0.482987
3.258685,-0.491690
3.226071,-0.500392
3.172279,-0.509095
3.182276,-0.517797
3.171218,-0.526500
3.138895,-0.535202
3.106593,-0.543905
3.117471,-0.552607
3.085344,-0.561310
3.096698,-0.570012
3.086552,-0.578714
3.098470,-0.587417
3.066734,-0.596119
3.079141,-0.604822
3.091884,-0.613524
3.104972,-0.622227
3.118409,-0.630929
3.132202,-0.639632
3.146358,-0.648334
3.160885,-0.657037
3.175790,-0.665739
3.191080,-0.674442
3.186295,-0.683144
3.222848,-0.691847
3.239343,-0.700549
3.256258,-0.709252
3.273600,-0.717954
3.291379,-0.726657
3.309607,-0.735359
3.328292,-0.744061
3.347446,-0.752764
3.367080,-0.761466
3.387205,-0.770169
3.407832,-0.778871
3.428976,-0.787574
3.450647,-0.796276
3.447956,-0.804979
3.470562,-0.813681
3.493734,-0.822384
3.517488,-0.831086
3.541838,-0.839789
3.566801,-0.848491
3.592394,-0.857194
3.618635,-0.865896
3.645541,-0.874599
3.673133,-0.883301
3.701429,-0.892003
3.730451,-0.900706
3.760220,-0.909408
3.790759,-0.918111
3.822092,-0.926813
3.854243,-0.935516
3.887238,-0.944218
3.916207,-0.952921
3.947375,-0.961623
3.977904,-0.970326
4.009449,-0.979028
4.041465,-0.987731
4.070298,-0.996433
4.127768,-1.005136
4.156562,-1.013838
4.211380,-1.022541
4.243672,-1.031243
4.297571,-1.039946
4.330413,-1.048648
4.383504,-1.057350
4.442532,-1.066053
4.501934,-1.074755
4.528841,-1.083458
4.588741,-1.092160
4.615450,-1.100863
4.592496,-1.109565
4.579864,-1.118268
4.617520,-1.126970
4.631865,-1.135673
4.647470,-1.144375
4.640406,-1.153078
4.706421,-1.161780
1.208363,-1.170483
1.154620,-1.179185
1.124983,-1.187888
1.072432,-1.196590
1.066896,-1.205293
1.015345,-1.213995
1.010309,-1.222697
1.005399,-1.231400
1.000612,-1.240102
0.995946,-1.248805
0.968867,-1.257507
0.964537,-1.266210
0.960318,-1.274912
0.956208,-1.283615
0.952205,-1.292317
0.948308,-1.301020
0.944514,-1.309722
0.940821,-1.318425
0.937229,-1.327127
0.933735,-1.335830
0.930337,-1.344532
0.927034,-1.353235
0.923825,-1.361937
0.920707,-1.370639
0.917681,-1.379342
0.914743,-1.388044
0.911894,-1.396747
0.909131,-1.405449
0.906454,-1.414152
0.903861,-1.422854
0.901351,-1.431557
0.898924,-1.440259
0.896578,-1.448962
0.894311,-1.457664
0.892124,-1.466367
0.890016,-1.475069
0.887984,-1.483772
0.886030,-1.492474
0.884151,-1.501177
0.882347,-1.509879
0.880617,-1.518582
0.878961,-1.527284
0.877378,-1.535986
0.875867,-1.544689
0.874428,-1.553391
0.873059,-1.562094
0.871762,-1.570796
