scan.pos:-0.076857,7.103614,0.3852500.949602,1.562094
0.946289,1.553391
0.943071,1.544689
0.939946,1.535986
0.936913,1.527284
0.933970,1.518581
0.931117,1.509879
0.928351,1.501177
0.925672,1.492474
0.923078,1.483772
0.920569,1.475069
0.918143,1.466367
0.915800,1.457664
0.913538,1.448962
0.911356,1.440259
0.909253,1.431557
0.907230,1.422854
0.905284,1.414152
0.903415,1.405449
0.901622,1.396747
0.899905,1.388044
0.898262,1.379342
0.896694,1.370639
0.895199,1.361937
0.893777,1.353234
0.892428,1.344532
0.891150,1.335830
0.889944,1.327127
0.888809,1.318425
0.887744,1.309722
0.886748,1.301020
0.885823,1.292317
0.884967,1.283615
0.884180,1.274912
0.883461,1.266210
0.882811,1.257507
0.882228,1.248805
0.881714,1.240102
0.881267,1.231400
0.880888,1.222697
0.880576,1.213995
0.880332,1.205292
0.880154,1.196590
0.880044,1.187888
0.880001,1.179185
0.880024,1.170483
0.880115,1.161780
0.880273,1.153078
0.880498,1.144375
0.880790,1.135673
0.881149,1.126970
0.881576,1.118268
0.882071,1.109565
0.882633,1.100863
0.883263,1.092160
0.883962,1.083458
0.884729,1.074755
0.885565,1.066053
0.886470,1.057350
0.887445,1.048648
0.888489,1.039945
0.889604,1.031243
0.890790,1.022541
0.892047,1.013838
0.893375,1.005136
0.894776,0.996433
0.896249,0.987731
0.897796,0.979028
0.899416,0.970326
0.901111,0.961623
0.902882,0.952921
0.904729,0.944218
0.906652,0.935516
0.908653,0.926813
0.910732,0.918111
0.912890,0.909408
0.915129,0.900706
0.917449,0.892003
0.919850,0.883301
0.922335,0.874598
0.924904,0.865896
0.927557,0.857194
0.930298,0.848491
0.933125,0.839789
0.936042,0.831086
0.939048,0.822384
0.942146,0.813681
0.945337,0.804979
0.948622,0.796276
0.952002,0.787574
0.955480,0.778871
0.959056,0.770169
0.962733,0.761466
0.966512,0.752764
0.970395,0.744061
0.974384,0.735359
0.978481,0.726656
0.982687,0.717954
0.987005,0.709251
0.991438,0.700549
0.995986,0.691847
1.000653,0.683144
1.005440,0.674442
1.010351,0.665739
1.015388,0.657037
1.020554,0.648334
1.025851,0.639632
1.031282,0.630929
1.036850,0.622227
1.042559,0.613524
1.048411,0.604822
1.054410,0.596119
1.060559,0.587417
1.066862,0.578714
1.073322,0.570012
1.079944,0.561309
1.086732,0.552607
1.093689,0.543905
1.100821,0.535202
1.108130,0.526500
1.115623,0.517797
1.123305,0.509095
1.131179,0.500392
1.139252,0.491690
1.147529,0.482987
1.156016,0.474285
1.164719,0.465582
1.173644,0.456880
1.182797,0.448177
1.192186,0.439475
1.201817,0.430772
1.211699,0.422070
1.221838,0.413367
1.232242,0.404665
1.242921,0.395962
1.235340,0.387260
1.252694,0.378558
1.269851,0.369855
1.286822,0.361153
1.276457,0.352450
1.293296,0.343748
1.309970,0.335045
1.326487,0.326343
1.342855,0.317640
1.359082,0.308938
1.375174,0.300235
1.391141,0.291533
1.382105,0.282830
1.398482,0.274128
1.422319,0.265425
1.439036,0.256723
1.464330,0.248020
1.481445,0.239318
1.483699,0.230615
1.501426,0.221913
1.530066,0.213211
1.548316,0.204508
1.566553,0.195806
1.597566,0.187103
1.616434,0.178401
1.625788,0.169698
1.645506,0.160996
1.680682,0.152293
1.701221,0.143591
1.721858,0.134888
1.760134,0.126186
1.781754,0.117483
1.822576,0.108781
1.845320,0.100078
1.868279,0.091376
1.912954,0.082673
1.937264,0.073971
1.985115,0.065269
2.010975,0.056566
2.037219,0.047864
2.089976,0.039161
2.118100,0.030459
2.174928,0.021756
2.226965,0.013054
2.257824,0.004351
2.299430,-0.004351
2.354550,-0.013054
2.410375,-0.021756
2.459805,-0.030459
2.518827,-0.039161
2.578854,-0.047864
2.658864,-0.056566
2.722916,-0.065269
2.788384,-0.073971
2.879687,-0.082674
2.950406,-0.091376
3.043978,-0.100078
3.149429,-0.108781
3.229046,-0.117483
3.332194,-0.126186
3.455859,-0.134888
3.568309,-0.143591
3.705310,-0.152293
3.832442,-0.160996
3.982410,-0.169698
4.158696,-0.178401
4.318772,-0.187103
4.534214,-0.195806
4.738307,-0.204508
4.985955,-0.213211
5.218690,-0.221913
5.486523,-0.230616
5.845267,-0.239318
6.179770,-0.248021
6.600709,-0.256723
7.054167,-0.265425
7.617865,-0.274128
1.706663,-1.031243
1.687285,-1.039946
1.610007,-1.048648
1.590792,-1.057350
1.591122,-1.066053
1.572520,-1.074755
1.444452,-1.083458
1.372911,-1.092160
1.375827,-1.100863
1.356914,-1.109565
1.334816,-1.118268
1.316123,-1.126970
1.322535,-1.135673
1.302682,-1.144375
1.256936,-1.153078
1.237971,-1.161780
1.248111,-1.170483
1.235340,-1.179185
1.224856,-1.187888
1.159429,-1.196590
1.149926,-1.205293
1.140663,-1.213995
1.131634,-1.222697
1.122832,-1.231400
1.114249,-1.240102
1.105881,-1.248805
1.097720,-1.257507
1.089761,-1.266210
1.030475,-1.274912
1.023264,-1.283615
1.016230,-1.292317
1.009368,-1.301020
1.002675,-1.309722
0.996145,-1.318425
0.989774,-1.327127
0.983559,-1.335830
0.977495,-1.344532
0.971579,-1.353235
0.965807,-1.361937
0.960177,-1.370639
0.954683,-1.379342
0.949325,-1.388044
0.944097,-1.396747
0.938998,-1.405449
0.934024,-1.414152
0.929174,-1.422854
0.924443,-1.431557
0.919830,-1.440259
0.915332,-1.448962
0.910947,-1.457664
0.906673,-1.466367
0.902507,-1.475069
0.898447,-1.483772
0.894491,-1.492474
0.890637,-1.501177
0.886884,-1.509879
0.883229,-1.518582
0.879671,-1.527284
0.876208,-1.535986
0.872838,-1.544689
0.869561,-1.553391
0.866373,-1.562094
0.863274,-1.570796
