scan.pos:-2.040052,-3.593472,1.0852502.035172,1.562094
2.044666,1.553391
2.054405,1.544689
2.064396,1.535986
2.074642,1.527284
2.085151,1.518581
2.095927,1.509879
2.106977,1.501177
2.118306,1.492474
2.129920,1.483772
2.141826,1.475069
2.154032,1.466367
2.166543,1.457664
2.179367,1.448962
2.192512,1.440259
2.205985,1.431557
2.219795,1.422854
2.233950,1.414152
2.248459,1.405449
2.263332,1.396747
2.278577,1.388044
2.294205,1.379342
2.310226,1.370639
2.326651,1.361937
2.343490,1.353234
2.360756,1.344532
2.378461,1.335830
2.396618,1.327127
2.415239,1.318425
2.434339,1.309722
2.453931,1.301020
2.474031,1.292317
2.494655,1.283615
2.515819,1.274912
2.537540,1.266210
2.544366,1.257507
2.570940,1.248805
2.597628,1.240102
2.626247,1.231400
2.653712,1.222697
2.654358,1.213995
2.685689,1.205292
2.714430,1.196590
2.743395,1.187888
2.772606,1.179185
2.807420,1.170483
2.837705,1.161780
2.868305,1.153078
2.899242,1.144375
2.937990,1.135673
2.970218,1.126970
3.002863,1.118268
3.035954,1.109565
3.054563,1.100863
6.441927,0.909408
6.328747,0.900706
6.282446,0.892003
6.258732,0.883301
6.235669,0.874598
6.213247,0.865896
6.191455,0.857194
6.170284,0.848491
6.149724,0.839789
6.129766,0.831086
6.110400,0.822384
6.091619,0.813681
6.073414,0.804979
6.055778,0.796276
6.038702,0.787574
6.022180,0.778871
6.006204,0.770169
5.990767,0.761466
5.975863,0.752764
5.982210,0.744061
5.968306,0.735359
5.996176,0.726656
5.983211,0.717954
5.970756,0.709251
5.999805,0.700549
5.988276,0.691847
5.977244,0.683144
5.966707,0.674442
5.956660,0.665739
5.967419,0.657037
5.998887,0.648334
6.050976,0.639632
6.103380,0.630929
6.257136,0.622227
6.612792,0.613524
7.048749,0.604822
7.524557,0.596119
7.728151,0.361153
7.534876,0.352450
7.523432,0.343748
7.532746,0.335045
7.502181,0.326343
7.512639,0.317640
7.523700,0.308938
7.535369,0.300235
7.547649,0.291533
7.560546,0.282830
7.574066,0.274128
5.009195,0.265425
4.890396,0.256723
4.739906,0.248020
4.493331,0.239318
4.327939,0.230615
3.944691,0.221913
3.850286,0.213211
3.734936,0.204508
3.744337,0.195806
3.691390,0.187103
3.638445,0.178401
3.648513,0.169698
3.595712,0.160996
3.564010,0.152293
3.553585,0.143591
3.543367,0.134888
3.533355,0.126186
3.544945,0.117483
3.513945,0.108781
3.526088,0.100078
3.538587,0.091376
3.551445,0.082673
3.564670,0.073971
3.578267,0.065269
3.592242,0.056566
3.606603,0.047864
3.621357,0.039161
3.636509,0.030459
3.652068,0.021756
3.668042,0.013054
3.684437,0.004351
3.701263,-0.004351
3.718528,-0.013054
3.736240,-0.021756
3.754410,-0.030459
3.773045,-0.039161
3.792157,-0.047864
3.811755,-0.056566
3.831850,-0.065269
3.852453,-0.073971
3.849909,-0.082674
3.871430,-0.091376
3.893492,-0.100078
3.916106,-0.108781
3.939286,-0.117483
3.962386,-0.126186
3.987399,-0.134888
4.012361,-0.143591
4.037947,-0.152293
4.064173,-0.160996
4.091056,-0.169698
4.118612,-0.178401
4.146860,-0.187103
4.175818,-0.195806
4.205507,-0.204508
4.235945,-0.213211
4.267154,-0.221913
4.299157,-0.230616
4.331975,-0.239318
1.327719,-0.248021
1.327175,-0.256723
1.272403,-0.265425
1.272021,-0.274128
1.270763,-0.282830
1.243503,-0.291533
1.244245,-0.300235
1.237694,-0.308938
1.227151,-0.317640
1.216878,-0.326343
1.206866,-0.335045
1.197109,-0.343748
1.187597,-0.352450
1.178325,-0.361153
1.169284,-0.369855
1.160469,-0.378558
1.151873,-0.387260
1.143490,-0.395963
1.135314,-0.404665
1.127339,-0.413367
1.119560,-0.422070
1.111972,-0.430772
1.104569,-0.439475
1.097347,-0.448177
1.090302,-0.456880
1.083429,-0.465582
1.076723,-0.474285
1.070180,-0.482987
1.063798,-0.491690
1.057571,-0.500392
1.051496,-0.509095
1.045569,-0.517797
1.039788,-0.526500
1.034149,-0.535202
1.028648,-0.543905
1.023283,-0.552607
1.018051,-0.561310
1.012949,-0.570012
1.007974,-0.578714
1.003124,-0.587417
0.998396,-0.596119
0.993788,-0.604822
0.989297,-0.613524
0.984921,-0.622227
0.980599,-0.630929
0.976447,-0.639632
0.972404,-0.648334
0.968467,-0.657037
0.964636,-0.665739
0.960907,-0.674442
0.957280,-0.683144
0.953753,-0.691847
0.950323,-0.700549
0.946990,-0.709252
0.943752,-0.717954
0.940607,-0.726657
0.937555,-0.735359
0.934593,-0.744061
0.931720,-0.752764
0.928936,-0.761466
0.926238,-0.770169
0.923626,-0.778871
0.921099,-0.787574
0.918656,-0.796276
0.916295,-0.804979
0.914015,-0.813681
0.911816,-0.822384
0.909697,-0.831086
0.907656,-0.839789
0.905694,-0.848491
0.903808,-0.857194
0.902000,-0.865896
0.900266,-0.874599
0.898608,-0.883301
0.897024,-0.892003
0.895513,-0.900706
0.894076,-0.909408
0.892711,-0.918111
0.891418,-0.926813
0.890196,-0.935516
0.889046,-0.944218
0.887966,-0.952921
0.886956,-0.961623
0.886015,-0.970326
0.885144,-0.979028
0.884342,-0.987731
0.883609,-0.996433
0.882944,-1.005136
0.882347,-1.013838
0.881818,-1.022541
0.881357,-1.031243
0.880964,-1.039946
0.880638,-1.048648
0.880379,-1.057350
0.880187,-1.066053
0.880062,-1.074755
0.880004,-1.083458
0.880014,-1.092160
0.880090,-1.100863
0.880234,-1.109565
0.880444,-1.118268
0.880722,-1.126970
0.881067,-1.135673
0.881479,-1.144375
0.881959,-1.153078
0.882507,-1.161780
0.883123,-1.170483
0.883807,-1.179185
0.884559,-1.187888
0.885380,-1.196590
0.886271,-1.205293
0.887230,-1.213995
0.888260,-1.222697
0.889360,-1.231400
0.890530,-1.240102
0.891771,-1.248805
0.893084,-1.257507
0.894470,-1.266210
0.895927,-1.274912
0.897458,-1.283615
0.899063,-1.292317
0.900742,-1.301020
0.902497,-1.309722
0.904327,-1.318425
0.906234,-1.327127
0.908218,-1.335830
0.910280,-1.344532
0.912422,-1.353235
0.914643,-1.361937
0.916945,-1.370639
0.919329,-1.379342
0.921796,-1.388044
0.924347,-1.396747
0.926982,-1.405449
0.929704,-1.414152
0.932513,-1.422854
0.935410,-1.431557
0.938453,-1.440259
0.941531,-1.448962
0.944702,-1.457664
0.947967,-1.466367
0.951327,-1.475069
0.954784,-1.483772
0.958339,-1.492474
0.961995,-1.501177
0.965752,-1.509879
0.969613,-1.518582
0.973579,-1.527284
0.977653,-1.535986
0.981836,-1.544689
0.986130,-1.553391
0.990538,-1.562094
0.995062,-1.570796
