scan.pos:2.238293,6.620513,-2.9147504.352005,1.562094
4.445849,1.553391
4.457882,1.544689
4.531438,1.535986
4.584703,1.527284
4.597456,1.518581
4.671442,1.509879
4.684722,1.501177
4.759068,1.492474
4.772904,1.483772
4.827460,1.475069
4.862077,1.466367
4.856684,1.457664
4.891932,1.448962
4.907371,1.440259
4.943247,1.431557
4.939287,1.422854
4.931190,1.414152
4.929711,1.405449
4.929693,1.396747
4.927253,1.388044
4.925190,1.379342
4.923504,1.370639
4.922194,1.361937
4.881252,1.353234
4.880697,1.344532
4.880513,1.335830
4.880701,1.327127
4.881261,1.318425
4.882193,1.309722
4.883497,1.301020
4.885173,1.292317
4.887224,1.283615
4.889648,1.274912
4.892448,1.266210
4.895624,1.257507
4.899178,1.248805
4.903110,1.240102
4.907422,1.231400
4.912117,1.222697
4.917195,1.213995
4.922659,1.205292
4.908315,1.196590
4.914531,1.187888
4.921139,1.179185
4.928140,1.170483
4.935538,1.161780
4.943335,1.153078
4.951534,1.144375
4.960139,1.135673
4.969153,1.126970
4.978580,1.118268
4.988422,1.109565
4.998686,1.100863
5.009374,1.092160
4.979174,1.083458
4.990630,1.074755
5.002520,1.066053
5.014849,1.057350
2.773586,1.048648
2.708480,1.039945
2.620377,1.031243
2.560152,1.022541
2.501117,1.013838
2.422010,1.005136
2.364972,0.996433
2.308823,0.987731
2.199864,0.979028
2.164304,0.970326
2.154832,0.961623
2.102874,0.952921
2.116347,0.944218
2.109002,0.935516
2.080565,0.926813
2.030752,0.918111
2.003227,0.909408
2.020282,0.900706
2.015955,0.892003
1.988836,0.883301
1.941837,0.874598
1.917399,0.865896
1.893246,0.857194
1.892009,0.848491
1.868469,0.839789
1.845156,0.831086
1.799070,0.822384
1.782233,0.813681
1.736989,0.804979
1.714977,0.796276
1.693086,0.787574
1.671302,0.778871
1.649611,0.770169
1.628000,0.761466
1.618192,0.752764
1.597451,0.744061
1.576743,0.735359
1.556056,0.726656
1.535379,0.717954
1.514700,0.709251
1.494008,0.700549
1.490148,0.691847
1.470108,0.683144
1.450018,0.674442
1.429868,0.665739
1.409645,0.657037
1.363421,0.648334
1.285612,0.639632
1.265042,0.630929
1.270838,0.622227
1.250191,0.613524
1.229391,0.604822
1.233082,0.596119
1.212659,0.587417
1.192052,0.578714
1.199052,0.570012
1.178275,0.561309
1.185568,0.552607
1.175256,0.543905
1.165308,0.535202
1.155615,0.526500
1.146168,0.517797
1.136960,0.509095
1.127984,0.500392
1.119233,0.491690
1.110701,0.482987
1.102381,0.474285
1.094268,0.465582
1.086355,0.456880
1.104372,0.448177
1.122220,0.439475
1.114526,0.430772
1.107022,0.422070
1.099701,0.413367
1.104291,0.404665
1.097881,0.395962
1.091650,0.387260
1.085595,0.378558
1.079712,0.369855
1.085643,0.361153
1.104689,0.352450
1.099790,0.343748
1.095067,0.335045
1.090519,0.326343
1.100969,0.317640
1.097445,0.308938
1.094107,0.300235
1.114050,0.291533
1.110973,0.282830
1.130953,0.274128
1.147311,0.265425
1.168149,0.256723
1.166453,0.248020
1.164985,0.239318
1.141401,0.230615
1.162749,0.221913
1.186294,0.213211
1.208810,0.204508
1.231437,0.195806
1.254192,0.187103
1.277092,0.178401
1.300158,0.169698
1.289087,0.160996
1.270837,0.152293
1.296151,0.143591
1.300339,0.134888
1.283644,0.126186
1.310148,0.117483
1.354531,0.108781
1.341195,0.100078
1.328658,0.091376
1.337994,0.082673
1.369073,0.073971
1.400871,0.065269
1.454320,0.056566
1.456275,0.047864
1.472436,0.039161
1.510617,0.030459
1.570801,0.021756
1.570554,0.013054
1.581985,0.004351
1.578738,-0.004351
1.633129,-0.013054
1.686289,-0.021756
1.701622,-0.030459
1.700128,-0.039161
1.702731,-0.047864
1.791238,-0.056566
1.884871,-0.065269
1.990897,-0.073971
2.060915,-0.082674
2.118899,-0.091376
2.384019,-0.100078
2.552738,-0.108781
2.758382,-0.117483
5.763766,-0.187103
5.681745,-0.195806
5.600205,-0.204508
5.579138,-0.213211
5.518501,-0.221913
5.518293,-0.230616
5.478504,-0.239318
5.479133,-0.248021
5.480178,-0.256723
5.481642,-0.265425
5.483524,-0.274128
5.485826,-0.282830
5.448472,-0.291533
5.431543,-0.300235
5.374883,-0.308938
5.378785,-0.317640
5.342916,-0.326343
5.347616,-0.335045
5.352732,-0.343748
5.358266,-0.352450
5.364220,-0.361153
5.370597,-0.369855
5.377399,-0.378558
5.384629,-0.387260
5.392290,-0.395963
5.400384,-0.404665
5.408916,-0.413367
5.417887,-0.422070
5.427302,-0.430772
5.437165,-0.439475
5.447479,-0.448177
5.461698,-0.456880
5.470160,-0.465582
5.532061,-0.474285
5.398639,-0.482987
5.212439,-0.491690
5.055149,-0.500392
4.905322,-0.509095
4.754434,-0.517797
4.619704,-0.526500
4.490472,-0.535202
4.366261,-0.543905
4.267735,-0.552607
4.152395,-0.561310
4.040925,-0.570012
3.959682,-0.578714
3.856691,-0.587417
3.756664,-0.596119
3.680867,-0.604822
3.607746,-0.613524
3.515467,-0.622227
3.461080,-0.630929
3.374318,-0.639632
3.311264,-0.648334
3.250061,-0.657037
3.190589,-0.665739
3.132738,-0.674442
3.075292,-0.683144
3.021375,-0.691847
2.968767,-0.700549
2.917387,-0.709252
2.867160,-0.717954
2.840771,-0.726657
2.774367,-0.735359
2.751029,-0.744061
2.705703,-0.752764
2.661202,-0.761466
2.617474,-0.770169
2.583112,-0.778871
2.541578,-0.787574
2.524383,-0.796276
2.484189,-0.804979
2.444542,-0.813681
2.405405,-0.822384
2.379972,-0.831086
2.342484,-0.839789
2.329964,-0.848491
2.293401,-0.857194
2.282061,-0.865896
2.238130,-0.874599
2.228431,-0.883301
2.193948,-0.892003
2.159698,-0.900706
2.145351,-0.909408
2.112197,-0.918111
2.105312,-0.926813
2.072645,-0.935516
2.066595,-0.944218
2.030865,-0.952921
2.026104,-0.961623
1.994694,-0.970326
1.990667,-0.979028
1.958050,-0.987731
1.955211,-0.996433
1.924779,-1.005136
1.922508,-1.013838
1.905950,-1.022541
1.889818,-1.031243
1.874097,-1.039946
1.858777,-1.048648
1.843844,-1.057350
1.829287,-1.066053
1.815096,-1.074755
1.801259,-1.083458
1.787767,-1.092160
1.774609,-1.100863
1.761777,-1.109565
1.749262,-1.118268
1.737054,-1.126970
1.725146,-1.135673
1.713530,-1.144375
1.702198,-1.153078
1.691142,-1.161780
1.680357,-1.170483
1.669835,-1.179185
1.659569,-1.187888
1.649553,-1.196590
1.639782,-1.205293
1.630249,-1.213995
1.620950,-1.222697
1.611877,-1.231400
1.603027,-1.240102
1.594395,-1.248805
1.585975,-1.257507
1.577763,-1.266210
1.569755,-1.274912
1.561946,-1.283615
1.554332,-1.292317
1.546909,-1.301020
1.539673,-1.309722
1.532621,-1.318425
1.525749,-1.327127
1.519053,-1.335830
1.512531,-1.344532
1.506178,-1.353235
1.499993,-1.361937
1.493971,-1.370639
1.488110,-1.379342
1.482408,-1.388044
1.476861,-1.396747
1.471467,-1.405449
1.466224,-1.414152
1.461129,-1.422854
1.456179,-1.431557
1.451374,-1.440259
1.446709,-1.448962
1.442184,-1.457664
1.437797,-1.466367
1.433544,-1.475069
1.429426,-1.483772
1.425439,-1.492474
1.421582,-1.501177
1.417854,-1.509879
1.414253,-1.518582
1.410777,-1.527284
1.407426,-1.535986
1.404196,-1.544689
1.401088,-1.553391
1.398100,-1.562094
1.395231,-1.570796
