scan.pos:-5.613865,-5.614276,0.7852503.374686,1.562094
3.385775,1.553391
3.425444,1.544689
3.439366,1.535986
3.480445,1.527284
3.521908,1.518581
3.539862,1.509879
3.582900,1.501177
3.630408,1.492474
3.648645,1.483772
3.693924,1.475069
3.745317,1.466367
3.766587,1.457664
3.814432,1.448962
3.870091,1.440259
3.894710,1.431557
3.945495,1.422854
4.005867,1.414152
4.034212,1.405449
4.088371,1.396747
4.153984,1.388044
4.186502,1.379342
4.244545,1.370639
4.303761,1.361937
4.377100,1.353234
4.415785,1.344532
4.479703,1.335830
4.559920,1.327127
4.627532,1.318425
4.696794,1.309722
4.767798,1.301020
4.835317,1.292317
4.910972,1.283615
4.988703,1.274912
5.065944,1.266210
5.149117,1.257507
5.234775,1.248805
5.323067,1.240102
5.415290,1.231400
5.532521,1.222697
5.630686,1.213995
5.732238,1.205292
5.842802,1.196590
5.952957,1.187888
6.088977,1.179185
6.207615,1.170483
6.341256,1.161780
6.492521,1.153078
6.627708,1.144375
6.790145,1.135673
6.958791,1.126970
7.130437,1.118268
7.293609,1.109565
7.507028,1.100863
7.707922,1.092160
3.094739,0.796276
3.094390,0.787574
2.514276,0.778871
2.514375,0.770169
2.294631,0.761466
2.295071,0.752764
2.255662,0.744061
2.256438,0.735359
2.257387,0.726656
2.258509,0.717954
2.259804,0.709251
2.261273,0.700549
2.262916,0.691847
2.244642,0.683144
2.226508,0.674442
2.228640,0.665739
2.210795,0.657037
2.213253,0.648334
2.215887,0.639632
2.218695,0.630929
2.221680,0.622227
2.224843,0.613524
2.228184,0.604822
2.231706,0.596119
2.235410,0.587417
2.239297,0.578714
2.243368,0.570012
2.247626,0.561309
2.252072,0.552607
2.256707,0.543905
2.261534,0.535202
2.266555,0.526500
2.271772,0.517797
2.277186,0.509095
2.282801,0.500392
2.288618,0.491690
2.294640,0.482987
2.300870,0.474285
2.307309,0.465582
2.292871,0.456880
2.278523,0.448177
2.285481,0.439475
2.292656,0.430772
2.300053,0.422070
2.307673,0.413367
2.315521,0.404665
2.323601,0.395962
2.331915,0.387260
2.340467,0.378558
2.349262,0.369855
2.358304,0.361153
2.367597,0.352450
2.377145,0.343748
2.386953,0.335045
2.397025,0.326343
2.407367,0.317640
2.417983,0.308938
2.428879,0.300235
2.440061,0.291533
2.451533,0.282830
2.463303,0.274128
2.475375,0.265425
2.487756,0.256723
2.500454,0.248020
2.513474,0.239318
2.526824,0.230615
2.540511,0.221913
2.554543,0.213211
2.556224,0.204508
2.583672,0.195806
2.598786,0.187103
2.614279,0.178401
2.630158,0.169698
2.646435,0.160996
2.663118,0.152293
2.804633,0.143591
2.898111,0.134888
2.917413,0.126186
7.480497,0.117483
7.402263,0.108781
7.324221,0.100078
7.272239,0.091376
7.246831,0.082673
7.222233,0.073971
7.198423,0.065269
7.176633,0.056566
7.178934,0.047864
7.181823,0.039161
7.240009,0.030459
7.299707,0.021756
7.360963,0.013054
7.423826,0.004351
7.486142,-0.004351
7.548472,-0.013054
7.612425,-0.021756
7.681162,-0.030459
7.724913,-0.039161
7.799643,-0.047864
5.444161,-0.195806
5.340574,-0.204508
5.310115,-0.213211
5.280401,-0.221913
5.251416,-0.230616
5.223143,-0.239318
5.195566,-0.248021
5.168670,-0.256723
5.142441,-0.265425
5.116864,-0.274128
5.091927,-0.282830
5.067616,-0.291533
5.043917,-0.300235
5.020820,-0.308938
4.998312,-0.317640
4.976383,-0.326343
4.955021,-0.335045
4.934216,-0.343748
4.913957,-0.352450
4.894236,-0.361153
4.875041,-0.369855
4.856365,-0.378558
4.838199,-0.387260
4.820533,-0.395963
4.803361,-0.404665
4.786674,-0.413367
4.770464,-0.422070
4.754725,-0.430772
4.739449,-0.439475
4.724629,-0.448177
4.710260,-0.456880
4.717423,-0.465582
4.703874,-0.474285
4.732698,-0.482987
4.761724,-0.491690
4.811815,-0.500392
4.841208,-0.509095
4.850068,-0.517797
4.962778,-0.526500
5.034024,-0.535202
5.081365,-0.543905
5.252468,-0.552607
5.729631,-0.561310
5.949426,-0.570012
6.184387,-0.578714
6.763058,-0.587417
7.054513,-0.596119
7.701051,-1.100863
7.500501,-1.109565
7.287397,-1.118268
7.124521,-1.126970
6.953203,-1.135673
6.784808,-1.144375
6.622605,-1.153078
6.487639,-1.161780
6.336578,-1.170483
6.203173,-1.179185
6.084715,-1.187888
5.948861,-1.196590
5.838865,-1.205293
5.728488,-1.213995
5.627076,-1.222697
5.529044,-1.231400
5.411934,-1.240102
5.319863,-1.248805
5.231682,-1.257507
5.146130,-1.266210
5.063056,-1.274912
4.985940,-1.283615
4.908299,-1.292317
4.832729,-1.301020
4.742225,-1.309722
4.671179,-1.318425
4.601870,-1.327127
4.534204,-1.335830
4.477535,-1.344532
4.413681,-1.353235
4.375061,-1.361937
4.301801,-1.370639
4.242640,-1.379342
4.184650,-1.388044
4.152188,-1.396747
4.086643,-1.405449
4.032530,-1.414152
4.004236,-1.422854
3.943925,-1.431557
3.893182,-1.440259
3.868608,-1.448962
3.813005,-1.457664
3.765196,-1.466367
3.743967,-1.475069
3.692625,-1.483772
3.647378,-1.492474
3.629179,-1.501177
3.581718,-1.509879
3.538709,-1.518582
3.520807,-1.527284
3.479370,-1.535986
3.438318,-1.544689
3.424445,-1.553391
3.384800,-1.562094
3.373423,-1.570796
