scan.pos:-2.044301,-2.990505,1.7352501.820258,1.562094
1.817695,1.553391
1.815277,1.544689
1.813004,1.535986
1.810874,1.527284
1.808886,1.518581
1.807040,1.509879
1.805336,1.501177
1.803771,1.492474
1.802347,1.483772
1.801062,1.475069
1.799916,1.466367
1.798908,1.457664
1.798038,1.448962
1.797305,1.440259
1.796711,1.431557
1.796253,1.422854
1.795932,1.414152
1.795748,1.405449
1.795701,1.396747
1.795790,1.388044
1.796017,1.379342
1.796380,1.370639
1.796880,1.361937
1.797518,1.353234
1.798293,1.344532
1.799205,1.335830
1.800256,1.327127
1.801445,1.318425
1.802774,1.309722
1.804241,1.301020
1.805849,1.292317
1.807597,1.283615
1.809487,1.274912
1.811519,1.266210
1.813693,1.257507
1.816011,1.248805
1.818474,1.240102
1.821082,1.231400
1.823838,1.222697
1.826740,1.213995
1.829792,1.205292
1.832993,1.196590
1.836346,1.187888
1.839851,1.179185
1.843511,1.170483
1.847326,1.161780
1.851298,1.153078
1.855429,1.144375
1.859720,1.135673
1.864174,1.126970
1.868791,1.118268
1.873575,1.109565
1.878526,1.100863
1.883648,1.092160
1.888942,1.083458
1.894410,1.074755
1.900055,1.066053
1.905880,1.057350
1.911886,1.048648
1.918077,1.039945
1.924455,1.031243
1.931023,1.022541
1.937785,1.013838
1.944742,1.005136
1.951899,0.996433
1.959258,0.987731
1.966824,0.979028
1.974599,0.970326
1.982587,0.961623
1.990793,0.952921
1.999219,0.944218
2.007871,0.935516
2.016752,0.926813
2.025867,0.918111
2.035221,0.909408
2.044817,0.900706
2.054662,0.892003
2.064761,0.883301
2.075117,0.874598
2.085738,0.865896
2.096629,0.857194
2.107795,0.848491
2.119243,0.839789
2.130979,0.831086
2.143010,0.822384
2.155343,0.813681
2.167985,0.804979
2.180943,0.796276
2.194224,0.787574
2.207838,0.778871
2.221792,0.770169
2.236095,0.761466
2.250755,0.752764
2.265783,0.744061
2.281188,0.735359
2.296980,0.726656
2.313169,0.717954
2.329767,0.709251
2.346785,0.700549
2.364234,0.691847
2.382128,0.683144
2.400479,0.674442
2.419300,0.665739
2.438607,0.657037
2.458412,0.648334
2.478732,0.639632
2.499583,0.630929
2.520981,0.622227
2.539042,0.613524
2.564410,0.604822
2.589883,0.596119
2.589501,0.587417
2.670580,0.578714
5.982761,0.308938
5.888727,0.300235
5.773636,0.291533
5.726690,0.282830
5.702718,0.274128
5.679377,0.265425
5.656655,0.256723
5.634542,0.248020
5.613027,0.239318
5.592100,0.230615
5.571750,0.221913
5.551970,0.213211
5.532750,0.204508
5.514080,0.195806
5.495954,0.187103
5.478362,0.178401
5.461296,0.169698
5.444750,0.160996
5.428717,0.152293
5.413188,0.143591
5.419119,0.134888
5.404525,0.126186
5.390418,0.117483
5.376793,0.108781
5.405139,0.100078
5.392363,0.091376
5.421357,0.082673
5.409423,0.073971
5.397952,0.065269
5.386938,0.056566
5.376378,0.047864
5.366267,0.039161
5.377005,0.030459
5.408484,0.021756
5.419931,0.013054
5.452059,0.004351
5.606144,-0.004351
5.658985,-0.013054
5.995164,-0.021756
6.351124,-0.030459
6.807549,-0.039161
7.263455,-0.047864
7.527865,-0.291533
6.971384,-0.300235
6.939352,-0.308938
6.927995,-0.317640
6.937390,-0.326343
6.906776,-0.335045
6.917224,-0.343748
6.928233,-0.352450
6.939806,-0.361153
6.951949,-0.369855
6.964665,-0.378558
6.977960,-0.387260
6.991839,-0.395963
7.006309,-0.404665
4.340872,-0.413367
4.292589,-0.422070
4.216782,-0.430772
3.997983,-0.439475
3.887578,-0.448177
3.760682,-0.456880
3.658575,-0.465582
3.434210,-0.474285
3.337332,-0.482987
3.197095,-0.491690
3.164297,-0.500392
3.152770,-0.509095
3.120118,-0.517797
3.066132,-0.526500
3.076328,-0.535202
3.086827,-0.543905
3.032888,-0.552607
3.000457,-0.561310
3.011499,-0.570012
2.979210,-0.578714
2.990714,-0.587417
2.980544,-0.596119
2.992602,-0.604822
3.004988,-0.613524
2.973174,-0.622227
2.986040,-0.630929
2.999248,-0.639632
3.012804,-0.648334
3.026714,-0.657037
3.040986,-0.665739
3.055627,-0.674442
3.070645,-0.683144
3.086047,-0.691847
3.101842,-0.700549
3.118038,-0.709252
3.134644,-0.717954
3.151669,-0.726657
3.169123,-0.735359
3.187015,-0.744061
3.205356,-0.752764
3.224156,-0.761466
3.243427,-0.770169
3.263179,-0.778871
3.283425,-0.787574
3.304176,-0.796276
3.325447,-0.804979
3.347250,-0.813681
3.369599,-0.822384
3.367101,-0.831086
3.390410,-0.839789
3.414306,-0.848491
3.438805,-0.857194
3.463924,-0.865896
3.489680,-0.874599
3.513729,-0.883301
3.543178,-0.892003
3.570959,-0.900706
3.599456,-0.909408
3.628689,-0.918111
3.658682,-0.926813
3.689459,-0.935516
3.721043,-0.944218
3.749559,-0.952921
3.785660,-0.961623
3.822152,-0.970326
3.855943,-0.979028
3.864994,-0.987731
3.929138,-0.996433
3.963413,-1.005136
3.997208,-1.013838
4.002535,-1.022541
4.068007,-1.031243
4.127069,-1.039946
4.165066,-1.048648
4.203729,-1.057350
4.261964,-1.066053
4.294161,-1.074755
4.333771,-1.083458
4.390916,-1.092160
4.456289,-1.100863
4.512820,-1.109565
4.554231,-1.118268
4.561650,-1.126970
4.531816,-1.135673
4.540331,-1.144375
4.561307,-1.153078
4.594503,-1.161780
4.617483,-1.170483
4.627646,-1.179185
4.676333,-1.187888
4.687382,-1.196590
4.690051,-1.205293
4.712469,-1.213995
4.735019,-1.222697
4.780557,-1.231400
4.757797,-1.240102
4.803518,-1.248805
1.284312,-1.257507
1.166417,-1.266210
1.116648,-1.274912
1.111869,-1.283615
1.085071,-1.292317
1.080630,-1.301020
1.032376,-1.309722
1.028340,-1.318425
0.980821,-1.327127
0.977164,-1.335830
0.973608,-1.344532
0.970152,-1.353235
0.966793,-1.361937
0.963531,-1.370639
0.939022,-1.379342
0.936016,-1.388044
0.933101,-1.396747
0.930274,-1.405449
0.927534,-1.414152
0.924881,-1.422854
0.922313,-1.431557
0.919829,-1.440259
0.917428,-1.448962
0.915109,-1.457664
0.912872,-1.466367
0.910714,-1.475069
0.908635,-1.483772
0.906635,-1.492474
0.904712,-1.501177
0.902866,-1.509879
0.901097,-1.518582
0.899402,-1.527284
0.897782,-1.535986
0.896236,-1.544689
0.894763,-1.553391
0.893363,-1.562094
0.892035,-1.570796
