scan.pos:-7.085793,5.870879,2.6684351.996873,1.562094
1.951835,1.553391
1.928479,1.544689
1.882584,1.535986
1.864256,1.527284
1.842317,1.518581
1.803799,1.509879
1.782890,1.501177
1.746753,1.492474
1.726749,1.483772
1.692811,1.475069
1.673601,1.466367
1.654435,1.457664
1.647200,1.448962
1.604684,1.440259
1.599573,1.431557
1.581802,1.422854
1.554259,1.414152
1.537002,1.405449
1.511077,1.396747
1.494268,1.388044
1.469863,1.379342
1.478861,1.370639
1.456068,1.361937
1.440162,1.353234
1.427824,1.344532
1.412116,1.335830
1.396283,1.327127
1.380318,1.318425
1.364214,1.309722
1.347964,1.301020
1.358733,1.292317
1.342385,1.283615
1.325871,1.274912
1.309182,1.266210
1.292308,1.257507
1.298588,1.248805
1.287445,1.240102
1.276588,1.231400
1.266008,1.222697
1.255697,1.213995
1.245647,1.205292
1.235850,1.196590
1.226298,1.187888
1.216985,1.179185
1.207903,1.170483
1.199047,1.161780
1.190409,1.153078
1.181985,1.144375
1.173767,1.135673
1.165752,1.126970
1.157932,1.118268
1.150304,1.109565
1.142862,1.100863
1.135602,1.092160
1.128519,1.083458
1.121608,1.074755
1.114866,1.066053
1.108288,1.057350
1.101871,1.048648
1.095611,1.039945
1.089504,1.031243
1.083547,1.022541
1.077736,1.013838
1.072069,1.005136
1.066541,0.996433
1.061151,0.987731
1.055895,0.979028
1.050770,0.970326
1.045774,0.961623
1.040905,0.952921
1.036159,0.944218
1.031534,0.935516
1.027028,0.926813
1.022639,0.918111
1.018364,0.909408
1.014202,0.900706
1.010151,0.892003
1.006208,0.883301
1.002372,0.874598
0.998640,0.865896
0.995012,0.857194
0.991485,0.848491
0.988059,0.839789
0.984730,0.831086
0.981498,0.822384
0.978362,0.813681
0.975320,0.804979
0.972371,0.796276
0.969512,0.787574
0.966744,0.778871
0.964065,0.770169
0.961474,0.761466
0.958970,0.752764
0.956551,0.744061
0.954217,0.735359
0.951966,0.726656
0.949799,0.717954
0.947713,0.709251
0.945708,0.700549
0.943784,0.691847
0.941938,0.683144
0.940172,0.674442
0.938483,0.665739
0.936872,0.657037
0.935337,0.648334
0.933878,0.639632
0.932495,0.630929
0.931187,0.622227
0.929953,0.613524
0.928793,0.604822
0.927706,0.596119
0.926692,0.587417
0.925752,0.578714
0.924883,0.570012
0.924086,0.561309
0.923361,0.552607
0.922707,0.543905
0.922125,0.535202
0.921613,0.526500
0.921172,0.517797
0.920801,0.509095
0.920501,0.500392
0.920271,0.491690
0.920111,0.482987
0.920021,0.474285
0.920002,0.465582
0.920052,0.456880
0.920173,0.448177
0.920363,0.439475
0.920624,0.430772
0.920955,0.422070
0.921357,0.413367
0.921829,0.404665
0.922372,0.395962
0.922986,0.387260
0.923671,0.378558
0.924428,0.369855
0.925256,0.361153
0.926156,0.352450
0.927129,0.343748
0.928175,0.335045
0.929294,0.326343
0.930486,0.317640
0.931753,0.308938
0.933094,0.300235
0.934510,0.291533
0.936002,0.282830
0.937571,0.274128
0.939216,0.265425
0.940939,0.256723
0.942740,0.248020
0.944620,0.239318
0.946580,0.230615
0.948620,0.221913
0.950742,0.213211
0.952946,0.204508
0.955233,0.195806
0.957604,0.187103
0.960060,0.178401
0.962603,0.169698
0.965232,0.160996
0.967950,0.152293
0.970758,0.143591
0.973656,0.134888
0.976646,0.126186
0.979729,0.117483
0.982907,0.108781
0.986181,0.100078
0.989553,0.091376
0.993024,0.082673
0.996595,0.073971
1.000268,0.065269
1.004045,0.056566
1.007928,0.047864
1.011919,0.039161
1.016019,0.030459
1.020230,0.021756
1.024554,0.013054
1.028994,0.004351
1.033552,-0.004351
1.038230,-0.013054
1.043030,-0.021756
1.047955,-0.030459
1.053007,-0.039161
1.058190,-0.047864
1.063504,-0.056566
1.068955,-0.065269
1.074543,-0.073971
1.080274,-0.082674
1.086148,-0.091376
1.092171,-0.100078
1.098345,-0.108781
1.104673,-0.117483
1.111160,-0.126186
1.117810,-0.134888
1.124625,-0.143591
1.131611,-0.152293
1.138772,-0.160996
1.146111,-0.169698
1.153635,-0.178401
1.161346,-0.187103
1.169251,-0.195806
1.177355,-0.204508
1.185663,-0.213211
1.194180,-0.221913
1.202913,-0.230616
1.211868,-0.239318
1.213361,-0.248021
1.222719,-0.256723
1.232317,-0.265425
1.242162,-0.274128
1.252262,-0.282830
1.262625,-0.291533
1.273258,-0.300235
1.284170,-0.308938
1.290921,-0.317640
1.282174,-0.326343
1.302563,-0.335045
1.322169,-0.343748
1.341608,-0.352450
1.336398,-0.361153
1.356248,-0.369855
1.379551,-0.378558
1.373186,-0.387260
1.393363,-0.395963
1.418553,-0.404665
1.439046,-0.413367
1.439925,-0.422070
1.460977,-0.430772
1.481972,-0.439475
1.485515,-0.448177
1.507147,-0.456880
1.528762,-0.465582
1.535113,-0.474285
1.557456,-0.482987
1.590405,-0.491690
1.613402,-0.500392
1.612368,-0.509095
1.635644,-0.517797
1.672022,-0.526500
1.696128,-0.535202
1.711115,-0.543905
1.736298,-0.552607
1.761662,-0.561310
1.787224,-0.570012
1.807003,-0.578714
1.833874,-0.587417
1.861025,-0.596119
1.907808,-0.604822
1.936389,-0.613524
1.965348,-0.622227
1.994088,-0.630929
2.047196,-0.639632
2.078381,-0.648334
2.110107,-0.657037
2.145837,-0.665739
2.179854,-0.674442
2.236450,-0.683144
2.278641,-0.691847
2.272632,-0.700549
2.289487,-0.709252
2.285924,-0.717954
2.274113,-0.726657
2.274794,-0.735359
2.255695,-0.744061
2.259647,-0.752764
2.240774,-0.761466
2.250118,-0.770169
2.222630,-0.778871
2.216284,-0.787574
2.210142,-0.796276
2.204202,-0.804979
2.198460,-0.813681
2.192915,-0.822384
2.187564,-0.831086
2.182405,-0.839789
2.177436,-0.848491
2.172654,-0.857194
2.168058,-0.865896
2.163646,-0.874599
2.159415,-0.883301
2.155365,-0.892003
2.151494,-0.900706
2.147800,-0.909408
2.144282,-0.918111
2.140938,-0.926813
2.137766,-0.935516
2.134767,-0.944218
2.131938,-0.952921
2.129279,-0.961623
2.126787,-0.970326
2.124464,-0.979028
2.122307,-0.987731
2.120315,-0.996433
2.118489,-1.005136
2.116826,-1.013838
2.115328,-1.022541
2.113992,-1.031243
2.112818,-1.039946
2.111807,-1.048648
2.110958,-1.057350
2.110269,-1.066053
2.109742,-1.074755
2.109376,-1.083458
2.109170,-1.092160
2.109125,-1.100863
2.109241,-1.109565
2.109517,-1.118268
2.109954,-1.126970
2.110552,-1.135673
2.111311,-1.144375
2.112232,-1.153078
2.113314,-1.161780
2.114559,-1.170483
2.115966,-1.179185
2.117537,-1.187888
2.119272,-1.196590
2.121171,-1.205293
2.123235,-1.213995
2.125465,-1.222697
2.127862,-1.231400
2.130427,-1.240102
2.133161,-1.248805
2.136065,-1.257507
2.139139,-1.266210
2.142386,-1.274912
2.145807,-1.283615
2.149402,-1.292317
2.153174,-1.301020
2.157124,-1.309722
2.161253,-1.318425
2.165563,-1.327127
2.170056,-1.335830
2.174733,-1.344532
2.179597,-1.353235
2.184650,-1.361937
2.189893,-1.370639
2.195329,-1.379342
2.200960,-1.388044
2.206789,-1.396747
2.212818,-1.405449
2.219049,-1.414152
2.225485,-1.422854
2.232129,-1.431557
2.238984,-1.440259
2.246052,-1.448962
2.253338,-1.457664
2.270698,-1.466367
2.287108,-1.475069
2.295332,-1.483772
2.294823,-1.492474
2.295739,-1.501177
2.313560,-1.509879
2.318367,-1.518582
2.324390,-1.527284
2.331584,-1.535986
2.360174,-1.544689
2.370698,-1.553391
2.359890,-1.562094
2.373409,-1.570796
