scan.pos:6.203212,4.897261,-0.3647503.299825,1.562094
3.310983,1.553391
3.322472,1.544689
3.334295,1.535986
3.346458,1.527284
3.358967,1.518581
3.371827,1.509879
3.385046,1.501177
3.398628,1.492474
3.412580,1.483772
3.426910,1.475069
3.441623,1.466367
3.456728,1.457664
3.472232,1.448962
3.498137,1.440259
3.525800,1.431557
3.532967,1.422854
3.542206,1.414152
3.553460,1.405449
3.497115,1.396747
3.441967,1.388044
3.387947,1.379342
3.334991,1.370639
3.306725,1.361937
3.255848,1.353234
3.205864,1.344532
3.156721,1.335830
3.132606,1.327127
3.085140,1.318425
3.062911,1.309722
3.016956,1.301020
2.971619,1.292317
2.951869,1.283615
2.907814,1.274912
2.889610,1.266210
2.846703,1.257507
2.804234,1.248805
2.788051,1.240102
2.746545,1.231400
2.731643,1.222697
2.690989,1.213995
2.677282,1.205292
2.637377,1.196590
2.624784,1.187888
2.583450,1.179185
2.572396,1.170483
2.561950,1.161780
2.524112,1.153078
2.514613,1.144375
2.495456,1.135673
2.474257,1.126970
2.453600,1.118268
2.433470,1.109565
2.413849,1.100863
2.394723,1.092160
2.376077,1.083458
2.357897,1.074755
2.340171,1.066053
2.322884,1.057350
2.306026,1.048648
2.289583,1.039945
2.273545,1.031243
2.257901,1.022541
2.242640,1.013838
2.227753,1.005136
2.213230,0.996433
2.199061,0.987731
2.185238,0.979028
2.171751,0.970326
2.158594,0.961623
2.145758,0.952921
2.133234,0.944218
2.121017,0.935516
2.109099,0.926813
2.097472,0.918111
2.086131,0.909408
2.075069,0.900706
2.064281,0.892003
2.053759,0.883301
2.043499,0.874598
2.033495,0.865896
2.023742,0.857194
2.014235,0.848491
2.004968,0.839789
1.995938,0.831086
1.987140,0.822384
1.978568,0.813681
1.970220,0.804979
1.962090,0.796276
1.954176,0.787574
1.946473,0.778871
1.938977,0.770169
1.931686,0.761466
1.924595,0.752764
1.917701,0.744061
1.911002,0.735359
1.904494,0.726656
1.898174,0.717954
1.892040,0.709251
1.886088,0.700549
1.880316,0.691847
1.874722,0.683144
1.869303,0.674442
1.864057,0.665739
1.858981,0.657037
1.854074,0.648334
1.849333,0.639632
1.844756,0.630929
1.840342,0.622227
1.836088,0.613524
1.831993,0.604822
1.828055,0.596119
1.824273,0.587417
1.820645,0.578714
1.817169,0.570012
1.813844,0.561309
1.810669,0.552607
1.807643,0.543905
1.804764,0.535202
1.802031,0.526500
1.799443,0.517797
1.796999,0.509095
1.794699,0.500392
1.792540,0.491690
1.790523,0.482987
1.788647,0.474285
1.786910,0.465582
1.785313,0.456880
1.783854,0.448177
1.782533,0.439475
1.781350,0.430772
1.780304,0.422070
1.779394,0.413367
1.778621,0.404665
1.777984,0.395962
1.777482,0.387260
1.777116,0.378558
1.776886,0.369855
1.776791,0.361153
1.776831,0.352450
1.777007,0.343748
1.777318,0.335045
1.777764,0.326343
1.778346,0.317640
1.779064,0.308938
1.779919,0.300235
1.780909,0.291533
1.782037,0.282830
1.783302,0.274128
1.784705,0.265425
1.786246,0.256723
1.787926,0.248020
1.789745,0.239318
1.791705,0.230615
1.793806,0.221913
1.796049,0.213211
1.798435,0.204508
1.800964,0.195806
1.803638,0.187103
1.806458,0.178401
1.809424,0.169698
1.812539,0.160996
1.815803,0.152293
1.819217,0.143591
1.822783,0.134888
1.826503,0.126186
1.830378,0.117483
1.834409,0.108781
1.838598,0.100078
1.842947,0.091376
1.847457,0.082673
1.852131,0.073971
1.856971,0.065269
1.861978,0.056566
1.867155,0.047864
1.872504,0.039161
1.878027,0.030459
1.883726,0.021756
1.889605,0.013054
1.895665,0.004351
1.901909,-0.004351
1.908340,-0.013054
1.914962,-0.021756
1.921776,-0.030459
1.928787,-0.039161
1.935997,-0.047864
1.943409,-0.056566
1.951028,-0.065269
1.958856,-0.073971
1.966898,-0.082674
1.975157,-0.091376
1.983637,-0.100078
1.992343,-0.108781
2.001279,-0.117483
2.010449,-0.126186
2.019858,-0.134888
2.029511,-0.143591
2.039412,-0.152293
2.049568,-0.160996
2.059983,-0.169698
2.070662,-0.178401
2.081613,-0.187103
2.092840,-0.195806
2.104350,-0.204508
2.116149,-0.213211
2.128244,-0.221913
2.140643,-0.230616
2.153351,-0.239318
2.166378,-0.248021
2.179729,-0.256723
2.193415,-0.265425
2.207443,-0.274128
2.221821,-0.282830
2.236560,-0.291533
2.251668,-0.300235
2.267155,-0.308938
2.283032,-0.317640
2.299309,-0.326343
2.315998,-0.335045
2.333109,-0.343748
2.350656,-0.352450
2.368650,-0.361153
2.387105,-0.369855
2.406035,-0.378558
2.425454,-0.387260
2.445376,-0.395963
2.465817,-0.404665
2.486794,-0.413367
2.508324,-0.422070
2.516648,-0.430772
2.549897,-0.439475
2.555646,-0.448177
2.591259,-0.456880
2.598479,-0.465582
2.633271,-0.474285
2.671644,-0.482987
2.680834,-0.491690
2.717024,-0.500392
2.732249,-0.509095
2.769733,-0.517797
2.807553,-0.526500
2.826611,-0.535202
2.865899,-0.543905
2.905614,-0.552607
2.928792,-0.561310
2.970177,-0.570012
3.012093,-0.578714
3.029981,-0.587417
3.083560,-0.596119
3.103734,-0.604822
3.149046,-0.613524
3.195092,-0.622227
3.230791,-0.630929
3.279213,-0.639632
3.328524,-0.648334
3.378779,-0.657037
3.422038,-0.665739
3.475168,-0.674442
3.529436,-0.683144
3.584911,-0.691847
3.637010,-0.700549
3.695999,-0.709252
3.756446,-0.717954
3.818442,-0.726657
3.881048,-0.735359
3.925024,-0.744061
3.916697,-0.752764
3.900171,-0.761466
3.884078,-0.770169
3.868411,-0.778871
3.853163,-0.787574
3.838325,-0.796276
3.823890,-0.804979
3.809854,-0.813681
3.796207,-0.822384
3.782946,-0.831086
3.727188,-0.839789
3.714819,-0.848491
3.702814,-0.857194
3.669936,-0.865896
3.658705,-0.874599
3.647820,-0.883301
3.637276,-0.892003
3.627068,-0.900706
3.617191,-0.909408
3.607643,-0.918111
3.598418,-0.926813
3.578870,-0.935516
3.580923,-0.944218
3.572646,-0.952921
3.564678,-0.961623
3.557016,-0.970326
3.549656,-0.979028
3.542597,-0.987731
3.535833,-0.996433
3.529364,-1.005136
3.523186,-1.013838
3.517298,-1.022541
3.511696,-1.031243
3.506378,-1.039946
3.501343,-1.048648
3.456133,-1.057350
3.451708,-1.066053
3.447557,-1.074755
3.443677,-1.083458
3.440068,-1.092160
3.396501,-1.100863
3.393464,-1.109565
3.390692,-1.118268
3.388181,-1.126970
3.385932,-1.135673
3.383943,-1.144375
3.382215,-1.153078
3.380745,-1.161780
3.379534,-1.170483
3.378580,-1.179185
3.377885,-1.187888
3.377447,-1.196590
3.377266,-1.205293
3.377343,-1.213995
3.377676,-1.222697
3.378267,-1.231400
3.379116,-1.240102
3.380223,-1.248805
3.381588,-1.257507
3.383211,-1.266210
3.385094,-1.274912
3.387238,-1.283615
3.389642,-1.292317
3.392308,-1.301020
3.395238,-1.309722
3.398431,-1.318425
3.401890,-1.327127
3.405615,-1.335830
3.409609,-1.344532
3.413872,-1.353235
3.416380,-1.361937
3.421901,-1.370639
3.427031,-1.379342
3.424482,-1.388044
3.439295,-1.396747
3.428375,-1.405449
3.432435,-1.414152
3.443456,-1.422854
3.432658,-1.431557
3.438352,-1.440259
3.448794,-1.448962
2.802795,-1.457664
2.625525,-1.466367
2.590246,-1.475069
2.575790,-1.483772
2.582307,-1.492474
2.526347,-1.501177
2.512200,-1.509879
2.519185,-1.518582
2.484247,-1.527284
2.491574,-1.535986
2.499135,-1.544689
2.464395,-1.553391
2.472298,-1.562094
2.480442,-1.570796
