scan.pos:0.013782,7.084664,3.1184350.780209,1.562094
0.780397,1.553391
0.780644,1.544689
0.780950,1.535986
0.781317,1.527284
0.781743,1.518581
0.782229,1.509879
0.782776,1.501177
0.783383,1.492474
0.784051,1.483772
0.784780,1.475069
0.785570,1.466367
0.786421,1.457664
0.787335,1.448962
0.788310,1.440259
0.789349,1.431557
0.790450,1.422854
0.791614,1.414152
0.792843,1.405449
0.794136,1.396747
0.795494,1.388044
0.796917,1.379342
0.798407,1.370639
0.799963,1.361937
0.801586,1.353234
0.803277,1.344532
0.805037,1.335830
0.806866,1.327127
0.808765,1.318425
0.810735,1.309722
0.812776,1.301020
0.814890,1.292317
0.817078,1.283615
0.819340,1.274912
0.821677,1.266210
0.824090,1.257507
0.826581,1.248805
0.829150,1.240102
0.831799,1.231400
0.834529,1.222697
0.837340,1.213995
0.840235,1.205292
0.843214,1.196590
0.846279,1.187888
0.849432,1.179185
0.852673,1.170483
0.856004,1.161780
0.859427,1.153078
0.862944,1.144375
0.866556,1.135673
0.870265,1.126970
0.874072,1.118268
0.877980,1.109565
0.881991,1.100863
0.886106,1.092160
0.890329,1.083458
0.894659,1.074755
0.899101,1.066053
0.903657,1.057350
0.908329,1.048648
0.913118,1.039945
0.918029,1.031243
0.923064,1.022541
0.928226,1.013838
0.933517,1.005136
0.938940,0.996433
0.944499,0.987731
0.950197,0.979028
0.956038,0.970326
0.962025,0.961623
0.968161,0.952921
0.974451,0.944218
0.980898,0.935516
0.987507,0.926813
0.994281,0.918111
1.001226,0.909408
1.008346,0.900706
1.015646,0.892003
1.075600,0.883301
1.083668,0.874598
1.091943,0.865896
1.100429,0.857194
1.109133,0.848491
1.118062,0.839789
1.127223,0.831086
1.136622,0.822384
1.152786,0.813681
1.162741,0.804979
1.160375,0.796276
1.179487,0.787574
1.172047,0.778871
1.193275,0.770169
1.212999,0.761466
1.208357,0.752764
1.228440,0.744061
1.225599,0.735359
1.351554,0.726656
1.349760,0.717954
3.967504,0.709251
3.990739,0.700549
4.013948,0.691847
4.011698,0.683144
4.035050,0.674442
4.094129,0.665739
4.145123,0.657037
4.180850,0.648334
4.236693,0.639632
4.285387,0.630929
4.360425,0.622227
4.400356,0.613524
4.467989,0.604822
4.609386,0.596119
4.777385,0.587417
4.839632,0.578714
4.904233,0.570012
5.042110,0.561309
5.135324,0.552607
5.208102,0.543905
5.330458,0.535202
5.421165,0.526500
5.501447,0.517797
3.608412,0.221913
3.540896,0.213211
3.514585,0.204508
3.427670,0.195806
3.422441,0.187103
3.356710,0.178401
3.331883,0.169698
3.327580,0.160996
3.283180,0.152293
3.279449,0.143591
3.275976,0.134888
3.272759,0.126186
3.269797,0.117483
3.267089,0.108781
3.264634,0.100078
3.262431,0.091376
3.260479,0.082673
3.258778,0.073971
3.257326,0.065269
3.196080,0.056566
3.195144,0.047864
3.134439,0.039161
3.133998,0.030459
3.133796,0.021756
3.133832,0.013054
3.094104,0.004351
3.094611,-0.004351
3.095355,-0.013054
3.096334,-0.021756
3.097551,-0.030459
3.099004,-0.039161
3.100695,-0.047864
3.102624,-0.056566
3.104792,-0.065269
3.107200,-0.073971
3.109849,-0.082674
3.112740,-0.091376
3.115873,-0.100078
3.119251,-0.108781
3.122874,-0.117483
3.126743,-0.126186
3.171341,-0.134888
3.175765,-0.143591
3.139849,-0.152293
3.144722,-0.160996
3.149851,-0.169698
3.155237,-0.178401
3.160882,-0.187103
3.166790,-0.195806
3.191643,-0.204508
3.183487,-0.213211
3.201571,-0.221913
3.204209,-0.230616
3.216095,-0.239318
3.251054,-0.248021
3.237323,-0.256723
3.156905,-0.265425
3.058142,-0.274128
2.961581,-0.282830
2.885713,-0.291533
2.815963,-0.300235
2.747869,-0.308938
2.684439,-0.317640
2.620898,-0.326343
2.558549,-0.335045
2.483831,-0.343748
2.446434,-0.352450
2.388490,-0.361153
2.343536,-0.369855
2.288397,-0.378558
2.233853,-0.387260
2.195926,-0.395963
2.143612,-0.404665
2.113730,-0.413367
2.059752,-0.422070
2.031830,-0.430772
2.003869,-0.439475
1.955336,-0.448177
1.929460,-0.456880
1.906287,-0.465582
1.881928,-0.474285
1.834991,-0.482987
1.816049,-0.491690
1.793120,-0.500392
1.753928,-0.509095
1.732033,-0.517797
1.710263,-0.526500
1.674219,-0.535202
1.653311,-0.543905
1.643182,-0.552607
1.623165,-0.561310
1.603184,-0.570012
1.571981,-0.578714
1.552634,-0.587417
1.523206,-0.596119
1.504410,-0.604822
1.501466,-0.613524
1.483307,-0.622227
1.465091,-0.630929
1.439518,-0.639632
1.414940,-0.648334
1.423229,-0.657037
1.405923,-0.665739
1.383325,-0.674442
1.366310,-0.683144
1.345005,-0.691847
1.328229,-0.700549
1.341987,-0.709252
1.325550,-0.717954
1.308951,-0.726657
1.292182,-0.735359
1.275234,-0.744061
1.286055,-0.752764
1.268963,-0.761466
1.265594,-0.770169
1.254816,-0.778871
1.244313,-0.787574
1.234079,-0.796276
1.224104,-0.804979
1.214380,-0.813681
1.204901,-0.822384
1.195659,-0.831086
1.186647,-0.839789
1.177859,-0.848491
1.169289,-0.857194
1.160931,-0.865896
1.152778,-0.874599
1.144825,-0.883301
1.137068,-0.892003
1.129500,-0.900706
1.122117,-0.909408
1.114915,-0.918111
1.107888,-0.926813
1.101032,-0.935516
1.094344,-0.944218
1.087819,-0.952921
1.081453,-0.961623
1.075242,-0.970326
1.069184,-0.979028
1.063274,-0.987731
1.057508,-0.996433
1.051885,-1.005136
1.046401,-1.013838
1.041052,-1.022541
1.035836,-1.031243
1.030750,-1.039946
1.025792,-1.048648
1.020959,-1.057350
1.016247,-1.066053
1.011656,-1.074755
1.007183,-1.083458
1.002825,-1.092160
0.998580,-1.100863
0.994446,-1.109565
0.990422,-1.118268
0.986505,-1.126970
0.982693,-1.135673
0.978985,-1.144375
0.975379,-1.153078
0.971873,-1.161780
0.968465,-1.170483
0.965155,-1.179185
0.961940,-1.187888
0.958819,-1.196590
0.955791,-1.205293
0.952855,-1.213995
0.950008,-1.222697
0.947251,-1.231400
0.944581,-1.240102
0.941997,-1.248805
0.939499,-1.257507
0.937086,-1.266210
0.934756,-1.274912
0.932508,-1.283615
0.930342,-1.292317
0.928256,-1.301020
0.926250,-1.309722
0.924323,-1.318425
0.922474,-1.327127
0.920702,-1.335830
0.919007,-1.344532
0.917388,-1.353235
0.915845,-1.361937
0.914375,-1.370639
0.912981,-1.379342
0.911659,-1.388044
0.910411,-1.396747
0.909235,-1.405449
0.908132,-1.414152
0.907100,-1.422854
0.906139,-1.431557
0.905249,-1.440259
0.904430,-1.448962
0.903681,-1.457664
0.903002,-1.466367
0.902393,-1.475069
0.901853,-1.483772
0.901382,-1.492474
0.900980,-1.501177
0.900648,-1.509879
0.900384,-1.518582
0.900189,-1.527284
0.900062,-1.535986
0.900004,-1.544689
0.900015,-1.553391
0.900094,-1.562094
0.900241,-1.570796
