scan.pos:-2.049317,2.932034,1.1352500.970617,1.562094
0.974612,1.553391
0.978715,1.544689
0.982927,1.535986
0.987252,1.527284
0.981191,1.518581
0.985698,1.509879
0.990322,1.501177
0.995066,1.492474
0.999932,1.483772
1.004923,1.475069
1.010041,1.466367
1.015289,1.457664
1.020670,1.448962
1.026187,1.440259
1.031843,1.431557
1.037641,1.422854
1.043585,1.414152
1.049677,1.405449
1.055922,1.396747
1.062324,1.388044
1.068885,1.379342
1.075610,1.370639
1.082503,1.361937
1.089568,1.353234
1.096811,1.344532
1.104235,1.335830
1.111846,1.327127
1.119648,1.318425
1.127646,1.309722
1.135847,1.301020
1.144256,1.292317
1.152879,1.283615
1.161722,1.274912
1.170792,1.266210
1.180094,1.257507
1.189637,1.248805
1.199428,1.240102
1.209474,1.231400
1.219784,1.222697
1.230365,1.213995
1.227750,1.205292
1.224079,1.196590
1.248276,1.187888
1.272295,1.179185
1.271435,1.170483
1.295856,1.161780
1.293416,1.153078
1.317781,1.144375
1.315714,1.135673
1.345023,1.126970
1.343863,1.118268
1.368756,1.109565
1.368019,1.100863
1.392985,1.092160
1.425514,1.083458
1.425919,1.074755
1.451549,1.066053
1.452462,1.057350
1.478299,1.048648
1.490154,1.039945
1.516836,1.031243
1.543606,1.022541
1.546485,1.013838
1.573622,1.005136
1.600900,0.996433
1.689627,0.987731
1.717653,0.979028
1.792590,0.970326
3.933870,0.961623
3.913864,0.952921
3.894356,0.944218
3.875335,0.935516
3.856791,0.926813
3.838715,0.918111
3.821097,0.909408
3.803928,0.900706
3.787200,0.892003
3.770905,0.883301
3.755034,0.874598
3.783731,0.865896
3.768507,0.857194
3.753691,0.848491
3.739275,0.839789
3.746985,0.831086
3.733268,0.822384
3.727555,0.813681
3.764355,0.804979
3.783368,0.796276
3.790831,0.787574
3.791579,0.778871
3.841269,0.770169
3.834141,0.761466
3.847766,0.752764
3.899784,0.744061
3.993755,0.735359
4.066593,0.726656
4.181079,0.717954
4.170426,0.709251
4.222422,0.700549
4.212357,0.691847
4.264646,0.683144
4.296406,0.674442
4.431216,0.665739
4.565796,0.657037
4.802626,0.648334
4.936652,0.639632
5.152207,0.630929
5.143235,0.622227
5.134684,0.613524
5.126552,0.604822
5.118834,0.596119
5.111528,0.587417
5.122540,0.578714
5.101801,0.570012
5.108838,0.561309
5.088912,0.552607
5.089955,0.543905
5.076193,0.535202
5.071699,0.526500
5.067599,0.517797
5.063890,0.509095
5.060573,0.500392
5.057644,0.491690
5.055104,0.482987
5.052950,0.474285
5.051184,0.465582
5.049802,0.456880
5.048806,0.448177
5.048195,0.439475
5.047968,0.430772
5.048126,0.422070
5.048668,0.413367
5.049594,0.404665
5.050906,0.395962
5.052604,0.387260
5.054688,0.378558
5.057158,0.369855
5.060017,0.361153
5.063264,0.352450
5.066902,0.343748
5.070931,0.335045
5.075355,0.326343
5.080172,0.317640
5.085387,0.308938
5.091000,0.300235
5.097014,0.291533
5.103432,0.282830
5.110255,0.274128
5.117487,0.265425
5.125131,0.256723
5.133189,0.248020
5.141664,0.239318
5.150560,0.230615
5.159881,0.221913
5.169630,0.213211
5.179811,0.204508
5.190428,0.195806
5.201485,0.187103
5.212988,0.178401
5.224941,0.169698
5.237348,0.160996
5.250215,0.152293
5.263547,0.143591
3.221012,0.134888
3.136675,0.126186
3.056017,0.117483
3.020901,0.108781
2.968961,0.100078
2.964061,0.091376
2.876119,0.082673
2.683681,0.073971
2.621089,0.065269
2.560514,0.056566
2.523374,0.047864
2.457401,0.039161
2.403362,0.030459
2.350780,0.021756
2.321437,0.013054
2.271557,0.004351
2.222853,-0.004351
2.197395,-0.013054
2.121994,-0.021756
2.105143,-0.030459
2.061458,-0.039161
2.041113,-0.047864
1.999080,-0.056566
1.980493,-0.065269
1.939913,-0.073971
1.905204,-0.082674
1.889718,-0.091376
1.851769,-0.100078
1.837608,-0.108781
1.800680,-0.117483
1.787722,-0.126186
1.761821,-0.134888
1.726891,-0.143591
1.692257,-0.152293
1.682001,-0.160996
1.648016,-0.169698
1.638649,-0.178401
1.619847,-0.187103
1.612018,-0.195806
1.579778,-0.204508
1.572685,-0.213211
1.540827,-0.221913
1.527257,-0.230616
1.521779,-0.239318
1.490973,-0.248021
1.486086,-0.256723
1.455479,-0.265425
1.446595,-0.274128
1.443115,-0.282830
1.413297,-0.291533
1.410296,-0.300235
1.380522,-0.308938
1.375941,-0.317640
1.374201,-0.326343
1.344996,-0.335045
1.343652,-0.343748
1.342615,-0.352450
1.360064,-0.361153
1.348533,-0.369855
1.392482,-0.378558
1.381079,-0.387260
1.369966,-0.395963
1.386064,-0.404665
1.402015,-0.413367
1.391309,-0.422070
1.433509,-0.430772
1.449066,-0.439475
1.438570,-0.448177
1.454085,-0.456880
1.469492,-0.465582
1.459401,-0.474285
1.449557,-0.482987
1.465011,-0.491690
1.505269,-0.500392
1.520388,-0.509095
1.535431,-0.517797
1.550403,-0.526500
1.565311,-0.535202
1.580160,-0.543905
1.618950,-0.552607
1.633557,-0.561310
1.671849,-0.570012
1.686248,-0.578714
1.700619,-0.587417
1.714965,-0.596119
1.752513,-0.604822
1.766705,-0.613524
1.803878,-0.622227
1.840822,-0.630929
1.877548,-0.639632
1.891409,-0.648334
1.905285,-0.657037
1.964091,-0.665739
1.977811,-0.674442
2.036083,-0.683144
2.071847,-0.691847
2.085396,-0.700549
2.142966,-0.709252
2.178341,-0.717954
2.257240,-0.726657
2.270509,-0.735359
2.327162,-0.744061
2.383583,-0.752764
2.418284,-0.761466
2.495790,-0.770169
2.530249,-0.778871
2.564676,-0.787574
2.634228,-0.796276
2.690340,-0.804979
2.767450,-0.813681
2.845819,-0.822384
2.924503,-0.831086
2.987686,-0.839789
3.110242,-0.848491
3.191094,-0.857194
3.512832,-0.865896
5.817531,-1.083458
5.754993,-1.092160
5.692943,-1.100863
5.651371,-1.109565
5.630253,-1.118268
5.629571,-1.126970
5.589319,-1.135673
5.589493,-1.144375
5.570090,-1.153078
5.531100,-1.161780
5.472502,-1.170483
5.434304,-1.179185
5.416519,-1.187888
5.379094,-1.196590
5.382134,-1.205293
5.357896,-1.213995
5.329233,-1.222697
5.293289,-1.231400
5.277797,-1.240102
5.282807,-1.248805
5.288229,-1.257507
5.253726,-1.266210
5.259933,-1.274912
5.226116,-1.283615
5.212856,-1.292317
5.179683,-1.301020
5.167113,-1.309722
5.134562,-1.318425
5.143039,-1.327127
5.090718,-1.335830
5.059044,-1.344532
5.048120,-1.353235
5.011399,-1.361937
4.998497,-1.370639
4.934435,-1.379342
4.883922,-1.388044
4.735375,-1.396747
4.450322,-1.405449
4.306205,-1.414152
4.180536,-1.422854
4.059999,-1.431557
3.940352,-1.440259
3.767652,-1.448962
3.682729,-1.457664
3.582130,-1.466367
3.484570,-1.475069
3.416374,-1.483772
3.219215,-1.492474
3.093945,-1.501177
3.075804,-1.509879
2.993014,-1.518582
2.933651,-1.527284
2.868250,-1.535986
2.813567,-1.544689
2.754922,-1.553391
2.704309,-1.562094
2.654992,-1.570796
