scan.pos:-2.121537,6.939259,1.6352501.122330,1.562094
1.121741,1.553391
1.121238,1.544689
1.120821,1.535986
1.120489,1.527284
1.120243,1.518581
1.120082,1.509879
1.120006,1.501177
1.120016,1.492474
1.080107,1.483772
1.080281,1.475069
1.060527,1.466367
1.060860,1.457664
1.061273,1.448962
1.061768,1.440259
1.062344,1.431557
1.022889,1.422854
1.023600,1.414152
1.004305,1.405449
1.005158,1.396747
1.006089,1.388044
1.007099,1.379342
1.008188,1.370639
1.009356,1.361937
1.010603,1.353234
1.011931,1.344532
1.013340,1.335830
0.994533,1.327127
0.975746,1.318425
0.977334,1.309722
0.979002,1.301020
0.980751,1.292317
0.982580,1.283615
0.984492,1.274912
0.986487,1.266210
0.988565,1.257507
0.990727,1.248805
0.992975,1.240102
0.995309,1.231400
0.997730,1.222697
1.000239,1.213995
1.002837,1.205292
1.005526,1.196590
1.008306,1.187888
1.011179,1.179185
1.014146,1.170483
1.017208,1.161780
1.020366,1.153078
1.023622,1.144375
1.026978,1.135673
1.030434,1.126970
1.033993,1.118268
1.037655,1.109565
1.041423,1.100863
1.045299,1.092160
1.049284,1.083458
1.053380,1.074755
1.057588,1.066053
1.061912,1.057350
1.066353,1.048648
1.070913,1.039945
1.075594,1.031243
1.080399,1.022541
1.085330,1.013838
1.090390,1.005136
1.095581,0.996433
1.100906,0.987731
1.106368,0.979028
1.111969,0.970326
1.117713,0.961623
1.123603,0.952921
1.129641,0.944218
1.135831,0.935516
1.142178,0.926813
1.148683,0.918111
1.203491,0.909408
1.186399,0.900706
1.169194,0.892003
1.176375,0.883301
1.183736,0.874598
1.191281,0.865896
1.199015,0.857194
1.206942,0.848491
1.215068,0.839789
1.223398,0.831086
1.231937,0.822384
1.240692,0.813681
1.249667,0.804979
1.258870,0.796276
1.268307,0.787574
1.277985,0.778871
1.287910,0.770169
1.298090,0.761466
1.308533,0.752764
1.319247,0.744061
1.330239,0.735359
1.341519,0.726656
1.353097,0.717954
1.350427,0.709251
1.366812,0.700549
1.438347,0.691847
1.453941,0.683144
1.442180,0.674442
1.430716,0.665739
1.419541,0.657037
1.408645,0.648334
1.398021,0.639632
1.387660,0.630929
1.377556,0.622227
1.367702,0.613524
1.358091,0.604822
1.348715,0.596119
1.339569,0.587417
1.330648,0.578714
1.321944,0.570012
1.313453,0.561309
1.305169,0.552607
1.297087,0.543905
1.289201,0.535202
1.281509,0.526500
1.274004,0.517797
1.266682,0.509095
1.259539,0.500392
1.252572,0.491690
1.245775,0.482987
1.239145,0.474285
1.232679,0.465582
1.226374,0.456880
1.220224,0.448177
1.214229,0.439475
1.208383,0.430772
1.202684,0.422070
1.197130,0.413367
1.191717,0.404665
1.186443,0.395962
1.181305,0.387260
1.176300,0.378558
1.171427,0.369855
1.166682,0.361153
1.162063,0.352450
1.157569,0.343748
1.153197,0.335045
1.148945,0.326343
1.144811,0.317640
1.140793,0.308938
1.136890,0.300235
1.133099,0.291533
1.129419,0.282830
1.125848,0.274128
1.122386,0.265425
1.119029,0.256723
1.115777,0.248020
1.112628,0.239318
1.109582,0.230615
1.106636,0.221913
1.103789,0.213211
1.101041,0.204508
1.098390,0.195806
1.095835,0.187103
1.093375,0.178401
1.091008,0.169698
1.088735,0.160996
1.086554,0.152293
1.084463,0.143591
1.082464,0.134888
1.080553,0.126186
1.078731,0.117483
1.076998,0.108781
1.075351,0.100078
1.073792,0.091376
1.072318,0.082673
1.070930,0.073971
1.069627,0.065269
1.068408,0.056566
1.067273,0.047864
1.066222,0.039161
1.065254,0.030459
1.064369,0.021756
1.063566,0.013054
1.062845,0.004351
1.062206,-0.004351
1.061648,-0.013054
1.061172,-0.021756
1.060777,-0.030459
1.060463,-0.039161
1.060230,-0.047864
1.060078,-0.056566
1.060006,-0.065269
1.060015,-0.073971
1.060105,-0.082674
1.060276,-0.091376
1.060527,-0.100078
1.060860,-0.108781
1.061273,-0.117483
1.061768,-0.126186
1.062344,-0.134888
1.063002,-0.143591
1.063742,-0.152293
1.064564,-0.160996
1.065468,-0.169698
1.066455,-0.178401
1.067525,-0.187103
1.068679,-0.195806
1.069917,-0.204508
1.071239,-0.213211
1.072647,-0.221913
1.074140,-0.230616
1.075720,-0.239318
1.077386,-0.248021
1.079139,-0.256723
1.080981,-0.265425
1.082912,-0.274128
1.084933,-0.282830
1.087044,-0.291533
1.089246,-0.300235
1.091540,-0.308938
1.093928,-0.317640
1.076489,-0.326343
1.079020,-0.335045
1.081644,-0.343748
1.084365,-0.352450
1.087181,-0.361153
1.090096,-0.369855
1.093110,-0.378558
1.096225,-0.387260
1.099441,-0.395963
1.102760,-0.404665
1.106184,-0.413367
1.109714,-0.422070
1.113352,-0.430772
1.117099,-0.439475
1.120957,-0.448177
1.124928,-0.456880
1.129013,-0.465582
1.133214,-0.474285
1.137534,-0.482987
1.141974,-0.491690
1.146537,-0.500392
1.151224,-0.509095
1.156039,-0.517797
1.160982,-0.526500
1.166057,-0.535202
1.171266,-0.543905
1.176612,-0.552607
1.182098,-0.561310
1.187726,-0.570012
1.193498,-0.578714
1.199419,-0.587417
1.205492,-0.596119
1.211719,-0.604822
1.218104,-0.613524
1.224650,-0.622227
1.231361,-0.630929
1.238241,-0.639632
1.245294,-0.648334
1.252523,-0.657037
1.259933,-0.665739
1.267529,-0.674442
1.275315,-0.683144
1.283295,-0.691847
1.291474,-0.700549
1.299858,-0.709252
1.308452,-0.717954
1.317262,-0.726657
1.326292,-0.735359
1.335550,-0.744061
1.345041,-0.752764
1.354771,-0.761466
1.364748,-0.770169
1.374979,-0.778871
1.385470,-0.787574
1.396230,-0.796276
1.407267,-0.804979
1.418588,-0.813681
1.430202,-0.822384
1.442119,-0.831086
1.454349,-0.839789
1.466899,-0.848491
1.472506,-0.857194
1.473878,-0.865896
1.503248,-0.874599
1.505071,-0.883301
1.507241,-0.892003
1.536758,-0.900706
1.542708,-0.909408
1.572819,-0.918111
1.576522,-0.926813
1.606788,-0.935516
1.611068,-0.944218
1.641551,-0.952921
1.646450,-0.961623
1.658665,-0.970326
1.690217,-0.979028
1.696764,-0.987731
1.728709,-0.996433
1.736015,-1.005136
1.768427,-1.013838
1.776554,-1.022541
1.809515,-1.031243
1.829941,-1.039946
1.864146,-1.048648
1.874747,-1.057350
1.909707,-1.066053
1.945020,-1.074755
1.957210,-1.083458
1.993448,-1.092160
2.006874,-1.100863
2.044160,-1.109565
2.076294,-1.118268
2.115511,-1.126970
2.155346,-1.135673
2.195843,-1.144375
2.214463,-1.153078
2.256535,-1.161780
2.299421,-1.170483
2.343178,-1.179185
2.387870,-1.187888
2.414240,-1.196590
2.462162,-1.205293
2.511264,-1.213995
2.561630,-1.222697
2.613351,-1.231400
2.666528,-1.240102
2.721268,-1.248805
2.799212,-1.257507
2.857365,-1.266210
2.917467,-1.274912
2.994991,-1.283615
3.061008,-1.292317
3.129550,-1.301020
3.221939,-1.309722
3.317172,-1.318425
3.394518,-1.327127
3.496315,-1.335830
3.601836,-1.344532
3.711447,-1.353235
3.804785,-1.361937
3.944637,-1.370639
4.065352,-1.379342
4.198910,-1.388044
4.360019,-1.396747
4.528815,-1.405449
4.706238,-1.414152
4.893381,-1.422854
5.091517,-1.431557
5.322536,-1.440259
5.567760,-1.448962
5.849640,-1.457664
6.130067,-1.466367
6.473035,-1.475069
6.832446,-1.483772
7.219662,-1.492474
7.725209,-1.501177
