scan.pos:-2.184327,2.641909,1.1352500.816201,1.562094
0.819560,1.553391
0.823010,1.544689
0.826553,1.535986
0.830189,1.527284
0.833922,1.518581
0.837752,1.509879
0.841682,1.501177
0.845714,1.492474
0.849849,1.483772
0.854091,1.475069
0.858441,1.466367
0.862901,1.457664
0.867475,1.448962
0.872164,1.440259
0.876971,1.431557
0.881899,1.422854
0.886950,1.414152
0.892129,1.405449
0.897436,1.396747
0.902877,1.388044
0.908453,1.379342
0.914169,1.370639
0.920027,1.361937
0.926032,1.353234
0.932188,1.344532
0.938497,1.335830
0.944966,1.327127
0.951597,1.318425
0.958395,1.309722
0.965365,1.301020
0.972512,1.292317
0.979840,1.283615
0.987356,1.274912
0.995064,1.266210
1.002971,1.257507
1.011082,1.248805
1.019403,1.240102
1.027941,1.231400
1.036703,1.222697
1.045696,1.213995
1.038306,1.205292
1.057327,1.196590
1.048517,1.187888
1.067298,1.179185
1.085856,1.170483
1.104201,1.161780
1.095620,1.153078
1.113772,1.144375
1.131735,1.135673
1.123392,1.126970
1.141191,1.118268
1.158822,1.109565
1.176292,1.100863
1.193610,1.092160
1.210784,1.083458
1.227821,1.074755
1.219832,1.066053
1.236775,1.057350
1.253597,1.048648
1.273171,1.039945
1.290265,1.031243
1.307265,1.022541
1.312379,1.013838
1.329971,1.005136
1.347498,0.996433
1.379067,0.987731
1.373680,0.979028
1.415202,0.970326
1.426143,0.961623
1.444993,0.952921
1.463855,0.944218
1.501055,0.935516
1.520736,0.926813
1.540480,0.918111
1.580989,0.909408
1.601731,0.900706
1.622598,0.892003
1.666892,0.883301
1.688973,0.874598
1.711257,0.865896
1.755747,0.857194
1.783688,0.848491
1.916840,0.839789
3.997067,0.831086
3.982435,0.822384
3.989788,0.813681
3.997392,0.804979
3.983818,0.796276
3.970637,0.787574
3.957844,0.778871
3.966655,0.770169
3.954554,0.761466
3.985017,0.752764
4.016221,0.744061
4.011115,0.735359
4.018475,0.726656
4.050920,0.717954
4.070705,0.709251
4.099451,0.700549
4.140002,0.691847
4.213120,0.683144
4.389308,0.674442
4.421058,0.665739
4.432480,0.657037
4.464683,0.648334
4.497100,0.639632
4.550151,0.630929
4.664492,0.622227
4.941547,0.613524
5.116522,0.604822
5.413032,0.596119
5.405306,0.587417
5.398013,0.578714
5.391149,0.570012
5.384712,0.561309
5.378700,0.552607
5.373110,0.543905
5.367940,0.535202
5.382802,0.526500
5.369693,0.517797
5.371184,0.509095
5.351422,0.500392
5.348325,0.491690
5.345639,0.482987
5.343362,0.474285
5.341493,0.465582
5.340033,0.456880
5.338979,0.448177
5.338333,0.439475
5.338093,0.430772
5.338260,0.422070
5.338833,0.413367
5.339813,0.404665
5.341200,0.395962
5.342995,0.387260
5.345198,0.378558
5.347811,0.369855
5.350834,0.361153
5.354268,0.352450
5.358115,0.343748
5.362376,0.335045
5.367053,0.326343
5.372148,0.317640
5.377662,0.308938
5.383598,0.300235
5.389958,0.291533
5.396744,0.282830
5.403960,0.274128
5.411608,0.265425
5.419691,0.256723
5.428211,0.248020
5.437173,0.239318
5.446581,0.230615
5.456438,0.221913
5.466746,0.213211
5.477513,0.204508
5.488740,0.195806
5.500433,0.187103
5.512597,0.178401
5.525237,0.169698
5.538357,0.160996
5.551964,0.152293
5.566062,0.143591
5.580658,0.134888
3.588838,0.126186
3.484945,0.117483
3.405592,0.108781
3.329527,0.100078
3.344919,0.091376
3.274700,0.082673
3.189434,0.073971
3.005722,0.065269
2.945376,0.056566
2.865414,0.047864
2.808750,0.039161
2.745928,0.030459
2.693709,0.021756
2.642912,0.013054
2.593439,0.004351
2.541918,-0.004351
2.456566,-0.013054
2.444664,-0.021756
2.406907,-0.030459
2.363822,-0.039161
2.321592,-0.047864
2.302803,-0.056566
2.262225,-0.065269
2.222346,-0.073971
2.183120,-0.082674
2.144502,-0.091376
2.129651,-0.100078
2.092246,-0.108781
2.055333,-0.117483
2.042448,-0.126186
2.006541,-0.134888
1.971027,-0.143591
1.959844,-0.152293
1.925159,-0.160996
1.890779,-0.169698
1.881076,-0.178401
1.847371,-0.187103
1.838599,-0.195806
1.787950,-0.204508
1.797566,-0.213211
1.764947,-0.221913
1.757829,-0.230616
1.725632,-0.239318
1.719249,-0.248021
1.687402,-0.256723
1.681699,-0.265425
1.650131,-0.274128
1.645060,-0.282830
1.667075,-0.291533
1.689901,-0.300235
1.686441,-0.308938
1.683376,-0.317640
1.680704,-0.326343
1.706202,-0.335045
1.732560,-0.343748
1.731533,-0.352450
1.745935,-0.361153
1.731132,-0.369855
1.771893,-0.378558
1.757384,-0.387260
1.743242,-0.395963
1.756388,-0.404665
1.769462,-0.413367
1.782469,-0.422070
1.821734,-0.430772
1.834429,-0.439475
1.847078,-0.448177
1.859685,-0.456880
1.897828,-0.465582
1.910192,-0.474285
1.947757,-0.482987
1.959911,-0.491690
1.996949,-0.500392
2.008926,-0.509095
2.020904,-0.517797
2.057316,-0.526500
2.069159,-0.535202
2.129292,-0.543905
2.140888,-0.552607
2.152512,-0.561310
2.187894,-0.570012
2.213187,-0.578714
2.239399,-0.587417
2.265923,-0.596119
2.308912,-0.604822
2.336838,-0.613524
2.365167,-0.622227
2.393924,-0.630929
2.445907,-0.639632
2.475504,-0.648334
2.526317,-0.657037
2.580291,-0.665739
2.612331,-0.674442
2.667297,-0.683144
2.700617,-0.691847
2.756769,-0.700549
2.813551,-0.709252
2.871023,-0.717954
2.935683,-0.726657
2.995924,-0.735359
3.057105,-0.744061
3.119310,-0.752764
3.182630,-0.761466
3.268590,-0.770169
3.334368,-0.778871
3.401580,-0.787574
3.678694,-0.796276
3.771377,-0.804979
5.972274,-1.039946
5.887134,-1.048648
5.842700,-1.057350
5.798772,-1.066053
5.775378,-1.074755
5.772477,-1.083458
5.729979,-1.092160
5.707962,-1.100863
5.666387,-1.109565
5.605259,-1.118268
5.564579,-1.126970
5.544328,-1.135673
5.504500,-1.144375
5.465086,-1.153078
5.466089,-1.161780
5.407474,-1.170483
5.409291,-1.179185
5.391495,-1.187888
5.394131,-1.196590
5.357084,-1.205293
5.360522,-1.213995
5.324224,-1.222697
5.308367,-1.231400
5.272780,-1.240102
5.277785,-1.248805
5.222758,-1.257507
5.228523,-1.266210
5.174117,-1.274912
5.160411,-1.283615
5.136949,-1.292317
5.063578,-1.301020
5.055212,-1.309722
5.006971,-1.318425
4.895432,-1.327127
4.494756,-1.335830
4.297537,-1.344532
4.144921,-1.353235
3.985750,-1.361937
3.753237,-1.370639
3.610743,-1.379342
3.495990,-1.388044
3.222078,-1.396747
3.119200,-1.405449
3.032016,-1.414152
2.941510,-1.422854
2.855212,-1.431557
2.772751,-1.440259
2.693798,-1.448962
2.576847,-1.457664
2.563325,-1.466367
2.560020,-1.475069
2.561757,-1.483772
2.519871,-1.492474
2.501619,-1.501177
2.507071,-1.509879
2.493194,-1.518582
2.481288,-1.527284
2.449527,-1.535986
2.397572,-1.544689
2.341473,-1.553391
2.293235,-1.562094
2.268188,-1.570796
