scan.pos:-0.480492,7.244442,2.9184351.009474,1.562094
1.011515,1.553391
1.013643,1.544689
1.015857,1.535986
1.018158,1.527284
1.020547,1.518581
1.023026,1.509879
1.025596,1.501177
1.028256,1.492474
1.031010,1.483772
1.033857,1.475069
1.036798,1.466367
1.039837,1.457664
1.042972,1.448962
1.046207,1.440259
1.049541,1.431557
1.052978,1.422854
1.056518,1.414152
1.060163,1.405449
1.063914,1.396747
1.067774,1.388044
1.071743,1.379342
1.075825,1.370639
1.080020,1.361937
1.128390,1.353234
1.132998,1.344532
1.137732,1.335830
1.142592,1.327127
1.169986,1.318425
1.220217,1.309722
1.225781,1.301020
1.231491,1.292317
5.037264,1.283615
4.971704,1.274912
4.902118,1.266210
4.816072,1.257507
4.747216,1.248805
4.686589,1.240102
4.618356,1.231400
4.549964,1.222697
4.492021,1.213995
4.435367,1.205292
4.367776,1.196590
4.324062,1.187888
4.269569,1.179185
4.201762,1.170483
4.148618,1.161780
4.096437,1.153078
4.062022,1.144375
4.010521,1.135673
3.967188,1.126970
3.916770,1.118268
3.867101,1.109565
3.823884,1.100863
3.853146,1.092160
3.810244,1.083458
3.789138,1.074755
3.772699,1.066053
3.726189,1.057350
3.736948,1.048648
3.718609,1.039945
3.730338,1.031243
3.741215,1.022541
3.726201,1.013838
3.767211,1.005136
3.748448,0.996433
3.792141,0.987731
3.808571,0.979028
3.853340,0.970326
3.871357,0.961623
3.917315,0.952921
3.963805,0.944218
3.984278,0.935516
4.032144,0.926813
4.080650,0.918111
4.129836,0.909408
4.179741,0.900706
4.281673,0.892003
4.383702,0.883301
4.460618,0.874598
4.513000,0.865896
4.566349,0.857194
4.695084,0.848491
4.750054,0.839789
4.806164,0.831086
4.863470,0.822384
4.980370,0.813681
5.017820,0.804979
5.083624,0.796276
3.102926,0.500392
3.074413,0.491690
3.025547,0.482987
2.977142,0.474285
2.908553,0.465582
2.902248,0.456880
2.875647,0.448177
2.869876,0.439475
2.823419,0.430772
2.818203,0.422070
2.813220,0.413367
2.808468,0.404665
2.803945,0.395962
2.799649,0.387260
2.795579,0.378558
2.791734,0.369855
2.788111,0.361153
2.784709,0.352450
2.781527,0.343748
2.778564,0.335045
2.735581,0.326343
2.712989,0.317640
2.670559,0.308938
2.648468,0.300235
2.646664,0.291533
2.645064,0.282830
2.643667,0.274128
2.602427,0.265425
2.601450,0.256723
2.600672,0.248020
2.600092,0.239318
2.599710,0.230615
2.599527,0.221913
2.599541,0.213211
2.599753,0.204508
2.600163,0.195806
2.600772,0.187103
2.601579,0.178401
2.602585,0.169698
2.603789,0.160996
2.605194,0.152293
2.606798,0.143591
2.608604,0.134888
2.610611,0.126186
2.612820,0.117483
2.615232,0.108781
2.617848,0.100078
2.660995,0.091376
2.664068,0.082673
2.626931,0.073971
2.630374,0.065269
2.634027,0.056566
2.637891,0.047864
2.641968,0.039161
2.646260,0.030459
2.650767,0.021756
2.655493,0.013054
2.674730,0.004351
2.672382,-0.004351
2.673832,-0.013054
2.677155,-0.021756
2.688205,-0.030459
2.747648,-0.039161
2.745847,-0.047864
2.683693,-0.056566
2.593427,-0.065269
2.515475,-0.073971
2.455021,-0.082674
2.381063,-0.091376
2.307812,-0.100078
2.257580,-0.108781
2.187299,-0.117483
2.143350,-0.126186
2.096791,-0.134888
2.050589,-0.143591
1.992535,-0.152293
1.948272,-0.160996
1.916298,-0.169698
1.873706,-0.178401
1.831195,-0.187103
1.804721,-0.195806
1.763515,-0.204508
1.740665,-0.213211
1.700541,-0.221913
1.658772,-0.230616
1.641755,-0.239318
1.602376,-0.248021
1.586715,-0.256723
1.548019,-0.265425
1.544413,-0.274128
1.528939,-0.282830
1.490503,-0.291533
1.474846,-0.300235
1.459146,-0.308938
1.420115,-0.317640
1.404189,-0.326343
1.388200,-0.335045
1.372144,-0.343748
1.356014,-0.352450
1.339806,-0.361153
1.323514,-0.369855
1.307132,-0.378558
1.290654,-0.387260
1.274074,-0.395963
1.257386,-0.404665
1.240582,-0.413367
1.223657,-0.422070
1.206603,-0.430772
1.189414,-0.439475
1.172082,-0.448177
1.154599,-0.456880
1.162798,-0.465582
1.145177,-0.474285
1.127386,-0.482987
1.109416,-0.491690
1.117875,-0.500392
1.099728,-0.509095
1.081379,-0.517797
1.062821,-0.526500
1.071516,-0.535202
1.052734,-0.543905
1.033716,-0.552607
1.042631,-0.561310
1.041334,-0.570012
1.032453,-0.578714
1.023799,-0.587417
1.015366,-0.596119
1.007147,-0.604822
0.999136,-0.613524
0.991325,-0.622227
0.983711,-0.630929
0.976286,-0.639632
0.969046,-0.648334
0.961985,-0.657037
0.955098,-0.665739
0.948381,-0.674442
0.941829,-0.683144
0.935437,-0.691847
0.929202,-0.700549
0.923120,-0.709252
0.917186,-0.717954
0.911397,-0.726657
0.905749,-0.735359
0.900238,-0.744061
0.894862,-0.752764
0.889617,-0.761466
0.884501,-0.770169
0.879509,-0.778871
0.874640,-0.787574
0.869890,-0.796276
0.865257,-0.804979
0.860738,-0.813681
0.856331,-0.822384
0.852034,-0.831086
0.847843,-0.839789
0.843758,-0.848491
0.839776,-0.857194
0.835894,-0.865896
0.832111,-0.874599
0.828425,-0.883301
0.824834,-0.892003
0.821336,-0.900706
0.817930,-0.909408
0.814614,-0.918111
0.811386,-0.926813
0.808245,-0.935516
0.805189,-0.944218
0.802217,-0.952921
0.799328,-0.961623
0.796519,-0.970326
0.793791,-0.979028
0.791141,-0.987731
0.788569,-0.996433
0.786073,-1.005136
0.783653,-1.013838
0.781306,-1.022541
0.779033,-1.031243
0.776832,-1.039946
0.774702,-1.048648
0.772642,-1.057350
0.770652,-1.066053
0.768731,-1.074755
0.766877,-1.083458
0.765091,-1.092160
0.763370,-1.100863
0.761716,-1.109565
0.760126,-1.118268
0.758600,-1.126970
0.757138,-1.135673
0.755740,-1.144375
0.754403,-1.153078
0.753129,-1.161780
0.751916,-1.170483
0.750764,-1.179185
0.749673,-1.187888
0.748642,-1.196590
0.747670,-1.205293
0.746758,-1.213995
0.745905,-1.222697
0.745110,-1.231400
0.744374,-1.240102
0.743695,-1.248805
0.743075,-1.257507
0.742512,-1.266210
0.742006,-1.274912
0.741557,-1.283615
0.741166,-1.292317
0.740831,-1.301020
0.740553,-1.309722
0.740331,-1.318425
0.740166,-1.327127
0.740057,-1.335830
0.740005,-1.344532
0.740009,-1.353235
0.740070,-1.361937
0.740186,-1.370639
0.740360,-1.379342
0.740589,-1.388044
0.740876,-1.396747
0.741219,-1.405449
0.741618,-1.414152
0.742075,-1.422854
0.742589,-1.431557
0.743160,-1.440259
0.743789,-1.448962
0.744476,-1.457664
0.745221,-1.466367
0.746024,-1.475069
0.746886,-1.483772
0.747806,-1.492474
0.748786,-1.501177
0.749826,-1.509879
0.750926,-1.518582
0.752087,-1.527284
0.753309,-1.535986
0.754592,-1.544689
0.755937,-1.553391
0.757345,-1.562094
0.758816,-1.570796
