scan.pos:5.412692,5.098096,1.9184354.194214,1.509879
4.141569,1.501177
4.131104,1.492474
4.121004,1.483772
4.111266,1.475069
4.101885,1.466367
4.092859,1.457664
4.084182,1.448962
4.075852,1.440259
4.067864,1.431557
4.060217,1.422854
4.052907,1.414152
4.045930,1.405449
4.039284,1.396747
4.032967,1.388044
4.026976,1.379342
4.021307,1.370639
4.015961,1.361937
4.010934,1.353234
4.006224,1.344532
4.001830,1.335830
3.997749,1.327127
4.034194,1.318425
4.030702,1.309722
4.027521,1.301020
4.024652,1.292317
4.062187,1.283615
4.059915,1.274912
4.057955,1.266210
4.056304,1.257507
4.074976,1.248805
4.073940,1.240102
4.073215,1.231400
4.072801,1.222697
4.072696,1.213995
4.072902,1.205292
4.073418,1.196590
4.074244,1.187888
4.075382,1.179185
4.076830,1.170483
4.078590,1.161780
4.080663,1.153078
4.083049,1.144375
4.085749,1.135673
4.088764,1.126970
4.092095,1.118268
4.095744,1.109565
4.079579,1.100863
4.083847,1.092160
4.048082,1.083458
4.052944,1.074755
4.058127,1.066053
4.063633,1.057350
4.069465,1.048648
4.075624,1.039945
4.082113,1.031243
4.088935,1.022541
4.096092,1.013838
4.144493,1.005136
4.172899,0.996433
4.222268,0.987731
4.333886,0.979028
4.590643,0.970326
7.649592,0.831086
7.472560,0.822384
7.323199,0.813681
7.179533,0.804979
7.041198,0.796276
6.903770,0.787574
6.776202,0.778871
6.653009,0.770169
6.533933,0.761466
6.418732,0.752764
6.307182,0.744061
6.201009,0.735359
6.097068,0.726656
5.996176,0.717954
5.898165,0.709251
5.825876,0.700549
5.733282,0.691847
5.650283,0.683144
5.563259,0.674442
5.478415,0.665739
5.395635,0.657037
5.338549,0.648334
5.259719,0.639632
5.194509,0.630929
5.119866,0.622227
5.071096,0.613524
4.999680,0.604822
4.929689,0.596119
4.876586,0.587417
4.809948,0.578714
4.769591,0.570012
4.705479,0.561309
4.667866,0.552607
4.599567,0.543905
4.565025,0.535202
4.505825,0.526500
4.473638,0.517797
4.416331,0.509095
4.382436,0.500392
4.327354,0.491690
4.272964,0.482987
4.246384,0.474285
4.191571,0.465582
4.167332,0.456880
4.116244,0.448177
4.093731,0.439475
4.069825,0.430772
4.034869,0.422070
4.000810,0.413367
3.967620,0.404665
3.935275,0.395962
3.903747,0.387260
3.873013,0.378558
3.843049,0.369855
3.813834,0.361153
3.785346,0.352450
3.757564,0.343748
3.730469,0.335045
3.704042,0.326343
3.678265,0.317640
3.653120,0.308938
3.628592,0.300235
3.604663,0.291533
3.581319,0.282830
3.558544,0.274128
3.536325,0.265425
3.514647,0.256723
3.493499,0.248020
3.472866,0.239318
3.452736,0.230615
3.433099,0.221913
3.413942,0.213211
3.395255,0.204508
3.377028,0.195806
3.359249,0.187103
3.341910,0.178401
3.325001,0.169698
3.308512,0.160996
3.292436,0.152293
3.276764,0.143591
3.261487,0.134888
3.246598,0.126186
3.232090,0.117483
3.217955,0.108781
3.204185,0.100078
3.190776,0.091376
3.177718,0.082673
3.165008,0.073971
3.152637,0.065269
3.140602,0.056566
3.128895,0.047864
3.117511,0.039161
3.106446,0.030459
3.095694,0.021756
3.085251,0.013054
3.075110,0.004351
3.065270,-0.004351
3.055723,-0.013054
3.046468,-0.021756
3.037499,-0.030459
3.028812,-0.039161
3.020405,-0.047864
3.012273,-0.056566
3.004412,-0.065269
2.996820,-0.073971
2.989494,-0.082674
2.982430,-0.091376
2.975625,-0.100078
2.969077,-0.108781
2.962782,-0.117483
2.956739,-0.126186
2.950945,-0.134888
2.945397,-0.143591
2.940094,-0.152293
2.935033,-0.160996
2.930212,-0.169698
2.925629,-0.178401
2.921283,-0.187103
2.917171,-0.195806
2.913293,-0.204508
2.909646,-0.213211
2.906229,-0.221913
2.903041,-0.230616
2.900081,-0.239318
2.897347,-0.248021
2.894839,-0.256723
2.892555,-0.265425
2.890494,-0.274128
2.888656,-0.282830
2.887041,-0.291533
2.885646,-0.300235
2.884473,-0.308938
2.883520,-0.317640
2.882787,-0.326343
2.882274,-0.335045
2.881981,-0.343748
2.881907,-0.352450
2.882053,-0.361153
2.882418,-0.369855
2.883003,-0.378558
2.883807,-0.387260
2.884832,-0.395963
2.886078,-0.404665
2.887545,-0.413367
2.889233,-0.422070
2.891143,-0.430772
2.893277,-0.439475
2.895634,-0.448177
2.898216,-0.456880
2.901024,-0.465582
2.904058,-0.474285
2.907321,-0.482987
2.910813,-0.491690
2.914536,-0.500392
2.918490,-0.509095
2.922678,-0.517797
2.927102,-0.526500
2.931762,-0.535202
2.936661,-0.543905
2.941802,-0.552607
2.947185,-0.561310
2.952812,-0.570012
2.958688,-0.578714
2.964813,-0.587417
2.971190,-0.596119
2.977822,-0.604822
2.984711,-0.613524
2.991861,-0.622227
2.999274,-0.630929
3.006953,-0.639632
3.014902,-0.648334
3.023124,-0.657037
3.031622,-0.665739
3.040401,-0.674442
3.049463,-0.683144
3.058813,-0.691847
3.068455,-0.700549
3.078393,-0.709252
3.088632,-0.717954
3.099176,-0.726657
3.110030,-0.735359
3.121199,-0.744061
3.132687,-0.752764
3.144501,-0.761466
3.156646,-0.770169
3.169127,-0.778871
3.181950,-0.787574
3.195122,-0.796276
3.208648,-0.804979
3.222537,-0.813681
3.236793,-0.822384
3.251425,-0.831086
3.266440,-0.839789
3.281845,-0.848491
3.297648,-0.857194
3.313859,-0.865896
3.330483,-0.874599
3.347532,-0.883301
3.365014,-0.892003
3.382939,-0.900706
3.401315,-0.909408
3.420155,-0.918111
3.439467,-0.926813
3.459264,-0.935516
3.479557,-0.944218
3.500357,-0.952921
3.521677,-0.961623
3.543531,-0.970326
3.565930,-0.979028
3.588889,-0.987731
3.612423,-0.996433
3.636546,-1.005136
3.661274,-1.013838
3.686624,-1.022541
3.712611,-1.031243
3.739255,-1.039946
3.766572,-1.048648
3.794583,-1.057350
3.823307,-1.066053
3.863094,-1.074755
3.816023,-1.083458
3.769469,-1.092160
3.750781,-1.100863
3.705384,-1.109565
3.688246,-1.118268
3.643889,-1.126970
3.625552,-1.135673
3.594411,-1.144375
3.564070,-1.153078
3.534504,-1.161780
3.505689,-1.170483
3.477603,-1.179185
3.450224,-1.187888
3.423532,-1.196590
3.397506,-1.205293
3.372127,-1.213995
3.347378,-1.222697
3.323241,-1.231400
3.299699,-1.240102
3.276735,-1.248805
3.254336,-1.257507
3.232485,-1.266210
3.211168,-1.274912
3.190372,-1.283615
3.170084,-1.292317
3.150290,-1.301020
3.130979,-1.309722
3.112139,-1.318425
3.093758,-1.327127
3.075826,-1.335830
3.058333,-1.344532
3.041267,-1.353235
3.024620,-1.361937
3.008382,-1.370639
2.992544,-1.379342
2.977098,-1.388044
2.962034,-1.396747
2.947346,-1.405449
2.933025,-1.414152
2.919064,-1.422854
2.905455,-1.431557
2.892191,-1.440259
2.879267,-1.448962
2.866674,-1.457664
2.854408,-1.466367
2.842462,-1.475069
2.830830,-1.483772
2.819507,-1.492474
2.808487,-1.501177
2.797765,-1.509879
2.787336,-1.518582
2.777195,-1.527284
2.767338,-1.535986
2.757760,-1.544689
2.748456,-1.553391
2.739423,-1.562094
2.730657,-1.570796
