scan.pos:2.466360,6.324124,-0.3647501.772483,1.562094
1.778476,1.553391
1.784647,1.544689
1.790998,1.535986
1.797531,1.527284
1.804250,1.518581
1.811158,1.509879
1.818258,1.501177
1.825554,1.492474
1.833048,1.483772
1.840746,1.475069
1.848649,1.466367
1.856762,1.457664
1.865090,1.448962
1.873636,1.440259
1.882405,1.431557
1.891401,1.422854
1.900629,1.414152
1.910093,1.405449
1.919799,1.396747
1.929752,1.388044
1.939957,1.379342
1.950420,1.370639
1.961147,1.361937
1.972143,1.353234
1.983415,1.344532
1.994970,1.335830
2.006814,1.327127
2.018954,1.318425
2.031397,1.309722
2.044151,1.301020
2.057224,1.292317
2.070624,1.283615
2.084360,1.274912
2.098440,1.266210
2.112873,1.257507
2.127670,1.248805
2.142839,1.240102
2.158392,1.231400
2.174339,1.222697
2.190692,1.213995
2.207462,1.205292
2.224661,1.196590
2.242302,1.187888
2.260399,1.179185
2.278966,1.170483
2.298016,1.161780
2.317566,1.153078
2.337631,1.144375
2.338153,1.135673
2.362841,1.126970
2.387202,1.118268
2.413521,1.109565
2.438556,1.100863
2.439626,1.092160
2.468997,1.083458
2.495641,1.074755
2.526843,1.066053
2.554351,1.057350
2.587486,1.048648
2.615951,1.039945
2.651134,1.031243
2.680656,1.022541
2.692771,1.013838
2.723630,1.005136
2.763471,0.996433
2.795615,0.987731
2.837926,0.979028
2.871492,0.970326
2.892156,0.961623
2.927441,0.952921
2.975396,0.944218
3.012420,0.935516
3.063447,0.926813
3.102402,0.918111
3.133275,0.909408
3.197861,0.900706
3.239783,0.892003
3.276214,0.883301
3.343766,0.874598
3.384536,0.865896
3.431890,0.857194
3.500163,0.848491
3.550663,0.839789
3.624927,0.831086
3.677933,0.822384
3.755734,0.813681
3.814685,0.804979
3.874436,0.796276
3.958010,0.787574
4.026604,0.778871
4.115087,0.770169
4.205660,0.761466
4.285533,0.752764
4.382132,0.744061
4.471185,0.735359
4.574761,0.726656
4.681491,0.717954
4.785931,0.709251
4.901383,0.700549
5.042068,0.691847
5.165330,0.683144
5.295853,0.674442
5.455864,0.665739
5.599486,0.657037
5.770425,0.648334
5.749820,0.639632
5.730641,0.630929
5.721029,0.622227
5.697656,0.613524
5.684949,0.604822
5.672729,0.596119
5.660993,0.587417
5.649733,0.578714
5.638947,0.570012
5.628630,0.561309
5.618778,0.552607
5.609387,0.543905
5.600452,0.535202
5.591972,0.526500
5.583941,0.517797
5.576358,0.509095
5.569219,0.500392
5.562521,0.491690
5.556262,0.482987
5.550439,0.474285
5.545051,0.465582
5.540093,0.456880
5.535567,0.448177
5.531468,0.439475
5.527796,0.430772
5.524549,0.422070
5.521727,0.413367
5.519328,0.404665
5.517350,0.395962
5.515794,0.387260
5.514659,0.378558
5.513944,0.369855
5.513649,0.361153
5.513773,0.352450
5.514318,0.343748
5.515283,0.335045
5.516669,0.326343
5.518475,0.317640
5.520703,0.308938
5.523354,0.300235
5.526429,0.291533
5.529928,0.282830
5.533854,0.274128
5.538206,0.265425
5.542989,0.256723
5.548202,0.248020
5.553849,0.239318
5.559931,0.230615
5.566451,0.221913
5.573411,0.213211
5.580813,0.204508
5.588662,0.195806
5.596960,0.187103
5.605710,0.178401
5.614915,0.169698
5.624580,0.160996
5.634708,0.152293
5.645303,0.143591
5.656370,0.134888
5.667912,0.126186
5.679936,0.117483
5.692445,0.108781
5.705444,0.100078
5.718940,0.091376
5.732937,0.082673
5.747442,0.073971
5.762460,0.065269
5.777998,0.056566
5.794063,0.047864
5.810660,0.039161
5.827799,0.030459
5.845485,0.021756
5.863727,0.013054
5.882532,0.004351
5.901909,-0.004351
5.921867,-0.013054
5.942414,-0.021756
5.963560,-0.030459
5.985315,-0.039161
6.007688,-0.047864
6.030690,-0.056566
6.054331,-0.065269
6.078623,-0.073971
6.103578,-0.082674
6.129208,-0.091376
6.155523,-0.100078
6.182539,-0.108781
6.210268,-0.117483
6.238725,-0.126186
6.267922,-0.134888
6.297876,-0.143591
6.328603,-0.152293
6.360116,-0.160996
6.392436,-0.169698
6.425576,-0.178401
6.459557,-0.187103
6.494396,-0.195806
6.530113,-0.204508
6.566728,-0.213211
6.604261,-0.221913
6.642735,-0.230616
6.682172,-0.239318
6.722594,-0.248021
6.764027,-0.256723
6.806496,-0.265425
6.850026,-0.274128
6.894644,-0.282830
6.940380,-0.291533
6.987263,-0.300235
7.035322,-0.308938
7.084590,-0.317640
7.135101,-0.326343
7.186888,-0.335045
7.244463,-0.343748
7.300195,-0.352450
7.359438,-0.361153
7.395336,-0.369855
7.326017,-0.378558
7.258073,-0.387260
7.191447,-0.395963
7.124997,-0.404665
6.975583,-0.413367
6.913542,-0.422070
6.859635,-0.430772
6.801362,-0.439475
6.744579,-0.448177
6.689243,-0.456880
6.635308,-0.465582
6.582733,-0.474285
6.528042,-0.482987
6.428423,-0.491690
6.380095,-0.500392
6.280672,-0.509095
6.235089,-0.517797
6.190631,-0.526500
6.147267,-0.535202
4.859607,-0.543905
4.725788,-0.552607
4.669341,-0.561310
4.589074,-0.570012
4.534942,-0.578714
4.408045,-0.587417
4.356395,-0.596119
4.330002,-0.604822
4.255947,-0.613524
4.207096,-0.622227
4.135252,-0.630929
3.993312,-0.639632
3.947689,-0.648334
3.879380,-0.657037
3.812094,-0.665739
3.722566,-0.674442
3.634239,-0.683144
3.570079,-0.691847
3.529712,-0.700549
3.512783,-0.709252
3.496281,-0.717954
3.480196,-0.726657
3.464522,-0.735359
3.449249,-0.744061
3.434371,-0.752764
3.419880,-0.761466
3.405769,-0.770169
3.414028,-0.778871
3.400570,-0.787574
3.387475,-0.796276
3.374737,-0.804979
3.362349,-0.813681
3.393478,-0.822384
3.381623,-0.831086
3.412982,-0.839789
3.423022,-0.848491
3.411960,-0.857194
3.443687,-0.865896
3.475480,-0.874599
3.507345,-0.883301
3.581372,-0.892003
3.592303,-0.900706
3.624372,-0.909408
3.656487,-0.918111
3.650442,-0.926813
3.690324,-0.935516
3.693347,-0.944218
3.739573,-0.952921
3.735713,-0.961623
3.758977,-0.970326
3.809911,-0.979028
3.857891,-0.987731
3.867996,-0.996433
3.908917,-1.005136
3.941101,-1.013838
4.012615,-1.022541
4.128114,-1.031243
4.162431,-1.039946
4.196963,-1.048648
4.251946,-1.057350
4.266704,-1.066053
4.362460,-1.074755
4.357551,-1.083458
4.433518,-1.092160
4.449327,-1.100863
4.485542,-1.109565
4.542115,-1.118268
4.538753,-1.126970
4.575842,-1.135673
4.593194,-1.144375
4.630907,-1.153078
4.628894,-1.161780
4.627235,-1.170483
4.625930,-1.179185
4.624979,-1.187888
4.624379,-1.196590
4.624131,-1.205293
4.624236,-1.213995
4.624693,-1.222697
4.625502,-1.231400
4.586642,-1.240102
4.588144,-1.248805
4.589996,-1.257507
4.592200,-1.266210
4.594757,-1.274912
4.597666,-1.283615
4.600930,-1.292317
4.604549,-1.301020
4.608525,-1.309722
4.612859,-1.318425
4.617554,-1.327127
4.622611,-1.335830
4.628031,-1.344532
4.633818,-1.353235
4.639973,-1.361937
4.646498,-1.370639
4.653397,-1.379342
4.660672,-1.388044
4.668325,-1.396747
4.655959,-1.405449
4.664342,-1.414152
4.673113,-1.422854
4.682274,-1.431557
4.691829,-1.440259
4.701782,-1.448962
4.712136,-1.457664
4.722898,-1.466367
4.734069,-1.475069
4.745656,-1.483772
4.757662,-1.492474
4.770094,-1.501177
4.782956,-1.509879
4.754220,-1.518582
4.767839,-1.527284
4.781901,-1.535986
4.796413,-1.544689
4.811381,-1.553391
4.826812,-1.562094
4.842711,-1.570796
