scan.pos:-2.084393,7.109986,0.5852501.055695,1.562094
1.049665,1.553391
1.043782,1.544689
1.038043,1.535986
1.032446,1.527284
1.026986,1.518581
1.021661,1.509879
1.016468,1.501177
1.011404,1.492474
1.006467,1.483772
1.001653,1.475069
0.996961,1.466367
0.992388,1.457664
0.987931,1.448962
0.983589,1.440259
0.979360,1.431557
0.975240,1.422854
0.971228,1.414152
0.967323,1.405449
0.963522,1.396747
0.959824,1.388044
0.956226,1.379342
0.952728,1.370639
0.949327,1.361937
0.946022,1.353234
0.942812,1.344532
0.939695,1.335830
0.936669,1.327127
0.933734,1.318425
0.930887,1.309722
0.928129,1.301020
0.925457,1.292317
0.922870,1.283615
0.920368,1.274912
0.917949,1.266210
0.915612,1.257507
0.913356,1.248805
0.911181,1.240102
0.909085,1.231400
0.907068,1.222697
0.905128,1.213995
0.903266,1.205292
0.901479,1.196590
0.899768,1.187888
0.898131,1.179185
0.896569,1.170483
0.895080,1.161780
0.893665,1.153078
0.892321,1.144375
0.891049,1.135673
0.889849,1.126970
0.888719,1.118268
0.887660,1.109565
0.886670,1.100863
0.885750,1.092160
0.884900,1.083458
0.884118,1.074755
0.883405,1.066053
0.882761,1.057350
0.882184,1.048648
0.881675,1.039945
0.881234,1.031243
0.880860,1.022541
0.880554,1.013838
0.880315,1.005136
0.880143,0.996433
0.880038,0.987731
0.880000,0.979028
0.880029,0.970326
0.880126,0.961623
0.880289,0.952921
0.880519,0.944218
0.880817,0.935516
0.881182,0.926813
0.881614,0.918111
0.882114,0.909408
0.882682,0.900706
0.883318,0.892003
0.884022,0.883301
0.884795,0.874598
0.885637,0.865896
0.886547,0.857194
0.887528,0.848491
0.888578,0.839789
0.889698,0.831086
0.890890,0.822384
0.892152,0.813681
0.893487,0.804979
0.894893,0.796276
0.896372,0.787574
0.897925,0.778871
0.899552,0.770169
0.901253,0.761466
0.903030,0.752764
0.904883,0.744061
0.906812,0.735359
0.908820,0.726656
0.910905,0.717954
0.913070,0.709251
0.915315,0.700549
0.917642,0.691847
0.920050,0.683144
0.922541,0.674442
0.925117,0.665739
0.927778,0.657037
0.930525,0.648334
0.933360,0.639632
0.936284,0.630929
0.939298,0.622227
0.942403,0.613524
0.945602,0.604822
0.948894,0.596119
0.952283,0.587417
0.955768,0.578714
0.959353,0.570012
0.963038,0.561309
0.966825,0.552607
0.970717,0.543905
0.974715,0.535202
0.978820,0.526500
0.983036,0.517797
0.987363,0.509095
0.991805,0.500392
0.996363,0.491690
1.001039,0.482987
1.005837,0.474285
1.010758,0.465582
1.015805,0.456880
1.020982,0.448177
1.026289,0.439475
1.031731,0.430772
1.037311,0.422070
1.043031,0.413367
1.048895,0.404665
1.054906,0.395962
1.061068,0.387260
1.067384,0.378558
1.073857,0.369855
1.080493,0.361153
1.087294,0.352450
1.094265,0.343748
1.101411,0.335045
1.108735,0.326343
1.116244,0.317640
1.123941,0.308938
1.131831,0.300235
1.139920,0.291533
1.148215,0.282830
1.156719,0.274128
1.165439,0.265425
1.174383,0.256723
1.183555,0.248020
1.192964,0.239318
1.202615,0.230615
1.212517,0.221913
1.222677,0.213211
1.233104,0.204508
1.243806,0.195806
1.234473,0.187103
1.251830,0.178401
1.268991,0.169698
1.285965,0.160996
1.275622,0.152293
1.292465,0.143591
1.309143,0.134888
1.325664,0.126186
1.342036,0.117483
1.358267,0.108781
1.374365,0.100078
1.390336,0.091376
1.406188,0.082673
1.421928,0.073971
1.437562,0.065269
1.453096,0.056566
1.468537,0.047864
1.483891,0.039161
1.491817,0.030459
1.507379,0.021756
1.509600,0.013054
1.549909,0.004351
1.554115,-0.004351
1.570823,-0.013054
1.600976,-0.021756
1.618292,-0.030459
1.650392,-0.039161
1.668405,-0.047864
1.702605,-0.056566
1.721413,-0.065269
1.734899,-0.073971
1.777603,-0.082674
1.793778,-0.091376
1.837299,-0.100078
1.858221,-0.108781
1.900877,-0.117483
1.923044,-0.126186
1.968767,-0.134888
1.992365,-0.143591
2.041471,-0.152293
2.066713,-0.160996
2.114256,-0.169698
2.168526,-0.178401
2.196093,-0.187103
2.254744,-0.195806
2.284644,-0.204508
2.358227,-0.213211
2.402269,-0.221913
2.457028,-0.230616
2.507089,-0.239318
2.586343,-0.248021
2.645327,-0.256723
2.705071,-0.265425
2.789300,-0.274128
2.857346,-0.282830
2.946485,-0.291533
3.037370,-0.300235
3.119372,-0.308938
3.216828,-0.317640
3.337538,-0.326343
3.437387,-0.335045
3.566923,-0.343748
3.682733,-0.352450
3.823476,-0.361153
3.989608,-0.369855
4.134456,-0.378558
4.316618,-0.387260
4.506277,-0.395963
4.712251,-0.404665
4.946335,-0.413367
5.192474,-0.422070
5.519370,-0.430772
5.803761,-0.439475
6.191417,-0.448177
6.571302,-0.456880
7.083455,-0.465582
7.588578,-0.474285
3.167534,-0.874599
2.745424,-0.883301
2.659753,-0.892003
2.595850,-0.900706
2.537980,-0.909408
2.436700,-0.918111
2.410833,-0.926813
2.339117,-0.935516
2.297046,-0.944218
2.229690,-0.952921
2.194802,-0.961623
2.131134,-0.970326
2.090019,-0.979028
2.042079,-0.987731
2.004059,-0.996433
1.961388,-1.005136
1.926045,-1.013838
1.891364,-1.022541
1.855091,-1.031243
1.822616,-1.039946
1.769903,-1.048648
1.755254,-1.057350
1.731488,-1.066053
1.702641,-1.074755
1.674116,-1.083458
1.673171,-1.092160
1.669158,-1.100863
1.671739,-1.109565
1.669465,-1.118268
1.628744,-1.126970
1.604410,-1.135673
1.589582,-1.144375
1.566273,-1.153078
1.553974,-1.161780
1.531585,-1.170483
1.497564,-1.179185
1.475859,-1.187888
1.468081,-1.196590
1.447119,-1.205293
1.441509,-1.213995
1.470959,-1.222697
1.467755,-1.231400
1.448411,-1.240102
1.421866,-1.248805
1.428467,-1.257507
1.429261,-1.266210
1.405467,-1.274912
1.413742,-1.283615
1.417760,-1.292317
1.427091,-1.301020
1.433190,-1.309722
1.404655,-1.318425
1.415821,-1.327127
1.399943,-1.335830
1.411470,-1.344532
1.423298,-1.353235
1.435435,-1.361937
1.447893,-1.370639
1.439440,-1.379342
1.458614,-1.388044
1.422007,-1.396747
1.442835,-1.405449
1.434937,-1.414152
1.457213,-1.422854
1.480375,-1.431557
1.473976,-1.440259
1.498659,-1.448962
1.519309,-1.457664
1.519448,-1.466367
1.540676,-1.475069
1.568396,-1.483772
1.590077,-1.492474
1.594131,-1.501177
1.616506,-1.509879
1.647601,-1.518582
1.769501,-1.527284
1.777164,-1.535986
1.800373,-1.544689
1.786129,-1.553391
1.810435,-1.562094
1.847086,-1.570796
