scan.pos:1.838842,6.683864,2.7684351.138339,1.562094
1.099180,1.553391
1.081459,1.544689
1.063693,1.535986
1.045876,1.527284
1.006132,1.518581
0.988115,1.509879
0.970030,1.501177
0.951872,1.492474
0.933637,1.483772
0.915317,1.475069
0.919331,1.466367
0.900928,1.457664
0.882427,1.448962
0.886553,1.440259
0.890787,1.431557
0.895130,1.422854
0.899584,1.414152
0.880968,1.405449
0.885532,1.396747
0.866785,1.388044
0.847904,1.379342
0.852564,1.370639
0.857341,1.361937
0.862238,1.353234
0.843167,1.344532
0.823936,1.335830
0.828916,1.327127
0.834022,1.318425
0.839255,1.309722
0.844618,1.301020
0.850116,1.292317
0.830583,1.283615
0.836189,1.274912
0.816424,1.266210
0.822138,1.257507
0.827995,1.248805
0.834001,1.240102
0.813904,1.231400
0.820021,1.222697
0.826294,1.213995
0.832728,1.205292
0.839327,1.196590
0.846097,1.187888
0.853042,1.179185
0.860169,1.170483
0.867481,1.161780
0.874987,1.153078
0.871049,1.144375
0.863645,1.135673
0.856430,1.126970
0.849399,1.118268
0.842546,1.109565
0.835866,1.100863
0.856107,1.092160
0.876101,1.083458
0.869510,1.074755
0.889237,1.066053
0.882779,1.057350
0.902260,1.048648
0.921534,1.039945
0.915188,1.031243
0.934249,1.022541
0.953125,1.013838
0.946907,1.005136
0.965600,0.996433
0.959526,0.987731
0.953601,0.979028
0.947820,0.970326
0.942179,0.961623
0.960694,0.952921
0.955188,0.944218
0.949817,0.935516
0.968192,0.926813
0.962953,0.918111
0.981205,0.909408
0.999341,0.900706
0.994243,0.892003
0.989273,0.883301
0.984426,0.874598
0.979701,0.865896
0.997772,0.857194
1.022081,0.848491
1.041052,0.839789
1.059971,0.831086
1.079725,0.822384
1.099577,0.813681
1.119428,0.804979
1.117290,0.796276
1.120462,0.787574
1.141687,0.778871
1.162988,0.770169
1.193047,0.761466
1.215814,0.752764
1.217237,0.744061
1.218997,0.735359
1.213796,0.726656
1.196538,0.717954
1.222334,0.709251
1.269647,0.700549
1.295442,0.691847
1.324191,0.683144
1.332517,0.674442
1.325811,0.665739
1.316997,0.657037
1.350900,0.648334
1.385757,0.639632
1.436196,0.630929
1.496658,0.622227
1.537886,0.613524
1.562788,0.604822
1.652003,0.596119
1.722858,0.587417
1.796252,0.578714
1.852115,0.570012
1.933519,0.561309
2.042254,0.552607
2.135437,0.543905
2.254508,0.535202
2.267505,0.526500
2.505100,0.517797
5.529874,0.430772
5.306706,0.422070
5.284365,0.413367
5.202402,0.404665
5.180912,0.395962
5.119820,0.387260
5.119142,0.378558
5.078854,0.369855
5.078954,0.361153
5.079442,0.352450
5.080317,0.343748
5.081579,0.335045
5.083229,0.326343
5.085267,0.317640
5.027590,0.308938
4.970236,0.300235
4.973370,0.291533
4.936740,0.282830
4.940609,0.274128
4.944862,0.265425
4.949499,0.256723
4.954522,0.248020
4.959934,0.239318
4.965736,0.230615
4.971931,0.221913
4.978520,0.213211
4.985508,0.204508
4.992896,0.195806
5.041352,0.187103
5.008884,0.178401
5.017491,0.169698
5.026512,0.160996
5.035949,0.152293
5.058740,0.143591
5.056415,0.134888
5.072711,0.126186
5.119590,0.117483
5.010060,0.108781
4.853465,0.100078
4.698419,0.091376
4.570044,0.082673
4.426155,0.073971
4.303933,0.065269
4.192260,0.056566
4.084587,0.047864
3.980579,0.039161
3.883268,0.030459
3.787370,0.021756
3.694250,0.013054
3.603688,0.004351
3.525059,-0.004351
3.440450,-0.013054
3.379432,-0.021756
3.312359,-0.030459
3.256349,-0.039161
3.180142,-0.047864
3.105330,-0.056566
3.050408,-0.065269
3.001356,-0.073971
2.953556,-0.082674
2.906568,-0.091376
2.839592,-0.100078
2.795948,-0.108781
2.755732,-0.117483
2.692091,-0.126186
2.651886,-0.134888
2.612440,-0.143591
2.579695,-0.152293
2.542465,-0.160996
2.505847,-0.169698
2.478247,-0.178401
2.443533,-0.187103
2.409308,-0.195806
2.362517,-0.204508
2.329803,-0.213211
2.321566,-0.221913
2.289738,-0.230616
2.258244,-0.239318
2.227060,-0.248021
2.196160,-0.256723
2.165519,-0.265425
2.135116,-0.274128
2.130096,-0.282830
2.100269,-0.291533
2.070616,-0.300235
2.041118,-0.308938
2.037627,-0.317640
2.008562,-0.326343
1.979594,-0.335045
1.977157,-0.343748
1.948527,-0.352450
1.919942,-0.361153
1.918456,-0.369855
1.890119,-0.378558
1.861775,-0.387260
1.861151,-0.395963
1.832970,-0.404665
1.832955,-0.413367
1.820965,-0.422070
1.805486,-0.430772
1.790403,-0.439475
1.775704,-0.448177
1.761378,-0.456880
1.747413,-0.465582
1.733798,-0.474285
1.720524,-0.482987
1.707581,-0.491690
1.694959,-0.500392
1.682650,-0.509095
1.670644,-0.517797
1.658934,-0.526500
1.647512,-0.535202
1.636369,-0.543905
1.625500,-0.552607
1.614896,-0.561310
1.604550,-0.570012
1.594457,-0.578714
1.584610,-0.587417
1.575004,-0.596119
1.565631,-0.604822
1.556488,-0.613524
1.547567,-0.622227
1.538865,-0.630929
1.530376,-0.639632
1.522095,-0.648334
1.514019,-0.657037
1.506141,-0.665739
1.498459,-0.674442
1.490968,-0.683144
1.483663,-0.691847
1.476542,-0.700549
1.469600,-0.709252
1.462834,-0.717954
1.456240,-0.726657
1.449816,-0.735359
1.443557,-0.744061
1.437461,-0.752764
1.431525,-0.761466
1.425746,-0.770169
1.420121,-0.778871
1.414648,-0.787574
1.409323,-0.796276
1.404145,-0.804979
1.399111,-0.813681
1.394219,-0.822384
1.389466,-0.831086
1.384851,-0.839789
1.380371,-0.848491
1.376025,-0.857194
1.371810,-0.865896
1.367724,-0.874599
1.363766,-0.883301
1.359935,-0.892003
1.356228,-0.900706
1.352643,-0.909408
1.349180,-0.918111
1.345837,-0.926813
1.342613,-0.935516
1.339506,-0.944218
1.336514,-0.952921
1.333637,-0.961623
1.330874,-0.970326
1.328223,-0.979028
1.325684,-0.987731
1.323254,-0.996433
1.320934,-1.005136
1.318723,-1.013838
1.316619,-1.022541
1.314621,-1.031243
1.312729,-1.039946
1.310943,-1.048648
1.309261,-1.057350
1.307683,-1.066053
1.306207,-1.074755
1.304835,-1.083458
1.303564,-1.092160
1.302395,-1.100863
1.301328,-1.109565
1.300360,-1.118268
1.299494,-1.126970
1.298727,-1.135673
1.298060,-1.144375
1.297492,-1.153078
1.297023,-1.161780
1.296654,-1.170483
1.296383,-1.179185
1.296212,-1.187888
1.296139,-1.196590
1.296165,-1.205293
1.296289,-1.213995
1.296512,-1.222697
1.296834,-1.231400
1.297255,-1.240102
1.297776,-1.248805
1.298395,-1.257507
1.299114,-1.266210
1.299933,-1.274912
1.300852,-1.283615
1.301872,-1.292317
1.302992,-1.301020
1.304214,-1.309722
1.305538,-1.318425
1.306964,-1.327127
1.308493,-1.335830
1.310125,-1.344532
1.311861,-1.353235
1.313703,-1.361937
1.315649,-1.370639
1.317702,-1.379342
1.319862,-1.388044
1.322130,-1.396747
1.324507,-1.405449
1.326994,-1.414152
1.329591,-1.422854
1.332301,-1.431557
1.335123,-1.440259
1.338059,-1.448962
1.341111,-1.457664
1.344279,-1.466367
1.347565,-1.475069
1.350971,-1.483772
1.354497,-1.492474
1.358145,-1.501177
1.361917,-1.509879
1.365814,-1.518582
1.369838,-1.527284
1.373991,-1.535986
1.378274,-1.544689
1.382690,-1.553391
1.387240,-1.562094
1.391927,-1.570796
