scan.pos:6.524568,2.477588,-2.2647501.703354,1.562094
1.680570,1.553391
1.662986,1.544689
1.645339,1.535986
1.624403,1.527284
1.607103,1.518581
1.614732,1.509879
1.597954,1.501177
1.581068,1.492474
1.563334,1.483772
1.546696,1.475069
1.545211,1.466367
1.476189,1.457664
1.463806,1.448962
1.451738,1.440259
1.416029,1.431557
1.377740,1.422854
1.366961,1.414152
1.356452,1.405449
1.346204,1.396747
1.336212,1.388044
1.326466,1.379342
1.316962,1.370639
1.307692,1.361937
1.298649,1.353234
1.289828,1.344532
1.281223,1.335830
1.272829,1.327127
1.264639,1.318425
1.256649,1.309722
1.248855,1.301020
1.241250,1.292317
1.233830,1.283615
1.226592,1.274912
1.219530,1.266210
1.212641,1.257507
1.205921,1.248805
1.199365,1.240102
1.192971,1.231400
1.186735,1.222697
1.180653,1.213995
1.174722,1.205292
1.168939,1.196590
1.163300,1.187888
1.157804,1.179185
1.152446,1.170483
1.147225,1.161780
1.142138,1.153078
1.137181,1.144375
1.132354,1.135673
1.127652,1.126970
1.123075,1.118268
1.118620,1.109565
1.114284,1.100863
1.110066,1.092160
1.105964,1.083458
1.101975,1.074755
1.098099,1.066053
1.094333,1.057350
1.090675,1.048648
1.087124,1.039945
1.083678,1.031243
1.080337,1.022541
1.077097,1.013838
1.073959,1.005136
1.070920,0.996433
1.067979,0.987731
1.065135,0.979028
1.062387,0.970326
1.059734,0.961623
1.057174,0.952921
1.054707,0.944218
1.052331,0.935516
1.050046,0.926813
1.047850,0.918111
1.045743,0.909408
1.002793,0.900706
1.000936,0.892003
0.999163,0.883301
0.997471,0.874598
0.995860,0.865896
0.994331,0.857194
0.992882,0.848491
0.991512,0.839789
0.990221,0.831086
0.989009,0.822384
0.987875,0.813681
0.986819,0.804979
0.985840,0.796276
0.984937,0.787574
0.984112,0.778871
0.983362,0.770169
0.982689,0.761466
0.982091,0.752764
0.981568,0.744061
0.941075,0.735359
0.940718,0.726656
0.940433,0.717954
0.940220,0.709251
0.940078,0.700549
0.940008,0.691847
0.940010,0.683144
0.940083,0.674442
0.940228,0.665739
0.940444,0.657037
0.940732,0.648334
0.941092,0.639632
0.941524,0.630929
0.942028,0.622227
0.942605,0.613524
0.943254,0.604822
0.943976,0.596119
0.944771,0.587417
0.945640,0.578714
0.946582,0.570012
0.947598,0.561309
0.948689,0.552607
0.949855,0.543905
0.951096,0.535202
0.952413,0.526500
0.953807,0.517797
0.955277,0.509095
0.956825,0.500392
0.958451,0.491690
0.960156,0.482987
0.961940,0.474285
0.963805,0.465582
0.965750,0.456880
0.967777,0.448177
0.969887,0.439475
0.972080,0.430772
0.974357,0.422070
0.976720,0.413367
0.979169,0.404665
0.981705,0.395962
0.984329,0.387260
0.987043,0.378558
0.989848,0.369855
0.992744,0.361153
0.995733,0.352450
0.998817,0.343748
1.001996,0.335045
1.005273,0.326343
1.008648,0.317640
1.012123,0.308938
1.015700,0.300235
1.019380,0.291533
1.023165,0.282830
1.027057,0.274128
1.031057,0.265425
1.035168,0.256723
1.039391,0.248020
1.043728,0.239318
1.048182,0.230615
1.052755,0.221913
1.057448,0.213211
1.062265,0.204508
1.067208,0.195806
1.072279,0.187103
1.077481,0.178401
1.082816,0.169698
1.088288,0.160996
1.093899,0.152293
1.099652,0.143591
1.105551,0.134888
1.111599,0.126186
1.117798,0.117483
1.124154,0.108781
1.130668,0.100078
1.137346,0.091376
1.144191,0.082673
1.151207,0.073971
1.158398,0.065269
1.165769,0.056566
1.173324,0.047864
1.181068,0.039161
1.189006,0.030459
1.197144,0.021756
1.205486,0.013054
1.214038,0.004351
1.222807,-0.004351
1.231797,-0.013054
1.241016,-0.021756
1.250470,-0.030459
1.260165,-0.039161
1.270110,-0.047864
1.280311,-0.056566
1.290776,-0.065269
1.301514,-0.073971
1.312533,-0.082674
1.323841,-0.091376
1.323355,-0.100078
1.339975,-0.108781
1.356416,-0.117483
1.345234,-0.126186
1.361566,-0.134888
1.377740,-0.143591
1.393764,-0.152293
1.409646,-0.160996
1.425393,-0.169698
1.414812,-0.178401
1.430503,-0.187103
1.446076,-0.195806
1.461538,-0.204508
1.476895,-0.213211
1.492154,-0.221913
1.507322,-0.230616
1.522403,-0.239318
1.537405,-0.248021
1.527691,-0.256723
1.518215,-0.265425
1.533308,-0.274128
1.548336,-0.282830
1.563303,-0.291533
1.578215,-0.300235
1.616855,-0.308938
1.631540,-0.317640
1.646188,-0.326343
1.684195,-0.335045
1.628852,-0.343748
1.620504,-0.352450
1.612363,-0.361153
1.581505,-0.369855
1.528257,-0.378558
1.498334,-0.387260
1.491401,-0.395963
1.484644,-0.404665
1.366086,-0.413367
1.360158,-0.422070
1.309978,-0.430772
1.282428,-0.439475
1.277223,-0.448177
1.228288,-0.456880
1.223527,-0.465582
1.218896,-0.474285
1.171020,-0.482987
1.166797,-0.491690
1.162693,-0.500392
1.137248,-0.509095
1.133446,-0.517797
1.129756,-0.526500
1.126176,-0.535202
1.122703,-0.543905
1.077097,-0.552607
1.073959,-0.561310
1.070920,-0.570012
1.067979,-0.578714
1.065135,-0.587417
1.062387,-0.596119
1.059734,-0.604822
1.057174,-0.613524
1.054707,-0.622227
1.052331,-0.630929
1.050046,-0.639632
1.047850,-0.648334
1.045743,-0.657037
1.043723,-0.665739
1.041791,-0.674442
1.039945,-0.683144
1.038184,-0.691847
1.036508,-0.700549
1.034916,-0.709252
1.033407,-0.717954
1.031982,-0.726657
1.030638,-0.735359
1.029377,-0.744061
1.028196,-0.752764
1.027097,-0.761466
1.026078,-0.770169
1.025139,-0.778871
1.024280,-0.787574
1.023499,-0.796276
1.022799,-0.804979
1.022176,-0.813681
1.021632,-0.822384
1.021167,-0.831086
1.020780,-0.839789
1.020470,-0.848491
1.060248,-0.857194
1.060088,-0.865896
1.060009,-0.874599
1.060011,-0.883301
1.060093,-0.892003
1.060257,-0.900706
1.080510,-0.909408
1.080841,-0.918111
1.121301,-0.926813
1.121816,-0.935516
1.122417,-0.944218
1.123104,-0.952921
1.164016,-0.961623
1.164907,-0.970326
1.165888,-0.979028
1.166960,-0.987731
1.228542,-0.996433
1.350832,-1.005136
1.352387,-1.013838
1.414678,-1.022541
1.497470,-1.031243
1.499544,-1.039946
1.501738,-1.048648
1.524378,-1.057350
1.526848,-1.066053
1.590621,-1.074755
1.695594,-1.083458
1.760146,-1.092160
1.845583,-1.100863
1.910952,-1.109565
1.956145,-1.118268
1.981045,-1.126970
1.985525,-1.135673
2.093832,-1.144375
2.098909,-1.153078
2.166671,-1.161780
2.276720,-1.170483
2.303749,-1.179185
2.352103,-1.187888
2.400907,-1.196590
2.407932,-1.205293
5.386036,-1.213995
5.402716,-1.222697
5.419913,-1.231400
5.437636,-1.240102
5.455893,-1.248805
5.474690,-1.257507
5.494037,-1.266210
5.513943,-1.274912
5.534416,-1.283615
5.599172,-1.292317
5.620980,-1.301020
5.687439,-1.309722
5.710642,-1.318425
5.734473,-1.327127
5.781246,-1.335830
5.806467,-1.344532
5.832355,-1.353235
5.858922,-1.361937
5.886183,-1.370639
5.914152,-1.379342
5.942842,-1.388044
5.958138,-1.396747
6.002449,-1.405449
6.010122,-1.414152
6.041733,-1.422854
6.027098,-1.431557
6.060067,-1.440259
6.093866,-1.448962
6.128513,-1.457664
6.164029,-1.466367
6.273030,-1.475069
