scan.pos:4.687144,7.060963,2.4684356.728804,1.562094
6.776215,1.553391
6.824821,1.544689
6.874659,1.535986
7.083733,1.527284
7.137331,1.518581
7.192297,1.509879
7.248673,1.501177
7.306501,1.492474
7.365824,1.483772
7.426689,1.475069
7.489143,1.466367
7.609384,1.457664
7.670885,1.448962
4.508816,1.431557
4.471396,1.422854
4.434927,1.414152
4.399381,1.405449
4.364729,1.396747
4.330946,1.388044
4.298007,1.379342
4.265888,1.370639
4.234565,1.361937
4.204017,1.353234
4.174222,1.344532
4.145160,1.335830
4.116811,1.327127
4.089156,1.318425
4.062178,1.309722
4.035859,1.301020
4.059581,1.292317
4.024738,1.283615
4.009480,1.274912
4.009591,1.266210
4.010004,1.257507
3.986750,1.248805
3.964064,1.240102
3.941934,1.231400
3.943912,1.222697
3.922729,1.213995
3.902067,1.205292
3.881916,1.196590
3.862264,1.187888
3.843102,1.179185
3.824418,1.170483
3.806204,1.161780
3.788450,1.153078
3.771146,1.144375
3.754285,1.135673
3.737856,1.126970
3.721854,1.118268
3.706268,1.109565
3.691093,1.100863
3.676320,1.092160
3.640062,1.083458
3.582562,1.074755
3.569200,1.066053
3.556206,1.057350
3.543576,1.048648
3.531303,1.039945
3.519382,1.031243
3.507807,1.022541
3.496574,1.013838
3.485677,1.005136
3.517399,0.996433
3.507036,0.987731
3.518020,0.979028
3.508247,0.970326
3.540606,0.961623
3.552212,0.952921
3.584826,0.944218
3.617550,0.935516
3.629693,0.926813
3.765965,0.918111
3.778276,0.909408
3.828767,0.900706
3.808240,0.892003
3.940154,0.883301
4.020319,0.874598
4.050331,0.865896
4.174565,0.857194
4.191007,0.848491
4.366306,0.839789
4.568898,0.831086
4.837345,0.822384
5.119766,0.813681
7.767528,0.657037
7.768497,0.648334
7.770058,0.639632
7.772212,0.630929
7.774959,0.622227
7.778301,0.613524
7.782238,0.604822
7.786773,0.596119
7.791907,0.587417
7.386765,0.543905
6.928504,0.535202
6.489654,0.526500
6.110949,0.517797
5.759587,0.509095
5.470870,0.500392
5.221310,0.491690
4.967599,0.482987
4.748166,0.474285
4.540854,0.465582
4.364572,0.456880
4.177155,0.448177
4.018447,0.439475
3.884682,0.430772
3.742993,0.422070
3.627580,0.413367
3.517288,0.404665
3.390845,0.395962
3.289277,0.387260
3.191478,0.378558
3.097097,0.369855
3.026804,0.361153
2.938421,0.352450
2.853113,0.343748
2.792612,0.335045
2.713095,0.326343
2.656776,0.317640
2.580978,0.308938
2.528213,0.300235
2.477058,0.291533
2.427399,0.282830
2.379126,0.274128
2.332142,0.265425
2.279978,0.256723
2.236454,0.248020
2.193931,0.239318
2.152340,0.230615
2.111616,0.221913
2.071701,0.213211
2.032537,0.204508
1.994073,0.195806
1.956260,0.187103
1.921879,0.178401
1.908901,0.169698
1.873762,0.160996
1.839090,0.152293
1.804849,0.143591
1.794235,0.134888
1.760880,0.126186
1.727862,0.117483
1.704688,0.108781
1.696770,0.100078
1.665498,0.091376
1.634447,0.082673
1.627739,0.073971
1.597205,0.065269
1.591261,0.056566
1.561166,0.047864
1.546702,0.039161
1.517535,0.030459
1.513502,0.021756
1.484620,0.013054
1.481177,0.004351
1.452520,-0.004351
1.443651,-0.013054
1.415682,-0.021756
1.413810,-0.030459
1.385943,-0.039161
1.384536,-0.047864
1.383451,-0.056566
1.352836,-0.065269
1.352674,-0.073971
1.325444,-0.082674
1.325673,-0.091376
1.298369,-0.100078
1.298964,-0.108781
1.298151,-0.117483
1.286996,-0.126186
1.276127,-0.134888
1.265536,-0.143591
1.255215,-0.152293
1.245154,-0.160996
1.235347,-0.169698
1.225785,-0.178401
1.216462,-0.187103
1.207372,-0.195806
1.198506,-0.204508
1.189860,-0.213211
1.181427,-0.221913
1.173202,-0.230616
1.165178,-0.239318
1.157351,-0.248021
1.149716,-0.256723
1.142267,-0.265425
1.134999,-0.274128
1.127909,-0.282830
1.120992,-0.291533
1.114243,-0.300235
1.107659,-0.308938
1.101236,-0.317640
1.094970,-0.326343
1.088857,-0.335045
1.082894,-0.343748
1.077077,-0.352450
1.071404,-0.361153
1.065871,-0.369855
1.060475,-0.378558
1.055214,-0.387260
1.050084,-0.395963
1.045083,-0.404665
1.040208,-0.413367
1.035457,-0.422070
1.030827,-0.430772
1.026316,-0.439475
1.021922,-0.448177
1.017643,-0.456880
1.013476,-0.465582
1.009420,-0.474285
1.005473,-0.482987
1.001632,-0.491690
0.997896,-0.500392
0.994263,-0.509095
0.990732,-0.517797
0.987300,-0.526500
0.983967,-0.535202
0.980731,-0.543905
0.977591,-0.552607
0.974544,-0.561310
0.972608,-0.570012
0.969742,-0.578714
0.966967,-0.587417
0.964281,-0.596119
0.961683,-0.604822
0.959171,-0.613524
0.956745,-0.622227
0.954404,-0.630929
0.952147,-0.639632
0.949973,-0.648334
0.947880,-0.657037
0.945869,-0.665739
0.943938,-0.674442
0.942086,-0.683144
0.940313,-0.691847
0.938618,-0.700549
0.937000,-0.709252
0.935459,-0.717954
0.933995,-0.726657
0.932605,-0.735359
0.931291,-0.744061
0.930051,-0.752764
0.928885,-0.761466
0.927792,-0.770169
0.926773,-0.778871
0.925826,-0.787574
0.924951,-0.796276
0.924148,-0.804979
0.923418,-0.813681
0.922758,-0.822384
0.922169,-0.831086
0.921652,-0.839789
0.921205,-0.848491
0.920829,-0.857194
0.920523,-0.865896
0.920287,-0.874599
0.920121,-0.883301
0.920026,-0.892003
0.920001,-0.900706
0.920045,-0.909408
0.920160,-0.918111
0.920345,-0.926813
0.920600,-0.935516
0.920926,-0.944218
0.921321,-0.952921
0.921788,-0.961623
0.922325,-0.970326
0.922933,-0.979028
0.923612,-0.987731
0.924363,-0.996433
0.925186,-1.005136
0.926080,-1.013838
0.927047,-1.022541
0.928087,-1.031243
0.929199,-1.039946
0.930386,-1.048648
0.931646,-1.057350
0.932982,-1.066053
0.934392,-1.074755
0.935878,-1.083458
0.937440,-1.092160
0.939079,-1.100863
0.940795,-1.109565
0.942590,-1.118268
0.944463,-1.126970
0.946417,-1.135673
0.948450,-1.144375
0.950565,-1.153078
0.952763,-1.161780
0.955043,-1.170483
0.957407,-1.179185
0.959856,-1.187888
0.962392,-1.196590
0.965014,-1.205293
0.967725,-1.213995
0.970525,-1.222697
0.973416,-1.231400
0.976398,-1.240102
0.979474,-1.248805
0.982644,-1.257507
0.985910,-1.266210
0.989274,-1.274912
0.992736,-1.283615
0.996299,-1.292317
0.999964,-1.301020
1.003733,-1.309722
1.007607,-1.318425
1.011589,-1.327127
1.015679,-1.335830
1.019881,-1.344532
1.024197,-1.353235
1.028627,-1.361937
1.033176,-1.370639
1.037843,-1.379342
1.042634,-1.388044
1.047548,-1.396747
1.052590,-1.405449
1.057761,-1.414152
1.063065,-1.422854
1.068504,-1.431557
1.074082,-1.440259
1.079800,-1.448962
1.085663,-1.457664
1.091673,-1.466367
1.097835,-1.475069
1.104150,-1.483772
1.110624,-1.492474
1.117260,-1.501177
1.124062,-1.509879
1.129851,-1.518582
1.136989,-1.527284
1.144306,-1.535986
1.151806,-1.544689
1.159495,-1.553391
1.167375,-1.562094
1.175454,-1.570796
