scan.pos:-0.539522,7.241379,-2.7647501.010936,1.562094
1.007495,1.553391
1.004154,1.544689
1.000910,1.535986
0.997763,1.527284
0.994712,1.518581
0.991754,1.509879
0.988889,1.501177
0.986115,1.492474
0.983432,1.483772
0.980837,1.475069
0.978331,1.466367
0.975911,1.457664
0.973577,1.448962
0.971329,1.440259
0.969164,1.431557
0.967082,1.422854
0.965083,1.414152
0.963165,1.405449
0.961328,1.396747
0.959570,1.388044
0.957892,1.379342
0.956293,1.370639
0.954771,1.361937
0.953327,1.353234
0.951959,1.344532
0.950668,1.335830
0.949452,1.327127
0.948312,1.318425
0.947246,1.309722
0.946255,1.301020
0.945338,1.292317
0.944494,1.283615
0.943724,1.274912
0.943026,1.266210
0.942402,1.257507
0.941850,1.248805
0.941370,1.240102
0.940962,1.231400
0.940627,1.222697
0.940363,1.213995
0.940171,1.205292
0.940050,1.196590
0.940001,1.187888
0.940024,1.179185
0.940118,1.170483
0.940284,1.161780
0.940522,1.153078
0.940831,1.144375
0.941212,1.135673
0.941666,1.126970
0.942191,1.118268
0.942789,1.109565
0.943460,1.100863
0.944204,1.092160
0.945020,1.083458
0.945911,1.074755
0.987167,1.066053
0.988250,1.057350
0.989410,1.048648
0.990649,1.039945
0.993362,1.031243
0.994761,1.022541
0.996240,1.013838
0.997799,1.005136
0.999439,0.996433
1.001161,0.987731
1.002965,0.979028
1.004852,0.970326
1.006824,0.961623
1.008880,0.952921
1.011022,0.944218
1.013250,0.935516
1.015566,0.926813
1.017969,0.918111
1.020463,0.909408
1.023046,0.900706
1.025721,0.892003
1.028488,0.883301
1.031350,0.874598
1.034306,0.865896
1.037358,0.857194
1.040508,0.848491
1.043757,0.839789
1.047106,0.831086
1.050557,0.822384
1.097076,0.813681
1.100884,0.804979
1.104804,0.796276
1.108836,0.787574
1.134776,0.778871
1.139123,0.770169
1.143591,0.761466
1.148182,0.752764
1.197181,0.744061
1.202210,0.735359
1.229704,0.726656
5.331371,0.717954
5.145545,0.709251
5.071530,0.700549
4.978492,0.691847
4.905753,0.683144
4.838352,0.674442
4.743644,0.665739
4.678798,0.657037
4.607895,0.648334
4.545415,0.639632
4.484411,0.630929
4.414744,0.622227
4.355696,0.613524
4.310281,0.604822
4.253092,0.596119
4.197054,0.587417
4.152669,0.578714
4.098178,0.570012
4.029392,0.561309
4.000957,0.552607
3.957015,0.543905
3.905081,0.535202
3.853952,0.526500
3.810253,0.517797
3.785774,0.509095
3.793845,0.500392
3.745027,0.491690
3.727678,0.482987
3.706204,0.474285
3.689253,0.465582
3.696033,0.456880
3.704151,0.448177
3.713606,0.439475
3.696866,0.430772
3.708762,0.422070
3.697501,0.413367
3.729524,0.404665
3.747874,0.395962
3.791683,0.387260
3.808291,0.378558
3.853186,0.369855
3.898556,0.361153
3.917483,0.352450
3.964116,0.343748
4.011324,0.335045
4.032809,0.326343
4.081477,0.317640
4.130831,0.308938
4.232450,0.300235
4.334118,0.291533
4.435905,0.282830
4.462162,0.274128
4.539832,0.265425
4.643062,0.256723
4.697187,0.248020
4.777001,0.239318
4.833219,0.230615
4.923450,0.221913
4.982856,0.213211
5.022338,0.204508
5.102944,0.195806
3.047354,-0.091376
3.039567,-0.100078
3.011286,-0.108781
2.921227,-0.117483
2.914479,-0.126186
2.846123,-0.134888
2.840010,-0.143591
2.813604,-0.152293
2.808013,-0.160996
2.761749,-0.169698
2.756700,-0.178401
2.751879,-0.187103
2.747284,-0.195806
2.742913,-0.204508
2.738763,-0.213211
2.734835,-0.221913
2.731125,-0.230616
2.727633,-0.239318
2.724356,-0.248021
2.721295,-0.256723
2.718447,-0.265425
2.655471,-0.274128
2.653101,-0.282830
2.610779,-0.291533
2.588786,-0.300235
2.587071,-0.308938
2.585556,-0.317640
2.544180,-0.326343
2.543078,-0.335045
2.542171,-0.343748
2.541458,-0.352450
2.540939,-0.361153
2.540613,-0.369855
2.540481,-0.378558
2.540542,-0.387260
2.540797,-0.395963
2.541245,-0.404665
2.541888,-0.413367
2.542724,-0.422070
2.543754,-0.430772
2.544980,-0.439475
2.546400,-0.448177
2.548016,-0.456880
2.549829,-0.465582
2.551838,-0.474285
2.554046,-0.482987
2.556452,-0.491690
2.559058,-0.500392
2.602201,-0.509095
2.605256,-0.517797
2.568083,-0.526500
2.571498,-0.535202
2.575118,-0.543905
2.578946,-0.552607
2.582982,-0.561310
2.587227,-0.570012
2.591685,-0.578714
2.596355,-0.587417
2.601242,-0.596119
2.614500,-0.604822
2.616174,-0.613524
2.620436,-0.622227
2.631566,-0.630929
2.686707,-0.639632
2.689924,-0.648334
2.669273,-0.657037
2.587798,-0.665739
2.501529,-0.674442
2.445482,-0.683144
2.390449,-0.691847
2.315156,-0.700549
2.263606,-0.709252
2.212722,-0.717954
2.146246,-0.726657
2.098016,-0.735359
2.036982,-0.744061
1.990935,-0.752764
1.945159,-0.761466
1.912054,-0.770169
1.868034,-0.778871
1.839178,-0.787574
1.796622,-0.796276
1.754099,-0.804979
1.730253,-0.813681
1.711015,-0.822384
1.668361,-0.831086
1.650258,-0.839789
1.610461,-0.848491
1.593336,-0.857194
1.553606,-0.865896
1.539859,-0.874599
1.500720,-0.883301
1.492296,-0.892003
1.453584,-0.900706
1.437784,-0.909408
1.421930,-0.918111
1.406019,-0.926813
1.390045,-0.935516
1.350314,-0.944218
1.334065,-0.952921
1.317734,-0.961623
1.301315,-0.970326
1.284802,-0.979028
1.292577,-0.987731
1.276008,-0.996433
1.234637,-1.005136
1.217685,-1.013838
1.225620,-1.022541
1.208574,-1.031243
1.191392,-1.039946
1.174067,-1.048648
1.156590,-1.057350
1.164838,-1.066053
1.147223,-1.074755
1.129436,-1.083458
1.111470,-1.092160
1.093315,-1.100863
1.101836,-1.109565
1.083489,-1.118268
1.064931,-1.126970
1.073681,-1.135673
1.054899,-1.144375
1.035879,-1.153078
1.044851,-1.161780
1.039136,-1.170483
1.030311,-1.179185
1.021712,-1.187888
1.013333,-1.196590
1.005165,-1.205293
0.997203,-1.213995
0.989442,-1.222697
0.981874,-1.231400
0.974495,-1.240102
0.967299,-1.248805
0.960281,-1.257507
0.953436,-1.266210
0.946760,-1.274912
0.940248,-1.283615
0.933895,-1.292317
0.927698,-1.301020
0.921652,-1.309722
0.915754,-1.318425
0.910000,-1.327127
0.904386,-1.335830
0.898908,-1.344532
0.893565,-1.353235
0.888352,-1.361937
0.883266,-1.370639
0.878305,-1.379342
0.873465,-1.388044
0.868744,-1.396747
0.864139,-1.405449
0.859648,-1.414152
0.855268,-1.422854
0.850997,-1.431557
0.846833,-1.440259
0.842773,-1.448962
0.838815,-1.457664
0.834958,-1.466367
0.831199,-1.475069
0.827536,-1.483772
0.823968,-1.492474
0.820493,-1.501177
0.817109,-1.509879
0.813815,-1.518582
0.810608,-1.527284
0.807488,-1.535986
0.804453,-1.544689
0.801501,-1.553391
0.798632,-1.562094
0.795843,-1.570796
