scan.pos:-6.094769,-6.095037,0.7852502.694551,1.562094
2.703574,1.553391
2.741020,1.544689
2.751068,1.535986
2.791093,1.527284
2.802725,1.518581
2.841942,1.509879
2.854732,1.501177
2.898721,1.492474
2.913253,1.483772
2.954639,1.475069
2.970497,1.466367
3.012876,1.457664
3.036733,1.448962
3.080755,1.440259
3.125300,1.431557
3.145365,1.422854
3.199985,1.414152
3.222331,1.405449
3.270235,1.396747
3.294454,1.388044
3.344006,1.379342
3.381905,1.370639
3.433893,1.361937
3.486812,1.353234
3.540716,1.344532
3.572086,1.335830
3.643104,1.327127
3.677809,1.318425
3.737223,1.309722
3.797967,1.301020
3.860119,1.292317
3.900899,1.283615
3.985406,1.274912
4.030562,1.266210
4.100273,1.257507
4.171893,1.248805
4.245540,1.240102
4.321342,1.231400
4.401591,1.222697
4.483171,1.213995
4.567379,1.205292
4.654387,1.196590
4.744385,1.187888
4.859299,1.179185
4.943163,1.170483
5.066269,1.161780
5.171695,1.153078
5.281379,1.144375
5.416990,1.135673
5.557390,1.126970
5.678046,1.118268
5.831013,1.109565
5.990144,1.100863
6.134945,1.092160
6.308128,1.083458
6.489267,1.074755
6.679106,1.066053
6.888661,1.057350
7.100948,1.048648
7.324924,1.039945
7.582475,1.031243
4.596263,0.683144
4.284085,0.674442
3.920304,0.665739
3.665151,0.657037
3.587192,0.648334
3.489168,0.639632
3.250816,0.630929
3.052692,0.622227
2.996202,0.613524
2.838230,0.604822
2.822375,0.596119
2.827058,0.587417
2.831974,0.578714
2.796228,0.570012
2.801535,0.561309
2.807076,0.552607
2.812854,0.543905
2.818871,0.535202
2.783812,0.526500
2.790219,0.517797
2.796869,0.509095
2.782958,0.500392
2.790050,0.491690
2.797391,0.482987
2.804986,0.474285
2.812836,0.465582
2.820946,0.456880
2.829319,0.448177
2.837959,0.439475
2.846869,0.430772
2.856053,0.422070
2.865516,0.413367
2.875261,0.404665
2.885293,0.395962
2.895617,0.387260
2.906238,0.378558
2.899735,0.369855
2.928386,0.361153
2.895964,0.352450
2.907643,0.343748
2.919640,0.335045
2.931960,0.326343
2.944609,0.317640
2.957595,0.308938
2.970923,0.300235
2.984600,0.291533
2.998632,0.282830
3.013028,0.274128
3.027795,0.265425
3.042939,0.256723
3.058470,0.248020
3.074396,0.239318
3.090725,0.230615
3.107467,0.221913
3.124630,0.213211
3.142224,0.204508
3.160260,0.195806
3.178747,0.187103
3.197697,0.178401
3.217121,0.169698
3.237030,0.160996
3.237780,0.152293
3.278353,0.143591
3.299793,0.134888
3.321770,0.126186
3.344298,0.117483
3.571860,0.108781
3.596973,0.100078
6.257381,-0.169698
6.048029,-0.178401
5.987271,-0.187103
5.951812,-0.195806
5.917220,-0.204508
5.883471,-0.213211
5.850550,-0.221913
5.818435,-0.230616
5.787108,-0.239318
5.756554,-0.248021
5.726755,-0.256723
5.697693,-0.265425
5.669355,-0.274128
5.641725,-0.282830
5.614789,-0.291533
5.588531,-0.300235
5.562941,-0.308938
5.538003,-0.317640
5.513706,-0.326343
5.490037,-0.335045
5.466985,-0.343748
5.444539,-0.352450
5.422688,-0.361153
5.401421,-0.369855
5.380729,-0.378558
5.360600,-0.387260
5.341028,-0.395963
5.322001,-0.404665
5.325007,-0.413367
5.349818,-0.422070
5.332167,-0.430772
5.400166,-0.439475
5.446928,-0.448177
5.451512,-0.456880
5.540839,-0.465582
5.619961,-0.474285
5.669728,-0.482987
5.832700,-0.491690
6.004478,-0.500392
6.404130,-0.509095
6.618814,-0.517797
6.824513,-0.526500
7.291149,-0.535202
7.565030,-0.543905
7.574539,-1.039946
7.317485,-1.048648
7.093960,-1.057350
6.882086,-1.066053
6.672982,-1.074755
6.483482,-1.083458
6.302654,-1.092160
6.129757,-1.100863
5.985221,-1.109565
5.826334,-1.118268
5.673593,-1.126970
5.553202,-1.135673
5.412993,-1.144375
5.277561,-1.153078
5.168046,-1.161780
5.062777,-1.170483
4.939816,-1.179185
4.856134,-1.187888
4.741345,-1.196590
4.651469,-1.205293
4.564574,-1.213995
4.480474,-1.222697
4.398994,-1.231400
4.318875,-1.240102
4.243163,-1.248805
4.169600,-1.257507
4.098060,-1.266210
4.028425,-1.274912
3.983345,-1.283615
3.898932,-1.292317
3.858220,-1.301020
3.796129,-1.309722
3.735445,-1.318425
3.676086,-1.327127
3.626628,-1.335830
3.570493,-1.344532
3.539176,-1.353235
3.485317,-1.361937
3.432442,-1.370639
3.380495,-1.379342
3.342661,-1.388044
3.293147,-1.396747
3.268970,-1.405449
3.221099,-1.414152
3.198793,-1.422854
3.144224,-1.431557
3.124194,-1.440259
3.079679,-1.448962
3.035684,-1.457664
3.011877,-1.466367
2.969524,-1.475069
2.953697,-1.483772
2.912335,-1.492474
2.897832,-1.501177
2.853882,-1.509879
2.841120,-1.518582
2.801922,-1.527284
2.790317,-1.535986
2.750326,-1.544689
2.740304,-1.553391
2.702875,-1.562094
2.693625,-1.570796
