scan.pos:-1.214544,7.101274,-0.2147500.900689,1.562094
0.902441,1.553391
0.904269,1.544689
0.906173,1.535986
0.908155,1.527284
0.910215,1.518581
0.912354,1.509879
0.914573,1.501177
0.916873,1.492474
0.919254,1.483772
0.921718,1.475069
0.924266,1.466367
0.926899,1.457664
0.929618,1.448962
0.932424,1.440259
0.935319,1.431557
0.938303,1.422854
0.941379,1.414152
0.944546,1.405449
0.947808,1.396747
0.951165,1.388044
0.954618,1.379342
0.958171,1.370639
0.961823,1.361937
0.965577,1.353234
0.969434,1.344532
0.973397,1.335830
0.977467,1.327127
0.981646,1.318425
0.985937,1.309722
0.990341,1.301020
0.994860,1.292317
0.999498,1.283615
1.004256,1.274912
1.009136,1.266210
1.014142,1.257507
1.019276,1.248805
1.024540,1.240102
1.029938,1.231400
1.035473,1.222697
1.041147,1.213995
1.046963,1.205292
1.052926,1.196590
1.059038,1.187888
1.065303,1.179185
1.071724,1.170483
1.078306,1.161780
1.085053,1.153078
1.091968,1.144375
1.099057,1.135673
1.106322,1.126970
1.113770,1.118268
1.121405,1.109565
1.129231,1.100863
1.137255,1.092160
1.145482,1.083458
1.153917,1.074755
1.162566,1.066053
1.171436,1.057350
1.180532,1.048648
1.189863,1.039945
1.199434,1.031243
1.209254,1.022541
1.219329,1.013838
1.227888,1.005136
1.238483,0.996433
1.236741,0.987731
1.255057,0.979028
1.246804,0.970326
1.265462,0.961623
1.286221,0.952921
1.305028,0.944218
1.296893,0.935516
1.319387,0.926813
1.338460,0.918111
1.336025,0.909408
1.355556,0.900706
1.380817,0.892003
1.400663,0.883301
1.394977,0.874598
1.422272,0.865896
1.442610,0.857194
1.462898,0.848491
1.467448,0.839789
1.488392,0.831086
1.495075,0.822384
1.516740,0.813681
1.538423,0.804979
1.572147,0.796276
1.594521,0.787574
1.616963,0.778871
1.629757,0.770169
1.653164,0.761466
1.676696,0.752764
1.693029,0.744061
1.717681,0.735359
1.742522,0.726656
1.785663,0.717954
1.811704,0.709251
1.838017,0.700549
1.885069,0.691847
1.912827,0.683144
1.940958,0.674442
1.969490,0.665739
2.000191,0.657037
2.030658,0.648334
2.083671,0.639632
2.120100,0.630929
2.175180,0.622227
2.209039,0.613524
2.252132,0.604822
2.288824,0.596119
2.347965,0.587417
2.407953,0.578714
2.461324,0.570012
2.524814,0.561309
2.589486,0.552607
2.655456,0.543905
2.700785,0.535202
2.792685,0.526500
2.865269,0.517797
2.944669,0.509095
3.044406,0.500392
3.125712,0.491690
3.209779,0.482987
3.331748,0.474285
3.424872,0.465582
3.542550,0.456880
3.685090,0.448177
3.817236,0.439475
3.973382,0.430772
4.115335,0.422070
4.284901,0.413367
4.484023,0.404665
4.696212,0.395962
4.919472,0.387260
5.175853,0.378558
5.470996,0.369855
5.767108,0.361153
6.084895,0.352450
6.509359,0.343748
6.943289,0.335045
7.489633,0.326343
2.358426,-0.178401
2.304824,-0.187103
2.196470,-0.195806
1.957498,-0.204508
1.915453,-0.213211
1.892701,-0.221913
1.853484,-0.230616
1.814988,-0.239318
1.776648,-0.248021
1.762823,-0.256723
1.727239,-0.265425
1.692166,-0.274128
1.660814,-0.282830
1.650356,-0.291533
1.617565,-0.300235
1.590984,-0.308938
1.522595,-0.317640
1.530459,-0.326343
1.529669,-0.335045
1.500058,-0.343748
1.494301,-0.352450
1.452061,-0.361153
1.447650,-0.369855
1.419564,-0.378558
1.404515,-0.387260
1.377349,-0.395963
1.374745,-0.404665
1.362958,-0.413367
1.336784,-0.422070
1.327183,-0.430772
1.301710,-0.439475
1.301516,-0.448177
1.269353,-0.456880
1.270103,-0.465582
1.239563,-0.474285
1.241211,-0.482987
1.216906,-0.491690
1.214718,-0.500392
1.190864,-0.509095
1.190519,-0.517797
1.167066,-0.526500
1.170700,-0.535202
1.145430,-0.543905
1.149848,-0.552607
1.125887,-0.561310
1.131072,-0.570012
1.127202,-0.578714
1.117595,-0.587417
1.108234,-0.596119
1.099111,-0.604822
1.090220,-0.613524
1.081553,-0.622227
1.073104,-0.630929
1.064866,-0.639632
1.056834,-0.648334
1.049001,-0.657037
1.041363,-0.665739
1.033913,-0.674442
1.026646,-0.683144
1.019558,-0.691847
1.011034,-0.700549
1.004300,-0.709252
0.997730,-0.717954
0.991321,-0.726657
0.985068,-0.735359
0.978967,-0.744061
0.997341,-0.752764
1.015569,-0.761466
1.009621,-0.770169
1.003818,-0.778871
0.998157,-0.787574
0.992635,-0.796276
0.987248,-0.804979
0.981993,-0.813681
0.976869,-0.822384
0.971871,-0.831086
0.966997,-0.839789
0.962245,-0.848491
0.957612,-0.857194
0.953096,-0.865896
0.948693,-0.874599
0.944403,-0.883301
0.940223,-0.892003
0.936151,-0.900706
0.932184,-0.909408
0.928322,-0.918111
0.924561,-0.926813
0.920901,-0.935516
0.917338,-0.944218
0.913873,-0.952921
0.910503,-0.961623
0.907227,-0.970326
0.904042,-0.979028
0.900949,-0.987731
0.897944,-0.996433
0.895027,-1.005136
0.892197,-1.013838
0.889453,-1.022541
0.907906,-1.031243
0.926320,-1.039946
0.923706,-1.048648
0.921176,-1.057350
0.918730,-1.066053
0.916367,-1.074755
0.914084,-1.083458
0.911883,-1.092160
0.909761,-1.100863
0.928348,-1.109565
0.926339,-1.118268
0.924408,-1.126970
0.922556,-1.135673
0.920781,-1.144375
0.939506,-1.153078
0.958236,-1.161780
0.956620,-1.170483
0.955082,-1.179185
0.953622,-1.187888
0.952238,-1.196590
0.971163,-1.205293
0.969906,-1.213995
0.988907,-1.222697
1.028097,-1.231400
1.047142,-1.240102
1.046110,-1.248805
1.045160,-1.257507
1.044291,-1.266210
1.123772,-1.274912
1.243332,-1.283615
1.623376,-1.292317
1.642554,-1.301020
2.002216,-1.309722
2.401763,-1.318425
6.804254,-1.327127
