scan.pos:2.279517,6.395467,-0.3647501.696115,1.562094
1.701851,1.553391
1.707756,1.544689
1.713833,1.535986
1.720085,1.527284
1.726514,1.518581
1.733125,1.509879
1.739919,1.501177
1.746900,1.492474
1.754072,1.483772
1.761437,1.475069
1.769000,1.466367
1.776764,1.457664
1.784733,1.448962
1.792911,1.440259
1.801302,1.431557
1.809910,1.422854
1.818740,1.414152
1.827797,1.405449
1.837085,1.396747
1.846609,1.388044
1.856375,1.379342
1.866387,1.370639
1.876651,1.361937
1.887174,1.353234
1.897960,1.344532
1.909017,1.335830
1.920351,1.327127
1.931967,1.318425
1.943874,1.309722
1.956079,1.301020
1.968589,1.292317
1.981412,1.283615
1.994556,1.274912
2.008029,1.266210
2.021840,1.257507
2.035999,1.248805
2.050515,1.240102
2.065398,1.231400
2.080658,1.222697
2.096306,1.213995
2.112353,1.205292
2.128812,1.196590
2.145693,1.187888
2.163010,1.179185
2.180777,1.170483
2.199007,1.161780
2.217714,1.153078
2.236914,1.144375
2.245208,1.135673
2.251116,1.126970
2.285163,1.118268
2.291893,1.109565
2.328708,1.100863
2.336809,1.092160
2.372220,1.083458
2.407794,1.074755
2.421607,1.066053
2.432145,1.057350
2.469263,1.048648
2.506645,1.039945
2.518728,1.031243
2.563897,1.022541
2.577711,1.013838
2.617321,1.005136
2.632430,0.996433
2.673058,0.987731
2.699322,0.979028
2.741667,0.970326
2.784566,0.961623
2.803906,0.952921
2.848176,0.944218
2.881993,0.935516
2.928423,0.926813
2.952020,0.918111
3.000180,0.909408
3.049217,0.900706
3.099186,0.892003
3.143788,0.883301
3.196642,0.874598
3.227742,0.865896
3.283048,0.857194
3.339633,0.848491
3.397578,0.839789
3.455937,0.831086
3.517828,0.822384
3.581381,0.813681
3.646704,0.804979
3.713912,0.796276
3.783128,0.787574
3.859647,0.778871
3.934441,0.770169
4.011720,0.761466
4.091658,0.752764
4.196029,0.744061
4.281790,0.735359
4.370830,0.726656
4.477502,0.717954
4.575352,0.709251
4.698590,0.700549
4.826188,0.691847
4.937418,0.683144
5.074959,0.674442
5.218106,0.665739
5.351683,0.657037
5.509848,0.648334
5.696280,0.639632
5.870030,0.630929
5.907792,0.622227
5.894186,0.613524
5.892528,0.604822
5.883422,0.596119
5.852829,0.587417
5.841187,0.578714
5.830036,0.570012
5.819370,0.561309
5.809184,0.552607
5.799474,0.543905
5.790237,0.535202
5.781469,0.526500
5.773167,0.517797
5.765326,0.509095
5.757945,0.500392
5.751020,0.491690
5.744549,0.482987
5.738529,0.474285
5.732957,0.465582
5.727832,0.456880
5.723152,0.448177
5.718915,0.439475
5.715118,0.430772
5.711762,0.422070
5.708844,0.413367
5.706363,0.404665
5.704319,0.395962
5.702710,0.387260
5.701536,0.378558
5.700797,0.369855
5.700491,0.361153
5.700621,0.352450
5.701184,0.343748
5.702181,0.335045
5.703614,0.326343
5.705482,0.317640
5.707785,0.308938
5.710526,0.300235
5.713705,0.291533
5.717322,0.282830
5.721381,0.274128
5.725882,0.265425
5.730826,0.256723
5.736216,0.248020
5.742054,0.239318
5.748342,0.230615
5.755083,0.221913
5.762279,0.213211
5.769932,0.204508
5.778047,0.195806
5.786626,0.187103
5.795672,0.178401
5.805190,0.169698
5.815182,0.160996
5.825653,0.152293
5.836607,0.143591
5.848049,0.134888
5.859983,0.126186
5.872414,0.117483
5.885347,0.108781
5.898787,0.100078
5.912740,0.091376
5.927211,0.082673
5.942207,0.073971
5.957735,0.065269
5.973799,0.056566
5.990408,0.047864
6.007568,0.039161
6.025287,0.030459
6.043573,0.021756
6.062433,0.013054
6.081875,0.004351
6.101909,-0.004351
6.122543,-0.013054
6.143787,-0.021756
6.165649,-0.030459
6.188141,-0.039161
6.211272,-0.047864
6.235054,-0.056566
6.259496,-0.065269
6.284612,-0.073971
6.310412,-0.082674
6.336910,-0.091376
6.364118,-0.100078
6.392049,-0.108781
6.420718,-0.117483
6.450139,-0.126186
6.480326,-0.134888
6.511295,-0.143591
6.543062,-0.152293
6.575644,-0.160996
6.609058,-0.169698
6.643322,-0.178401
6.678454,-0.187103
6.714474,-0.195806
6.751401,-0.204508
6.789257,-0.213211
6.828062,-0.221913
6.867840,-0.230616
6.908613,-0.239318
6.950405,-0.248021
6.993242,-0.256723
7.037150,-0.265425
7.082155,-0.274128
7.128285,-0.282830
7.175571,-0.291533
7.224042,-0.300235
7.273730,-0.308938
7.324668,-0.317640
7.376891,-0.326343
7.442483,-0.335045
7.511483,-0.343748
7.553944,-0.352450
7.577952,-0.361153
7.497683,-0.369855
7.418906,-0.378558
7.341555,-0.387260
7.212424,-0.395963
7.126657,-0.404665
7.054906,-0.413367
7.015616,-0.422070
6.959835,-0.430772
6.900710,-0.439475
6.843099,-0.448177
6.786953,-0.456880
6.732231,-0.465582
6.624977,-0.474285
6.573393,-0.482987
6.470017,-0.491690
6.421376,-0.500392
6.373942,-0.509095
6.327682,-0.517797
4.916640,-0.526500
4.856609,-0.535202
4.823191,-0.543905
4.740105,-0.552607
4.683563,-0.561310
4.528466,-0.570012
4.499475,-0.578714
4.421996,-0.587417
4.370260,-0.596119
4.295187,-0.604822
4.124726,-0.613524
4.052629,-0.622227
3.981669,-0.630929
3.935555,-0.639632
3.795811,-0.648334
3.728323,-0.657037
3.678126,-0.665739
3.666036,-0.674442
3.647351,-0.683144
3.629130,-0.691847
3.611363,-0.700549
3.594042,-0.709252
3.577158,-0.717954
3.560701,-0.726657
3.567131,-0.735359
3.551406,-0.744061
3.536088,-0.752764
3.521167,-0.761466
3.506639,-0.770169
3.536487,-0.778871
3.522547,-0.787574
3.530808,-0.796276
3.561017,-0.804979
3.547945,-0.813681
3.578410,-0.822384
3.565909,-0.831086
3.618077,-0.839789
3.691536,-0.848491
3.700904,-0.857194
3.722772,-0.865896
3.770306,-0.874599
3.778673,-0.883301
3.812845,-0.892003
3.809404,-0.900706
3.852083,-0.909408
3.843914,-0.918111
3.877331,-0.926813
3.936918,-0.935516
3.954780,-0.944218
3.967387,-0.952921
4.028703,-0.961623
4.056905,-0.970326
4.122781,-0.979028
4.237543,-0.987731
4.229453,-0.996433
4.303383,-1.005136
4.356995,-1.013838
4.370059,-1.022541
4.444359,-1.031243
4.457913,-1.039946
4.532531,-1.048648
4.546604,-1.057350
4.581186,-1.066053
4.595854,-1.074755
4.630991,-1.083458
4.626138,-1.092160
4.661875,-1.100863
4.677803,-1.109565
4.714140,-1.118268
4.710649,-1.126970
4.705836,-1.135673
4.690171,-1.144375
4.702354,-1.153078
4.700311,-1.161780
4.698627,-1.170483
4.697301,-1.179185
4.696335,-1.187888
4.655724,-1.196590
4.655474,-1.205293
4.655580,-1.213995
4.656040,-1.222697
4.656855,-1.231400
4.658024,-1.240102
4.659550,-1.248805
4.661431,-1.257507
4.663669,-1.266210
4.666265,-1.274912
4.669220,-1.283615
4.672534,-1.292317
4.676210,-1.301020
4.680248,-1.309722
4.684650,-1.318425
4.689417,-1.327127
4.694553,-1.335830
4.700058,-1.344532
4.705935,-1.353235
4.691941,-1.361937
4.698540,-1.370639
4.705516,-1.379342
4.712873,-1.388044
4.720612,-1.396747
4.728737,-1.405449
4.737252,-1.414152
4.746160,-1.422854
4.747038,-1.431557
4.765168,-1.440259
4.775277,-1.448962
4.785793,-1.457664
4.796722,-1.466367
4.808068,-1.475069
4.778245,-1.483772
4.790335,-1.492474
4.802852,-1.501177
4.815802,-1.509879
4.829192,-1.518582
4.843025,-1.527284
2.564175,-1.535986
2.515831,-1.544689
2.446777,-1.553391
2.384724,-1.562094
2.339280,-1.570796
