scan.pos:5.794253,4.045095,1.9184354.778508,1.257507
4.396717,1.248805
4.355587,1.240102
4.354812,1.231400
4.354369,1.222697
4.354257,1.213995
4.354477,1.205292
4.355029,1.196590
4.355913,1.187888
4.357128,1.179185
4.358677,1.170483
4.360559,1.161780
4.362774,1.153078
4.365325,1.144375
4.368212,1.135673
4.371435,1.126970
4.374997,1.118268
4.378898,1.109565
4.383141,1.100863
4.387725,1.092160
4.392655,1.083458
4.397931,1.074755
4.444008,1.066053
4.450038,1.057350
4.456424,1.048648
4.503796,1.039945
4.510967,1.031243
4.518505,1.022541
4.526414,1.013838
4.555150,1.005136
4.563848,0.996433
4.572929,0.987731
4.582396,0.979028
4.592252,0.970326
4.602502,0.961623
4.613150,0.952921
4.618889,0.944218
4.635658,0.935516
4.647527,0.926813
4.659813,0.918111
4.672521,0.909408
4.685656,0.900706
4.699224,0.892003
4.692067,0.883301
4.685226,0.874598
4.678700,0.865896
4.693854,0.857194
4.709466,0.848491
4.725543,0.839789
4.742093,0.831086
4.759122,0.822384
4.776640,0.813681
4.838298,0.804979
4.922704,0.796276
7.727198,0.683144
7.605102,0.674442
7.500331,0.665739
7.398432,0.657037
7.299266,0.648334
7.189929,0.639632
7.096461,0.630929
7.005340,0.622227
6.916455,0.613524
6.829702,0.604822
6.744983,0.596119
6.662201,0.587417
6.581269,0.578714
6.502100,0.570012
6.424614,0.561309
6.374141,0.552607
6.299966,0.543905
6.227255,0.535202
6.155940,0.526500
6.085955,0.517797
6.043572,0.509095
5.976264,0.500392
5.910109,0.491690
5.845054,0.482987
5.808206,0.474285
5.745409,0.465582
5.683559,0.456880
5.650449,0.448177
5.590587,0.439475
5.556873,0.430772
5.509144,0.422070
5.462641,0.413367
5.417325,0.404665
5.373160,0.395962
5.330113,0.387260
5.288149,0.378558
5.247237,0.369855
5.207347,0.361153
5.168450,0.352450
5.130517,0.343748
5.093522,0.335045
5.057439,0.326343
5.022243,0.317640
4.987911,0.308938
4.954421,0.300235
4.921749,0.291533
4.889874,0.282830
4.858778,0.274128
4.828441,0.265425
4.798843,0.256723
4.769967,0.248020
4.741795,0.239318
4.714311,0.230615
4.687498,0.221913
4.661342,0.213211
4.635827,0.204508
4.610939,0.195806
4.586664,0.187103
4.562990,0.178401
4.539902,0.169698
4.517389,0.160996
4.495439,0.152293
4.474041,0.143591
4.453182,0.134888
4.432853,0.126186
4.413044,0.117483
4.393744,0.108781
4.374943,0.100078
4.356634,0.091376
4.338805,0.082673
4.321450,0.073971
4.304560,0.065269
4.288126,0.056566
4.272142,0.047864
4.256599,0.039161
4.241491,0.030459
4.226811,0.021756
4.212551,0.013054
4.198706,0.004351
4.185270,-0.004351
4.172235,-0.013054
4.159598,-0.021756
4.147352,-0.030459
4.135491,-0.039161
4.124012,-0.047864
4.112908,-0.056566
4.102176,-0.065269
4.091810,-0.073971
4.081807,-0.082674
4.072161,-0.091376
4.062870,-0.100078
4.053929,-0.108781
4.045335,-0.117483
4.037084,-0.126186
4.029172,-0.134888
4.021598,-0.143591
4.014357,-0.152293
4.007446,-0.160996
4.000864,-0.169698
3.994607,-0.178401
3.988672,-0.187103
3.983058,-0.195806
3.977763,-0.204508
3.972783,-0.213211
3.968118,-0.221913
3.963766,-0.230616
3.959723,-0.239318
3.955991,-0.248021
3.952566,-0.256723
3.949447,-0.265425
3.946634,-0.274128
3.944125,-0.282830
3.941919,-0.291533
3.940015,-0.300235
3.938413,-0.308938
3.937112,-0.317640
3.936111,-0.326343
3.935411,-0.335045
3.935010,-0.343748
3.934910,-0.352450
3.935108,-0.361153
3.935607,-0.369855
3.936405,-0.378558
3.937504,-0.387260
3.938904,-0.395963
3.940604,-0.404665
3.942607,-0.413367
3.944912,-0.422070
3.947520,-0.430772
3.950433,-0.439475
3.953652,-0.448177
3.957177,-0.456880
3.961011,-0.465582
3.965155,-0.474285
3.969609,-0.482987
3.974377,-0.491690
3.979460,-0.500392
3.984859,-0.509095
3.990578,-0.517797
3.996617,-0.526500
4.002981,-0.535202
4.009670,-0.543905
4.016688,-0.552607
4.024038,-0.561310
4.031723,-0.570012
4.039744,-0.578714
4.048108,-0.587417
4.056815,-0.596119
4.065870,-0.604822
4.075276,-0.613524
4.085038,-0.622227
4.095160,-0.630929
4.105645,-0.639632
4.116498,-0.648334
4.127724,-0.657037
4.139328,-0.665739
4.151314,-0.674442
4.163687,-0.683144
4.176454,-0.691847
4.189619,-0.700549
4.203188,-0.709252
4.217168,-0.717954
4.231565,-0.726657
4.246385,-0.735359
4.261634,-0.744061
4.277320,-0.752764
4.293451,-0.761466
4.310033,-0.770169
4.327074,-0.778871
4.344583,-0.787574
4.362567,-0.796276
4.381037,-0.804979
4.400000,-0.813681
4.419465,-0.822384
4.455067,-0.831086
4.468053,-0.839789
4.487694,-0.848491
4.484404,-0.857194
4.414625,-0.865896
4.346585,-0.874599
4.287339,-0.883301
4.223308,-0.892003
4.160731,-0.900706
4.099533,-0.909408
4.049968,-0.918111
3.992071,-0.926813
3.935332,-0.935516
3.892291,-0.944218
3.838422,-0.952921
3.785524,-0.961623
3.733544,-0.970326
3.697966,-0.979028
3.648390,-0.987731
3.599582,-0.996433
3.569179,-1.005136
3.522484,-1.013838
3.476427,-1.022541
3.456733,-1.031243
3.406582,-1.039946
3.389054,-1.048648
3.346069,-1.057350
3.299643,-1.066053
3.284788,-1.074755
3.243796,-1.083458
3.227938,-1.092160
3.188366,-1.100863
3.149104,-1.109565
3.137057,-1.118268
3.099060,-1.126970
3.086712,-1.135673
3.060200,-1.144375
3.034368,-1.153078
3.009197,-1.161780
2.984664,-1.170483
2.960752,-1.179185
2.937442,-1.187888
2.914717,-1.196590
2.892559,-1.205293
2.870952,-1.213995
2.849881,-1.222697
2.829331,-1.231400
2.809288,-1.240102
2.789738,-1.248805
2.770667,-1.257507
2.752064,-1.266210
2.733915,-1.274912
2.716210,-1.283615
2.698937,-1.292317
2.682085,-1.301020
2.665644,-1.309722
2.649604,-1.318425
2.633955,-1.327127
2.618689,-1.335830
2.603795,-1.344532
2.589266,-1.353235
2.575093,-1.361937
2.561268,-1.370639
2.547784,-1.379342
2.534633,-1.388044
2.521809,-1.396747
2.509303,-1.405449
2.497111,-1.414152
2.485224,-1.422854
2.473638,-1.431557
2.462346,-1.440259
2.451342,-1.448962
2.440621,-1.457664
2.430178,-1.466367
2.420007,-1.475069
2.410104,-1.483772
2.400464,-1.492474
2.391082,-1.501177
2.381953,-1.509879
2.373075,-1.518582
2.364441,-1.527284
2.356049,-1.535986
2.347894,-1.544689
2.339973,-1.553391
2.332283,-1.562094
2.324819,-1.570796
