scan.pos:2.978823,6.791439,-2.9147503.665340,1.562094
3.658111,1.553391
3.692081,1.544689
3.685387,1.535986
3.719745,1.527284
3.733930,1.518581
3.768660,1.509879
3.783293,1.501177
3.838669,1.492474
3.914406,1.483772
3.970047,1.475069
4.025854,1.466367
4.061689,1.457664
4.077627,1.448962
4.113954,1.440259
4.150527,1.431557
4.207431,1.422854
4.244506,1.414152
4.249376,1.405449
4.340005,1.396747
4.408402,1.388044
4.535746,1.379342
4.614242,1.370639
4.693041,1.361937
4.692149,1.353234
4.791619,1.344532
4.871439,1.335830
4.891627,1.327127
4.952198,1.318425
4.993156,1.309722
4.994490,1.301020
5.056262,1.292317
5.098439,1.283615
5.100969,1.274912
5.103889,1.266210
5.107203,1.257507
5.110909,1.248805
5.115012,1.240102
5.119511,1.231400
5.124408,1.222697
5.129706,1.213995
5.095061,1.205292
5.101118,1.196590
5.107579,1.187888
5.114446,1.179185
5.121723,1.170483
5.129411,1.161780
5.137514,1.153078
5.146035,1.144375
5.154978,1.135673
5.164346,1.126970
5.174143,1.118268
5.184372,1.109565
5.195039,1.100863
5.206147,1.092160
5.217700,1.083458
5.229704,1.074755
5.221409,1.066053
5.234278,1.057350
5.247612,1.048648
5.261415,1.039945
5.275693,1.031243
5.290454,1.022541
5.305703,1.013838
5.321445,1.005136
5.337690,0.996433
5.354443,0.987731
5.371712,0.979028
5.389504,0.970326
5.386332,0.961623
5.383549,0.952921
5.402807,0.944218
5.422617,0.935516
5.442989,0.926813
5.463932,0.918111
5.485456,0.909408
5.507572,0.900706
5.530290,0.892003
5.553620,0.883301
5.577575,0.874598
5.602166,0.865896
5.627405,0.857194
5.653305,0.848491
3.210728,0.839789
3.166235,0.831086
3.099725,0.822384
3.056988,0.813681
2.998914,0.804979
2.958528,0.796276
2.918883,0.787574
2.879936,0.778871
2.811879,0.770169
2.814950,0.761466
2.778616,0.752764
2.742820,0.744061
2.707527,0.735359
2.662256,0.726656
2.628455,0.717954
2.619780,0.709251
2.636679,0.700549
2.621351,0.691847
2.590215,0.683144
2.559386,0.674442
2.547830,0.665739
2.543991,0.657037
2.540760,0.648334
2.512020,0.639632
2.478996,0.630929
2.451159,0.622227
2.450191,0.613524
2.446812,0.604822
2.420338,0.596119
2.393982,0.587417
2.367725,0.578714
2.340565,0.570012
2.314948,0.561309
2.317663,0.552607
2.275352,0.543905
2.272324,0.535202
2.259171,0.526500
2.240703,0.517797
2.222702,0.509095
2.205154,0.500392
2.188047,0.491690
2.171367,0.482987
2.155102,0.474285
2.139241,0.465582
2.123773,0.456880
2.108685,0.448177
2.093970,0.439475
2.079615,0.430772
2.040403,0.422070
2.026909,0.413367
1.963987,0.404665
1.951461,0.395962
1.939241,0.387260
1.927319,0.378558
1.915688,0.369855
1.904340,0.361153
1.893270,0.352450
1.882469,0.343748
1.871933,0.335045
1.861656,0.326343
1.851630,0.317640
1.841852,0.308938
1.832315,0.300235
1.823015,0.291533
1.813946,0.282830
1.805104,0.274128
1.819240,0.265425
1.833382,0.256723
1.824984,0.248020
1.816801,0.239318
1.831176,0.230615
1.823313,0.221913
1.815655,0.213211
1.830266,0.204508
1.844897,0.195806
1.837660,0.187103
1.852426,0.178401
1.845495,0.169698
1.838755,0.160996
1.918483,0.152293
1.911817,0.143591
1.901373,0.134888
1.920404,0.126186
2.006884,0.117483
2.043839,0.108781
2.039527,0.100078
2.036591,0.091376
2.056149,0.082673
2.059790,0.073971
2.105389,0.065269
2.090103,0.056566
2.118602,0.047864
2.190746,0.039161
2.218089,0.030459
2.235677,0.021756
2.338824,0.013054
2.342211,0.004351
2.338738,-0.004351
2.422541,-0.013054
2.453266,-0.021756
2.458829,-0.030459
2.532058,-0.039161
2.653188,-0.047864
2.782482,-0.056566
2.920795,-0.065269
3.077482,-0.073971
3.268213,-0.082674
3.475324,-0.091376
3.589508,-0.100078
6.675060,-0.160996
6.450835,-0.169698
6.387560,-0.178401
6.324829,-0.187103
6.282639,-0.195806
6.260960,-0.204508
6.219765,-0.213211
6.219057,-0.221913
6.218823,-0.230616
6.219062,-0.239318
6.219776,-0.248021
6.180949,-0.256723
6.122563,-0.265425
6.104647,-0.274128
6.067154,-0.282830
6.070164,-0.291533
6.073639,-0.300235
6.077582,-0.308938
6.081994,-0.317640
6.086875,-0.326343
6.092229,-0.335045
6.098057,-0.343748
6.104362,-0.352450
6.151490,-0.361153
6.118410,-0.369855
6.126159,-0.378558
6.134396,-0.387260
6.154214,-0.395963
6.157839,-0.404665
6.164670,-0.413367
6.172030,-0.422070
5.932338,-0.430772
5.666939,-0.439475
5.445260,-0.448177
5.249455,-0.456880
5.043273,-0.465582
4.887304,-0.474285
4.698218,-0.482987
4.557720,-0.491690
4.411299,-0.500392
4.285871,-0.509095
4.144888,-0.517797
4.050444,-0.526500
3.918561,-0.535202
3.809974,-0.543905
3.729634,-0.552607
3.631536,-0.561310
3.536439,-0.570012
3.444098,-0.578714
3.361247,-0.587417
3.296708,-0.596119
3.212909,-0.604822
3.152612,-0.613524
3.085288,-0.622227
3.008232,-0.630929
2.954457,-0.639632
2.902208,-0.648334
2.851383,-0.657037
2.776639,-0.665739
2.729350,-0.674442
2.683194,-0.683144
2.638099,-0.691847
2.593998,-0.700549
2.552614,-0.709252
2.511234,-0.717954
2.470649,-0.726657
2.430808,-0.735359
2.397012,-0.744061
2.359365,-0.752764
2.322312,-0.761466
2.285812,-0.770169
2.258470,-0.778871
2.223760,-0.787574
2.189486,-0.796276
2.155617,-0.804979
2.146107,-0.813681
2.113099,-0.822384
2.080413,-0.831086
2.048022,-0.839789
2.040468,-0.848491
2.008744,-0.857194
1.977245,-0.865896
1.970989,-0.874599
1.940032,-0.883301
1.909235,-0.892003
1.904130,-0.900706
1.873764,-0.909408
1.843496,-0.918111
1.839414,-0.926813
1.809474,-0.935516
1.806076,-0.944218
1.776402,-0.952921
1.773648,-0.961623
1.744180,-0.970326
1.742032,-0.979028
1.712713,-0.987731
1.683332,-0.996433
1.681911,-1.005136
1.680795,-1.013838
1.666319,-1.022541
1.652215,-1.031243
1.638471,-1.039946
1.625076,-1.048648
1.612021,-1.057350
1.599295,-1.066053
1.586887,-1.074755
1.574790,-1.083458
1.562994,-1.092160
1.551491,-1.100863
1.540272,-1.109565
1.529330,-1.118268
1.518658,-1.126970
1.508247,-1.135673
1.498091,-1.144375
1.488184,-1.153078
1.478518,-1.161780
1.469089,-1.170483
1.459890,-1.179185
1.450914,-1.187888
1.442158,-1.196590
1.433615,-1.205293
1.425281,-1.213995
1.417151,-1.222697
1.409219,-1.231400
1.401482,-1.240102
1.393935,-1.248805
1.386573,-1.257507
1.379394,-1.266210
1.372393,-1.274912
1.365565,-1.283615
1.358909,-1.292317
1.352419,-1.301020
1.346093,-1.309722
1.339927,-1.318425
1.333919,-1.327127
1.328066,-1.335830
1.322363,-1.344532
1.316809,-1.353235
1.311402,-1.361937
1.306137,-1.370639
1.301013,-1.379342
1.296028,-1.388044
1.291178,-1.396747
1.286463,-1.405449
1.281879,-1.414152
1.277424,-1.422854
1.273097,-1.431557
1.268895,-1.440259
1.264817,-1.448962
1.260861,-1.457664
1.257025,-1.466367
1.253308,-1.475069
1.249707,-1.483772
1.246221,-1.492474
1.242850,-1.501177
1.239590,-1.509879
1.236442,-1.518582
1.233403,-1.527284
1.230473,-1.535986
1.227649,-1.544689
1.224932,-1.553391
1.222320,-1.562094
1.219811,-1.570796
