scan.pos:-7.187921,6.912666,1.6184350.820931,1.562094
0.820621,1.553391
0.820374,1.544689
0.820189,1.535986
0.820066,1.527284
0.820007,1.518581
0.820009,1.509879
0.820074,1.501177
0.820202,1.492474
0.820392,1.483772
0.820644,1.475069
0.820960,1.466367
0.821338,1.457664
0.821779,1.448962
0.822283,1.440259
0.822850,1.431557
0.823482,1.422854
0.824176,1.414152
0.824935,1.405449
0.825759,1.396747
0.826646,1.388044
0.827599,1.379342
0.828618,1.370639
0.829702,1.361937
0.830852,1.353234
0.832069,1.344532
0.833353,1.335830
0.834704,1.327127
0.836124,1.318425
0.837613,1.309722
0.839171,1.301020
0.840799,1.292317
0.842497,1.283615
0.844267,1.274912
0.846108,1.266210
0.848023,1.257507
0.850011,1.248805
0.852074,1.240102
0.854211,1.231400
0.856425,1.222697
0.858716,1.213995
0.861085,1.205292
0.863533,1.196590
0.866061,1.187888
0.868671,1.179185
0.871362,1.170483
0.874138,1.161780
0.876997,1.153078
0.879943,1.144375
0.882977,1.135673
0.886098,1.126970
0.889311,1.118268
0.892614,1.109565
0.896011,1.100863
0.899502,1.092160
0.903090,1.083458
0.906776,1.074755
0.910562,1.066053
0.914449,1.057350
0.918440,1.048648
0.922537,1.039945
0.926741,1.031243
0.931055,1.022541
0.935481,1.013838
0.940021,1.005136
0.944677,0.996433
0.949453,0.987731
0.954350,0.979028
0.959371,0.970326
0.964520,0.961623
0.969798,0.952921
0.975209,0.944218
0.980756,0.935516
0.986441,0.926813
0.992269,0.918111
0.998243,0.909408
1.004366,0.900706
1.010643,0.892003
1.017076,0.883301
1.023669,0.874598
1.030428,0.865896
1.037357,0.857194
1.044459,0.848491
1.051740,0.839789
1.059204,0.831086
1.066857,0.822384
1.074703,0.813681
1.082749,0.804979
1.091000,0.796276
1.099462,0.787574
1.108142,0.778871
1.117045,0.770169
1.126179,0.761466
1.135551,0.752764
1.145168,0.744061
1.155038,0.735359
1.154219,0.726656
1.172282,0.717954
1.162451,0.709251
1.180320,0.700549
1.197988,0.691847
1.215463,0.683144
1.205957,0.674442
1.223281,0.665739
1.240435,0.657037
1.257428,0.648334
1.274266,0.639632
1.290957,0.630929
1.307511,0.622227
1.298473,0.613524
1.314944,0.604822
1.331293,0.596119
1.322574,0.587417
1.338861,0.578714
1.330405,0.570012
1.322156,0.561309
1.314107,0.552607
1.306255,0.543905
1.298595,0.535202
1.291121,0.526500
1.283831,0.517797
1.276719,0.509095
1.269781,0.500392
1.263014,0.491690
1.256414,0.482987
1.249977,0.474285
1.243701,0.465582
1.237580,0.456880
1.231613,0.448177
1.225796,0.439475
1.220127,0.430772
1.214601,0.422070
1.209217,0.413367
1.203972,0.404665
1.198863,0.395962
1.193888,0.387260
1.189044,0.378558
1.184329,0.369855
1.179741,0.361153
1.175277,0.352450
1.170936,0.343748
1.166715,0.335045
1.162613,0.326343
1.158628,0.317640
1.154757,0.308938
1.150999,0.300235
1.147353,0.291533
1.143817,0.282830
1.140389,0.274128
1.137068,0.265425
1.133853,0.256723
1.130741,0.248020
1.127732,0.239318
1.124824,0.230615
1.122017,0.221913
1.119309,0.213211
1.116698,0.204508
1.114184,0.195806
1.111766,0.187103
1.109443,0.178401
1.107214,0.169698
1.105078,0.160996
1.103033,0.152293
1.101080,0.143591
1.099218,0.134888
1.097445,0.126186
1.095761,0.117483
1.094165,0.108781
1.092658,0.100078
1.091237,0.091376
1.089903,0.082673
1.088655,0.073971
1.087492,0.065269
1.086415,0.056566
1.085423,0.047864
1.084514,0.039161
1.083690,0.030459
1.082949,0.021756
1.082292,0.013054
1.081718,0.004351
1.081227,-0.004351
1.080818,-0.013054
1.080492,-0.021756
1.080249,-0.030459
1.080088,-0.039161
1.080009,-0.047864
1.080012,-0.056566
1.080098,-0.065269
1.080266,-0.073971
1.080516,-0.082674
1.080849,-0.091376
1.081264,-0.100078
1.081762,-0.108781
1.082343,-0.117483
1.083007,-0.126186
1.083754,-0.134888
1.084585,-0.143591
1.085501,-0.152293
1.086500,-0.160996
1.087584,-0.169698
1.088754,-0.178401
1.090009,-0.187103
1.091350,-0.195806
1.092778,-0.204508
1.094293,-0.213211
1.083044,-0.221913
1.084715,-0.230616
1.086474,-0.239318
1.088322,-0.248021
1.090260,-0.256723
1.092288,-0.265425
1.094406,-0.274128
1.096617,-0.282830
1.098921,-0.291533
1.101318,-0.300235
1.103810,-0.308938
1.106398,-0.317640
1.109082,-0.326343
1.111865,-0.335045
1.114747,-0.343748
1.117729,-0.352450
1.120812,-0.361153
1.123999,-0.369855
1.127289,-0.378558
1.130686,-0.387260
1.134189,-0.395963
1.137801,-0.404665
1.141524,-0.413367
1.145358,-0.422070
1.149307,-0.430772
1.153370,-0.439475
1.157551,-0.448177
1.161851,-0.456880
1.166272,-0.465582
1.170817,-0.474285
1.175487,-0.482987
1.180285,-0.491690
1.185212,-0.500392
1.190272,-0.509095
1.195467,-0.517797
1.200799,-0.526500
1.206272,-0.535202
1.211887,-0.543905
1.217647,-0.552607
1.223557,-0.561310
1.229618,-0.570012
1.235834,-0.578714
1.242208,-0.587417
1.248744,-0.596119
1.255445,-0.604822
1.262316,-0.613524
1.269359,-0.622227
1.276578,-0.630929
1.283979,-0.639632
1.291565,-0.648334
1.299341,-0.657037
1.307311,-0.665739
1.315480,-0.674442
1.323853,-0.683144
1.332436,-0.691847
1.341234,-0.700549
1.350252,-0.709252
1.359496,-0.717954
1.368973,-0.726657
1.378689,-0.735359
1.388650,-0.744061
1.398863,-0.752764
1.409336,-0.761466
1.420076,-0.770169
1.431090,-0.778871
1.442387,-0.787574
1.453976,-0.796276
1.465865,-0.804979
1.478064,-0.813681
1.490582,-0.822384
1.503429,-0.831086
1.510740,-0.839789
1.513412,-0.848491
1.560896,-0.857194
1.548033,-0.865896
1.562722,-0.874599
1.577295,-0.883301
1.591757,-0.892003
1.606117,-0.900706
1.646772,-0.909408
1.555963,-0.918111
1.466603,-0.926813
1.456098,-0.935516
1.445852,-0.944218
1.410398,-0.952921
1.400821,-0.961623
1.391479,-0.970326
1.382365,-0.979028
1.373474,-0.987731
1.364800,-0.996433
1.356337,-1.005136
1.299410,-1.013838
1.291646,-1.022541
1.284071,-1.031243
1.276681,-1.039946
1.269472,-1.048648
1.262440,-1.057350
1.255580,-1.066053
1.248888,-1.074755
1.242362,-1.083458
1.235998,-1.092160
1.183728,-1.100863
1.177903,-1.109565
1.172223,-1.118268
1.166687,-1.126970
1.161291,-1.135673
1.156032,-1.144375
1.150907,-1.153078
1.145915,-1.161780
1.141052,-1.170483
1.136317,-1.179185
1.131707,-1.187888
1.127219,-1.196590
1.122852,-1.205293
1.118604,-1.213995
1.114472,-1.222697
1.110455,-1.231400
1.106550,-1.240102
1.102757,-1.248805
1.099073,-1.257507
1.095497,-1.266210
1.092027,-1.274912
1.088661,-1.283615
1.085398,-1.292317
1.082237,-1.301020
1.079177,-1.309722
1.076215,-1.318425
1.073352,-1.327127
1.070584,-1.335830
1.067912,-1.344532
1.065334,-1.353235
1.062850,-1.361937
1.060457,-1.370639
1.058156,-1.379342
1.055945,-1.388044
1.053823,-1.396747
1.051790,-1.405449
1.049844,-1.414152
1.047985,-1.422854
1.046212,-1.431557
1.044525,-1.440259
1.042922,-1.448962
1.033378,-1.457664
1.031954,-1.466367
1.030613,-1.475069
1.029353,-1.483772
1.028174,-1.492474
1.027076,-1.501177
1.026059,-1.509879
1.065322,-1.518582
1.064431,-1.527284
1.063622,-1.535986
1.062895,-1.544689
1.062250,-1.553391
1.061686,-1.562094
1.061204,-1.570796
