scan.pos:-1.184774,7.098595,0.0852500.903280,1.562094
0.902642,1.553391
0.902072,1.544689
0.901572,1.535986
0.901142,1.527284
0.900780,1.518581
0.900487,1.509879
0.900263,1.501177
0.900107,1.492474
0.900020,1.483772
0.900002,1.475069
0.900052,1.466367
0.900171,1.457664
0.900358,1.448962
0.900614,1.440259
0.900939,1.431557
0.901332,1.422854
0.901795,1.414152
0.902327,1.405449
0.902928,1.396747
0.903599,1.388044
0.904340,1.379342
0.905151,1.370639
0.906033,1.361937
0.906985,1.353234
0.908009,1.344532
0.909104,1.335830
0.910272,1.327127
0.911512,1.318425
0.912824,1.309722
0.914211,1.301020
0.915671,1.292317
0.917206,1.283615
0.918817,1.274912
0.920503,1.266210
0.922266,1.257507
0.924106,1.248805
0.926024,1.240102
0.928021,1.231400
0.930097,1.222697
0.932254,1.213995
0.934492,1.205292
0.936813,1.196590
0.939217,1.187888
0.941705,1.179185
0.944278,1.170483
0.946938,1.161780
0.949686,1.153078
0.952522,1.144375
0.955448,1.135673
0.958465,1.126970
0.961575,1.118268
0.964779,1.109565
0.968079,1.100863
0.971475,1.092160
0.974969,1.083458
0.978564,1.074755
0.982260,1.066053
0.986060,1.057350
0.989965,1.048648
0.993977,1.039945
0.998098,1.031243
1.002330,1.022541
1.006675,1.013838
1.011135,1.005136
1.015712,0.996433
1.020409,0.987731
1.025228,0.979028
1.030172,0.970326
1.035243,0.961623
1.040444,0.952921
1.045777,0.944218
1.051246,0.935516
1.056853,0.926813
1.062602,0.918111
1.068495,0.909408
1.074536,0.900706
1.080729,0.892003
1.087077,0.883301
1.093584,0.874598
1.100253,0.865896
1.107089,0.857194
1.114096,0.848491
1.121278,0.839789
1.128639,0.831086
1.136186,0.822384
1.143921,0.813681
1.151851,0.804979
1.159980,0.796276
1.168315,0.787574
1.176860,0.778871
1.185623,0.770169
1.194608,0.761466
1.203823,0.752764
1.188208,0.744061
1.197703,0.735359
1.207443,0.726656
1.217436,0.717954
1.227691,0.709251
1.238215,0.700549
1.244340,0.691847
1.235184,0.683144
1.255154,0.674442
1.274326,0.665739
1.293319,0.657037
1.287658,0.648334
1.307038,0.639632
1.329862,0.630929
1.323003,0.622227
1.342668,0.613524
1.367339,0.604822
1.387291,0.596119
1.387621,0.587417
1.408101,0.578714
1.428508,0.570012
1.431452,0.561309
1.452459,0.552607
1.473431,0.543905
1.479127,0.535202
1.500786,0.526500
1.533037,0.517797
1.555307,0.509095
1.553524,0.500392
1.576026,0.491690
1.611611,0.482987
1.634892,0.474285
1.649034,0.465582
1.673334,0.456880
1.697784,0.448177
1.722402,0.439475
1.741212,0.430772
1.767070,0.422070
1.793170,0.413367
1.838873,0.404665
1.866323,0.395962
1.894110,0.387260
1.921641,0.378558
1.973481,0.369855
2.003349,0.361153
2.033703,0.352450
2.068016,0.343748
2.100545,0.335045
2.155586,0.326343
2.196169,0.317640
2.253592,0.308938
2.290069,0.300235
2.327451,0.291533
2.399182,0.282830
2.439915,0.274128
2.503178,0.265425
2.567593,0.256723
2.629923,0.248020
2.698711,0.239318
2.769093,0.230615
2.841223,0.221913
2.919337,0.213211
2.997581,0.204508
3.099101,0.195806
3.182397,0.187103
3.281807,0.178401
3.394640,0.169698
3.511171,0.160996
3.653369,0.152293
3.781829,0.143591
3.915706,0.134888
4.076159,0.126186
4.243431,0.117483
4.438173,0.108781
4.626795,0.100078
4.826032,0.091376
5.098433,0.082673
5.345390,0.073971
5.675696,0.065269
5.985871,0.056566
6.401157,0.047864
6.799535,0.039161
7.331340,0.030459
2.314882,-0.482987
2.270334,-0.491690
2.067822,-0.500392
2.025952,-0.509095
1.896985,-0.517797
1.856494,-0.526500
1.837049,-0.535202
1.799144,-0.543905
1.761873,-0.552607
1.726249,-0.561310
1.691048,-0.570012
1.679003,-0.578714
1.644832,-0.587417
1.615752,-0.596119
1.606231,-0.604822
1.574148,-0.613524
1.516114,-0.622227
1.500681,-0.630929
1.508686,-0.639632
1.491383,-0.648334
1.462221,-0.657037
1.457094,-0.665739
1.416248,-0.674442
1.412394,-0.683144
1.384612,-0.691847
1.371030,-0.700549
1.368698,-0.709252
1.341946,-0.717954
1.331511,-0.726657
1.305485,-0.735359
1.279435,-0.744061
1.271785,-0.752764
1.271944,-0.761466
1.240690,-0.770169
1.241759,-0.778871
1.216951,-0.787574
1.214001,-0.796276
1.189657,-0.804979
1.191923,-0.813681
1.164628,-0.822384
1.167703,-0.831086
1.141773,-0.839789
1.145635,-0.848491
1.121020,-0.857194
1.125650,-0.865896
1.127113,-0.874599
1.117443,-0.883301
1.108022,-0.892003
1.098841,-0.900706
1.089893,-0.909408
1.081172,-0.918111
1.072670,-0.926813
1.064381,-0.935516
1.056299,-0.944218
1.048418,-0.952921
1.040732,-0.961623
1.033237,-0.970326
1.025926,-0.979028
1.018795,-0.987731
1.011839,-0.996433
0.981652,-1.005136
0.975186,-1.013838
0.968878,-1.022541
0.962725,-1.031243
0.956721,-1.039946
0.975245,-1.048648
0.969384,-1.057350
0.987757,-1.066053
0.982039,-1.074755
0.976461,-1.083458
0.971020,-1.092160
0.965711,-1.100863
0.960534,-1.109565
0.955484,-1.118268
0.950558,-1.126970
0.945755,-1.135673
0.941072,-1.144375
0.936505,-1.153078
0.932054,-1.161780
0.927715,-1.170483
0.923486,-1.179185
0.919365,-1.187888
0.915350,-1.196590
0.911439,-1.205293
0.907630,-1.213995
0.903922,-1.222697
0.900312,-1.231400
0.896798,-1.240102
0.893380,-1.248805
0.890055,-1.257507
0.886823,-1.266210
0.883680,-1.274912
0.880627,-1.283615
0.877661,-1.292317
0.874782,-1.301020
0.871988,-1.309722
0.869277,-1.318425
0.866649,-1.327127
0.864102,-1.335830
0.882652,-1.344532
0.901164,-1.353235
0.898743,-1.361937
0.896402,-1.370639
0.894142,-1.379342
0.891961,-1.388044
0.889859,-1.396747
0.887833,-1.405449
0.885884,-1.414152
0.904569,-1.422854
0.902729,-1.431557
0.900965,-1.440259
0.899276,-1.448962
0.897662,-1.457664
0.896121,-1.466367
0.935320,-1.475069
0.933862,-1.483772
0.932480,-1.492474
0.931172,-1.501177
0.929939,-1.509879
0.948971,-1.518582
0.947861,-1.527284
0.946827,-1.535986
1.006241,-1.544689
1.025403,-1.553391
1.024521,-1.562094
1.023718,-1.570796
