scan.pos:-6.584400,5.779397,2.9684357.781688,1.553391
7.434452,1.544689
7.110015,1.535986
6.828356,1.527284
6.542620,1.518581
6.291786,1.509879
6.070404,1.501177
5.847030,1.492474
5.654273,1.483772
5.475654,1.475069
5.281942,1.466367
5.136899,1.457664
4.969407,1.448962
4.839098,1.440259
4.693181,1.431557
4.571118,1.422854
4.457353,1.414152
4.347602,1.405449
4.220335,1.396747
4.122723,1.388044
4.024697,1.379342
3.950902,1.370639
3.846580,1.361937
3.757796,1.353234
3.692824,1.344532
3.622100,1.335830
3.540730,1.327127
3.461049,1.318425
3.400451,1.309722
3.347007,1.301020
3.272907,1.292317
3.220976,1.283615
3.172630,1.274912
3.103744,1.266210
3.058578,1.257507
2.991815,1.248805
2.952018,1.240102
2.910561,1.231400
2.869947,1.222697
2.813107,1.213995
2.774748,1.205292
2.737075,1.196590
2.708555,1.187888
2.649359,1.179185
2.624236,1.170483
2.590319,1.161780
2.556880,1.153078
2.512150,1.144375
2.480175,1.135673
2.462425,1.126970
2.431911,1.118268
2.392325,1.109565
2.362994,1.100863
2.333929,1.092160
2.305109,1.083458
2.301865,1.074755
2.273646,1.066053
2.245615,1.057350
2.217750,1.048648
2.190035,1.039945
2.162448,1.031243
2.134972,1.022541
2.134260,1.013838
2.107158,1.005136
2.080117,0.996433
2.053118,0.987731
2.053681,0.979028
2.026945,0.970326
2.000205,0.961623
2.001686,0.952921
1.987406,0.944218
1.970536,0.935516
1.954097,0.926813
1.938077,0.918111
1.922463,0.909408
1.907242,0.900706
1.892404,0.892003
1.877936,0.883301
1.863829,0.874598
1.850072,0.865896
1.836656,0.857194
1.823570,0.848491
1.810807,0.839789
1.798357,0.831086
1.786212,0.822384
1.774365,0.813681
1.762807,0.804979
1.751531,0.796276
1.740530,0.787574
1.729797,0.778871
1.719326,0.770169
1.709110,0.761466
1.699144,0.752764
1.689421,0.744061
1.679936,0.735359
1.670683,0.726656
1.661658,0.717954
1.652854,0.709251
1.644269,0.700549
1.635895,0.691847
1.627730,0.683144
1.619769,0.674442
1.612008,0.665739
1.604442,0.657037
1.597067,0.648334
1.589881,0.639632
1.582880,0.630929
1.576059,0.622227
1.569415,0.613524
1.562946,0.604822
1.556648,0.596119
1.550519,0.587417
1.544554,0.578714
1.538752,0.570012
1.533110,0.561309
1.527625,0.552607
1.522294,0.543905
1.517116,0.535202
1.512087,0.526500
1.507207,0.517797
1.502471,0.509095
1.497879,0.500392
1.493429,0.491690
1.489117,0.482987
1.484944,0.474285
1.480906,0.465582
1.477002,0.456880
1.473231,0.448177
1.469590,0.439475
1.466079,0.430772
1.462696,0.422070
1.459439,0.413367
1.456307,0.404665
1.453299,0.395962
1.450414,0.387260
1.447650,0.378558
1.445007,0.369855
1.442483,0.361153
1.440077,0.352450
1.437788,0.343748
1.435616,0.335045
1.433560,0.326343
1.431618,0.317640
1.429790,0.308938
1.428076,0.300235
1.426474,0.291533
1.424984,0.282830
1.423605,0.274128
1.422337,0.265425
1.421180,0.256723
1.420133,0.248020
1.419195,0.239318
1.418366,0.230615
1.417647,0.221913
1.417035,0.213211
1.416533,0.204508
1.416138,0.195806
1.415851,0.187103
1.415673,0.178401
1.415602,0.169698
1.415639,0.160996
1.415783,0.152293
1.416036,0.143591
1.416397,0.134888
1.416865,0.126186
1.417442,0.117483
1.418128,0.108781
1.418922,0.100078
1.419825,0.091376
1.420838,0.082673
1.421961,0.073971
1.423194,0.065269
1.424537,0.056566
1.425992,0.047864
1.427558,0.039161
1.429237,0.030459
1.431029,0.021756
1.432935,0.013054
1.434956,0.004351
1.437091,-0.004351
1.439343,-0.013054
1.441712,-0.021756
1.444198,-0.030459
1.446804,-0.039161
1.449530,-0.047864
1.452377,-0.056566
1.455346,-0.065269
1.458438,-0.073971
1.461655,-0.082674
1.464999,-0.091376
1.468470,-0.100078
1.472069,-0.108781
1.475799,-0.117483
1.479661,-0.126186
1.483656,-0.134888
1.487787,-0.143591
1.492054,-0.152293
1.496461,-0.160996
1.501008,-0.169698
1.505698,-0.178401
1.510533,-0.187103
1.515514,-0.195806
1.520645,-0.204508
1.525928,-0.213211
1.531364,-0.221913
1.536956,-0.230616
1.542708,-0.239318
1.548621,-0.248021
1.554698,-0.256723
1.560943,-0.265425
1.567357,-0.274128
1.573945,-0.282830
1.580710,-0.291533
1.587654,-0.300235
1.594782,-0.308938
1.602096,-0.317640
1.609601,-0.326343
1.617301,-0.335045
1.625199,-0.343748
1.633299,-0.352450
1.641606,-0.361153
1.650124,-0.369855
1.658859,-0.378558
1.667813,-0.387260
1.676994,-0.395963
1.686405,-0.404665
1.696052,-0.413367
1.705941,-0.422070
1.716078,-0.430772
1.726468,-0.439475
1.737117,-0.448177
1.748033,-0.456880
1.759222,-0.465582
1.770690,-0.474285
1.782446,-0.482987
1.794496,-0.491690
1.806849,-0.500392
1.819512,-0.509095
1.832495,-0.517797
1.845806,-0.526500
1.859455,-0.535202
1.873451,-0.543905
1.887803,-0.552607
1.902524,-0.561310
1.917623,-0.570012
1.933112,-0.578714
1.949002,-0.587417
1.965307,-0.596119
1.982040,-0.604822
1.999213,-0.613524
2.000622,-0.622227
2.027293,-0.630929
2.026348,-0.639632
2.053246,-0.648334
2.080164,-0.657037
2.107122,-0.665739
2.107401,-0.674442
2.134695,-0.683144
2.162077,-0.691847
2.189565,-0.700549
2.217178,-0.709252
2.219171,-0.717954
2.247272,-0.726657
2.275550,-0.735359
2.304026,-0.744061
2.332721,-0.752764
2.370310,-0.761466
2.400065,-0.770169
2.415305,-0.778871
2.446396,-0.787574
2.477832,-0.796276
2.497039,-0.804979
2.529994,-0.813681
2.576159,-0.822384
2.610646,-0.831086
2.598436,-0.839789
2.601994,-0.848491
2.592583,-0.857194
2.561047,-0.865896
2.543059,-0.874599
2.530366,-0.883301
2.517990,-0.892003
2.505925,-0.900706
2.494163,-0.909408
2.482700,-0.918111
2.471529,-0.926813
2.460644,-0.935516
2.450041,-0.944218
2.439713,-0.952921
2.429657,-0.961623
2.419867,-0.970326
2.410338,-0.979028
2.401066,-0.987731
2.392046,-0.996433
2.383275,-1.005136
2.374748,-1.013838
2.366462,-1.022541
2.358412,-1.031243
2.350595,-1.039946
2.343008,-1.048648
2.335646,-1.057350
2.328508,-1.066053
2.321589,-1.074755
2.314888,-1.083458
2.308399,-1.092160
2.302122,-1.100863
2.296054,-1.109565
2.290191,-1.118268
2.284532,-1.126970
2.279074,-1.135673
2.273814,-1.144375
2.268751,-1.153078
2.263883,-1.161780
2.259207,-1.170483
2.254722,-1.179185
2.250426,-1.187888
2.246316,-1.196590
2.242392,-1.205293
2.238652,-1.213995
2.235095,-1.222697
2.231718,-1.231400
2.228521,-1.240102
2.225502,-1.248805
2.222661,-1.257507
2.219996,-1.266210
2.217505,-1.274912
2.215189,-1.283615
2.213046,-1.292317
2.211076,-1.301020
2.209277,-1.309722
2.207649,-1.318425
2.206191,-1.327127
2.204902,-1.335830
2.203784,-1.344532
2.202834,-1.353235
2.202052,-1.361937
2.201438,-1.370639
2.200993,-1.379342
2.200715,-1.388044
2.200605,-1.396747
2.200662,-1.405449
2.200887,-1.414152
2.201280,-1.422854
2.201840,-1.431557
2.202569,-1.440259
2.203466,-1.448962
2.204531,-1.457664
2.205766,-1.466367
2.207170,-1.475069
2.208745,-1.483772
2.210490,-1.492474
2.231357,-1.501177
2.219280,-1.509879
2.236341,-1.518582
2.220109,-1.527284
2.221802,-1.535986
2.234182,-1.544689
2.244820,-1.553391
2.238847,-1.562094
2.235972,-1.570796
