scan.pos:-5.387558,-5.388035,0.7852503.694873,1.562094
3.714224,1.553391
3.734437,1.544689
3.783096,1.535986
3.804860,1.527284
3.857156,1.518581
3.881074,1.509879
3.932670,1.501177
3.958364,1.492474
4.011389,1.483772
4.043999,1.475069
4.099124,1.466367
4.129282,1.457664
4.186163,1.448962
4.218526,1.440259
4.277347,1.431557
4.320286,1.422854
4.381797,1.414152
4.419666,1.405449
4.483547,1.396747
4.548627,1.388044
4.590708,1.379342
4.646065,1.370639
4.716050,1.361937
4.787529,1.353234
4.836874,1.344532
4.911724,1.335830
4.988328,1.327127
5.058964,1.318425
5.140191,1.309722
5.200405,1.301020
5.286024,1.292317
5.373962,1.283615
5.464355,1.274912
5.557344,1.266210
5.628772,1.257507
5.728467,1.248805
5.831272,1.240102
5.937376,1.231400
6.046984,1.222697
6.160315,1.213995
6.277607,1.205292
6.399117,1.196590
6.531683,1.187888
6.663680,1.179185
6.800846,1.170483
6.943540,1.161780
7.113652,1.153078
7.268551,1.144375
7.430277,1.135673
7.620633,1.126970
7.793850,1.118268
2.077571,0.874598
2.075908,0.865896
2.074406,0.857194
2.032967,0.848491
2.031807,0.839789
2.030803,0.831086
2.029954,0.822384
2.029261,0.813681
2.028723,0.804979
2.028339,0.796276
1.988109,0.787574
1.988035,0.778871
1.988114,0.770169
1.988343,0.761466
1.968718,0.752764
1.969245,0.744061
1.969923,0.735359
1.970752,0.726656
1.971731,0.717954
1.972862,0.709251
1.974144,0.700549
1.975579,0.691847
1.977166,0.683144
1.978907,0.674442
1.980802,0.665739
1.982851,0.657037
1.985056,0.648334
1.987418,0.639632
1.989937,0.630929
1.992614,0.622227
1.995451,0.613524
1.998448,0.604822
2.001606,0.596119
2.004928,0.587417
2.008414,0.578714
2.012066,0.570012
2.015885,0.561309
2.019872,0.552607
2.024029,0.543905
2.028359,0.535202
1.991545,0.526500
1.996128,0.517797
2.000886,0.509095
2.005819,0.500392
2.010931,0.491690
2.016222,0.482987
2.021696,0.474285
2.027354,0.465582
2.033199,0.456880
2.039234,0.448177
2.045461,0.439475
2.051883,0.430772
2.058503,0.422070
2.065323,0.413367
2.072347,0.404665
2.079578,0.395962
2.087019,0.387260
2.094673,0.378558
2.102545,0.369855
2.110637,0.361153
2.118953,0.352450
2.127499,0.343748
2.136276,0.335045
2.145291,0.326343
2.154547,0.317640
2.164048,0.308938
2.173800,0.300235
2.183807,0.291533
2.194075,0.282830
2.204608,0.274128
2.215413,0.265425
2.226494,0.256723
2.237858,0.248020
2.249511,0.239318
2.261459,0.230615
2.273708,0.221913
2.286266,0.213211
2.299140,0.204508
2.312336,0.195806
2.325863,0.187103
2.339729,0.178401
2.353941,0.169698
2.491354,0.160996
2.581232,0.152293
2.597806,0.143591
7.334916,0.134888
7.253706,0.126186
7.114888,0.117483
7.034312,0.108781
6.953864,0.100078
6.951254,0.091376
6.897572,0.082673
6.896862,0.073971
6.848596,0.065269
6.847812,0.056566
6.874457,0.047864
6.874921,0.039161
6.930622,0.030459
6.987769,0.021756
7.046407,0.013054
7.106583,0.004351
7.166050,-0.004351
7.231165,-0.013054
7.269848,-0.021756
7.339787,-0.030459
7.383673,-0.039161
7.462440,-0.047864
7.542630,-0.056566
7.596117,-0.065269
7.687053,-0.073971
7.773652,-0.082674
5.141156,-0.204508
5.064145,-0.213211
5.012096,-0.221913
4.984583,-0.230616
4.957747,-0.239318
4.931571,-0.248021
4.906042,-0.256723
4.881145,-0.265425
4.856869,-0.274128
4.833199,-0.282830
4.810122,-0.291533
4.787628,-0.300235
4.765705,-0.308938
4.744341,-0.317640
4.723526,-0.326343
4.703249,-0.335045
4.683501,-0.343748
4.664272,-0.352450
4.645552,-0.361153
4.627333,-0.369855
4.609606,-0.378558
4.592362,-0.387260
4.575595,-0.395963
4.559295,-0.404665
4.543456,-0.413367
4.528070,-0.422070
4.513130,-0.430772
4.498631,-0.439475
4.484564,-0.448177
4.470924,-0.456880
4.457706,-0.465582
4.444903,-0.474285
4.432510,-0.482987
4.420522,-0.491690
4.429791,-0.500392
4.418544,-0.509095
4.449197,-0.517797
4.480040,-0.526500
4.531736,-0.535202
4.562933,-0.543905
4.573773,-0.552607
4.708068,-0.561310
4.740133,-0.570012
4.797286,-0.578714
5.011857,-0.587417
5.551022,-0.596119
5.824755,-0.604822
6.099653,-0.613524
6.739826,-0.622227
7.786939,-1.126970
7.614094,-1.135673
7.424030,-1.144375
7.262577,-1.153078
7.107934,-1.161780
6.938057,-1.170483
6.795587,-1.179185
6.658630,-1.187888
6.526830,-1.196590
6.394488,-1.205293
6.273151,-1.213995
6.156022,-1.222697
6.042845,-1.231400
5.933383,-1.240102
5.827416,-1.248805
5.724742,-1.257507
5.625170,-1.266210
5.553895,-1.274912
5.461016,-1.283615
5.370728,-1.292317
5.282890,-1.301020
5.197366,-1.309722
5.114033,-1.318425
5.040619,-1.327127
4.985579,-1.335830
4.909054,-1.344532
4.834278,-1.353235
4.785009,-1.361937
4.713598,-1.370639
4.643679,-1.379342
4.588409,-1.388044
4.546393,-1.396747
4.481370,-1.405449
4.417544,-1.414152
4.379733,-1.422854
4.318273,-1.431557
4.275405,-1.440259
4.216631,-1.448962
4.184319,-1.457664
4.127480,-1.466367
4.097369,-1.475069
4.042284,-1.483772
4.009736,-1.492474
3.956747,-1.501177
3.931095,-1.509879
3.879533,-1.518582
3.855653,-1.527284
3.803405,-1.535986
3.781679,-1.544689
3.733048,-1.553391
3.712872,-1.562094
3.693329,-1.570796
