scan.pos:-2.640218,0.600383,1.7352505.433086,1.562094
5.425436,1.553391
5.418219,1.544689
5.411432,1.535986
5.405074,1.527284
5.399142,1.518581
5.393632,1.509879
5.388545,1.501177
5.383876,1.492474
5.379624,1.483772
5.375789,1.475069
5.372367,1.466367
5.369359,1.457664
5.366763,1.448962
5.364577,1.440259
5.362801,1.431557
5.361435,1.422854
5.360477,1.414152
5.359928,1.405449
5.359787,1.396747
5.360055,1.388044
5.360731,1.379342
5.361814,1.370639
5.363308,1.361937
5.365211,1.353234
5.367523,1.344532
5.370247,1.335830
5.373384,1.327127
5.376933,1.318425
5.380898,1.309722
5.385278,1.301020
5.390077,1.292317
5.395295,1.283615
5.400936,1.274912
5.407000,1.266210
5.413490,1.257507
5.420410,1.248805
5.427761,1.240102
5.435546,1.231400
5.443769,1.222697
5.452433,1.213995
5.461541,1.205292
5.471097,1.196590
5.481104,1.187888
5.491567,1.179185
5.502490,1.170483
5.513877,1.161780
5.525733,1.153078
5.538064,1.144375
5.550872,1.135673
5.564165,1.126970
5.577947,1.118268
5.592225,1.109565
5.607004,1.100863
5.622291,1.092160
5.638092,1.083458
5.654414,1.074755
5.671263,1.066053
5.688648,1.057350
5.706576,1.048648
5.725054,1.039945
5.744092,1.031243
5.763697,1.022541
5.783878,1.013838
5.804644,1.005136
5.826005,0.996433
5.847972,0.987731
5.870553,0.979028
5.893760,0.970326
5.917603,0.961623
5.942095,0.952921
5.967247,0.944218
5.993070,0.935516
6.019578,0.926813
6.046785,0.918111
6.074704,0.909408
6.103348,0.900706
6.132733,0.892003
6.162874,0.883301
6.193786,0.874598
6.225487,0.865896
6.257993,0.857194
6.291322,0.848491
6.325492,0.839789
6.360522,0.831086
6.396432,0.822384
6.433243,0.813681
6.470975,0.804979
6.509652,0.796276
6.549295,0.787574
6.589929,0.778871
6.631578,0.770169
6.674269,0.761466
6.718029,0.752764
6.762883,0.744061
6.808863,0.735359
2.478609,0.726656
2.445732,0.717954
2.433605,0.709251
2.401900,0.700549
2.370392,0.691847
2.361686,0.683144
2.331216,0.674442
2.297982,0.665739
2.295420,0.657037
2.264107,0.648334
2.235266,0.639632
2.233409,0.630929
2.205390,0.622227
2.202654,0.613524
2.183732,0.604822
2.165296,0.596119
2.147331,0.587417
2.129822,0.578714
2.112756,0.570012
2.096120,0.561309
2.079901,0.552607
2.064087,0.543905
2.048667,0.535202
2.033628,0.526500
2.018962,0.517797
2.004658,0.509095
1.990705,0.500392
1.977094,0.491690
1.963817,0.482987
1.950865,0.474285
1.938229,0.465582
1.925901,0.456880
1.913874,0.448177
1.902140,0.439475
1.890693,0.430772
1.879524,0.422070
1.868629,0.413367
1.881826,0.404665
1.871323,0.395962
1.861079,0.387260
1.851085,0.378558
1.841339,0.369855
1.831833,0.361153
1.822562,0.352450
1.813523,0.343748
1.804710,0.335045
1.796117,0.326343
1.833013,0.317640
1.824643,0.308938
1.816488,0.300235
1.808542,0.291533
1.800802,0.282830
1.793264,0.274128
1.830032,0.265425
1.822710,0.256723
1.815585,0.248020
1.808652,0.239318
1.801909,0.230615
1.795352,0.221913
1.788978,0.213211
1.782785,0.204508
1.776769,0.195806
1.770928,0.187103
1.765260,0.178401
1.759761,0.169698
1.754429,0.160996
1.749263,0.152293
1.744259,0.143591
1.739416,0.134888
1.734732,0.126186
1.751054,0.117483
1.746628,0.108781
1.742357,0.100078
1.738239,0.091376
1.754922,0.082673
1.771664,0.073971
1.767907,0.065269
1.784820,0.056566
1.781321,0.047864
1.818853,0.039161
1.815577,0.030459
1.812450,0.021756
1.870479,0.013054
1.887856,0.004351
1.945870,-0.004351
2.003865,-0.013054
2.021418,-0.021756
2.018886,-0.030459
2.137528,-0.039161
2.397091,-0.047864
2.555656,-0.056566
2.693996,-0.065269
2.912651,-0.073971
3.351980,-0.082674
6.438788,-0.091376
6.514878,-0.100078
7.392802,-0.108781
7.389227,-0.117483
7.386218,-0.126186
7.383773,-0.134888
7.381892,-0.143591
7.380573,-0.152293
7.379817,-0.160996
7.379623,-0.169698
7.379992,-0.178401
7.380922,-0.187103
7.382414,-0.195806
7.384470,-0.204508
7.387090,-0.213211
7.390275,-0.221913
7.394025,-0.230616
7.398344,-0.239318
7.403231,-0.248021
7.408689,-0.256723
7.414721,-0.265425
7.421328,-0.274128
7.428512,-0.282830
7.436278,-0.291533
7.444627,-0.300235
7.453564,-0.308938
7.463091,-0.317640
7.473212,-0.326343
7.483932,-0.335045
7.495254,-0.343748
7.507182,-0.352450
7.519722,-0.361153
7.532879,-0.369855
7.546658,-0.378558
7.561064,-0.387260
7.576104,-0.395963
7.591782,-0.404665
7.608106,-0.413367
7.625082,-0.422070
7.642718,-0.430772
7.661020,-0.439475
5.542374,-0.448177
5.404246,-0.456880
5.373551,-0.465582
5.076343,-0.474285
4.936839,-0.482987
4.802748,-0.491690
4.655298,-0.500392
4.574294,-0.509095
4.455640,-0.517797
4.347987,-0.526500
4.259607,-0.535202
4.153067,-0.543905
4.082607,-0.552607
3.941705,-0.561310
3.908031,-0.570012
3.828986,-0.578714
3.759766,-0.587417
3.670687,-0.596119
3.624568,-0.604822
3.651090,-0.613524
3.635559,-0.622227
3.666798,-0.630929
3.678844,-0.639632
3.677426,-0.648334
3.649069,-0.657037
3.666276,-0.665739
3.683927,-0.674442
3.702033,-0.683144
3.720602,-0.691847
3.739645,-0.700549
3.759171,-0.709252
3.779191,-0.717954
3.799717,-0.726657
3.820760,-0.735359
3.842331,-0.744061
3.864443,-0.752764
3.887109,-0.761466
3.910342,-0.770169
3.934156,-0.778871
3.958565,-0.787574
3.983583,-0.796276
4.009228,-0.804979
4.035513,-0.813681
4.062458,-0.822384
4.090078,-0.831086
4.118392,-0.839789
4.147419,-0.848491
4.177178,-0.857194
4.207690,-0.865896
4.238977,-0.874599
4.271060,-0.883301
4.303962,-0.892003
4.337708,-0.900706
4.372324,-0.909408
4.407834,-0.918111
4.444267,-0.926813
4.481652,-0.935516
4.520018,-0.944218
4.554423,-0.952921
4.590756,-0.961623
4.626602,-0.970326
4.663619,-0.979028
4.697154,-0.987731
4.761555,-0.996433
4.796278,-1.005136
4.860943,-1.013838
4.948352,-1.022541
5.039306,-1.031243
5.099144,-1.039946
5.143748,-1.048648
5.196421,-1.057350
2.020867,-1.222697
1.942496,-1.231400
1.933248,-1.240102
1.924233,-1.248805
1.915448,-1.257507
1.872307,-1.266210
1.876212,-1.274912
1.868183,-1.283615
1.860362,-1.292317
1.852748,-1.301020
1.845336,-1.309722
1.838122,-1.318425
1.831103,-1.327127
1.824276,-1.335830
1.817638,-1.344532
1.811185,-1.353235
1.804915,-1.361937
1.798824,-1.370639
1.792911,-1.379342
1.787172,-1.388044
1.781605,-1.396747
1.776207,-1.405449
1.792057,-1.414152
1.786931,-1.422854
1.781969,-1.431557
1.777170,-1.440259
1.772531,-1.448962
1.768051,-1.457664
1.763728,-1.466367
1.759559,-1.475069
1.755543,-1.483772
1.751678,-1.492474
1.747964,-1.501177
1.744397,-1.509879
1.740978,-1.518582
1.737703,-1.527284
1.734573,-1.535986
1.731586,-1.544689
1.708405,-1.553391
1.705732,-1.562094
1.703197,-1.570796
