scan.pos:0.758672,7.106751,2.7684350.859124,1.562094
0.862102,1.553391
0.865167,1.544689
0.868320,1.535986
0.871563,1.527284
0.874897,1.518581
0.878324,1.509879
0.881845,1.501177
0.885463,1.492474
0.889178,1.483772
0.892992,1.475069
0.896909,1.466367
0.900928,1.457664
0.905053,1.448962
0.909285,1.440259
0.913628,1.431557
0.918082,1.422854
0.922650,1.414152
0.927335,1.405449
0.932139,1.396747
0.937065,1.388044
0.942115,1.379342
0.947293,1.370639
0.952601,1.361937
0.958042,1.353234
0.963619,1.344532
0.969336,1.335830
0.975196,1.327127
0.981202,1.318425
0.987358,1.309722
0.993669,1.301020
1.000137,1.292317
1.006767,1.283615
1.013563,1.274912
1.020530,1.266210
1.027672,1.257507
1.034994,1.248805
1.042501,1.240102
1.050199,1.231400
1.058092,1.222697
1.066186,1.213995
1.074488,1.205292
1.083003,1.196590
1.091738,1.187888
1.100700,1.179185
1.109895,1.170483
1.119331,1.161780
1.129015,1.153078
1.123935,1.144375
1.142240,1.135673
1.160325,1.126970
1.150799,1.118268
1.181020,1.109565
1.199313,1.100863
1.194028,1.092160
1.212675,1.083458
1.235528,1.074755
1.233095,1.066053
1.252495,1.057350
1.251904,1.048648
1.271755,1.039945
1.298470,1.031243
1.293394,1.022541
1.321710,1.013838
1.342438,1.005136
1.347517,0.996433
1.378595,0.987731
1.376028,0.979028
1.398048,0.970326
1.431561,0.961623
1.430177,0.952921
1.465705,0.944218
1.489185,0.935516
1.503123,0.926813
1.527548,0.918111
1.544061,0.909408
1.569543,0.900706
1.588801,0.892003
1.684489,0.883301
1.729245,0.874598
1.756811,0.865896
1.784672,0.857194
1.810851,0.848491
1.840318,0.839789
1.870079,0.831086
6.001987,0.822384
6.146347,0.813681
4.508816,0.543905
4.278838,0.535202
4.252425,0.526500
4.206181,0.517797
4.140177,0.509095
4.094830,0.500392
4.070055,0.491690
4.025509,0.482987
4.021590,0.474285
4.017983,0.465582
4.014689,0.456880
4.011705,0.448177
4.009031,0.439475
4.006665,0.430772
4.004607,0.422070
4.002856,0.413367
3.941369,0.404665
3.940247,0.395962
3.879413,0.387260
3.878899,0.378558
3.838681,0.369855
3.838757,0.361153
3.839126,0.352450
3.839787,0.343748
3.840740,0.335045
3.841988,0.326343
3.843528,0.317640
3.845363,0.308938
3.847493,0.300235
3.849918,0.291533
3.852640,0.282830
3.855660,0.274128
3.858978,0.265425
3.862597,0.256723
3.906807,0.248020
3.911075,0.239318
3.875268,0.230615
3.880103,0.221913
3.885245,0.213211
3.890698,0.204508
3.905370,0.195806
3.909140,0.187103
3.924547,0.178401
3.930400,0.169698
3.969374,0.160996
3.975083,0.152293
3.877290,0.143591
3.734578,0.134888
3.617009,0.126186
3.484974,0.117483
3.377998,0.108781
3.260972,0.100078
3.162401,0.091376
3.066216,0.082673
2.966003,0.073971
2.896946,0.065269
2.829644,0.056566
2.742661,0.047864
2.680154,0.039161
2.618891,0.030459
2.542481,0.021756
2.484904,0.013054
2.414901,0.004351
2.381873,-0.004351
2.306559,-0.013054
2.265687,-0.021756
2.214325,-0.030459
2.178380,-0.039161
2.129112,-0.047864
2.080163,-0.056566
2.050092,-0.065269
2.024943,-0.073971
1.976564,-0.082674
1.953012,-0.091376
1.907320,-0.100078
1.885770,-0.108781
1.841198,-0.117483
1.822733,-0.126186
1.779103,-0.134888
1.763485,-0.143591
1.720641,-0.152293
1.707665,-0.160996
1.688772,-0.169698
1.646512,-0.178401
1.636838,-0.187103
1.618745,-0.195806
1.587642,-0.204508
1.570196,-0.213211
1.565040,-0.221913
1.524070,-0.230616
1.520936,-0.239318
1.504698,-0.248021
1.478960,-0.256723
1.463157,-0.265425
1.450198,-0.274128
1.434643,-0.282830
1.418988,-0.291533
1.403229,-0.300235
1.387357,-0.308938
1.371367,-0.317640
1.355252,-0.326343
1.339003,-0.335045
1.322615,-0.343748
1.306078,-0.352450
1.289386,-0.361153
1.299604,-0.369855
1.282792,-0.378558
1.265805,-0.387260
1.248632,-0.395963
1.231264,-0.404665
1.241917,-0.413367
1.236328,-0.422070
1.225819,-0.430772
1.215578,-0.439475
1.205599,-0.448177
1.195872,-0.456880
1.186390,-0.465582
1.177147,-0.474285
1.168135,-0.482987
1.159347,-0.491690
1.150778,-0.500392
1.142420,-0.509095
1.134269,-0.517797
1.126319,-0.526500
1.118564,-0.535202
1.110999,-0.543905
1.103619,-0.552607
1.096419,-0.561310
1.089395,-0.570012
1.082543,-0.578714
1.075857,-0.587417
1.069335,-0.596119
1.062971,-0.604822
1.056763,-0.613524
1.050707,-0.622227
1.044799,-0.630929
1.039035,-0.639632
1.033413,-0.648334
1.027930,-0.657037
1.022581,-0.665739
1.017365,-0.674442
1.012279,-0.683144
1.007320,-0.691847
1.002485,-0.700549
0.997772,-0.709252
0.993178,-0.717954
0.988701,-0.726657
0.984339,-0.735359
0.980090,-0.744061
0.975951,-0.752764
0.971921,-0.761466
0.967998,-0.770169
0.964179,-0.778871
0.960462,-0.787574
0.956847,-0.796276
0.953332,-0.804979
0.949914,-0.813681
0.946593,-0.822384
0.943366,-0.831086
0.940232,-0.839789
0.937191,-0.848491
0.934240,-0.857194
0.931378,-0.865896
0.928604,-0.874599
0.925917,-0.883301
0.923316,-0.892003
0.920799,-0.900706
0.918365,-0.909408
0.916014,-0.918111
0.913744,-0.926813
0.911555,-0.935516
0.909445,-0.944218
0.907414,-0.952921
0.905461,-0.961623
0.903585,-0.970326
0.901785,-0.979028
0.900061,-0.987731
0.898412,-0.996433
0.896837,-1.005136
0.895335,-1.013838
0.893907,-1.022541
0.892550,-1.031243
0.891266,-1.039946
0.890053,-1.048648
0.888911,-1.057350
0.887840,-1.066053
0.886838,-1.074755
0.885906,-1.083458
0.885044,-1.092160
0.884250,-1.100863
0.883525,-1.109565
0.882868,-1.118268
0.882280,-1.126970
0.881759,-1.135673
0.881306,-1.144375
0.880921,-1.153078
0.880603,-1.161780
0.880352,-1.170483
0.880168,-1.179185
0.880051,-1.187888
0.880002,-1.196590
0.880019,-1.205293
0.880104,-1.213995
0.880255,-1.222697
0.880474,-1.231400
0.880760,-1.240102
0.881113,-1.248805
0.881534,-1.257507
0.882022,-1.266210
0.882578,-1.274912
0.883202,-1.283615
0.883894,-1.292317
0.884655,-1.301020
0.885485,-1.309722
0.886383,-1.318425
0.887351,-1.327127
0.888389,-1.335830
0.889498,-1.344532
0.890677,-1.353235
0.891927,-1.361937
0.893248,-1.370639
0.894642,-1.379342
0.896109,-1.388044
0.897649,-1.396747
0.899262,-1.405449
0.900951,-1.414152
0.902714,-1.422854
0.904554,-1.431557
0.906470,-1.440259
0.908464,-1.448962
0.910536,-1.457664
0.912687,-1.466367
0.914918,-1.475069
0.917230,-1.483772
0.919624,-1.492474
0.922100,-1.501177
0.924661,-1.509879
0.927307,-1.518582
0.930039,-1.527284
0.932859,-1.535986
0.935767,-1.544689
0.938765,-1.553391
0.941855,-1.562094
0.945037,-1.570796
