scan.pos:6.770383,3.148422,-1.9147501.284873,1.562094
1.288951,1.553391
1.293154,1.544689
1.297484,1.535986
1.301942,1.527284
1.306530,1.518581
1.311252,1.509879
1.316108,1.501177
1.321101,1.492474
1.326233,1.483772
1.331508,1.475069
1.336927,1.466367
1.342492,1.457664
1.348208,1.448962
1.354075,1.440259
1.360098,1.431557
1.366280,1.422854
1.372623,1.414152
1.379130,1.405449
1.385806,1.396747
1.392653,1.388044
1.399675,1.379342
1.406876,1.370639
1.414260,1.361937
1.421831,1.353234
1.429592,1.344532
1.437549,1.335830
1.445706,1.327127
1.454067,1.318425
1.462637,1.309722
1.471422,1.301020
1.480426,1.292317
1.489655,1.283615
1.499115,1.274912
1.508812,1.266210
1.518751,1.257507
1.528939,1.248805
1.539383,1.240102
1.550089,1.231400
1.561065,1.222697
1.572319,1.213995
1.583857,1.205292
1.595688,1.196590
1.607820,1.187888
1.620263,1.179185
1.633025,1.170483
1.646116,1.161780
1.659547,1.153078
1.673326,1.144375
1.687466,1.135673
1.701978,1.126970
1.710944,1.118268
1.711914,1.109565
1.740982,1.100863
1.742509,1.092160
1.771693,1.083458
1.773809,1.074755
1.803163,1.066053
1.832521,1.057350
1.835484,1.048648
1.865104,1.039945
1.868752,1.031243
1.898695,1.022541
1.903072,1.013838
1.933401,1.005136
1.963862,0.996433
1.969336,0.987731
2.000290,0.979028
2.031438,0.970326
2.081552,0.961623
2.093118,0.952921
2.129055,0.944218
2.140511,0.935516
2.127928,0.926813
2.115653,0.918111
2.103678,0.909408
2.091995,0.900706
2.080600,0.892003
2.069484,0.883301
2.058643,0.874598
2.048070,0.865896
2.037759,0.857194
2.027705,0.848491
2.017903,0.839789
2.008347,0.831086
1.999033,0.822384
1.989956,0.813681
1.981111,0.804979
1.972494,0.796276
1.964100,0.787574
1.955926,0.778871
1.903906,0.770169
1.896335,0.761466
1.888966,0.752764
1.881797,0.744061
1.874825,0.735359
1.846430,0.726656
1.839918,0.717954
1.833590,0.709251
1.827444,0.700549
1.821478,0.691847
1.815688,0.683144
1.810072,0.674442
1.804628,0.665739
1.799354,0.657037
1.794246,0.648334
1.789303,0.639632
1.784523,0.630929
1.779903,0.622227
1.775442,0.613524
1.771138,0.604822
1.766989,0.596119
1.762993,0.587417
1.759149,0.578714
1.755455,0.570012
1.751910,0.561309
1.748512,0.552607
1.745260,0.543905
1.742152,0.535202
1.739188,0.526500
1.736365,0.517797
1.733684,0.509095
1.731142,0.500392
1.728739,0.491690
1.726475,0.482987
1.724347,0.474285
1.722356,0.465582
1.720500,0.456880
1.718778,0.448177
1.717191,0.439475
1.715738,0.430772
1.714417,0.422070
1.713229,0.413367
1.712172,0.404665
1.711247,0.395962
1.710454,0.387260
1.709791,0.378558
1.709259,0.369855
1.708857,0.361153
1.708586,0.352450
1.708444,0.343748
1.708433,0.335045
1.708552,0.326343
1.668792,0.317640
1.669163,0.308938
1.669661,0.300235
1.670286,0.291533
1.671039,0.282830
1.671920,0.274128
1.672930,0.265425
1.674068,0.256723
1.675336,0.248020
1.676733,0.239318
1.678261,0.230615
1.639644,0.221913
1.641390,0.213211
1.643266,0.204508
1.645272,0.195806
1.647408,0.187103
1.649676,0.178401
1.652076,0.169698
1.654608,0.160996
1.657276,0.152293
1.660078,0.143591
1.663017,0.134888
1.666093,0.126186
1.669308,0.117483
1.672663,0.108781
1.676160,0.100078
1.679799,0.091376
1.683582,0.082673
1.687512,0.073971
1.691589,0.065269
1.695815,0.056566
1.700192,0.047864
1.704723,0.039161
1.709407,0.030459
1.714249,0.021756
1.719249,0.013054
1.724410,0.004351
1.729735,-0.004351
1.735225,-0.013054
1.740883,-0.021756
1.746711,-0.030459
1.752713,-0.039161
1.758890,-0.047864
1.765246,-0.056566
1.771783,-0.065269
1.778505,-0.073971
1.785415,-0.082674
1.792515,-0.091376
1.799810,-0.100078
1.807303,-0.108781
1.814997,-0.117483
1.822896,-0.126186
1.831005,-0.134888
1.839327,-0.143591
1.847865,-0.152293
1.856626,-0.160996
1.865613,-0.169698
1.874831,-0.178401
1.884284,-0.187103
1.893979,-0.195806
1.903919,-0.204508
1.914111,-0.213211
1.924559,-0.221913
1.935271,-0.230616
1.946252,-0.239318
1.957508,-0.248021
1.969045,-0.256723
1.980872,-0.265425
1.992993,-0.274128
2.005418,-0.282830
2.018153,-0.291533
2.031207,-0.300235
2.044588,-0.308938
2.058303,-0.317640
2.072363,-0.326343
2.086776,-0.335045
2.075742,-0.343748
2.083908,-0.352450
2.081181,-0.361153
2.105327,-0.369855
2.130360,-0.378558
2.129502,-0.387260
2.156133,-0.395963
2.183685,-0.404665
2.157293,-0.413367
2.158609,-0.422070
2.160415,-0.430772
2.190854,-0.439475
2.212873,-0.448177
2.221891,-0.456880
2.258631,-0.465582
2.239975,-0.474285
2.276303,-0.482987
2.231109,-0.491690
2.186795,-0.500392
2.090094,-0.509095
1.810100,-0.517797
1.744197,-0.526500
1.705423,-0.535202
1.693180,-0.543905
1.629918,-0.552607
1.618625,-0.561310
1.607610,-0.570012
1.596865,-0.578714
1.586382,-0.587417
1.576155,-0.596119
1.566177,-0.604822
1.556443,-0.613524
1.546947,-0.622227
1.537681,-0.630929
1.528642,-0.639632
1.519824,-0.648334
1.511221,-0.657037
1.502829,-0.665739
1.494642,-0.674442
1.473360,-0.683144
1.478869,-0.691847
1.471274,-0.700549
1.463867,-0.709252
1.456645,-0.717954
1.472425,-0.726657
1.488165,-0.735359
1.481264,-0.744061
1.474537,-0.752764
1.467983,-0.761466
1.461598,-0.770169
1.477592,-0.778871
1.493563,-0.787574
1.509516,-0.796276
1.503513,-0.804979
1.497671,-0.813681
1.491987,-0.822384
1.508153,-0.831086
1.524316,-0.839789
1.518939,-0.848491
1.513715,-0.857194
1.572822,-0.865896
1.567687,-0.874599
1.562703,-0.883301
1.621440,-0.892003
1.658816,-0.900706
1.675032,-0.909408
1.670277,-0.918111
1.665676,-0.926813
1.682117,-0.935516
1.719436,-0.944218
1.756696,-0.952921
1.773171,-0.961623
1.789703,-0.970326
1.785656,-0.979028
1.802356,-0.987731
1.798572,-0.996433
1.794939,-1.005136
1.832397,-1.013838
1.849419,-1.022541
1.846126,-1.031243
1.944786,-1.039946
1.941630,-1.048648
1.938631,-1.057350
1.996587,-1.066053
2.034292,-1.074755
2.072049,-1.083458
2.069496,-1.092160
2.127595,-1.100863
2.125303,-1.109565
2.123176,-1.118268
2.161421,-1.126970
2.179677,-1.135673
2.177999,-1.144375
2.176490,-1.153078
2.275367,-1.161780
2.274138,-1.170483
2.273083,-1.179185
2.332251,-1.187888
2.331525,-1.196590
2.390992,-1.205293
2.430616,-1.213995
2.450415,-1.222697
2.450399,-1.231400
2.490573,-1.240102
2.530945,-1.248805
2.531507,-1.257507
2.592306,-1.266210
7.521423,-1.318425
6.844309,-1.327127
6.186652,-1.335830
5.790009,-1.344532
5.735700,-1.353235
5.413518,-1.361937
5.405746,-1.370639
5.392531,-1.379342
5.399954,-1.388044
5.407809,-1.396747
5.416100,-1.405449
5.424830,-1.414152
5.434004,-1.422854
5.443623,-1.431557
5.453693,-1.440259
5.464217,-1.448962
5.475199,-1.457664
5.486644,-1.466367
5.498557,-1.475069
5.510942,-1.483772
5.509353,-1.492474
5.537150,-1.501177
5.592639,-1.509879
5.607075,-1.518582
5.622015,-1.527284
5.679454,-1.535986
5.695539,-1.544689
5.733268,-1.553391
5.750480,-1.562094
5.768236,-1.570796
