scan.pos:6.271203,2.728843,1.9184350.850901,1.562094
0.848251,1.553391
0.845682,1.544689
0.843192,1.535986
0.840781,1.527284
0.838447,1.518581
0.836190,1.509879
0.834008,1.501177
0.852698,1.492474
0.850613,1.483772
0.848603,1.475069
0.846667,1.466367
0.865408,1.457664
0.884135,1.448962
0.882332,1.440259
0.880603,1.431557
0.878947,1.422854
0.877365,1.414152
0.896223,1.405449
0.915086,1.396747
0.913655,1.388044
0.912298,1.379342
0.911014,1.370639
0.909802,1.361937
0.949049,1.353234
0.968103,1.344532
0.967041,1.335830
1.006307,1.327127
1.065680,1.318425
1.084847,1.309722
1.083991,1.301020
1.083219,1.292317
1.082530,1.283615
1.142032,1.274912
1.141480,1.266210
1.221087,1.257507
1.220684,1.248805
1.220374,1.240102
1.220157,1.231400
1.240033,1.222697
1.240001,1.213995
1.240064,1.205292
1.240221,1.196590
1.300496,1.187888
1.300858,1.179185
1.401423,1.170483
1.402028,1.161780
1.402740,1.153078
1.463713,1.144375
1.544937,1.135673
1.546077,1.126970
1.547337,1.118268
1.609056,1.109565
1.610615,1.100863
1.652607,1.092160
1.674640,1.083458
1.676652,1.074755
1.678796,1.066053
1.782343,1.057350
1.784901,1.048648
1.848543,1.039945
1.851487,1.031243
1.915721,1.022541
1.959905,1.013838
1.963491,1.005136
2.028717,0.996433
2.032754,0.987731
2.078113,0.979028
2.082582,0.970326
4.991999,0.961623
5.003548,0.952921
5.015533,0.944218
5.027960,0.935516
5.040834,0.926813
5.054159,0.918111
5.067943,0.909408
5.082189,0.900706
5.096905,0.892003
5.112097,0.883301
5.127772,0.874598
5.143936,0.865896
5.160596,0.857194
5.177761,0.848491
5.195436,0.839789
5.256798,0.831086
5.275676,0.822384
5.338575,0.813681
5.358708,0.804979
5.379404,0.796276
5.422667,0.787574
5.444609,0.778871
5.467147,0.770169
5.490293,0.761466
5.514057,0.752764
5.538451,0.744061
5.563488,0.735359
5.589179,0.726656
5.611555,0.717954
5.642580,0.709251
5.670317,0.700549
5.675651,0.691847
5.681473,0.683144
5.687790,0.674442
5.718088,0.665739
5.749149,0.657037
5.780993,0.648334
5.813637,0.639632
5.919119,0.630929
7.748687,0.474285
7.668658,0.465582
7.590057,0.456880
7.540660,0.448177
7.464960,0.439475
7.415684,0.430772
7.351989,0.422070
7.289930,0.413367
7.229455,0.404665
7.170517,0.395962
7.113070,0.387260
7.057069,0.378558
7.002472,0.369855
6.949239,0.361153
6.897330,0.352450
6.846708,0.343748
6.797338,0.335045
6.749185,0.326343
6.702216,0.317640
6.656400,0.308938
6.611706,0.300235
6.568106,0.291533
6.525569,0.282830
6.484072,0.274128
6.443586,0.265425
6.404087,0.256723
6.365551,0.248020
6.327956,0.239318
6.291278,0.230615
6.255497,0.221913
6.220591,0.213211
6.186541,0.204508
6.153328,0.195806
6.120934,0.187103
6.089340,0.178401
6.058529,0.169698
6.028485,0.160996
5.999193,0.152293
5.970636,0.143591
5.942801,0.134888
5.915672,0.126186
5.889235,0.117483
5.863480,0.108781
5.838390,0.100078
5.813956,0.091376
5.790164,0.082673
5.767004,0.073971
5.744463,0.065269
5.722533,0.056566
5.701202,0.047864
5.680460,0.039161
5.660298,0.030459
5.640707,0.021756
5.621677,0.013054
5.603201,0.004351
5.585269,-0.004351
5.567875,-0.013054
5.551011,-0.021756
5.534668,-0.030459
5.518840,-0.039161
5.503520,-0.047864
5.488703,-0.056566
5.474380,-0.065269
5.460547,-0.073971
5.447197,-0.082674
5.434326,-0.091376
5.421926,-0.100078
5.409995,-0.108781
5.398526,-0.117483
5.387515,-0.126186
5.376957,-0.134888
5.366849,-0.143591
5.357185,-0.152293
5.347963,-0.160996
5.339179,-0.169698
5.330829,-0.178401
5.322909,-0.187103
5.315417,-0.195806
5.308351,-0.204508
5.301705,-0.213211
5.295480,-0.221913
5.289671,-0.230616
5.284277,-0.239318
5.279295,-0.248021
5.274725,-0.256723
5.270563,-0.265425
5.266809,-0.274128
5.263460,-0.282830
5.260516,-0.291533
5.257976,-0.300235
5.255837,-0.308938
5.254101,-0.317640
5.252766,-0.326343
5.251832,-0.335045
5.251297,-0.343748
5.251163,-0.352450
5.251428,-0.361153
5.252093,-0.369855
5.253159,-0.378558
5.254625,-0.387260
5.256493,-0.395963
5.258762,-0.404665
5.261435,-0.413367
5.264511,-0.422070
5.267992,-0.430772
5.271879,-0.439475
5.276175,-0.448177
5.280879,-0.456880
5.285995,-0.465582
5.291525,-0.474285
5.297470,-0.482987
5.303832,-0.491690
5.310615,-0.500392
5.317821,-0.509095
5.325452,-0.517797
5.333512,-0.526500
5.342004,-0.535202
5.350931,-0.543905
5.360297,-0.552607
5.370105,-0.561310
5.380360,-0.570012
5.391066,-0.578714
5.402226,-0.587417
5.413846,-0.596119
5.425930,-0.604822
5.438483,-0.613524
5.451510,-0.622227
5.475375,-0.630929
5.489332,-0.639632
5.512125,-0.648334
5.522134,-0.657037
5.475219,-0.665739
5.332627,-0.674442
5.195505,-0.683144
5.063413,-0.691847
4.941592,-0.700549
4.841340,-0.709252
4.723689,-0.717954
4.609642,-0.726657
4.510480,-0.735359
4.425877,-0.744061
4.344261,-0.752764
4.243613,-0.761466
4.167315,-0.770169
4.089369,-0.778871
4.018879,-0.787574
3.928334,-0.796276
3.861855,-0.804979
3.797275,-0.813681
3.735379,-0.822384
3.675109,-0.831086
3.596553,-0.839789
3.562822,-0.848491
3.484877,-0.857194
3.430968,-0.865896
3.384571,-0.874599
3.333797,-0.883301
3.284064,-0.892003
3.235313,-0.900706
3.197041,-0.909408
3.150865,-0.918111
3.105500,-0.926813
3.072754,-0.935516
3.029621,-0.944218
2.987156,-0.952921
2.969758,-0.961623
2.918880,-0.970326
2.878906,-0.979028
2.839444,-0.987731
2.817428,-0.996433
2.779600,-1.005136
2.742182,-1.013838
2.724244,-1.022541
2.688265,-1.031243
2.678558,-1.039946
2.638465,-1.048648
2.604079,-1.057350
2.596471,-1.066053
2.559357,-1.074755
2.526342,-1.083458
2.518268,-1.092160
2.486295,-1.100863
2.454454,-1.109565
2.449658,-1.118268
2.418746,-1.126970
2.413163,-1.135673
2.392436,-1.144375
2.372241,-1.153078
2.352561,-1.161780
2.333382,-1.170483
2.314688,-1.179185
2.296465,-1.187888
2.278698,-1.196590
2.261375,-1.205293
2.244483,-1.213995
2.228010,-1.222697
2.211945,-1.231400
2.196275,-1.240102
2.180991,-1.248805
2.166082,-1.257507
2.151538,-1.266210
2.137349,-1.274912
2.123508,-1.283615
2.110004,-1.292317
2.096829,-1.301020
2.083976,-1.309722
2.071436,-1.318425
2.059201,-1.327127
2.047266,-1.335830
2.035622,-1.344532
2.024264,-1.353235
2.013183,-1.361937
2.002375,-1.370639
1.991834,-1.379342
1.981553,-1.388044
1.971526,-1.396747
1.961750,-1.405449
1.952218,-1.414152
1.942925,-1.422854
1.933867,-1.431557
1.925039,-1.440259
1.916436,-1.448962
1.908055,-1.457664
1.899890,-1.466367
1.891939,-1.475069
1.884197,-1.483772
1.876660,-1.492474
1.869325,-1.501177
1.862189,-1.509879
1.855247,-1.518582
1.848498,-1.527284
1.841937,-1.535986
1.835561,-1.544689
1.829369,-1.553391
1.823357,-1.562094
1.817521,-1.570796
