scan.pos:-4.338495,5.386569,2.9684350.933967,1.562094
0.935430,1.553391
0.943659,1.544689
0.945287,1.535986
0.946993,1.527284
0.948777,1.518581
0.950640,1.509879
0.952583,1.501177
0.954608,1.492474
0.956713,1.483772
0.958902,1.475069
0.961174,1.466367
0.963530,1.457664
0.965971,1.448962
0.968499,1.440259
0.971114,1.431557
0.973817,1.422854
0.976611,1.414152
0.979495,1.405449
0.982471,1.396747
0.985541,1.388044
0.988706,1.379342
0.991966,1.370639
0.995325,1.361937
0.998782,1.353234
1.002340,1.344532
1.006001,1.335830
1.009765,1.327127
1.035515,1.318425
1.039579,1.309722
1.043754,1.301020
1.048044,1.292317
1.052449,1.283615
1.056972,1.274912
1.061616,1.266210
1.111445,1.257507
1.116542,1.248805
1.167255,1.240102
1.195688,1.231400
1.247449,1.222697
1.253667,1.213995
7.207674,1.205292
7.099840,1.196590
7.001696,1.187888
6.896914,1.179185
6.803187,1.170483
6.711881,1.161780
6.635226,1.153078
6.547801,1.144375
6.449367,1.135673
6.389694,1.126970
6.307690,1.118268
6.212205,1.109565
6.157893,1.100863
6.088822,1.092160
6.012511,1.083458
5.944902,1.074755
5.871012,1.066053
5.804626,1.057350
5.758790,1.048648
5.688501,1.039945
5.623978,1.031243
5.581972,1.022541
5.518334,1.013838
5.451660,1.005136
5.413051,0.996433
5.373741,0.987731
5.310769,0.979028
5.276391,0.970326
5.215259,0.961623
5.183108,0.952921
5.140501,0.944218
5.096866,0.935516
5.054347,0.926813
5.012911,0.918111
4.972524,0.909408
4.933155,0.900706
4.894775,0.892003
4.857354,0.883301
4.820866,0.874598
4.785283,0.865896
4.750580,0.857194
4.716734,0.848491
4.683722,0.839789
4.651519,0.831086
4.620107,0.822384
4.589462,0.813681
4.559566,0.804979
4.530401,0.796276
4.501946,0.787574
4.474185,0.778871
4.447102,0.770169
4.420679,0.761466
4.394900,0.752764
4.369751,0.744061
4.345218,0.735359
4.321286,0.726656
4.297941,0.717954
4.275171,0.709251
4.252964,0.700549
4.231306,0.691847
4.210186,0.683144
4.189595,0.674442
4.169519,0.665739
4.149950,0.657037
4.130876,0.648334
4.112289,0.639632
4.094179,0.630929
4.076536,0.622227
4.059353,0.613524
4.042620,0.604822
4.026330,0.596119
4.010476,0.587417
3.995049,0.578714
3.980041,0.570012
3.965447,0.561309
3.951260,0.552607
3.937472,0.543905
3.924078,0.535202
3.911072,0.526500
3.898447,0.517797
3.886199,0.509095
3.874322,0.500392
3.862810,0.491690
3.851659,0.482987
3.840864,0.474285
3.830420,0.465582
3.820323,0.456880
3.810568,0.448177
3.801152,0.439475
3.792070,0.430772
3.783319,0.422070
3.774895,0.413367
3.766794,0.404665
3.759015,0.395962
3.751552,0.387260
3.744403,0.378558
3.737566,0.369855
3.731037,0.361153
3.724814,0.352450
3.718895,0.343748
3.713276,0.335045
3.707957,0.326343
3.702935,0.317640
3.698207,0.308938
3.693772,0.300235
3.689629,0.291533
3.685775,0.282830
3.682209,0.274128
3.678930,0.265425
3.675937,0.256723
3.673228,0.248020
3.670802,0.239318
3.668659,0.230615
3.666797,0.221913
3.665216,0.213211
3.663916,0.204508
3.662895,0.195806
3.662154,0.187103
3.661691,0.178401
3.661508,0.169698
3.661603,0.160996
3.661978,0.152293
3.662631,0.143591
3.663564,0.134888
3.664776,0.126186
3.666269,0.117483
3.668042,0.108781
3.670096,0.100078
3.672433,0.091376
3.675052,0.082673
3.677956,0.073971
3.681144,0.065269
3.684620,0.056566
3.688382,0.047864
3.692434,0.039161
3.696777,0.030459
3.701412,0.021756
3.706342,0.013054
3.711567,0.004351
3.717091,-0.004351
3.722915,-0.013054
3.729042,-0.021756
3.735474,-0.030459
3.742214,-0.039161
3.749264,-0.047864
3.756628,-0.056566
3.764307,-0.065269
3.772306,-0.073971
3.780628,-0.082674
3.789275,-0.091376
3.798253,-0.100078
3.807563,-0.108781
3.817210,-0.117483
3.827199,-0.126186
3.837533,-0.134888
3.848217,-0.143591
3.859256,-0.152293
3.870653,-0.160996
3.882415,-0.169698
3.894546,-0.178401
3.907051,-0.187103
3.919936,-0.195806
3.933207,-0.204508
3.946870,-0.213211
3.960931,-0.221913
3.975396,-0.230616
3.990272,-0.239318
4.005567,-0.248021
4.021286,-0.256723
4.037437,-0.265425
4.054029,-0.274128
4.071070,-0.282830
4.088566,-0.291533
4.106528,-0.300235
4.124964,-0.308938
4.143884,-0.317640
4.163296,-0.326343
4.183210,-0.335045
4.203639,-0.343748
4.224590,-0.352450
4.246077,-0.361153
4.268110,-0.369855
4.290701,-0.378558
4.313863,-0.387260
4.337609,-0.395963
4.361951,-0.404665
4.386904,-0.413367
4.412483,-0.422070
4.454580,-0.430772
1.731833,-0.439475
1.595261,-0.448177
1.580589,-0.456880
1.565851,-0.465582
1.551042,-0.474285
1.536156,-0.482987
1.521188,-0.491690
1.506132,-0.500392
1.490982,-0.509095
1.449840,-0.517797
1.460372,-0.526500
1.444900,-0.535202
1.429306,-0.543905
1.413585,-0.552607
1.397728,-0.561310
1.381728,-0.570012
1.365577,-0.578714
1.349267,-0.587417
1.332788,-0.596119
1.316132,-0.604822
1.327536,-0.613524
1.319695,-0.622227
1.308493,-0.630929
1.297578,-0.639632
1.286940,-0.648334
1.276572,-0.657037
1.266465,-0.665739
1.256611,-0.674442
1.247005,-0.683144
1.237637,-0.691847
1.228502,-0.700549
1.219593,-0.709252
1.210904,-0.717954
1.202429,-0.726657
1.194162,-0.735359
1.186097,-0.744061
1.178230,-0.752764
1.170555,-0.761466
1.163067,-0.770169
1.155762,-0.778871
1.148636,-0.787574
1.141683,-0.796276
1.134899,-0.804979
1.128281,-0.813681
1.121825,-0.822384
1.115526,-0.831086
1.109382,-0.839789
1.103389,-0.848491
1.097544,-0.857194
1.091842,-0.865896
1.086282,-0.874599
1.080860,-0.883301
1.075574,-0.892003
1.070420,-0.900706
1.065396,-0.909408
1.060499,-0.918111
1.055728,-0.926813
1.051078,-0.935516
1.046549,-0.944218
1.042138,-0.952921
1.037842,-0.961623
1.033660,-0.970326
1.029590,-0.979028
1.025629,-0.987731
1.021776,-0.996433
1.018030,-1.005136
1.014387,-1.013838
1.010848,-1.022541
1.007409,-1.031243
1.004070,-1.039946
1.000829,-1.048648
0.997685,-1.057350
0.994635,-1.066053
0.991680,-1.074755
0.988817,-1.083458
0.986046,-1.092160
0.983365,-1.100863
0.980773,-1.109565
0.978268,-1.118268
0.975851,-1.126970
0.973519,-1.135673
0.971273,-1.144375
0.969110,-1.153078
0.967031,-1.161780
0.965033,-1.170483
0.963117,-1.179185
0.961282,-1.187888
0.959527,-1.196590
0.957851,-1.205293
0.956253,-1.213995
0.954733,-1.222697
0.953291,-1.231400
0.951926,-1.240102
0.950636,-1.248805
0.949422,-1.257507
0.948284,-1.266210
0.947220,-1.274912
0.946231,-1.283615
0.945315,-1.292317
0.944474,-1.301020
0.943705,-1.309722
0.943010,-1.318425
0.942387,-1.327127
0.941837,-1.335830
0.941359,-1.344532
0.940953,-1.353235
0.940619,-1.361937
0.940357,-1.370639
0.940167,-1.379342
0.940048,-1.388044
0.940001,-1.396747
0.940025,-1.405449
0.940122,-1.414152
0.940289,-1.422854
0.940529,-1.431557
0.940840,-1.440259
0.941223,-1.448962
0.941678,-1.457664
0.942206,-1.466367
0.942805,-1.475069
0.943478,-1.483772
0.944223,-1.492474
0.945042,-1.501177
0.945934,-1.509879
0.946900,-1.518582
0.947940,-1.527284
0.949055,-1.535986
0.950245,-1.544689
0.951511,-1.553391
0.952852,-1.562094
0.954270,-1.570796
