scan.pos:-0.121075,7.097597,-0.0647500.901890,1.562094
0.902435,1.553391
0.903049,1.544689
0.903734,1.535986
0.904488,1.527284
0.905312,1.518581
0.906207,1.509879
0.907173,1.501177
0.908210,1.492474
0.909319,1.483772
0.910500,1.475069
0.911754,1.466367
0.913081,1.457664
0.914481,1.448962
0.915955,1.440259
0.917505,1.431557
0.919129,1.422854
0.920830,1.414152
0.922607,1.405449
0.924462,1.396747
0.926395,1.388044
0.928407,1.379342
0.930498,1.370639
0.932670,1.361937
0.934924,1.353234
0.937260,1.344532
0.939680,1.335830
0.942184,1.327127
0.944774,1.318425
0.947450,1.309722
0.950214,1.301020
0.953067,1.292317
0.956010,1.283615
0.959045,1.274912
0.962173,1.266210
0.965395,1.257507
0.968712,1.248805
0.972127,1.240102
0.975640,1.231400
0.979254,1.222697
0.982969,1.213995
0.986789,1.205292
0.990714,1.196590
0.994746,1.187888
0.998888,1.179185
1.003141,1.170483
1.007507,1.161780
1.011989,1.153078
1.016589,1.144375
1.021309,1.135673
1.026152,1.126970
1.031119,1.118268
1.036215,1.109565
1.041440,1.100863
1.046799,1.092160
1.052293,1.083458
1.057927,1.074755
1.063703,1.066053
1.069624,1.057350
1.075693,1.048648
1.081915,1.039945
1.088293,1.031243
1.094830,1.022541
1.101530,1.013838
1.108398,1.005136
1.115438,0.996433
1.122653,0.987731
1.130049,0.979028
1.137631,0.970326
1.145402,0.961623
1.153370,0.952921
1.161537,0.944218
1.169911,0.935516
1.178497,0.926813
1.187301,0.918111
1.196330,0.909408
1.205589,0.900706
1.215086,0.892003
1.224827,0.883301
1.234821,0.874598
1.245075,0.865896
1.255598,0.857194
1.266397,0.848491
1.268155,0.839789
1.285251,0.831086
1.274450,0.822384
1.291402,0.813681
1.308174,0.804979
1.324777,0.796276
1.341218,0.787574
1.357505,0.778871
1.347232,0.770169
1.389653,0.761466
1.405529,0.752764
1.395440,0.744061
1.411258,0.735359
1.426963,0.726656
1.442562,0.717954
1.436887,0.709251
1.452502,0.700549
1.477003,0.691847
1.493006,0.683144
1.519056,0.674442
1.535509,0.665739
1.538999,0.657037
1.580174,0.648334
1.585705,0.639632
1.603399,0.630929
1.634875,0.622227
1.653236,0.613524
1.686735,0.604822
1.705858,0.596119
1.741542,0.587417
1.761535,0.578714
1.781638,0.570012
1.820573,0.561309
1.841717,0.552607
1.860716,0.543905
1.905656,0.535202
1.927784,0.526500
1.973883,0.517797
1.997877,0.509095
2.046890,0.500392
2.094557,0.491690
2.125251,0.482987
2.174640,0.474285
2.202602,0.465582
2.261056,0.456880
2.312956,0.448177
2.354653,0.439475
2.409110,0.430772
2.464276,0.422070
2.513929,0.413367
2.572338,0.404665
2.649922,0.395962
2.712134,0.387260
2.775650,0.378558
2.864048,0.369855
2.953461,0.361153
3.023706,0.352450
3.104763,0.343748
3.223179,0.335045
3.302523,0.326343
3.421723,0.317640
3.551192,0.308938
3.665163,0.300235
3.805518,0.291533
3.950628,0.282830
4.092722,0.274128
4.294276,0.265425
4.462175,0.256723
4.684157,0.248020
4.895523,0.239318
5.138718,0.230615
5.417855,0.221913
5.717516,0.213211
6.077000,0.204508
6.445648,0.195806
6.906750,0.187103
7.403440,0.178401
1.747868,-0.561310
1.729239,-0.570012
1.652213,-0.578714
1.633815,-0.587417
1.607975,-0.596119
1.590055,-0.604822
1.591365,-0.613524
1.393358,-0.622227
1.395357,-0.630929
1.372468,-0.639632
1.354762,-0.648334
1.333151,-0.657037
1.342467,-0.665739
1.269089,-0.674442
1.252046,-0.683144
1.234821,-0.691847
1.162071,-0.700549
1.171891,-0.709252
1.153828,-0.717954
1.155430,-0.726657
1.145550,-0.735359
1.135923,-0.744061
1.126542,-0.752764
1.117399,-0.761466
1.054414,-0.770169
1.046150,-0.778871
1.038092,-0.787574
1.030236,-0.796276
1.022575,-0.804979
1.015104,-0.813681
1.007818,-0.822384
1.000710,-0.831086
0.993778,-0.839789
0.987016,-0.848491
0.980419,-0.857194
0.973984,-0.865896
0.967705,-0.874599
0.961580,-0.883301
0.955604,-0.892003
0.949774,-0.900706
0.944086,-0.909408
0.938537,-0.918111
0.933123,-0.926813
0.927842,-0.935516
0.922690,-0.944218
0.917665,-0.952921
0.912763,-0.961623
0.907981,-0.970326
0.903319,-0.979028
0.898771,-0.987731
0.894338,-0.996433
0.890015,-1.005136
0.885801,-1.013838
0.881693,-1.022541
0.877690,-1.031243
0.873789,-1.039946
0.869989,-1.048648
0.866287,-1.057350
0.862683,-1.066053
0.859173,-1.074755
0.855756,-1.083458
0.852432,-1.092160
0.849197,-1.100863
0.846051,-1.109565
0.842992,-1.118268
0.840019,-1.126970
0.837131,-1.135673
0.834325,-1.144375
0.831602,-1.153078
0.828959,-1.161780
0.826395,-1.170483
0.823910,-1.179185
0.821503,-1.187888
0.819171,-1.196590
0.816915,-1.205293
0.814732,-1.213995
0.812624,-1.222697
0.810587,-1.231400
0.808623,-1.240102
0.806729,-1.248805
0.804905,-1.257507
0.803150,-1.266210
0.801464,-1.274912
0.799846,-1.283615
0.798295,-1.292317
0.796811,-1.301020
0.795392,-1.309722
0.794039,-1.318425
0.792751,-1.327127
0.791527,-1.335830
0.790367,-1.344532
0.789270,-1.353235
0.788236,-1.361937
0.787265,-1.370639
0.786357,-1.379342
0.785510,-1.388044
0.784724,-1.396747
0.784000,-1.405449
0.783337,-1.414152
0.782734,-1.422854
0.782192,-1.431557
0.781710,-1.440259
0.781288,-1.448962
0.780926,-1.457664
0.780623,-1.466367
0.780381,-1.475069
0.780198,-1.483772
0.780074,-1.492474
0.780010,-1.501177
0.780005,-1.509879
0.780060,-1.518582
0.780174,-1.527284
0.780347,-1.535986
0.780581,-1.544689
0.780873,-1.553391
0.781226,-1.562094
0.781638,-1.570796
