scan.pos:-2.869754,5.887653,-2.6147504.867721,1.562094
4.843320,1.553391
4.804910,1.544689
4.796332,1.535986
4.819102,1.527284
4.796853,1.518581
4.775170,1.509879
4.754043,1.501177
4.733461,1.492474
4.757800,1.483772
4.738093,1.475069
4.740920,1.466367
4.766007,1.457664
4.769421,1.448962
4.838441,1.440259
4.885639,1.431557
4.976061,1.422854
5.212242,1.414152
5.306254,1.405449
5.382807,1.396747
5.506329,1.388044
5.655489,1.379342
5.788100,1.370639
5.877457,1.361937
5.963981,1.353234
6.134729,1.344532
2.220584,1.013838
1.660832,1.005136
1.601306,0.996433
1.601932,0.987731
1.562613,0.979028
1.483285,0.970326
1.464149,0.961623
1.425027,0.952921
1.426130,0.944218
1.427343,0.935516
1.388422,0.926813
1.389817,0.918111
1.371157,0.909408
1.372747,0.900706
1.374445,0.892003
1.376253,0.883301
1.337636,0.874598
1.339604,0.865896
1.341680,0.857194
1.343866,0.848491
1.346161,0.839789
1.328134,0.831086
1.310143,0.822384
1.312693,0.813681
1.315354,0.804979
1.318126,0.796276
1.321011,0.787574
1.324010,0.778871
1.327123,0.770169
1.330353,0.761466
1.333700,0.752764
1.337166,0.744061
1.340753,0.735359
1.344462,0.726656
1.348294,0.717954
1.352251,0.709251
1.356335,0.700549
1.360548,0.691847
1.364892,0.683144
1.369368,0.674442
1.373978,0.665739
1.378725,0.657037
1.383610,0.648334
1.388636,0.639632
1.393806,0.630929
1.399121,0.622227
1.404584,0.613524
1.418629,0.604822
1.424431,0.596119
1.430390,0.587417
1.436508,0.578714
1.442789,0.570012
1.449237,0.561309
1.455854,0.552607
1.462643,0.543905
1.469608,0.535202
1.476753,0.526500
1.484082,0.517797
1.491597,0.509095
1.499304,0.500392
1.507207,0.491690
1.515309,0.482987
1.523615,0.474285
1.532130,0.465582
1.540859,0.456880
1.549807,0.448177
1.558979,0.439475
1.617100,0.430772
1.627036,0.422070
1.637219,0.413367
1.647657,0.404665
1.658356,0.395962
1.719617,0.387260
1.731198,0.378558
1.768559,0.369855
1.780907,0.361153
1.793566,0.352450
1.806544,0.343748
1.819852,0.335045
1.833498,0.326343
1.847491,0.317640
1.861843,0.308938
1.876563,0.300235
1.891664,0.291533
1.907155,0.282830
1.978484,0.274128
1.995265,0.265425
2.012488,0.256723
2.014969,0.248020
2.036807,0.239318
2.058631,0.230615
2.082249,0.221913
2.104584,0.213211
2.099956,0.204508
2.122574,0.195806
2.149040,0.187103
2.202962,0.178401
2.236236,0.169698
2.235029,0.160996
2.277681,0.152293
2.285255,0.143591
2.319868,0.134888
2.363196,0.126186
2.383819,0.117483
2.415100,0.108781
6.356347,0.100078
6.316267,0.091376
6.277164,0.082673
6.239016,0.073971
6.201797,0.065269
6.165486,0.056566
6.130063,0.047864
6.095505,0.039161
6.061794,0.030459
6.028911,0.021756
5.996836,0.013054
5.965553,0.004351
5.935044,-0.004351
5.905293,-0.013054
5.876285,-0.021756
5.848002,-0.030459
5.820433,-0.039161
5.793561,-0.047864
5.767372,-0.056566
5.741855,-0.065269
5.716997,-0.073971
5.692784,-0.082674
5.669205,-0.091376
5.646249,-0.100078
5.623905,-0.108781
5.602162,-0.117483
5.581010,-0.126186
5.560439,-0.134888
5.540439,-0.143591
5.521001,-0.152293
5.502117,-0.160996
5.483778,-0.169698
5.465976,-0.178401
5.448702,-0.187103
5.431950,-0.195806
5.415711,-0.204508
5.399980,-0.213211
5.384748,-0.221913
5.370010,-0.230616
5.355759,-0.239318
5.341989,-0.248021
5.328694,-0.256723
5.315870,-0.265425
5.303510,-0.274128
5.291609,-0.282830
5.280163,-0.291533
5.269166,-0.300235
5.258615,-0.308938
5.248505,-0.317640
5.238832,-0.326343
5.229592,-0.335045
5.220781,-0.343748
5.212397,-0.352450
5.204435,-0.361153
5.196892,-0.369855
5.189766,-0.378558
5.183054,-0.387260
5.176753,-0.395963
5.170860,-0.404665
5.165373,-0.413367
5.160291,-0.422070
5.155611,-0.430772
5.151331,-0.439475
5.147451,-0.448177
5.143967,-0.456880
5.140880,-0.465582
5.138187,-0.474285
5.135888,-0.482987
5.133982,-0.491690
5.132467,-0.500392
5.131345,-0.509095
5.130613,-0.517797
5.130273,-0.526500
5.130323,-0.535202
5.130764,-0.543905
5.131596,-0.552607
5.132819,-0.561310
5.134433,-0.570012
5.136440,-0.578714
5.138840,-0.587417
5.141634,-0.596119
5.144823,-0.604822
5.148408,-0.613524
5.152391,-0.622227
5.156774,-0.630929
5.161557,-0.639632
5.166742,-0.648334
5.172333,-0.657037
5.178330,-0.665739
5.184737,-0.674442
2.813222,-0.683144
2.675271,-0.691847
2.537129,-0.700549
2.419090,-0.709252
2.280499,-0.717954
2.202809,-0.726657
2.125014,-0.735359
2.026627,-0.744061
1.948529,-0.752764
1.870269,-0.761466
1.812424,-0.770169
1.754468,-0.778871
1.675700,-0.787574
1.638168,-0.796276
1.579794,-0.804979
1.542091,-0.813681
1.483419,-0.822384
1.445499,-0.831086
1.407483,-0.839789
1.369361,-0.848491
1.331122,-0.857194
1.292757,-0.865896
1.275514,-0.874599
1.236933,-0.883301
1.198197,-0.892003
1.180762,-0.900706
1.163299,-0.909408
1.145802,-0.918111
1.106570,-0.926813
1.088911,-0.935516
1.071202,-0.944218
1.053438,-0.952921
1.035614,-0.961623
0.995600,-0.970326
0.977548,-0.979028
0.959418,-0.987731
0.963613,-0.996433
0.945409,-1.005136
0.927113,-1.013838
0.931437,-1.022541
0.935872,-1.031243
0.940423,-1.039946
0.945089,-1.048648
0.926708,-1.057350
0.931496,-1.066053
0.912996,-1.074755
0.894367,-1.083458
0.875605,-1.092160
0.880499,-1.100863
0.861582,-1.109565
0.842514,-1.118268
0.823285,-1.126970
0.828250,-1.135673
0.808829,-1.144375
0.813891,-1.153078
0.819080,-1.161780
0.824399,-1.170483
0.804704,-1.179185
0.810123,-1.187888
0.790188,-1.196590
0.770037,-1.205293
0.775511,-1.213995
0.781122,-1.222697
0.786876,-1.231400
0.792776,-1.240102
0.798827,-1.248805
0.805033,-1.257507
0.784351,-1.266210
0.790662,-1.274912
0.797137,-1.283615
0.803781,-1.292317
0.810599,-1.301020
0.817596,-1.309722
0.815783,-1.318425
0.808833,-1.327127
0.802060,-1.335830
0.795460,-1.344532
0.789028,-1.353235
0.782757,-1.361937
0.803425,-1.370639
0.797260,-1.379342
0.791249,-1.388044
0.785386,-1.396747
0.779669,-1.405449
0.774093,-1.414152
0.794276,-1.422854
0.788795,-1.431557
0.808720,-1.440259
0.803335,-1.448962
0.798082,-1.457664
0.792957,-1.466367
0.812580,-1.475069
0.807550,-1.483772
0.802642,-1.492474
0.797854,-1.501177
0.793182,-1.509879
0.788625,-1.518582
0.784179,-1.527284
0.803474,-1.535986
0.822619,-1.544689
0.818243,-1.553391
0.813974,-1.562094
0.809811,-1.570796
