scan.pos:-1.966956,4.544242,1.6352501.062206,1.562094
1.061648,1.553391
1.061172,1.544689
1.060777,1.535986
1.080472,1.527284
1.080234,1.518581
1.080079,1.509879
1.120006,1.501177
1.120016,1.492474
1.120111,1.483772
1.120291,1.475069
1.180587,1.466367
1.180957,1.457664
1.181418,1.448962
1.181968,1.440259
6.046387,1.431557
6.050131,1.422854
6.054340,1.414152
6.059018,1.405449
6.064164,1.396747
6.069782,1.388044
6.075874,1.379342
6.082441,1.370639
6.089487,1.361937
6.097014,1.353234
6.105026,1.344532
6.113524,1.335830
6.122513,1.327127
6.131997,1.318425
6.141978,1.309722
6.152461,1.301020
6.163450,1.292317
6.174949,1.283615
6.186964,1.274912
6.199498,1.266210
6.212557,1.257507
6.226147,1.248805
6.240273,1.240102
6.254940,1.231400
6.270154,1.222697
6.285923,1.213995
6.302253,1.205292
6.319149,1.196590
6.336621,1.187888
6.354675,1.179185
6.373319,1.170483
6.392561,1.161780
6.412409,1.153078
6.432873,1.144375
6.453960,1.135673
6.475681,1.126970
6.498044,1.118268
6.521062,1.109565
6.544743,1.100863
6.569099,1.092160
6.594141,1.083458
6.619881,1.074755
6.646330,1.066053
6.673502,1.057350
4.059597,1.048648
3.977947,1.039945
3.919420,1.031243
3.861734,1.022541
3.782219,1.013838
3.725933,1.005136
3.670312,0.996433
3.615307,0.987731
3.560866,0.979028
3.506943,0.970326
3.453494,0.961623
3.400474,0.952921
3.347843,0.944218
3.319224,0.935516
3.267384,0.926813
3.215821,0.918111
3.164496,0.909408
3.137589,0.900706
3.086786,0.892003
3.060631,0.883301
3.010229,0.874598
2.984724,0.865896
2.959588,0.857194
2.909657,0.848491
2.885033,0.839789
2.860718,0.831086
2.811028,0.822384
2.787096,0.813681
2.763416,0.804979
2.739974,0.796276
2.690329,0.787574
2.667111,0.778871
2.644079,0.770169
2.621217,0.761466
2.598510,0.752764
2.575943,0.744061
2.553503,0.735359
2.533577,0.726656
2.527252,0.717954
2.504638,0.709251
2.500499,0.700549
2.470557,0.691847
2.495707,0.683144
2.496046,0.674442
2.468169,0.665739
2.444568,0.657037
2.419162,0.648334
2.399019,0.639632
2.402228,0.630929
2.406007,0.622227
2.390400,0.613524
2.370421,0.604822
2.409184,0.596119
2.391289,0.587417
2.424567,0.578714
2.391849,0.570012
2.402015,0.561309
2.397873,0.552607
2.410115,0.543905
2.423064,0.535202
2.412812,0.526500
2.422720,0.517797
2.432696,0.509095
2.418978,0.500392
2.452863,0.491690
2.463059,0.482987
2.473332,0.474285
2.483684,0.465582
2.517256,0.456880
2.573704,0.448177
2.629787,0.439475
2.639926,0.430772
2.695553,0.422070
2.705692,0.413367
2.693458,0.404665
2.703923,0.395962
2.736791,0.387260
2.725196,0.378558
2.736008,0.369855
2.768951,0.361153
2.801841,0.352450
2.791005,0.343748
2.845739,0.335045
2.856925,0.326343
2.933046,0.317640
3.030374,0.308938
3.062907,0.300235
3.159590,0.291533
3.255878,0.282830
3.288070,0.274128
3.383842,0.265425
3.500405,0.256723
3.618549,0.248020
3.608155,0.239318
3.600438,0.230615
3.602573,0.221913
3.582221,0.213211
3.586196,0.204508
3.573181,0.195806
3.560476,0.187103
3.559062,0.178401
3.542223,0.169698
3.531153,0.160996
3.535472,0.152293
3.521216,0.143591
3.515251,0.134888
3.518597,0.126186
3.496471,0.117483
3.490852,0.108781
3.485516,0.100078
3.480461,0.091376
3.475684,0.082673
3.471185,0.073971
3.466961,0.065269
3.463011,0.056566
3.459333,0.047864
3.455925,0.039161
3.452788,0.030459
3.449918,0.021756
3.447315,0.013054
3.444978,0.004351
3.442907,-0.004351
3.441100,-0.013054
3.439556,-0.021756
3.438276,-0.030459
3.437258,-0.039161
3.436503,-0.047864
3.436009,-0.056566
3.435777,-0.065269
3.435807,-0.073971
3.436099,-0.082674
3.436652,-0.091376
3.437467,-0.100078
3.438545,-0.108781
3.439885,-0.117483
3.441489,-0.126186
3.443356,-0.134888
3.445488,-0.143591
3.447886,-0.152293
3.450549,-0.160996
3.453480,-0.169698
3.456680,-0.178401
3.460149,-0.187103
3.463889,-0.195806
3.467901,-0.204508
3.472188,-0.213211
3.476751,-0.221913
3.481590,-0.230616
3.486710,-0.239318
3.492110,-0.248021
3.497794,-0.256723
3.503764,-0.265425
3.510022,-0.274128
3.516571,-0.282830
3.523413,-0.291533
3.530551,-0.300235
3.537989,-0.308938
3.545728,-0.317640
3.553772,-0.326343
3.562125,-0.335045
3.570790,-0.343748
3.579770,-0.352450
3.589069,-0.361153
3.598692,-0.369855
3.608642,-0.378558
3.618923,-0.387260
3.629541,-0.395963
3.640499,-0.404665
3.651802,-0.413367
3.663456,-0.422070
3.675465,-0.430772
3.687835,-0.439475
3.700571,-0.448177
3.713679,-0.456880
3.727165,-0.465582
3.741036,-0.474285
3.755297,-0.482987
3.769955,-0.491690
3.785018,-0.500392
3.800492,-0.509095
3.816385,-0.517797
3.832705,-0.526500
3.849459,-0.535202
3.866656,-0.543905
3.884304,-0.552607
3.902413,-0.561310
1.821128,-0.570012
1.738237,-0.578714
1.723811,-0.587417
1.706844,-0.596119
1.678735,-0.604822
1.650857,-0.613524
1.632308,-0.622227
1.605606,-0.630929
1.579059,-0.639632
1.564087,-0.648334
1.538546,-0.657037
1.513096,-0.665739
1.525757,-0.674442
1.525827,-0.683144
1.541381,-0.691847
1.518042,-0.700549
1.494716,-0.709252
1.488678,-0.717954
1.491359,-0.726657
1.468868,-0.735359
1.465754,-0.744061
1.443875,-0.752764
1.390689,-0.761466
1.395212,-0.770169
1.369423,-0.778871
1.348213,-0.787574
1.353710,-0.796276
1.275693,-0.804979
1.254353,-0.813681
1.258653,-0.822384
1.237685,-0.831086
1.215842,-0.839789
1.223162,-0.848491
1.219542,-0.857194
1.209149,-0.865896
1.199022,-0.874599
1.189153,-0.883301
1.179534,-0.892003
1.170158,-0.900706
1.161018,-0.909408
1.152106,-0.918111
1.143417,-0.926813
1.125838,-0.935516
1.117640,-0.944218
1.109645,-0.952921
1.101847,-0.961623
1.094241,-0.970326
1.086820,-0.979028
1.079582,-0.987731
1.072520,-0.996433
1.065631,-1.005136
1.058910,-1.013838
1.052353,-1.022541
1.045956,-1.031243
1.039715,-1.039946
1.033626,-1.048648
1.027685,-1.057350
1.021890,-1.066053
1.016237,-1.074755
1.010723,-1.083458
1.005344,-1.092160
1.000098,-1.100863
0.994982,-1.109565
0.989993,-1.118268
0.985129,-1.126970
0.980386,-1.135673
0.975763,-1.144375
0.971256,-1.153078
0.966865,-1.161780
0.962586,-1.170483
0.958417,-1.179185
0.954357,-1.187888
0.950403,-1.196590
0.946553,-1.205293
0.942806,-1.213995
0.939160,-1.222697
0.935612,-1.231400
0.932163,-1.240102
0.928809,-1.248805
0.925549,-1.257507
0.922382,-1.266210
0.919307,-1.274912
0.916321,-1.283615
0.913424,-1.292317
0.910615,-1.301020
0.907891,-1.309722
0.905253,-1.318425
0.902699,-1.327127
0.900227,-1.335830
0.897837,-1.344532
0.895527,-1.353235
0.893297,-1.361937
0.891147,-1.370639
0.889073,-1.379342
0.887077,-1.388044
0.885158,-1.396747
0.883313,-1.405449
0.881543,-1.414152
0.879848,-1.422854
0.878225,-1.431557
0.876675,-1.440259
0.875197,-1.448962
0.873791,-1.457664
0.872455,-1.466367
0.871190,-1.475069
0.869994,-1.483772
0.868868,-1.492474
0.867811,-1.501177
0.866822,-1.509879
0.865901,-1.518582
0.865048,-1.527284
0.864263,-1.535986
0.863544,-1.544689
0.862893,-1.553391
0.862308,-1.562094
0.861789,-1.570796
