scan.pos:-3.731307,-4.208866,0.2852500.875373,1.562094
0.873171,1.553391
0.871047,1.544689
0.869000,1.535986
0.867028,1.527284
0.885728,1.518581
0.904416,1.509879
0.902582,1.501177
0.900824,1.492474
0.919576,1.483772
0.917932,1.475069
0.916362,1.466367
0.914868,1.457664
0.913448,1.448962
0.912101,1.440259
0.910828,1.431557
0.909628,1.422854
0.908500,1.414152
0.907443,1.405449
0.926602,1.396747
1.006161,1.388044
1.105746,1.379342
1.185151,1.370639
1.324731,1.361937
1.464206,1.353234
1.683787,1.344532
1.903240,1.335830
2.322860,1.327127
2.742294,1.318425
6.372164,1.309722
6.370617,1.301020
6.369556,1.292317
6.368980,1.283615
6.368889,1.274912
6.369284,1.266210
6.390167,1.257507
6.391536,1.248805
6.433422,1.240102
6.435781,1.231400
6.478694,1.222697
6.482060,1.213995
6.485924,1.205292
6.490287,1.196590
6.495151,1.187888
6.520615,1.179185
6.586853,1.170483
6.855074,1.161780
6.275095,0.822384
6.141641,0.813681
6.052127,0.804979
5.989759,0.796276
5.907548,0.787574
5.759457,0.778871
5.681773,0.770169
5.583305,0.761466
5.509854,0.752764
5.415159,0.744061
5.345496,0.735359
5.183656,0.726656
5.117004,0.717954
5.051970,0.709251
5.012365,0.700549
4.974499,0.691847
4.962478,0.683144
4.946485,0.674442
4.927773,0.665739
4.909207,0.657037
4.890783,0.648334
4.897428,0.639632
4.929630,0.630929
4.912114,0.622227
4.945606,0.613524
4.979939,0.604822
5.015138,0.596119
5.051225,0.587417
5.088225,0.578714
5.126165,0.570012
5.165071,0.561309
5.204972,0.552607
5.245896,0.543905
5.287875,0.535202
5.330941,0.526500
5.375126,0.517797
5.392590,0.509095
5.438882,0.500392
5.480221,0.491690
5.509247,0.482987
5.567286,0.474285
5.627812,0.465582
5.688095,0.456880
5.716999,0.448177
5.775301,0.439475
5.829995,0.430772
5.887892,0.422070
5.967488,0.413367
6.024946,0.404665
6.076915,0.395962
6.159966,0.387260
6.210701,0.378558
6.293291,0.369855
6.375906,0.361153
6.450240,0.352450
6.507689,0.343748
6.590313,0.335045
6.633964,0.326343
6.599499,0.317640
6.672087,0.308938
6.671204,0.300235
6.684602,0.291533
3.250960,0.282830
3.161854,0.274128
3.050422,0.265425
3.034094,0.256723
2.994873,0.248020
2.979460,0.239318
2.964430,0.230615
2.949774,0.221913
2.935484,0.213211
2.921554,0.204508
2.907976,0.195806
2.894743,0.187103
2.881849,0.178401
2.869286,0.169698
2.857049,0.160996
2.845131,0.152293
2.833528,0.143591
2.822233,0.134888
2.811240,0.126186
2.800546,0.117483
2.790144,0.108781
2.767038,0.100078
2.770200,0.091376
2.760648,0.082673
2.751370,0.073971
2.742363,0.065269
2.733623,0.056566
2.725144,0.047864
2.716924,0.039161
2.708960,0.030459
2.701247,0.021756
2.693782,0.013054
2.686563,0.004351
2.679586,-0.004351
2.672848,-0.013054
2.666346,-0.021756
2.660078,-0.030459
2.654041,-0.039161
2.648232,-0.047864
2.642650,-0.056566
2.637291,-0.065269
2.632154,-0.073971
2.627237,-0.082674
2.622538,-0.091376
2.618054,-0.100078
2.613785,-0.108781
2.609728,-0.117483
2.605881,-0.126186
2.602244,-0.134888
2.598814,-0.143591
2.595591,-0.152293
2.592573,-0.160996
2.589759,-0.169698
2.587148,-0.178401
2.584739,-0.187103
2.582531,-0.195806
2.580523,-0.204508
2.578714,-0.213211
2.577104,-0.221913
2.575692,-0.230616
2.574477,-0.239318
2.573460,-0.248021
2.592649,-0.256723
2.592020,-0.265425
2.631593,-0.274128
2.631355,-0.282830
2.631317,-0.291533
2.691484,-0.300235
2.731863,-0.308938
2.772466,-0.317640
2.793285,-0.326343
2.794310,-0.335045
2.995852,-0.343748
3.057531,-0.352450
7.759059,-0.796276
7.640535,-0.804979
7.531921,-0.813681
7.420964,-0.822384
7.313108,-0.831086
7.208197,-0.839789
7.106085,-0.848491
7.006632,-0.857194
6.909709,-0.865896
6.815193,-0.874599
6.747135,-0.883301
6.657233,-0.892003
6.569409,-0.900706
6.483565,-0.909408
6.399606,-0.918111
6.342373,-0.926813
6.262083,-0.935516
6.183424,-0.944218
6.131755,-0.952921
6.056306,-0.961623
5.982271,-0.970326
5.935556,-0.979028
5.864332,-0.987731
5.794328,-0.996433
5.752045,-1.005136
5.684504,-1.013838
5.644989,-1.022541
5.579705,-1.031243
5.515366,-1.039946
5.479563,-1.048648
5.417194,-1.057350
5.383741,-1.066053
5.346900,-1.074755
5.301094,-1.083458
5.256462,-1.092160
5.212969,-1.100863
5.170581,-1.109565
5.129264,-1.118268
5.088987,-1.126970
5.049719,-1.135673
5.011431,-1.144375
4.974095,-1.153078
4.937685,-1.161780
4.902174,-1.170483
4.867538,-1.179185
4.833755,-1.187888
4.800799,-1.196590
4.768651,-1.205293
4.737289,-1.213995
4.706693,-1.222697
4.676843,-1.231400
4.647721,-1.240102
4.619309,-1.248805
4.591591,-1.257507
4.564548,-1.266210
4.538166,-1.274912
4.512428,-1.283615
4.487320,-1.292317
4.462829,-1.301020
4.438940,-1.309722
4.415639,-1.318425
4.392914,-1.327127
4.370754,-1.335830
4.349145,-1.344532
4.328077,-1.353235
4.307539,-1.361937
4.287519,-1.370639
4.268008,-1.379342
4.248996,-1.388044
4.230474,-1.396747
4.212431,-1.405449
4.194860,-1.414152
4.177752,-1.422854
4.161098,-1.431557
4.144892,-1.440259
4.129124,-1.448962
4.113787,-1.457664
4.098876,-1.466367
4.084381,-1.475069
4.070298,-1.483772
4.056620,-1.492474
4.043339,-1.501177
4.030452,-1.509879
4.017951,-1.518582
4.005832,-1.527284
3.994089,-1.535986
3.982717,-1.544689
3.971712,-1.553391
3.961067,-1.562094
3.950780,-1.570796
