scan.pos:2.091632,6.590486,3.0684354.863495,1.562094
4.866793,1.553391
4.870466,1.544689
4.874517,1.535986
4.858829,1.527284
4.863618,1.518581
4.868788,1.509879
4.874341,1.501177
4.880279,1.492474
4.886603,1.483772
4.893318,1.475069
4.900424,1.466367
4.907926,1.457664
4.915825,1.448962
4.924125,1.440259
4.932830,1.431557
4.941942,1.422854
4.951467,1.414152
4.920322,1.405449
2.676043,1.396747
2.558069,1.388044
2.481120,1.379342
2.424732,1.370639
2.326713,1.361937
2.270042,1.353234
2.213257,1.344532
2.135406,1.335830
2.078291,1.327127
2.042067,1.318425
2.026905,1.309722
2.032984,1.301020
1.996771,1.292317
1.939175,1.283615
1.924113,1.274912
1.930550,1.266210
1.937178,1.257507
1.879200,1.248805
1.842629,1.240102
1.805932,1.231400
1.790938,1.222697
1.797890,1.213995
1.738998,1.205292
1.723968,1.196590
1.686751,1.187888
1.649350,1.179185
1.634138,1.170483
1.596432,1.161780
1.581096,1.153078
1.543048,1.144375
1.527559,1.135673
1.489129,1.126970
1.473459,1.118268
1.457745,1.109565
1.418725,1.100863
1.402787,1.092160
1.386786,1.083458
1.370719,1.074755
1.354579,1.066053
1.338361,1.057350
1.322059,1.048648
1.305668,1.039945
1.167560,1.031243
1.150228,1.022541
1.157395,1.013838
1.139959,1.005136
1.122386,0.996433
1.104669,0.987731
1.086801,0.979028
1.094221,0.970326
1.076203,0.961623
1.058014,0.952921
1.039645,0.944218
1.047270,0.935516
1.028712,0.926813
1.009951,0.918111
1.017763,0.909408
0.998781,0.900706
0.979573,0.892003
0.987561,0.883301
0.968097,0.874598
0.948379,0.865896
0.956531,0.857194
0.958465,0.848491
0.950264,0.839789
0.969987,0.831086
0.989456,0.822384
0.981421,0.813681
0.973588,0.804979
0.965952,0.796276
0.958508,0.787574
0.951249,0.778871
0.944171,0.770169
0.963304,0.761466
0.956384,0.752764
0.949636,0.744061
0.943053,0.735359
0.936632,0.726656
0.930367,0.717954
0.949236,0.709251
0.967932,0.700549
0.961802,0.691847
0.955820,0.683144
0.949985,0.674442
0.944292,0.665739
0.962808,0.657037
0.957250,0.648334
0.951829,0.639632
0.946540,0.630929
0.964915,0.622227
0.983166,0.613524
1.001298,0.604822
1.019319,0.596119
1.014184,0.587417
1.009177,0.578714
1.004296,0.570012
0.999537,0.561309
1.017509,0.552607
1.035395,0.543905
1.053198,0.535202
1.070925,0.526500
1.088580,0.517797
1.106170,0.509095
1.123699,0.500392
1.141173,0.491690
1.136736,0.482987
1.132418,0.474285
1.128220,0.465582
1.145755,0.456880
1.141711,0.448177
1.137781,0.439475
1.155360,0.430772
1.194236,0.422070
1.190437,0.413367
1.186752,0.404665
1.183179,0.395962
1.179718,0.387260
1.218379,0.378558
1.235968,0.369855
1.274448,0.361153
1.312822,0.352450
1.309529,0.343748
1.327087,0.335045
1.365349,0.326343
1.424179,0.317640
1.421070,0.308938
1.418082,0.300235
1.450178,0.291533
1.514535,0.282830
1.554381,0.274128
1.542409,0.265425
1.551979,0.256723
1.572925,0.248020
1.651859,0.239318
1.753122,0.230615
1.845706,0.221913
1.960196,0.213211
2.070832,0.204508
2.219508,0.195806
2.382209,0.187103
2.575939,0.178401
5.616189,0.108781
5.554398,0.100078
5.493064,0.091376
5.452174,0.082673
5.391710,0.073971
5.371662,0.065269
5.332020,0.056566
5.332785,0.047864
5.333956,0.039161
5.335535,0.030459
5.337520,0.021756
5.339914,0.013054
5.342717,0.004351
5.285770,-0.004351
5.229153,-0.013054
5.233099,-0.021756
5.197254,-0.030459
5.201976,-0.039161
5.207104,-0.047864
5.212639,-0.056566
5.218584,-0.065269
5.224941,-0.073971
5.231712,-0.082674
5.238901,-0.091376
5.246509,-0.100078
5.254540,-0.108781
5.262997,-0.117483
5.271884,-0.126186
5.281203,-0.134888
5.290959,-0.143591
5.301156,-0.152293
5.311798,-0.160996
5.343088,-0.169698
5.340477,-0.178401
5.392684,-0.187103
5.286950,-0.195806
5.105407,-0.204508
4.962485,-0.213211
4.816010,-0.221913
4.669754,-0.230616
4.555997,-0.239318
4.425420,-0.248021
4.299530,-0.256723
4.199070,-0.265425
4.101803,-0.274128
3.992150,-0.282830
3.902010,-0.291533
3.823334,-0.300235
3.739322,-0.308938
3.647589,-0.317640
3.568749,-0.326343
3.513359,-0.335045
3.431765,-0.343748
3.380778,-0.352450
3.305405,-0.361153
3.236161,-0.369855
3.190195,-0.378558
3.122394,-0.387260
3.079619,-0.395963
3.016586,-0.404665
2.976628,-0.413367
2.917908,-0.422070
2.880445,-0.430772
2.825646,-0.439475
2.790399,-0.448177
2.732669,-0.456880
2.698574,-0.465582
2.665055,-0.474285
2.632078,-0.482987
2.599611,-0.491690
2.543858,-0.500392
2.512182,-0.509095
2.480923,-0.517797
2.450054,-0.526500
2.419548,-0.535202
2.389379,-0.543905
2.359524,-0.552607
2.329959,-0.561310
2.300662,-0.570012
2.271610,-0.578714
2.268056,-0.587417
2.239604,-0.596119
2.211338,-0.604822
2.183239,-0.613524
2.155288,-0.622227
2.127465,-0.630929
2.126129,-0.639632
2.098707,-0.648334
2.071362,-0.657037
2.044075,-0.665739
2.044041,-0.674442
2.017040,-0.683144
1.990050,-0.691847
1.990945,-0.700549
1.964162,-0.709252
1.958531,-0.717954
1.941773,-0.726657
1.925444,-0.735359
1.909533,-0.744061
1.894025,-0.752764
1.878909,-0.761466
1.864173,-0.770169
1.849806,-0.778871
1.835798,-0.787574
1.822138,-0.796276
1.808816,-0.804979
1.795824,-0.813681
1.783152,-0.822384
1.770791,-0.831086
1.758733,-0.839789
1.746971,-0.848491
1.735496,-0.857194
1.724302,-0.865896
1.713380,-0.874599
1.702725,-0.883301
1.692330,-0.892003
1.682188,-0.900706
1.672294,-0.909408
1.662641,-0.918111
1.653224,-0.926813
1.644038,-0.935516
1.635077,-0.944218
1.626337,-0.952921
1.617812,-0.961623
1.609498,-0.970326
1.601390,-0.979028
1.593484,-0.987731
1.585776,-0.996433
1.578262,-1.005136
1.570938,-1.013838
1.563799,-1.022541
1.556844,-1.031243
1.550068,-1.039946
1.543467,-1.048648
1.537039,-1.057350
1.530781,-1.066053
1.524688,-1.074755
1.518760,-1.083458
1.512992,-1.092160
1.507382,-1.100863
1.501927,-1.109565
1.496625,-1.118268
1.491474,-1.126970
1.486471,-1.135673
1.481614,-1.144375
1.476901,-1.153078
1.472329,-1.161780
1.467897,-1.170483
1.463602,-1.179185
1.459444,-1.187888
1.455419,-1.196590
1.451527,-1.205293
1.447766,-1.213995
1.444134,-1.222697
1.440629,-1.231400
1.437251,-1.240102
1.433997,-1.248805
1.430867,-1.257507
1.427859,-1.266210
1.424972,-1.274912
1.422204,-1.283615
1.419556,-1.292317
1.417024,-1.301020
1.414610,-1.309722
1.412310,-1.318425
1.410126,-1.327127
1.408055,-1.335830
1.406098,-1.344532
1.404252,-1.353235
1.402518,-1.361937
1.400895,-1.370639
1.399382,-1.379342
1.397979,-1.388044
1.396685,-1.396747
1.395499,-1.405449
1.394422,-1.414152
1.393452,-1.422854
1.392589,-1.431557
1.391834,-1.440259
1.391185,-1.448962
1.390643,-1.457664
1.390206,-1.466367
1.389876,-1.475069
1.389652,-1.483772
1.389534,-1.492474
1.389522,-1.501177
1.389615,-1.509879
1.389815,-1.518582
1.390120,-1.527284
1.390531,-1.535986
1.391049,-1.544689
1.391673,-1.553391
1.392403,-1.562094
1.393241,-1.570796
