scan.pos:-2.332436,-1.254251,1.7352501.528182,1.562094
1.526030,1.553391
1.524000,1.544689
1.522091,1.535986
1.520303,1.527284
1.518634,1.518581
1.517085,1.509879
1.515654,1.501177
1.514341,1.492474
1.513145,1.483772
1.512066,1.475069
1.511104,1.466367
1.510257,1.457664
1.509527,1.448962
1.508912,1.440259
1.508413,1.431557
1.508028,1.422854
1.507759,1.414152
1.507605,1.405449
1.507565,1.396747
1.507640,1.388044
1.507830,1.379342
1.508135,1.370639
1.508555,1.361937
1.509090,1.353234
1.509741,1.344532
1.510507,1.335830
1.511389,1.327127
1.512388,1.318425
1.513503,1.309722
1.514735,1.301020
1.516085,1.292317
1.517552,1.283615
1.559446,1.274912
1.561197,1.266210
1.563071,1.257507
1.605521,1.248805
1.607699,1.240102
1.610005,1.231400
1.612440,1.222697
1.635352,1.213995
1.638084,1.205292
1.640950,1.196590
1.705310,1.187888
1.708565,1.179185
1.711964,1.170483
1.715506,1.161780
1.760434,1.153078
5.856082,1.144375
5.869627,1.135673
5.883683,1.126970
5.898256,1.118268
5.913354,1.109565
5.928982,1.100863
5.945147,1.092160
5.961855,1.083458
5.979114,1.074755
5.996931,1.066053
6.015314,1.057350
6.034272,1.048648
6.053811,1.039945
6.073942,1.031243
6.094672,1.022541
6.116012,1.013838
6.137971,1.005136
6.160559,0.996433
6.183787,0.987731
6.207665,0.979028
6.232204,0.970326
6.257417,0.961623
6.283315,0.952921
6.309911,0.944218
6.337217,0.935516
6.365248,0.926813
6.394017,0.918111
6.423539,0.909408
6.453828,0.900706
6.484900,0.892003
6.516772,0.883301
6.549459,0.874598
6.582981,0.865896
6.617353,0.857194
6.652596,0.848491
6.688728,0.839789
6.725770,0.831086
6.763742,0.822384
6.802667,0.813681
6.842566,0.804979
6.883463,0.796276
6.925383,0.787574
6.968350,0.778871
7.012392,0.770169
7.057534,0.761466
7.103806,0.752764
7.151237,0.744061
7.199857,0.735359
7.249699,0.726656
7.300795,0.717954
7.353181,0.709251
7.406892,0.700549
7.461967,0.691847
7.518443,0.683144
7.576362,0.674442
7.635766,0.665739
7.696700,0.657037
7.759210,0.648334
4.284504,0.430772
4.138684,0.422070
4.090729,0.413367
4.067459,0.404665
4.044759,0.395962
4.022615,0.387260
4.001016,0.378558
3.979949,0.369855
3.959402,0.361153
3.939365,0.352450
3.919827,0.343748
3.900777,0.335045
3.882206,0.326343
3.864104,0.317640
3.846461,0.308938
3.829268,0.300235
3.812518,0.291533
3.796202,0.282830
3.780311,0.274128
3.764838,0.265425
3.749776,0.256723
3.735118,0.248020
3.720855,0.239318
3.706983,0.230615
3.693493,0.221913
3.680381,0.213211
3.667640,0.204508
3.676676,0.195806
3.664589,0.187103
3.652859,0.178401
3.641480,0.169698
3.630448,0.160996
3.661917,0.152293
3.651443,0.143591
3.641304,0.134888
3.673308,0.126186
3.663720,0.117483
3.654460,0.108781
3.645523,0.100078
3.636906,0.091376
3.628605,0.082673
3.620618,0.073971
3.612940,0.065269
3.605568,0.056566
3.618979,0.047864
3.653055,0.039161
3.646476,0.030459
3.660565,0.021756
3.695221,0.013054
3.730047,0.004351
3.906965,-0.004351
3.901463,-0.013054
4.058018,-0.021756
4.275055,-0.030459
4.552398,-0.039161
4.849605,-0.047864
5.227056,-0.056566
7.367311,-0.335045
7.149438,-0.343748
6.673779,-0.352450
6.381465,-0.361153
6.037081,-0.369855
5.847201,-0.378558
5.604033,-0.387260
5.332552,-0.395963
5.281862,-0.404665
5.272600,-0.413367
5.284365,-0.422070
5.296587,-0.430772
5.267746,-0.439475
5.280794,-0.448177
5.294311,-0.456880
5.308303,-0.465582
5.322775,-0.474285
5.337735,-0.482987
5.353187,-0.491690
5.369139,-0.500392
5.385598,-0.509095
5.402570,-0.517797
5.420064,-0.526500
5.438087,-0.535202
5.456648,-0.543905
5.475754,-0.552607
5.495414,-0.561310
5.515637,-0.570012
5.536434,-0.578714
5.557812,-0.587417
5.579782,-0.596119
5.602356,-0.604822
5.625543,-0.613524
5.649354,-0.622227
3.090644,-0.630929
3.000718,-0.639632
2.934001,-0.648334
2.893568,-0.657037
2.852109,-0.665739
2.785302,-0.674442
2.777157,-0.683144
2.762044,-0.691847
2.724626,-0.700549
2.672464,-0.709252
2.636981,-0.717954
2.611603,-0.726657
2.530510,-0.735359
2.497098,-0.744061
2.451972,-0.752764
2.420026,-0.761466
2.388453,-0.770169
2.381668,-0.778871
2.350917,-0.787574
2.320469,-0.796276
2.290298,-0.804979
2.260382,-0.813681
2.230700,-0.822384
2.201227,-0.831086
2.171945,-0.839789
2.168595,-0.848491
2.120302,-0.857194
2.111167,-0.865896
2.029969,-0.874599
2.001130,-0.883301
1.999092,-0.892003
1.970572,-0.900706
1.942084,-0.909408
1.940989,-0.918111
1.912732,-0.926813
1.912294,-0.935516
1.884216,-0.944218
1.881806,-0.952921
1.865640,-0.961623
1.849890,-0.970326
1.834542,-0.979028
1.819583,-0.987731
1.832097,-0.996433
1.844550,-1.005136
1.830278,-1.013838
1.816362,-1.022541
1.802792,-1.031243
1.815637,-1.039946
1.802543,-1.048648
1.789772,-1.057350
1.777315,-1.066053
1.815871,-1.074755
1.803676,-1.083458
1.791780,-1.092160
1.780174,-1.100863
1.793549,-1.109565
1.782349,-1.118268
1.771421,-1.126970
1.785006,-1.135673
1.798564,-1.144375
1.788138,-1.153078
1.777966,-1.161780
1.791737,-1.170483
1.805491,-1.179185
1.819234,-1.187888
1.856282,-1.196590
1.846699,-1.205293
1.837354,-1.213995
1.881748,-1.222697
1.911997,-1.231400
1.942630,-1.240102
1.971116,-1.248805
2.003532,-1.257507
2.036451,-1.266210
2.092244,-1.274912
2.127465,-1.283615
2.163062,-1.292317
2.199361,-1.301020
2.236415,-1.309722
2.274279,-1.318425
2.319732,-1.327127
2.382312,-1.335830
2.424144,-1.344532
2.488661,-1.353235
2.511272,-1.361937
2.527107,-1.370639
2.596922,-1.379342
2.629819,-1.388044
2.664041,-1.396747
2.794418,-1.405449
2.870960,-1.414152
2.930381,-1.422854
3.034191,-1.431557
3.119558,-1.440259
3.186907,-1.448962
3.299074,-1.457664
3.406794,-1.466367
3.507955,-1.475069
3.564779,-1.483772
3.765111,-1.492474
3.901416,-1.501177
4.051062,-1.509879
4.121875,-1.518582
4.119138,-1.527284
4.093514,-1.535986
4.184274,-1.544689
4.234347,-1.553391
4.251973,-1.562094
4.297808,-1.570796
