scan.pos:4.334786,5.610692,-0.3647502.536154,1.562094
2.544730,1.553391
2.553559,1.544689
2.562646,1.535986
2.571995,1.527284
2.581609,1.518581
2.591493,1.509879
2.601652,1.501177
2.612091,1.492474
2.622814,1.483772
2.633828,1.475069
2.645136,1.466367
2.656745,1.457664
2.668661,1.448962
2.680889,1.440259
2.693436,1.431557
2.706308,1.422854
2.719511,1.414152
2.733053,1.405449
2.746941,1.396747
2.761183,1.388044
2.775785,1.379342
2.790756,1.370639
2.806104,1.361937
2.821838,1.353234
2.837967,1.344532
2.854500,1.335830
2.871446,1.327127
2.888817,1.318425
2.906621,1.309722
2.924870,1.301020
2.943576,1.292317
2.962749,1.283615
2.982403,1.274912
3.002549,1.266210
3.023201,1.257507
3.044373,1.248805
3.066078,1.240102
3.088332,1.231400
3.111150,1.222697
3.134548,1.213995
3.158543,1.205292
3.183152,1.196590
3.208395,1.187888
3.234289,1.179185
3.260854,1.170483
3.288113,1.161780
3.316085,1.153078
3.344795,1.144375
3.365212,1.135673
3.384105,1.126970
3.431411,1.118268
3.451684,1.109565
3.472794,1.100863
3.521715,1.092160
3.544349,1.083458
3.594431,1.074755
3.618701,1.066053
3.670079,1.057350
3.696109,1.048648
3.748931,1.039945
3.776853,1.031243
3.831278,1.022541
3.861240,1.013838
3.917442,1.005136
3.949606,0.996433
4.007772,0.987731
4.066919,0.979028
4.102658,0.970326
4.164091,0.961623
4.202528,0.952921
4.266486,0.944218
4.331736,0.935516
4.327129,0.926813
4.324750,0.918111
4.301171,0.909408
4.257161,0.900706
4.235027,0.892003
4.213441,0.883301
4.192392,0.874598
4.171868,0.865896
4.151859,0.857194
4.132354,0.848491
4.113343,0.839789
4.094817,0.831086
4.076766,0.822384
4.059181,0.813681
4.042054,0.804979
4.025376,0.796276
4.009139,0.787574
3.993335,0.778871
3.977957,0.770169
3.962998,0.761466
3.948451,0.752764
3.934308,0.744061
3.920564,0.735359
3.907212,0.726656
3.894247,0.717954
3.881661,0.709251
3.869451,0.700549
3.857610,0.691847
3.846133,0.683144
3.835015,0.674442
3.824252,0.665739
3.813839,0.657037
3.803771,0.648334
3.794045,0.639632
3.784655,0.630929
3.775599,0.622227
3.766872,0.613524
3.758471,0.604822
3.750392,0.596119
3.742633,0.587417
3.735189,0.578714
3.728058,0.570012
3.721237,0.561309
3.714724,0.552607
3.708515,0.543905
3.702608,0.535202
3.697001,0.526500
3.691692,0.517797
3.686679,0.509095
3.681959,0.500392
3.677531,0.491690
3.673393,0.482987
3.669543,0.474285
3.665980,0.465582
3.662703,0.456880
3.659710,0.448177
3.657001,0.439475
3.654573,0.430772
3.652427,0.422070
3.650561,0.413367
3.648974,0.404665
3.647667,0.395962
3.646638,0.387260
3.645888,0.378558
3.645415,0.369855
3.645220,0.361153
3.645302,0.352450
3.645663,0.343748
3.646300,0.335045
3.647216,0.326343
3.648411,0.317640
3.649884,0.308938
3.651636,0.300235
3.653669,0.291533
3.655982,0.282830
3.658578,0.274128
3.661455,0.265425
3.664617,0.256723
3.668064,0.248020
3.671797,0.239318
3.675818,0.230615
3.680128,0.221913
3.684730,0.213211
3.689624,0.204508
3.694813,0.195806
3.700299,0.187103
3.706084,0.178401
3.712170,0.169698
3.718559,0.160996
3.725255,0.152293
3.732260,0.143591
3.739577,0.134888
3.747208,0.126186
3.755157,0.117483
3.763427,0.108781
3.772021,0.100078
3.780943,0.091376
3.790197,0.082673
3.799787,0.073971
3.809716,0.065269
3.819988,0.056566
3.830609,0.047864
3.841582,0.039161
3.852913,0.030459
3.864605,0.021756
3.876666,0.013054
3.889098,0.004351
3.901909,-0.004351
3.915104,-0.013054
3.928688,-0.021756
3.942668,-0.030459
3.957051,-0.039161
3.971842,-0.047864
3.987049,-0.056566
4.002679,-0.065269
4.018740,-0.073971
4.035238,-0.082674
4.052182,-0.091376
4.069581,-0.100078
4.087441,-0.108781
4.105774,-0.117483
4.124587,-0.126186
4.143890,-0.134888
4.163694,-0.143591
4.184008,-0.152293
4.204842,-0.160996
4.226209,-0.169698
4.248119,-0.178401
4.270585,-0.187103
4.293618,-0.195806
4.317231,-0.204508
4.341438,-0.213211
4.366253,-0.221913
4.391689,-0.230616
4.417761,-0.239318
4.444486,-0.248021
4.471879,-0.256723
4.499955,-0.265425
4.528734,-0.274128
4.558233,-0.282830
4.588470,-0.291533
4.619465,-0.300235
4.651238,-0.308938
4.683811,-0.317640
4.717205,-0.326343
4.751443,-0.335045
4.786549,-0.343748
4.822547,-0.352450
4.859464,-0.361153
4.897326,-0.369855
4.936162,-0.378558
4.976000,-0.387260
5.016872,-0.395963
5.058809,-0.404665
5.101845,-0.413367
5.146015,-0.422070
5.176004,-0.430772
5.231137,-0.439475
5.260789,-0.448177
5.318196,-0.456880
5.378818,-0.465582
5.432494,-0.474285
5.497178,-0.482987
5.561283,-0.491690
5.572157,-0.500392
5.530996,-0.509095
5.490854,-0.517797
5.451703,-0.526500
5.413515,-0.535202
5.376265,-0.543905
5.289441,-0.552607
5.254328,-0.561310
5.195161,-0.570012
5.161902,-0.578714
5.129455,-0.587417
5.097798,-0.596119
5.066914,-0.604822
5.036782,-0.613524
5.007386,-0.622227
4.978708,-0.630929
4.950732,-0.639632
4.923441,-0.648334
4.896820,-0.657037
4.870854,-0.665739
4.845530,-0.674442
4.774597,-0.683144
4.750744,-0.691847
4.727488,-0.700549
4.659254,-0.709252
4.637365,-0.717954
4.616031,-0.726657
4.595241,-0.735359
4.574984,-0.744061
4.555250,-0.752764
4.536030,-0.761466
4.517313,-0.770169
4.499092,-0.778871
4.481357,-0.787574
4.464100,-0.796276
4.447313,-0.804979
4.430987,-0.813681
4.415117,-0.822384
4.399693,-0.831086
4.384709,-0.839789
4.370159,-0.848491
3.397657,-0.857194
3.302048,-0.865896
3.249612,-0.874599
3.197740,-0.883301
3.148516,-0.892003
3.158566,-0.900706
3.149965,-0.909408
3.141650,-0.918111
3.091983,-0.926813
3.084331,-0.935516
3.056235,-0.944218
3.049171,-0.952921
3.001128,-0.961623
2.953523,-0.970326
2.947412,-0.979028
2.921056,-0.987731
2.915479,-0.996433
2.910145,-1.005136
2.905051,-1.013838
2.859501,-1.022541
2.854947,-1.031243
2.830340,-1.039946
2.826275,-1.048648
2.822437,-1.057350
2.778420,-1.066053
2.775079,-1.074755
2.731647,-1.083458
2.708651,-1.092160
2.706021,-1.100863
2.663410,-1.109565
2.641154,-1.118268
2.639199,-1.126970
2.597344,-1.135673
2.595819,-1.144375
2.594492,-1.153078
2.553324,-1.161780
2.552409,-1.170483
2.551689,-1.179185
2.531160,-1.187888
2.530832,-1.196590
2.470696,-1.205293
2.470752,-1.213995
2.430991,-1.222697
2.431417,-1.231400
2.392006,-1.240102
2.392789,-1.248805
2.393755,-1.257507
2.374869,-1.266210
2.376191,-1.274912
2.377696,-1.283615
2.379384,-1.292317
2.381255,-1.301020
2.383311,-1.309722
2.385553,-1.318425
2.387981,-1.327127
2.390596,-1.335830
2.393399,-1.344532
2.396392,-1.353235
2.399575,-1.361937
2.402950,-1.370639
2.406517,-1.379342
2.430613,-1.388044
2.434605,-1.396747
2.438796,-1.405449
2.443187,-1.414152
2.447781,-1.422854
2.452579,-1.431557
2.457584,-1.440259
2.504004,-1.448962
2.509519,-1.457664
2.556641,-1.466367
2.583433,-1.475069
2.631347,-1.483772
2.620110,-1.492474
2.937534,-1.501177
2.987372,-1.509879
3.058730,-1.518582
3.109647,-1.527284
3.245656,-1.535986
3.361524,-1.544689
3.733603,-1.553391
3.958957,-1.562094
4.014815,-1.570796
