scan.pos:3.026888,6.110094,-0.3647502.001584,1.562094
2.008352,1.553391
2.015321,1.544689
2.022492,1.535986
2.029870,1.527284
2.037458,1.518581
2.045259,1.509879
2.053277,1.501177
2.061515,1.492474
2.069978,1.483772
2.078670,1.475069
2.087595,1.466367
2.096757,1.457664
2.106161,1.448962
2.115812,1.440259
2.125714,1.431557
2.135873,1.422854
2.146293,1.414152
2.156981,1.405449
2.167942,1.396747
2.179181,1.388044
2.190706,1.379342
2.202521,1.370639
2.214634,1.361937
2.227051,1.353234
2.239781,1.344532
2.252829,1.335830
2.266203,1.327127
2.279912,1.318425
2.293964,1.309722
2.308367,1.301020
2.323130,1.292317
2.338262,1.283615
2.353773,1.274912
2.369673,1.266210
2.385972,1.257507
2.402680,1.248805
2.419811,1.240102
2.437374,1.231400
2.455382,1.222697
2.473849,1.213995
2.492786,1.205292
2.512208,1.196590
2.532130,1.187888
2.552566,1.179185
2.573532,1.170483
2.595045,1.161780
2.617122,1.153078
2.639780,1.144375
2.651230,1.135673
2.660288,1.126970
2.697582,1.118268
2.735050,1.109565
2.745548,1.100863
2.783661,1.092160
2.795280,1.083458
2.834127,1.074755
2.846936,1.066053
2.886614,1.057350
2.926649,1.048648
2.941302,1.039945
2.982327,1.031243
3.023802,1.022541
3.040515,1.013838
3.083158,1.005136
3.126350,0.996433
3.170130,0.987731
3.189937,0.979028
3.235161,0.970326
3.281089,0.961623
3.327766,0.952921
3.351226,0.944218
3.399678,0.935516
3.449021,0.926813
3.499308,0.918111
3.550594,0.909408
3.602938,0.900706
3.656404,0.892003
3.711057,0.883301
3.766967,0.874598
3.824208,0.865896
3.882859,0.857194
3.943004,0.848491
4.004733,0.839789
4.090608,0.831086
4.155699,0.822384
4.244956,0.813681
4.313860,0.804979
4.384906,0.796276
4.480227,0.787574
4.555890,0.778871
4.634141,0.770169
4.736897,0.761466
4.842442,0.752764
4.950987,0.744061
5.041251,0.735359
5.156579,0.726656
5.297023,0.717954
5.292299,0.709251
5.267455,0.700549
5.254018,0.691847
5.246656,0.683144
5.211014,0.674442
5.196389,0.665739
5.182240,0.657037
5.168560,0.648334
5.155343,0.639632
5.142585,0.630929
5.130279,0.622227
5.118421,0.613524
5.107006,0.604822
5.096028,0.596119
5.085485,0.587417
5.075370,0.578714
5.065681,0.570012
5.056412,0.561309
5.047562,0.552607
5.039125,0.543905
5.031099,0.535202
5.023481,0.526500
5.016267,0.517797
5.009454,0.509095
5.003041,0.500392
4.997024,0.491690
4.991401,0.482987
4.986170,0.474285
4.981329,0.465582
4.976876,0.456880
4.972810,0.448177
4.969128,0.439475
4.965829,0.430772
4.962913,0.422070
4.960377,0.413367
4.958222,0.404665
4.956445,0.395962
4.955048,0.387260
4.954028,0.378558
4.953385,0.369855
4.953120,0.361153
4.953232,0.352450
4.953722,0.343748
4.954588,0.335045
4.955833,0.326343
4.957456,0.317640
4.959457,0.308938
4.961839,0.300235
4.964601,0.291533
4.967744,0.282830
4.971271,0.274128
4.975181,0.265425
4.979477,0.256723
4.984161,0.248020
4.989233,0.239318
4.994697,0.230615
5.000554,0.221913
5.006806,0.213211
5.013456,0.204508
5.020507,0.195806
5.027961,0.187103
5.035822,0.178401
5.044091,0.169698
5.052773,0.160996
5.061872,0.152293
5.071390,0.143591
5.081332,0.134888
5.091701,0.126186
5.102502,0.117483
5.113739,0.108781
5.125417,0.100078
5.137541,0.091376
5.150115,0.082673
5.163146,0.073971
5.176637,0.065269
5.190595,0.056566
5.205027,0.047864
5.219937,0.039161
5.235333,0.030459
5.251221,0.021756
5.267608,0.013054
5.284502,0.004351
5.301909,-0.004351
5.319838,-0.013054
5.338296,-0.021756
5.357293,-0.030459
5.376835,-0.039161
5.396934,-0.047864
5.417597,-0.056566
5.438836,-0.065269
5.460659,-0.073971
5.483076,-0.082674
5.506100,-0.091376
5.529740,-0.100078
5.554010,-0.108781
5.578920,-0.117483
5.604483,-0.126186
5.630713,-0.134888
5.657622,-0.143591
5.685224,-0.152293
5.713534,-0.160996
5.742568,-0.169698
5.772339,-0.178401
5.802865,-0.187103
5.834163,-0.195806
5.866249,-0.204508
5.899141,-0.213211
5.932859,-0.221913
5.967421,-0.230616
6.002849,-0.239318
6.039162,-0.248021
6.076383,-0.256723
6.114533,-0.265425
6.153638,-0.274128
6.193721,-0.282830
6.234807,-0.291533
6.276924,-0.300235
6.320097,-0.308938
6.364357,-0.317640
6.409732,-0.326343
6.456254,-0.335045
6.503956,-0.343748
6.552871,-0.352450
6.603033,-0.361153
6.654480,-0.369855
6.711964,-0.378558
6.775416,-0.387260
6.842301,-0.395963
6.801625,-0.404665
6.734564,-0.413367
6.696826,-0.422070
6.643304,-0.430772
6.531167,-0.439475
6.476641,-0.448177
6.396111,-0.456880
6.344539,-0.465582
6.294268,-0.474285
6.245260,-0.482987
6.197476,-0.491690
6.150884,-0.500392
6.105448,-0.509095
6.061137,-0.517797
6.017920,-0.526500
5.922397,-0.535202
5.883816,-0.543905
5.793561,-0.552607
5.755102,-0.561310
5.717583,-0.570012
5.680980,-0.578714
5.645269,-0.587417
5.610429,-0.596119
5.576439,-0.604822
5.543278,-0.613524
4.238276,-0.622227
4.190128,-0.630929
4.166583,-0.639632
4.096395,-0.648334
4.050764,-0.657037
4.029285,-0.665739
3.915391,-0.674442
3.872317,-0.683144
3.852972,-0.691847
3.788331,-0.700549
3.747381,-0.709252
3.729777,-0.717954
3.667481,-0.726657
3.606030,-0.735359
3.523030,-0.744061
3.485562,-0.752764
3.426501,-0.761466
3.368191,-0.770169
3.354605,-0.778871
3.275651,-0.787574
3.241211,-0.796276
3.142049,-0.804979
3.130515,-0.813681
3.097716,-0.822384
3.086894,-0.831086
3.076381,-0.839789
3.066173,-0.848491
3.056263,-0.857194
3.046649,-0.865896
3.037326,-0.874599
3.028290,-0.883301
3.019536,-0.892003
3.011062,-0.900706
3.002863,-0.909408
3.015806,-0.918111
3.008094,-0.926813
3.000650,-0.935516
2.993470,-0.944218
2.986551,-0.952921
3.021133,-0.961623
3.014639,-0.970326
3.008401,-0.979028
3.043405,-0.987731
3.058050,-0.996433
3.052455,-1.005136
3.087874,-1.013838
3.123408,-1.022541
3.159063,-1.031243
3.235416,-1.039946
3.291535,-1.048648
3.347747,-1.057350
3.343461,-1.066053
3.379795,-1.074755
3.375992,-1.083458
3.432854,-1.092160
3.429521,-1.100863
3.486743,-1.109565
3.524053,-1.118268
3.561574,-1.126970
3.564440,-1.135673
3.619873,-1.144375
3.671267,-1.153078
3.854066,-1.161780
3.852685,-1.170483
3.931630,-1.179185
3.990832,-1.187888
4.010315,-1.196590
4.110101,-1.205293
4.110194,-1.213995
4.210612,-1.222697
4.251361,-1.231400
4.272440,-1.240102
4.313874,-1.248805
4.315616,-1.257507
4.377794,-1.266210
4.380231,-1.274912
4.423122,-1.283615
4.426262,-1.292317
4.429744,-1.301020
4.433569,-1.309722
4.437739,-1.318425
4.442255,-1.327127
4.447120,-1.335830
4.452335,-1.344532
4.457902,-1.353235
4.463823,-1.361937
4.429556,-1.370639
4.436133,-1.379342
4.443069,-1.388044
4.450365,-1.396747
4.458025,-1.405449
4.466053,-1.414152
4.474450,-1.422854
4.483222,-1.431557
4.492371,-1.440259
4.501900,-1.448962
4.511815,-1.457664
4.522118,-1.466367
4.532815,-1.475069
4.543909,-1.483772
4.555405,-1.492474
4.567308,-1.501177
4.579624,-1.509879
4.592357,-1.518582
4.605512,-1.527284
4.597956,-1.535986
4.611910,-1.544689
4.626302,-1.553391
4.641139,-1.562094
4.656427,-1.570796
