scan.pos:0.784777,6.966212,-0.3647501.091828,1.562094
1.095520,1.553391
1.099321,1.544689
1.103233,1.535986
1.107258,1.527284
1.111397,1.518581
1.115652,1.509879
1.120026,1.501177
1.124520,1.492474
1.129136,1.483772
1.133877,1.475069
1.138746,1.466367
1.143744,1.457664
1.148873,1.448962
1.154138,1.440259
1.159539,1.431557
1.165080,1.422854
1.170765,1.414152
1.176595,1.405449
1.182573,1.396747
1.188704,1.388044
1.194991,1.379342
1.201436,1.370639
1.208043,1.361937
1.214817,1.353234
1.221760,1.344532
1.228878,1.335830
1.236173,1.327127
1.236077,1.318425
1.243695,1.309722
1.251504,1.301020
1.259508,1.292317
1.267712,1.283615
1.276121,1.274912
1.284741,1.266210
1.293578,1.257507
1.302637,1.248805
1.311924,1.240102
1.321446,1.231400
1.331210,1.222697
1.341221,1.213995
1.351488,1.205292
1.362018,1.196590
1.372819,1.187888
1.383899,1.179185
1.395266,1.170483
1.406929,1.161780
1.418898,1.153078
1.431183,1.144375
1.428442,1.135673
1.449972,1.126970
1.445119,1.118268
1.467091,1.109565
1.488938,1.100863
1.486593,1.092160
1.508942,1.083458
1.535084,1.074755
1.531436,1.066053
1.554266,1.057350
1.582465,1.048648
1.579958,1.039945
1.603387,1.031243
1.633805,1.022541
1.632527,1.013838
1.656689,1.005136
1.689520,0.996433
1.714333,0.987731
1.724385,0.979028
1.750099,0.970326
1.775930,0.961623
1.801895,0.952921
1.816128,0.944218
1.843174,0.935516
1.870421,0.926813
1.888303,0.918111
1.916800,0.909408
1.945574,0.900706
1.967464,0.892003
1.997692,0.883301
2.028288,0.874598
2.059282,0.865896
2.109702,0.857194
2.119700,0.848491
2.175560,0.839789
2.209304,0.831086
2.243573,0.822384
2.279537,0.813681
2.316211,0.804979
2.378707,0.796276
2.417944,0.787574
2.458091,0.778871
2.499213,0.770169
2.570611,0.761466
2.615046,0.752764
2.660732,0.744061
2.729273,0.735359
2.790352,0.726656
2.863109,0.717954
2.916172,0.709251
2.992345,0.700549
3.068043,0.691847
3.149969,0.683144
3.234247,0.674442
3.321098,0.665739
3.410766,0.657037
3.510915,0.648334
3.630158,0.639632
3.732404,0.630929
3.859638,0.622227
3.988169,0.613524
4.128126,0.604822
4.274032,0.596119
4.447132,0.587417
4.596340,0.578714
4.809609,0.570012
4.991759,0.561309
5.205513,0.552607
5.472728,0.543905
5.726337,0.535202
6.031119,0.526500
6.356291,0.517797
6.745924,0.509095
7.144266,0.500392
7.262845,0.491690
7.263622,0.482987
7.257461,0.474285
7.237264,0.465582
7.229745,0.456880
7.223837,0.448177
7.218489,0.439475
7.213697,0.430772
7.209460,0.422070
7.205777,0.413367
7.202646,0.404665
7.200065,0.395962
7.198034,0.387260
7.196553,0.378558
7.195620,0.369855
7.195235,0.361153
7.195397,0.352450
7.196108,0.343748
7.197368,0.335045
7.199176,0.326343
7.201533,0.317640
7.204441,0.308938
7.207901,0.300235
7.211913,0.291533
7.216479,0.282830
7.221601,0.274128
7.227282,0.265425
7.233523,0.256723
7.240326,0.248020
7.247695,0.239318
7.255632,0.230615
7.264140,0.221913
7.273223,0.213211
7.282883,0.204508
7.293126,0.195806
7.303954,0.187103
7.315372,0.178401
7.327386,0.169698
7.339998,0.160996
7.353215,0.152293
7.367042,0.143591
7.381484,0.134888
7.396547,0.126186
7.412237,0.117483
7.428561,0.108781
7.445526,0.100078
7.463137,0.091376
7.481403,0.082673
7.500331,0.073971
7.519930,0.065269
7.540207,0.056566
7.561171,0.047864
7.582831,0.039161
7.605196,0.030459
7.628276,0.021756
7.652081,0.013054
7.676622,0.004351
7.701909,-0.004351
7.727953,-0.013054
7.754767,-0.021756
7.782363,-0.030459
6.271411,-0.404665
6.179432,-0.413367
5.977361,-0.422070
5.907524,-0.430772
5.763482,-0.439475
5.504636,-0.448177
5.349905,-0.456880
5.062232,-0.465582
5.022121,-0.474285
4.983017,-0.482987
4.944892,-0.491690
4.907716,-0.500392
4.871464,-0.509095
4.862066,-0.517797
4.827398,-0.526500
4.793583,-0.535202
4.811430,-0.543905
4.778911,-0.552607
4.797154,-0.561310
4.779508,-0.570012
4.788114,-0.578714
4.822515,-0.587417
4.833386,-0.596119
4.894102,-0.604822
4.907210,-0.613524
4.921631,-0.622227
4.961273,-0.630929
4.978288,-0.639632
4.973116,-0.648334
4.993147,-0.657037
5.014685,-0.665739
1.115332,-0.674442
1.063412,-0.683144
1.035098,-0.691847
1.030030,-0.700549
1.025090,-0.709252
1.020274,-0.717954
1.015581,-0.726657
1.011007,-0.735359
0.961814,-0.744061
0.957666,-0.752764
0.953625,-0.761466
0.949690,-0.770169
0.945859,-0.778871
0.942131,-0.787574
0.938503,-0.796276
0.934974,-0.804979
0.931541,-0.813681
0.928205,-0.822384
0.924962,-0.831086
0.921812,-0.839789
0.918753,-0.848491
0.915784,-0.857194
0.912903,-0.865896
0.910110,-0.874599
0.907402,-0.883301
0.862696,-0.892003
0.839293,-0.900706
0.837007,-0.909408
0.834798,-0.918111
0.832663,-0.926813
0.830603,-0.935516
0.828615,-0.944218
0.826700,-0.952921
0.783613,-0.961623
0.781929,-0.970326
0.780311,-0.979028
0.778759,-0.987731
0.777272,-0.996433
0.775850,-1.005136
0.774492,-1.013838
0.773198,-1.022541
0.771966,-1.031243
0.770797,-1.039946
0.769690,-1.048648
0.768645,-1.057350
0.767661,-1.066053
0.766738,-1.074755
0.765875,-1.083458
0.765072,-1.092160
0.764330,-1.100863
0.763646,-1.109565
0.763022,-1.118268
0.762457,-1.126970
0.761951,-1.135673
0.741464,-1.144375
0.741085,-1.153078
0.740763,-1.161780
0.740498,-1.170483
0.740289,-1.179185
0.740137,-1.187888
0.740041,-1.196590
0.740001,-1.205293
0.740018,-1.213995
0.740091,-1.222697
0.740221,-1.231400
0.740406,-1.240102
0.740649,-1.248805
0.740948,-1.257507
0.741304,-1.266210
0.741716,-1.274912
0.742186,-1.283615
0.742713,-1.292317
0.743297,-1.301020
0.703726,-1.309722
0.704388,-1.318425
0.705105,-1.327127
0.705877,-1.335830
0.706705,-1.344532
0.707588,-1.353235
0.708528,-1.361937
0.709525,-1.370639
0.710578,-1.379342
0.711689,-1.388044
0.712858,-1.396747
0.714085,-1.405449
0.715371,-1.414152
0.716716,-1.422854
0.718121,-1.431557
0.719586,-1.440259
0.721113,-1.448962
0.722701,-1.457664
0.724351,-1.466367
0.726064,-1.475069
0.727841,-1.483772
0.729683,-1.492474
0.731590,-1.501177
0.712603,-1.509879
0.693567,-1.518582
0.695554,-1.527284
0.697606,-1.535986
0.699723,-1.544689
0.701906,-1.553391
0.704158,-1.562094
0.706477,-1.570796
