scan.pos:3.251650,6.854411,-2.9147503.709442,1.562094
3.702126,1.553391
3.695120,1.544689
3.688421,1.535986
3.682025,1.527284
3.675932,1.518581
3.690445,1.509879
3.684917,1.501177
3.679686,1.492474
3.674748,1.483772
3.690299,1.475069
3.706093,1.466367
3.701983,1.457664
3.738421,1.448962
3.754962,1.440259
3.791850,1.431557
3.869118,1.422854
3.946562,1.414152
4.004151,1.405449
4.061975,1.396747
4.100019,1.388044
4.118322,1.379342
4.156937,1.370639
4.255864,1.361937
4.315065,1.353234
4.314574,1.344532
4.414412,1.335830
4.474584,1.327127
4.595115,1.318425
4.676020,1.309722
4.757318,1.301020
4.839028,1.292317
4.861086,1.283615
4.963685,1.274912
5.006625,1.266210
5.070061,1.257507
5.073740,1.248805
5.138091,1.240102
5.142610,1.231400
5.187788,1.222697
5.193152,1.213995
5.198923,1.205292
5.205103,1.196590
5.211696,1.187888
5.218703,1.179185
5.226128,1.170483
5.193356,1.161780
5.201560,1.153078
5.210187,1.144375
5.219242,1.135673
5.228726,1.126970
5.238645,1.118268
5.249002,1.109565
5.259802,1.100863
5.271048,1.092160
5.282746,1.083458
5.294899,1.074755
5.307514,1.066053
5.320596,1.057350
5.334149,1.048648
5.348180,1.039945
5.362694,1.031243
5.377698,1.022541
5.372108,1.013838
5.388048,1.005136
5.404496,0.996433
5.421458,0.987731
5.438943,0.979028
5.456958,0.970326
5.475512,0.961623
5.482673,0.952921
5.514266,0.944218
5.534484,0.935516
5.555277,0.926813
5.532866,0.918111
5.554662,0.909408
5.577056,0.900706
5.600060,0.892003
5.623685,0.883301
5.647943,0.874598
5.672843,0.865896
5.698401,0.857194
5.718006,0.848491
5.751537,0.839789
5.779142,0.831086
5.807459,0.822384
5.836501,0.813681
5.866283,0.804979
5.943490,0.796276
6.068880,0.787574
3.413601,0.778871
3.346082,0.770169
3.313949,0.761466
3.272375,0.752764
3.231527,0.744061
3.191364,0.735359
3.141397,0.726656
3.103069,0.717954
3.065306,0.709251
3.044216,0.700549
3.008200,0.691847
2.942575,0.683144
2.930434,0.674442
2.896260,0.665739
2.862461,0.657037
2.823491,0.648334
2.843100,0.639632
2.837475,0.630929
2.802044,0.622227
2.771363,0.613524
2.767833,0.604822
2.789601,0.596119
2.760725,0.587417
2.732037,0.578714
2.702534,0.570012
2.674660,0.561309
2.703487,0.552607
2.680062,0.543905
2.657377,0.535202
2.635272,0.526500
2.613729,0.517797
2.592731,0.509095
2.572262,0.500392
2.552307,0.491690
2.532851,0.482987
2.513878,0.474285
2.495377,0.465582
2.454390,0.456880
2.459734,0.448177
2.442568,0.439475
2.425823,0.430772
2.409489,0.422070
2.393554,0.413367
2.378009,0.404665
2.362843,0.395962
2.348047,0.387260
2.333611,0.378558
2.319528,0.369855
2.281665,0.361153
2.220434,0.352450
2.207767,0.343748
2.195411,0.335045
2.183357,0.326343
2.171599,0.317640
2.160131,0.308938
2.148947,0.300235
2.138039,0.291533
2.127403,0.282830
2.117033,0.274128
2.106922,0.265425
2.097067,0.256723
2.087462,0.248020
2.078102,0.239318
2.091330,0.230615
2.104602,0.221913
2.095763,0.213211
2.087156,0.204508
2.100755,0.195806
2.092515,0.187103
2.084496,0.178401
2.120150,0.169698
2.112407,0.160996
2.126450,0.152293
2.119060,0.143591
2.176150,0.134888
2.190320,0.126186
2.183280,0.117483
2.218884,0.108781
2.254438,0.100078
2.320353,0.091376
2.316472,0.082673
2.335070,0.073971
2.360843,0.065269
2.384738,0.056566
2.368902,0.047864
2.430171,0.039161
2.504277,0.030459
2.498182,0.021756
2.598219,0.013054
2.624124,0.004351
2.618738,-0.004351
2.702588,-0.013054
2.733372,-0.021756
2.739067,-0.030459
2.853253,-0.039161
3.003026,-0.047864
3.058082,-0.056566
3.324092,-0.065269
3.487619,-0.073971
3.686571,-0.082674
3.828886,-0.091376
6.953056,-0.152293
6.728015,-0.160996
6.704134,-0.169698
6.620706,-0.178401
6.557877,-0.187103
6.535620,-0.195806
6.493866,-0.204508
6.492633,-0.213211
6.491894,-0.221913
6.491650,-0.230616
6.491900,-0.239318
6.432635,-0.248021
6.373842,-0.256723
6.375545,-0.265425
6.337696,-0.274128
6.340356,-0.282830
6.343501,-0.291533
6.347133,-0.300235
6.351254,-0.308938
6.355864,-0.317640
6.360965,-0.326343
6.366560,-0.335045
6.412910,-0.343748
6.379239,-0.352450
6.386328,-0.361153
6.393919,-0.369855
6.403749,-0.378558
6.418776,-0.387260
6.463834,-0.395963
6.438287,-0.404665
6.148972,-0.413367
5.853709,-0.422070
5.601417,-0.430772
5.361871,-0.439475
5.164028,-0.448177
4.969752,-0.456880
4.784002,-0.465582
4.626236,-0.474285
4.457838,-0.482987
4.316007,-0.491690
4.179528,-0.500392
4.058551,-0.509095
3.933606,-0.517797
3.833399,-0.526500
3.715801,-0.535202
3.622384,-0.543905
3.531950,-0.552607
3.423096,-0.561310
3.337835,-0.570012
3.276155,-0.578714
3.174016,-0.587417
3.116524,-0.596119
3.039465,-0.604822
2.985620,-0.613524
2.911793,-0.622227
2.861088,-0.630929
2.790018,-0.639632
2.742022,-0.648334
2.695282,-0.657037
2.627650,-0.665739
2.583091,-0.674442
2.539558,-0.683144
2.496982,-0.691847
2.455302,-0.700549
2.414461,-0.709252
2.374404,-0.717954
2.335081,-0.726657
2.296443,-0.735359
2.258445,-0.744061
2.221045,-0.752764
2.207415,-0.761466
2.171212,-0.770169
2.135495,-0.778871
2.100229,-0.787574
2.089095,-0.796276
2.054767,-0.804979
2.020797,-0.813681
1.987158,-0.822384
1.978090,-0.831086
1.945175,-0.839789
1.912512,-0.848491
1.904798,-0.857194
1.872724,-0.865896
1.865875,-0.874599
1.834308,-0.883301
1.802881,-0.892003
1.797129,-0.900706
1.766096,-0.909408
1.761061,-0.918111
1.730353,-0.926813
1.725989,-0.935516
1.695540,-0.944218
1.691801,-0.952921
1.661550,-0.961623
1.658396,-0.970326
1.628282,-0.979028
1.625675,-0.987731
1.595639,-0.996433
1.593544,-1.005136
1.591743,-1.013838
1.578034,-1.022541
1.564677,-1.031243
1.551661,-1.039946
1.538976,-1.048648
1.526613,-1.057350
1.514560,-1.066053
1.502811,-1.074755
1.491355,-1.083458
1.480184,-1.092160
1.469290,-1.100863
1.458665,-1.109565
1.448303,-1.118268
1.438196,-1.126970
1.428337,-1.135673
1.418719,-1.144375
1.409336,-1.153078
1.400183,-1.161780
1.391253,-1.170483
1.382541,-1.179185
1.374042,-1.187888
1.365749,-1.196590
1.357659,-1.205293
1.349767,-1.213995
1.342067,-1.222697
1.334556,-1.231400
1.327228,-1.240102
1.320081,-1.248805
1.313110,-1.257507
1.306311,-1.266210
1.299680,-1.274912
1.293215,-1.283615
1.286911,-1.292317
1.280765,-1.301020
1.274774,-1.309722
1.268935,-1.318425
1.263245,-1.327127
1.257702,-1.335830
1.252301,-1.344532
1.247042,-1.353235
1.241921,-1.361937
1.236935,-1.370639
1.232083,-1.379342
1.227361,-1.388044
1.222769,-1.396747
1.218303,-1.405449
1.213962,-1.414152
1.209743,-1.422854
1.205645,-1.431557
1.201666,-1.440259
1.197805,-1.448962
1.194058,-1.457664
1.190425,-1.466367
1.186905,-1.475069
1.183495,-1.483772
1.180194,-1.492474
1.177001,-1.501177
1.173914,-1.509879
1.170932,-1.518582
1.168055,-1.527284
1.165279,-1.535986
1.162606,-1.544689
1.160033,-1.553391
1.157558,-1.562094
1.155183,-1.570796
