scan.pos:1.205639,6.931763,2.7684350.773212,1.562094
0.775892,1.553391
0.778651,1.544689
0.781488,1.535986
0.784407,1.527284
0.787408,1.518581
0.790492,1.509879
0.793661,1.501177
0.796916,1.492474
0.800260,1.483772
0.803693,1.475069
0.807218,1.466367
0.810835,1.457664
0.791921,1.448962
0.795625,1.440259
0.799424,1.431557
0.803321,1.422854
0.807319,1.414152
0.811418,1.405449
0.815622,1.396747
0.819932,1.388044
0.824351,1.379342
0.828881,1.370639
0.833526,1.361937
0.838287,1.353234
0.843167,1.344532
0.848169,1.335830
0.853296,1.327127
0.858552,1.318425
0.839255,1.309722
0.819777,1.301020
0.825113,1.292317
0.830583,1.283615
0.836189,1.274912
0.841937,1.266210
0.847829,1.257507
0.853870,1.248805
0.860063,1.240102
0.866414,1.231400
0.872926,1.222697
0.879604,1.213995
0.886453,1.205292
0.893478,1.196590
0.900684,1.187888
0.908077,1.179185
0.915663,1.170483
0.895465,1.161780
0.903212,1.153078
0.899148,1.144375
0.891505,1.135673
0.884057,1.126970
0.904199,1.118268
0.916633,1.109565
0.937152,1.100863
0.934042,1.092160
0.954812,1.083458
0.953391,1.074755
0.974450,1.066053
0.969351,1.057350
0.996140,1.048648
0.991760,1.039945
1.019972,1.031243
1.016342,1.022541
1.037993,1.013838
1.043208,1.005136
1.065332,0.996433
1.072488,0.987731
1.070698,0.979028
1.093433,0.970326
1.103444,0.961623
1.126812,0.952921
1.150150,0.944218
1.163081,0.935516
1.163558,0.926813
1.187799,0.918111
1.204046,0.909408
1.229179,0.900706
1.231268,0.892003
1.251144,0.883301
1.277534,0.874598
1.304070,0.865896
1.327854,0.857194
1.333089,0.848491
1.361231,0.839789
1.389522,0.831086
1.419188,0.822384
1.449193,0.813681
1.460413,0.804979
1.492354,0.796276
1.518186,0.787574
1.542121,0.778871
1.576867,0.770169
1.612256,0.761466
1.648344,0.752764
1.696443,0.744061
1.735479,0.735359
1.775461,0.726656
1.810713,0.717954
1.854460,0.709251
1.899487,0.700549
1.945909,0.691847
2.121287,0.683144
2.193454,0.674442
4.923603,0.491690
4.696953,0.482987
4.672265,0.474285
4.627882,0.465582
4.563847,0.456880
4.520324,0.448177
4.497259,0.439475
4.454525,0.430772
4.452237,0.422070
4.450290,0.413367
4.448683,0.404665
4.447416,0.395962
4.446488,0.387260
4.445899,0.378558
4.445649,0.369855
4.405736,0.361153
4.346152,0.352450
4.326895,0.343748
4.327970,0.335045
4.289340,0.326343
4.291060,0.317640
4.293109,0.308938
4.295486,0.300235
4.298194,0.291533
4.301233,0.282830
4.304605,0.274128
4.308310,0.265425
4.312349,0.256723
4.316726,0.248020
4.321441,0.239318
4.326496,0.230615
4.372325,0.221913
4.357878,0.213211
4.343723,0.204508
4.350160,0.195806
4.356948,0.187103
4.364090,0.178401
4.387498,0.169698
4.380099,0.160996
4.404490,0.152293
4.451916,0.143591
4.458014,0.134888
4.348370,0.126186
4.183377,0.117483
4.049621,0.108781
3.918792,0.100078
3.792452,0.091376
3.691008,0.082673
3.566256,0.073971
3.474044,0.065269
3.384851,0.056566
3.298413,0.047864
3.216101,0.039161
3.136219,0.030459
3.058378,0.021756
2.988985,0.013054
2.916261,0.004351
2.845059,-0.004351
2.775252,-0.013054
2.719088,-0.021756
2.674772,-0.030459
2.631656,-0.039161
2.562127,-0.047864
2.522212,-0.056566
2.461189,-0.065269
2.420610,-0.073971
2.384262,-0.082674
2.348649,-0.091376
2.291300,-0.100078
2.258473,-0.108781
2.225610,-0.117483
2.170552,-0.126186
2.142890,-0.134888
2.112286,-0.143591
2.082096,-0.152293
2.059113,-0.160996
2.030485,-0.169698
2.002175,-0.178401
1.959842,-0.187103
1.932747,-0.195806
1.905886,-0.204508
1.890789,-0.213211
1.865086,-0.221913
1.839548,-0.230616
1.827945,-0.239318
1.803416,-0.248021
1.769555,-0.256723
1.745789,-0.265425
1.722089,-0.274128
1.715838,-0.282830
1.692939,-0.291533
1.663363,-0.300235
1.641021,-0.308938
1.644542,-0.317640
1.617221,-0.326343
1.595510,-0.335045
1.596094,-0.343748
1.574976,-0.352450
1.550688,-0.361153
1.529909,-0.369855
1.536323,-0.378558
1.513952,-0.387260
1.493556,-0.395963
1.472414,-0.404665
1.480457,-0.413367
1.472687,-0.422070
1.460169,-0.430772
1.447971,-0.439475
1.436083,-0.448177
1.424497,-0.456880
1.413203,-0.465582
1.402192,-0.474285
1.391457,-0.482987
1.380989,-0.491690
1.370781,-0.500392
1.360826,-0.509095
1.351117,-0.517797
1.341647,-0.526500
1.332409,-0.535202
1.323397,-0.543905
1.329359,-0.552607
1.320687,-0.561310
1.312226,-0.570012
1.303972,-0.578714
1.295919,-0.587417
1.288062,-0.596119
1.280398,-0.604822
1.272920,-0.613524
1.265624,-0.622227
1.258508,-0.630929
1.251565,-0.639632
1.244793,-0.648334
1.238188,-0.657037
1.231746,-0.665739
1.225463,-0.674442
1.219336,-0.683144
1.213363,-0.691847
1.207539,-0.700549
1.201862,-0.709252
1.196328,-0.717954
1.190936,-0.726657
1.185682,-0.735359
1.180563,-0.744061
1.175578,-0.752764
1.170723,-0.761466
1.165997,-0.770169
1.161397,-0.778871
1.156921,-0.787574
1.152566,-0.796276
1.148332,-0.804979
1.144215,-0.813681
1.140214,-0.822384
1.136327,-0.831086
1.132553,-0.839789
1.128889,-0.848491
1.125334,-0.857194
1.121887,-0.865896
1.118546,-0.874599
1.115309,-0.883301
1.112176,-0.892003
1.109144,-0.900706
1.106213,-0.909408
1.103381,-0.918111
1.100647,-0.926813
1.098010,-0.935516
1.095468,-0.944218
1.093022,-0.952921
1.090669,-0.961623
1.088410,-0.970326
1.086242,-0.979028
1.084165,-0.987731
1.082178,-0.996433
1.080281,-1.005136
1.078472,-1.013838
1.076751,-1.022541
1.075117,-1.031243
1.073570,-1.039946
1.072109,-1.048648
1.070734,-1.057350
1.069443,-1.066053
1.068237,-1.074755
1.067114,-1.083458
1.066075,-1.092160
1.065119,-1.100863
1.064246,-1.109565
1.063455,-1.118268
1.062746,-1.126970
1.062119,-1.135673
1.061573,-1.144375
1.061109,-1.153078
1.060726,-1.161780
1.060424,-1.170483
1.060202,-1.179185
1.060062,-1.187888
1.060002,-1.196590
1.060023,-1.205293
1.060125,-1.213995
1.060308,-1.222697
1.060571,-1.231400
1.060915,-1.240102
1.061341,-1.248805
1.061847,-1.257507
1.062436,-1.266210
1.063105,-1.274912
1.063857,-1.283615
1.064691,-1.292317
1.065607,-1.301020
1.066606,-1.309722
1.067689,-1.318425
1.068855,-1.327127
1.070105,-1.335830
1.071440,-1.344532
1.072860,-1.353235
1.074366,-1.361937
1.075958,-1.370639
1.077637,-1.379342
1.079404,-1.388044
1.081259,-1.396747
1.083203,-1.405449
1.085236,-1.414152
1.087361,-1.422854
1.089576,-1.431557
1.091884,-1.440259
1.094286,-1.448962
1.096781,-1.457664
1.099372,-1.466367
1.102060,-1.475069
1.104845,-1.483772
1.107728,-1.492474
1.110712,-1.501177
1.113797,-1.509879
1.116984,-1.518582
1.120275,-1.527284
1.123671,-1.535986
1.127174,-1.544689
1.130785,-1.553391
1.134507,-1.562094
1.138339,-1.570796
