scan.pos:-0.264513,7.155065,-0.4147500.917815,1.562094
0.921390,1.553391
0.925064,1.544689
0.928839,1.535986
0.915988,1.527284
0.919897,1.518581
0.923911,1.509879
0.928031,1.501177
0.932258,1.492474
0.936597,1.483772
0.941048,1.475069
0.945613,1.466367
0.950296,1.457664
0.955099,1.448962
0.960024,1.440259
0.965074,1.431557
0.970251,1.422854
0.975559,1.414152
0.981001,1.405449
0.986579,1.396747
0.992297,1.388044
0.998158,1.379342
1.004166,1.370639
1.010323,1.361937
1.016635,1.353234
1.023105,1.344532
1.029736,1.335830
1.036533,1.327127
1.043501,1.318425
1.050643,1.309722
1.057965,1.301020
1.065472,1.292317
1.073168,1.283615
1.081059,1.274912
1.089150,1.266210
1.097448,1.257507
1.105958,1.248805
1.114686,1.240102
1.123640,1.231400
1.132826,1.222697
1.142250,1.213995
1.151922,1.205292
1.161848,1.196590
1.165013,1.187888
1.162138,1.179185
1.187206,1.170483
1.184626,1.161780
1.209542,1.153078
1.210015,1.144375
1.235320,1.135673
1.233888,1.126970
1.259127,1.118268
1.258051,1.109565
1.262535,1.100863
1.288365,1.092160
1.314121,1.083458
1.314357,1.074755
1.340186,1.066053
1.340863,1.057350
1.350335,1.048648
1.376999,1.039945
1.403680,1.031243
1.405911,1.022541
1.432829,1.013838
1.435623,1.005136
1.474798,0.996433
1.478816,0.987731
1.507013,0.979028
1.535359,0.970326
1.540360,0.961623
1.569193,0.952921
1.590834,0.944218
1.620938,0.935516
1.651317,0.926813
1.659079,0.918111
1.690201,0.909408
1.721680,0.900706
1.753546,0.892003
1.784546,0.883301
1.818245,0.874598
1.852460,0.865896
1.887235,0.857194
1.922611,0.848491
1.958637,0.839789
1.973428,0.831086
2.016978,0.822384
2.078286,0.813681
2.118660,0.804979
2.160018,0.796276
2.202436,0.787574
2.245998,0.778871
2.312179,0.770169
2.358238,0.761466
2.422469,0.752764
2.473144,0.744061
2.546709,0.735359
2.601016,0.726656
2.678413,0.717954
2.757975,0.709251
2.839917,0.700549
2.924479,0.691847
3.011929,0.683144
3.095759,0.674442
3.213331,0.665739
3.314273,0.657037
3.440367,0.648334
3.571470,0.639632
3.708202,0.630929
3.851283,0.622227
4.001553,0.613524
4.201462,0.604822
4.374071,0.596119
4.578196,0.587417
4.835782,0.578714
5.087990,0.570012
5.398229,0.561309
5.688748,0.552607
6.084885,0.543905
6.490754,0.535202
7.003109,0.526500
7.525071,0.517797
1.895712,-0.195806
1.814534,-0.204508
1.782256,-0.213211
1.774967,-0.221913
1.743197,-0.230616
1.552887,-0.239318
1.546206,-0.248021
1.539936,-0.256723
1.508420,-0.265425
1.502765,-0.274128
1.471474,-0.282830
1.421229,-0.291533
1.404624,-0.300235
1.400361,-0.308938
1.315997,-0.317640
1.311772,-0.326343
1.305646,-0.335045
1.302540,-0.343748
1.272045,-0.352450
1.269310,-0.361153
1.266867,-0.369855
1.203722,-0.378558
1.193448,-0.387260
1.183438,-0.395963
1.173682,-0.404665
1.164174,-0.413367
1.154906,-0.422070
1.145871,-0.430772
1.137063,-0.439475
1.128473,-0.448177
1.120098,-0.456880
1.111930,-0.465582
1.103963,-0.474285
1.096193,-0.482987
1.088614,-0.491690
1.081220,-0.500392
1.074008,-0.509095
1.066972,-0.517797
1.060107,-0.526500
1.053410,-0.535202
1.046877,-0.543905
1.040502,-0.552607
1.034284,-0.561310
1.028216,-0.570012
1.022298,-0.578714
1.016523,-0.587417
1.010890,-0.596119
1.005396,-0.604822
1.000036,-0.613524
0.994809,-0.622227
0.989711,-0.630929
0.984740,-0.639632
0.979893,-0.648334
0.975167,-0.657037
0.970560,-0.665739
0.966069,-0.674442
0.961693,-0.683144
0.957429,-0.691847
0.953274,-0.700549
0.949228,-0.709252
0.945287,-0.717954
0.941451,-0.726657
0.937716,-0.735359
0.934082,-0.744061
0.930547,-0.752764
0.927109,-0.761466
0.923766,-0.770169
0.920517,-0.778871
0.917360,-0.787574
0.914294,-0.796276
0.911318,-0.804979
0.908430,-0.813681
0.905629,-0.822384
0.902914,-0.831086
0.884422,-0.839789
0.881920,-0.848491
0.879499,-0.857194
0.877157,-0.865896
0.874895,-0.874599
0.872710,-0.883301
0.870603,-0.892003
0.868571,-0.900706
0.866615,-0.909408
0.864733,-0.918111
0.862925,-0.926813
0.861190,-0.935516
0.859528,-0.944218
0.857937,-0.952921
0.856417,-0.961623
0.854967,-0.970326
0.853587,-0.979028
0.852276,-0.987731
0.851035,-0.996433
0.849861,-1.005136
0.848755,-1.013838
0.847716,-1.022541
0.846745,-1.031243
0.845840,-1.039946
0.845001,-1.048648
0.844228,-1.057350
0.843521,-1.066053
0.842879,-1.074755
0.842302,-1.083458
0.841789,-1.092160
0.841342,-1.100863
0.840959,-1.109565
0.840640,-1.118268
0.840386,-1.126970
0.840196,-1.135673
0.840069,-1.144375
0.840007,-1.153078
0.840009,-1.161780
0.840075,-1.170483
0.840204,-1.179185
0.840398,-1.187888
0.840656,-1.196590
0.840978,-1.205293
0.841364,-1.213995
0.841815,-1.222697
0.842331,-1.231400
0.842911,-1.240102
0.843557,-1.248805
0.844268,-1.257507
0.845044,-1.266210
0.845887,-1.274912
0.846795,-1.283615
0.847770,-1.292317
0.848813,-1.301020
0.849922,-1.309722
0.851099,-1.318425
0.852345,-1.327127
0.853659,-1.335830
0.855043,-1.344532
0.856497,-1.353235
0.858020,-1.361937
0.859615,-1.370639
0.861282,-1.379342
0.863021,-1.388044
0.864833,-1.396747
0.866718,-1.405449
0.868678,-1.414152
0.870714,-1.422854
0.872826,-1.431557
0.875014,-1.440259
0.877281,-1.448962
0.879627,-1.457664
0.882052,-1.466367
0.884559,-1.475069
0.887148,-1.483772
0.889819,-1.492474
0.892576,-1.501177
0.895417,-1.509879
0.898346,-1.518582
0.901362,-1.527284
0.904468,-1.535986
0.907665,-1.544689
0.910954,-1.553391
0.914337,-1.562094
0.917815,-1.570796
