scan.pos:5.829527,5.039947,-0.3647503.147091,1.562094
3.157733,1.553391
3.168689,1.544689
3.179965,1.535986
3.191565,1.527284
3.203495,1.518581
3.215760,1.509879
3.228367,1.501177
3.241320,1.492474
3.254627,1.483772
3.268293,1.475069
3.282326,1.466367
3.296732,1.457664
3.311518,1.448962
3.326692,1.440259
3.342261,1.431557
3.358233,1.422854
3.374618,1.414152
3.391422,1.405449
3.408655,1.396747
3.426327,1.388044
3.444447,1.379342
3.463024,1.370639
3.482069,1.361937
3.501594,1.353234
3.521608,1.344532
3.542123,1.335830
3.563152,1.327127
3.584707,1.318425
3.621766,1.309722
3.651686,1.301020
3.599879,1.292317
3.558180,1.283615
3.534554,1.274912
3.494832,1.266210
3.449009,1.257507
3.410940,1.248805
3.373379,1.240102
3.336298,1.231400
3.299666,1.222697
3.263456,1.213995
3.227638,1.205292
3.192189,1.196590
3.184162,1.187888
3.149585,1.179185
3.115304,1.170483
3.081293,1.161780
3.047528,1.153078
3.042220,1.144375
3.020288,1.135673
2.994631,1.126970
2.969630,1.118268
2.945265,1.109565
2.921517,1.100863
2.898369,1.092160
2.875801,1.083458
2.853798,1.074755
2.832344,1.066053
2.811421,1.057350
2.791017,1.048648
2.771116,1.039945
2.751705,1.031243
2.732771,1.022541
2.714301,1.013838
2.696283,1.005136
2.678705,0.996433
2.661556,0.987731
2.644826,0.979028
2.628503,0.970326
2.612579,0.961623
2.597043,0.952921
2.581886,0.944218
2.567099,0.935516
2.552674,0.926813
2.538602,0.918111
2.524876,0.909408
2.511488,0.900706
2.498430,0.892003
2.485696,0.883301
2.473278,0.874598
2.461170,0.865896
2.449366,0.857194
2.437859,0.848491
2.426643,0.839789
2.415714,0.831086
2.405065,0.822384
2.394691,0.813681
2.384587,0.804979
2.374748,0.796276
2.365169,0.787574
2.355845,0.778871
2.346773,0.770169
2.337948,0.761466
2.329366,0.752764
2.321023,0.744061
2.312915,0.735359
2.305038,0.726656
2.297389,0.717954
2.289964,0.709251
2.282760,0.700549
2.275775,0.691847
2.269004,0.683144
2.262445,0.674442
2.256096,0.665739
2.249953,0.657037
2.244013,0.648334
2.238275,0.639632
2.232736,0.630929
2.227393,0.622227
2.222245,0.613524
2.217288,0.604822
2.212523,0.596119
2.207945,0.587417
2.203553,0.578714
2.199347,0.570012
2.195323,0.561309
2.191480,0.552607
2.187817,0.543905
2.184333,0.535202
2.181025,0.526500
2.177893,0.517797
2.174935,0.509095
2.172151,0.500392
2.169538,0.491690
2.167097,0.482987
2.164826,0.474285
2.162724,0.465582
2.160791,0.456880
2.159025,0.448177
2.157427,0.439475
2.155995,0.430772
2.154728,0.422070
2.153628,0.413367
2.152692,0.404665
2.151920,0.395962
2.151314,0.387260
2.150871,0.378558
2.150592,0.369855
2.150477,0.361153
2.150525,0.352450
2.150738,0.343748
2.151114,0.335045
2.151654,0.326343
2.152359,0.317640
2.153228,0.308938
2.154262,0.300235
2.155461,0.291533
2.156826,0.282830
2.158357,0.274128
2.160055,0.265425
2.161920,0.256723
2.163954,0.248020
2.166156,0.239318
2.168528,0.230615
2.171071,0.221913
2.173785,0.213211
2.176673,0.204508
2.179734,0.195806
2.182970,0.187103
2.186383,0.178401
2.189973,0.169698
2.193743,0.160996
2.197693,0.152293
2.201826,0.143591
2.206142,0.134888
2.210644,0.126186
2.215333,0.117483
2.220212,0.108781
2.225282,0.100078
2.230546,0.091376
2.236005,0.082673
2.241663,0.073971
2.247520,0.065269
2.253580,0.056566
2.259846,0.047864
2.266320,0.039161
2.273004,0.030459
2.279902,0.021756
2.287017,0.013054
2.294351,0.004351
2.301909,-0.004351
2.309693,-0.013054
2.317707,-0.021756
2.325955,-0.030459
2.334440,-0.039161
2.343166,-0.047864
2.352137,-0.056566
2.361358,-0.065269
2.370833,-0.073971
2.380566,-0.082674
2.390562,-0.091376
2.400826,-0.100078
2.411363,-0.108781
2.422178,-0.117483
2.433277,-0.126186
2.444664,-0.134888
2.456347,-0.143591
2.468331,-0.152293
2.480623,-0.160996
2.493228,-0.169698
2.506154,-0.178401
2.519407,-0.187103
2.532995,-0.195806
2.546926,-0.204508
2.561207,-0.213211
2.575846,-0.221913
2.590852,-0.230616
2.606233,-0.239318
2.621999,-0.248021
2.638159,-0.256723
2.654723,-0.265425
2.671701,-0.274128
2.689104,-0.282830
2.706942,-0.291533
2.725227,-0.300235
2.743972,-0.308938
2.763188,-0.317640
2.782888,-0.326343
2.803087,-0.335045
2.823797,-0.343748
2.845034,-0.352450
2.866813,-0.361153
2.889149,-0.369855
2.912060,-0.378558
2.935563,-0.387260
2.959675,-0.395963
2.984416,-0.404665
3.009804,-0.413367
3.035862,-0.422070
3.046079,-0.430772
3.080642,-0.439475
3.116828,-0.448177
3.125001,-0.456880
3.163454,-0.465582
3.200344,-0.474285
3.214207,-0.482987
3.252518,-0.491690
3.291225,-0.500392
3.335260,-0.509095
3.349407,-0.517797
3.396129,-0.526500
3.437958,-0.535202
3.480346,-0.543905
3.505620,-0.552607
3.549949,-0.561310
3.603581,-0.570012
3.625103,-0.578714
3.672298,-0.587417
3.730634,-0.596119
3.780072,-0.604822
3.830421,-0.613524
3.869847,-0.622227
3.922932,-0.630929
3.977099,-0.639632
4.022826,-0.648334
4.080133,-0.657037
4.138728,-0.665739
4.228908,-0.674442
4.230471,-0.683144
4.209336,-0.691847
4.188730,-0.700549
4.168640,-0.709252
4.149056,-0.717954
4.129968,-0.726657
4.111367,-0.735359
4.093243,-0.744061
4.075587,-0.752764
4.058391,-0.761466
3.997474,-0.770169
3.981349,-0.778871
3.943745,-0.787574
3.928559,-0.796276
3.913785,-0.804979
3.899418,-0.813681
3.885451,-0.822384
3.871878,-0.831086
3.844481,-0.839789
3.845887,-0.848491
3.833458,-0.857194
3.821399,-0.865896
3.809705,-0.874599
3.798371,-0.883301
3.787391,-0.892003
3.776762,-0.900706
3.766478,-0.909408
3.756536,-0.918111
3.746930,-0.926813
3.737657,-0.935516
3.728713,-0.944218
3.720094,-0.952921
3.670555,-0.961623
3.662665,-0.970326
3.655087,-0.979028
3.647817,-0.987731
3.640853,-0.996433
3.593358,-1.005136
3.587068,-1.013838
3.581073,-1.022541
3.575369,-1.031243
3.569955,-1.039946
3.564828,-1.048648
3.559987,-1.057350
3.555429,-1.066053
3.551153,-1.074755
3.547158,-1.083458
3.543440,-1.092160
3.540000,-1.100863
3.536835,-1.109565
3.533945,-1.118268
3.531329,-1.126970
3.528985,-1.135673
3.526912,-1.144375
3.525110,-1.153078
3.523578,-1.161780
3.522316,-1.170483
3.521322,-1.179185
3.520598,-1.187888
3.520141,-1.196590
3.519953,-1.205293
3.520032,-1.213995
3.520380,-1.222697
3.520996,-1.231400
3.521881,-1.240102
3.523034,-1.248805
3.524457,-1.257507
3.526149,-1.266210
3.528112,-1.274912
3.530345,-1.283615
3.532851,-1.292317
3.535630,-1.301020
3.538684,-1.309722
2.857749,-1.318425
2.639053,-1.327127
2.641943,-1.335830
2.584467,-1.344532
2.567481,-1.353235
2.570892,-1.361937
2.533963,-1.370639
2.537725,-1.379342
2.501024,-1.388044
2.505132,-1.396747
2.509444,-1.405449
2.493523,-1.414152
2.498212,-1.422854
2.503109,-1.431557
2.508217,-1.440259
2.513538,-1.448962
2.519073,-1.457664
2.483435,-1.466367
2.489309,-1.475069
2.495402,-1.483772
2.480867,-1.492474
2.487350,-1.501177
2.494057,-1.509879
2.500991,-1.518582
2.466000,-1.527284
2.452134,-1.535986
2.438372,-1.544689
2.445982,-1.553391
2.453826,-1.562094
2.440500,-1.570796
