scan.pos:1.046356,6.866332,-0.3647501.192092,1.562094
1.196123,1.553391
1.200274,1.544689
1.204545,1.535986
1.208939,1.527284
1.213458,1.518581
1.218104,1.509879
1.222879,1.501177
1.227786,1.492474
1.232826,1.483772
1.238003,1.475069
1.243319,1.466367
1.248775,1.457664
1.254376,1.448962
1.260124,1.440259
1.266021,1.431557
1.272072,1.422854
1.278278,1.414152
1.284643,1.405449
1.291171,1.396747
1.297865,1.388044
1.304728,1.379342
1.311765,1.370639
1.318980,1.361937
1.326375,1.353234
1.333956,1.344532
1.341727,1.335830
1.349693,1.327127
1.357858,1.318425
1.366227,1.309722
1.374805,1.301020
1.383597,1.292317
1.392609,1.283615
1.401847,1.274912
1.411317,1.266210
1.421024,1.257507
1.430975,1.248805
1.441178,1.240102
1.451638,1.231400
1.462363,1.222697
1.473361,1.213995
1.484640,1.205292
1.496207,1.196590
1.508072,1.187888
1.520243,1.179185
1.532730,1.170483
1.545543,1.161780
1.558691,1.153078
1.572186,1.144375
1.575804,1.135673
1.577181,1.126970
1.606538,1.118268
1.608414,1.109565
1.637834,1.100863
1.643118,1.092160
1.673158,1.083458
1.676639,1.074755
1.706861,1.066053
1.710954,1.057350
1.720882,1.048648
1.752108,1.039945
1.757817,1.031243
1.789390,1.022541
1.795834,1.013838
1.827826,1.005136
1.859973,0.996433
1.876737,0.987731
1.909990,0.979028
1.919031,0.970326
1.952926,0.961623
1.962949,0.952921
1.997578,0.944218
2.021415,0.935516
2.057513,0.926813
2.070409,0.918111
2.107483,0.909408
2.145030,0.900706
2.159852,0.892003
2.198576,0.883301
2.237887,0.874598
2.273169,0.865896
2.314660,0.857194
2.334219,0.848491
2.377348,0.839789
2.421324,0.831086
2.466205,0.822384
2.512054,0.813681
2.560870,0.804979
2.609907,0.796276
2.660161,0.787574
2.711719,0.778871
2.764672,0.770169
2.819120,0.761466
2.875173,0.752764
2.932947,0.744061
2.992570,0.735359
3.066859,0.726656
3.132042,0.717954
3.220892,0.709251
3.290936,0.700549
3.384914,0.691847
3.460661,0.683144
3.560705,0.674442
3.664168,0.665739
3.750446,0.657037
3.869194,0.648334
3.987324,0.639632
4.110536,0.630929
4.239354,0.622227
4.395040,0.613524
4.536890,0.604822
4.686394,0.596119
4.885514,0.587417
5.053061,0.578714
5.285882,0.570012
5.500944,0.561309
5.730145,0.552607
6.016206,0.543905
6.300412,0.535202
6.626360,0.526500
6.977279,0.517797
7.013703,0.509095
7.005056,0.500392
6.998823,0.491690
7.004443,0.482987
6.979920,0.474285
6.973144,0.465582
6.966910,0.456880
6.961217,0.448177
6.956063,0.439475
6.951446,0.430772
6.947363,0.422070
6.943814,0.413367
6.940796,0.404665
6.938310,0.395962
6.936353,0.387260
6.934925,0.378558
6.934026,0.369855
6.933655,0.361153
6.933812,0.352450
6.934496,0.343748
6.935710,0.335045
6.937452,0.326343
6.939724,0.317640
6.942526,0.308938
6.945860,0.300235
6.949726,0.291533
6.954126,0.282830
6.959063,0.274128
6.964537,0.265425
6.970551,0.256723
6.977107,0.248020
6.984208,0.239318
6.991856,0.230615
7.000055,0.221913
7.008808,0.213211
7.018117,0.204508
7.027987,0.195806
7.038422,0.187103
7.049425,0.178401
7.061001,0.169698
7.073155,0.160996
7.085892,0.152293
7.099216,0.143591
7.113133,0.134888
7.127648,0.126186
7.142768,0.117483
7.158499,0.108781
7.174846,0.100078
7.191817,0.091376
7.209420,0.082673
7.227660,0.073971
7.246546,0.065269
7.266086,0.056566
7.286287,0.047864
7.307160,0.039161
7.328712,0.030459
7.350953,0.021756
7.373893,0.013054
7.397542,0.004351
7.421909,-0.004351
7.447007,-0.013054
7.472846,-0.021756
7.499438,-0.030459
7.526795,-0.039161
7.554930,-0.047864
7.583856,-0.056566
7.613586,-0.065269
7.644135,-0.073971
7.675517,-0.082674
7.707747,-0.091376
7.740840,-0.100078
7.774814,-0.108781
7.766032,-0.404665
7.630950,-0.413367
6.064735,-0.422070
5.935781,-0.430772
5.746102,-0.439475
5.670512,-0.448177
5.569204,-0.456880
5.442787,-0.465582
5.184016,-0.474285
4.983178,-0.482987
4.838886,-0.491690
4.776166,-0.500392
4.740885,-0.509095
4.706478,-0.517797
4.672919,-0.526500
4.640186,-0.535202
4.633674,-0.543905
4.602355,-0.552607
4.571804,-0.561310
4.566912,-0.570012
4.562428,-0.578714
4.558347,-0.587417
4.550410,-0.596119
4.557167,-0.604822
4.551383,-0.613524
4.595217,-0.622227
4.627373,-0.630929
4.672766,-0.639632
4.672100,-0.648334
4.705440,-0.657037
4.730703,-0.665739
4.757527,-0.674442
4.769208,-0.683144
4.775599,-0.691847
4.783941,-0.700549
4.817077,-0.709252
4.832292,-0.717954
4.868433,-0.726657
4.884120,-0.735359
4.924552,-0.744061
4.951277,-0.752764
4.974741,-0.761466
5.064643,-0.770169
5.088208,-0.778871
5.133881,-0.787574
5.157762,-0.796276
5.181853,-0.804979
5.249487,-0.813681
5.252270,-0.822384
5.298454,-0.831086
1.029000,-0.839789
1.025585,-0.848491
0.958379,-0.857194
0.912903,-0.865896
0.910110,-0.874599
0.907402,-0.883301
0.862696,-0.892003
0.839293,-0.900706
0.837007,-0.909408
0.834798,-0.918111
0.832663,-0.926813
0.830603,-0.935516
0.828615,-0.944218
0.826700,-0.952921
0.824856,-0.961623
0.823083,-0.970326
0.821380,-0.979028
0.778759,-0.987731
0.777272,-0.996433
0.775850,-1.005136
0.774492,-1.013838
0.773198,-1.022541
0.771966,-1.031243
0.770797,-1.039946
0.769690,-1.048648
0.768645,-1.057350
0.767661,-1.066053
0.766738,-1.074755
0.765875,-1.083458
0.765072,-1.092160
0.764330,-1.100863
0.763646,-1.109565
0.763022,-1.118268
0.762457,-1.126970
0.761951,-1.135673
0.761504,-1.144375
0.761115,-1.153078
0.760784,-1.161780
0.760511,-1.170483
0.760297,-1.179185
0.760140,-1.187888
0.720040,-1.196590
0.720001,-1.205293
0.720017,-1.213995
0.700086,-1.222697
0.700209,-1.231400
0.700384,-1.240102
0.700614,-1.248805
0.700897,-1.257507
0.701233,-1.266210
0.701624,-1.274912
0.702068,-1.283615
0.702566,-1.292317
0.703119,-1.301020
0.683620,-1.309722
0.664137,-1.318425
0.664813,-1.327127
0.665541,-1.335830
0.666322,-1.344532
0.667155,-1.353235
0.668041,-1.361937
0.668980,-1.370639
0.669974,-1.379342
0.671021,-1.388044
0.672123,-1.396747
0.673280,-1.405449
0.674492,-1.414152
0.675761,-1.422854
0.677085,-1.431557
0.678467,-1.440259
0.679906,-1.448962
0.681404,-1.457664
0.682960,-1.466367
0.684575,-1.475069
0.686251,-1.483772
0.687987,-1.492474
0.689785,-1.501177
0.691644,-1.509879
0.693567,-1.518582
0.674477,-1.527284
0.676466,-1.535986
0.678519,-1.544689
0.680637,-1.553391
0.682819,-1.562094
0.685069,-1.570796
