scan.pos:-2.724366,1.481410,1.1352501.576956,1.562094
1.569564,1.553391
1.521438,1.544689
1.495720,1.535986
1.470235,1.527284
1.446660,1.518581
1.422499,1.509879
1.398488,1.501177
1.379011,1.492474
1.356109,1.483772
1.333288,1.475069
1.310534,1.466367
1.295592,1.457664
1.273732,1.448962
1.275456,1.440259
1.240170,1.431557
1.219079,1.422854
1.221926,1.414152
1.189200,1.405449
1.168718,1.396747
1.172564,1.388044
1.152076,1.379342
1.171555,1.370639
1.151753,1.361937
1.156868,1.353234
1.129308,1.344532
1.109854,1.335830
1.115796,1.327127
1.090133,1.318425
1.070927,1.309722
1.077639,1.301020
1.053731,1.292317
1.061166,1.283615
1.040727,1.274912
1.048852,1.266210
1.057185,1.257507
1.065735,1.248805
1.046954,1.240102
1.055723,1.231400
1.036703,1.222697
1.045696,1.213995
1.038306,1.205292
1.029503,1.196590
1.020925,1.187888
1.012565,1.179185
1.004417,1.170483
0.996474,1.161780
1.015453,1.153078
1.007699,1.144375
1.026457,1.135673
1.018890,1.126970
1.011510,1.118268
1.004312,1.109565
0.997291,1.100863
0.990443,1.092160
0.983762,1.083458
0.977245,1.074755
0.970887,1.066053
0.964684,1.057350
0.958633,1.048648
0.952729,1.039945
0.946969,1.031243
0.941349,1.022541
0.935867,1.013838
0.930519,1.005136
0.925301,0.996433
0.920211,0.987731
0.915247,0.979028
0.910404,0.970326
0.905681,0.961623
0.901076,0.952921
0.896584,0.944218
0.892205,0.935516
0.887936,0.926813
0.883774,0.918111
0.879718,0.909408
0.898221,0.900706
0.894271,0.892003
0.890423,0.883301
0.886676,0.874598
0.883026,0.865896
0.879474,0.857194
0.876016,0.848491
0.872651,0.839789
0.891113,0.831086
0.909506,0.822384
0.906257,0.813681
0.903100,0.804979
0.900034,0.796276
0.897056,0.787574
0.894165,0.778871
0.912584,0.770169
0.909800,0.761466
0.907102,0.752764
0.946558,0.744061
0.943910,0.735359
0.941349,0.726656
0.938873,0.717954
0.936481,0.709251
0.934172,0.700549
0.973365,0.691847
0.991786,0.683144
0.989583,0.674442
0.987465,0.665739
1.026491,0.657037
1.065437,0.648334
1.104313,0.639632
1.143128,0.630929
1.141137,0.622227
1.139240,0.613524
1.137436,0.604822
1.156004,0.596119
1.235362,0.587417
1.294368,0.578714
1.373518,0.570012
1.452577,0.561309
1.551715,0.552607
1.691021,0.543905
1.810065,0.535202
2.009403,0.526500
2.168401,0.517797
2.447697,0.509095
2.706743,0.500392
5.769630,0.491690
6.507778,0.482987
6.505006,0.474285
6.502732,0.465582
6.500954,0.456880
6.499671,0.448177
6.498884,0.439475
6.498592,0.430772
6.498795,0.422070
6.499493,0.413367
6.500686,0.404665
6.502375,0.395962
6.504560,0.387260
6.507242,0.378558
6.510423,0.369855
6.514103,0.361153
6.518284,0.352450
6.522967,0.343748
6.528154,0.335045
6.533848,0.326343
6.540051,0.317640
6.546763,0.308938
6.553990,0.300235
6.561732,0.291533
6.569994,0.282830
6.578779,0.274128
6.588089,0.265425
6.597929,0.256723
6.608302,0.248020
6.619213,0.239318
6.630665,0.230615
6.642664,0.221913
6.655215,0.213211
6.668322,0.204508
6.681990,0.195806
6.696225,0.187103
6.711033,0.178401
6.726421,0.169698
6.742393,0.160996
6.758958,0.152293
6.776122,0.143591
6.793891,0.134888
6.812275,0.126186
6.831279,0.117483
6.850914,0.108781
6.871186,0.100078
4.853113,0.091376
4.720850,0.082673
4.614392,0.073971
4.619275,0.065269
4.564370,0.056566
4.309010,0.047864
4.219144,0.039161
4.132421,0.030459
4.048630,0.021756
3.983975,0.013054
3.906691,0.004351
3.831773,-0.004351
3.759072,-0.013054
3.688450,-0.021756
3.619563,-0.030459
3.553692,-0.039161
3.512056,-0.047864
3.449580,-0.056566
3.392127,-0.065269
3.333446,-0.073971
3.276077,-0.082674
3.243024,-0.091376
3.195110,-0.100078
3.142163,-0.108781
3.069677,-0.117483
3.062829,-0.126186
2.999315,-0.134888
2.974688,-0.143591
2.927144,-0.152293
2.904450,-0.160996
2.920148,-0.169698
2.924663,-0.178401
2.930390,-0.187103
2.952663,-0.195806
2.961485,-0.204508
2.996499,-0.213211
2.982610,-0.221913
2.987740,-0.230616
3.001697,-0.239318
3.016783,-0.248021
3.053329,-0.256723
3.050801,-0.265425
3.073387,-0.274128
3.096547,-0.282830
3.120299,-0.291533
3.144659,-0.300235
3.169645,-0.308938
3.195277,-0.317640
3.221575,-0.326343
3.248558,-0.335045
3.276249,-0.343748
3.304669,-0.352450
3.310034,-0.361153
3.341624,-0.369855
3.373513,-0.378558
3.405722,-0.387260
3.438276,-0.395963
3.471197,-0.404665
3.504509,-0.413367
3.538238,-0.422070
3.572408,-0.430772
3.633171,-0.439475
3.668114,-0.448177
3.703583,-0.456880
3.739608,-0.465582
3.776218,-0.474285
3.813443,-0.482987
3.876373,-0.491690
3.914763,-0.500392
3.953873,-0.509095
4.018318,-0.517797
4.058825,-0.526500
4.100170,-0.535202
4.166530,-0.543905
4.209534,-0.552607
4.277370,-0.561310
4.322232,-0.570012
4.391765,-0.578714
4.556043,-0.587417
4.626894,-0.596119
4.698767,-0.604822
4.782314,-0.613524
6.652396,-0.874599
6.575094,-0.883301
6.519258,-0.892003
6.484732,-0.900706
6.430314,-0.909408
6.397093,-0.918111
6.344037,-0.926813
6.271248,-0.935516
6.199194,-0.944218
6.148201,-0.952921
6.097840,-0.961623
6.068379,-0.970326
6.019215,-0.979028
5.990869,-0.987731
5.983251,-0.996433
5.935758,-1.005136
5.929131,-1.013838
2.983813,-1.022541
2.980942,-1.031243
2.154448,-1.039946
1.951928,-1.048648
1.950500,-1.057350
1.889072,-1.066053
1.887979,-1.074755
1.846974,-1.083458
1.826167,-1.092160
1.825529,-1.100863
1.785015,-1.109565
1.784663,-1.118268
1.784447,-1.126970
1.784367,-1.135673
1.784422,-1.144375
1.764611,-1.153078
1.764935,-1.161780
1.765394,-1.170483
1.765987,-1.179185
1.766715,-1.187888
1.767579,-1.196590
1.768578,-1.205293
1.769713,-1.213995
1.770984,-1.222697
1.772393,-1.231400
1.773939,-1.240102
1.775623,-1.248805
1.777445,-1.257507
1.779407,-1.266210
1.781509,-1.274912
1.783752,-1.283615
1.785312,-1.292317
1.788665,-1.301020
1.791337,-1.309722
1.794153,-1.318425
1.817486,-1.327127
1.820631,-1.335830
1.823926,-1.344532
1.827372,-1.353235
1.830971,-1.361937
1.834724,-1.370639
1.838632,-1.379342
1.842698,-1.388044
1.846923,-1.396747
1.851309,-1.405449
1.855857,-1.414152
1.860570,-1.422854
1.865449,-1.431557
1.870497,-1.440259
1.875715,-1.448962
1.860022,-1.457664
1.865526,-1.466367
1.871205,-1.475069
1.877063,-1.483772
1.883101,-1.492474
1.889323,-1.501177
1.895730,-1.509879
1.902327,-1.518582
1.909115,-1.527284
1.916099,-1.535986
1.923281,-1.544689
1.930664,-1.553391
1.938253,-1.562094
1.946050,-1.570796
