scan.pos:-7.157814,7.116701,0.6684351.121316,1.562094
1.113683,1.553391
1.106238,1.544689
1.098974,1.535986
1.091888,1.527284
1.084975,1.518581
1.078230,1.509879
1.071650,1.501177
1.065230,1.492474
1.058967,1.483772
1.052856,1.475069
1.046896,1.466367
1.041081,1.457664
1.035408,1.448962
1.029876,1.440259
1.024479,1.431557
1.019216,1.422854
1.014084,1.414152
1.009080,1.405449
1.004200,1.396747
0.999444,1.388044
0.994808,1.379342
0.990289,1.370639
0.985887,1.361937
0.981597,1.353234
0.977419,1.344532
0.973351,1.335830
0.969389,1.327127
0.965533,1.318425
0.961780,1.309722
0.958129,1.301020
0.954578,1.292317
0.951126,1.283615
0.947770,1.274912
0.944509,1.266210
0.941343,1.257507
0.938268,1.248805
0.935285,1.240102
0.932392,1.231400
0.929586,1.222697
0.926868,1.213995
0.924236,1.205292
0.921689,1.196590
0.919226,1.187888
0.916846,1.179185
0.914547,1.170483
0.912329,1.161780
0.910191,1.153078
0.908132,1.144375
0.906151,1.135673
0.904248,1.126970
0.902421,1.118268
0.900669,1.109565
0.898993,1.100863
0.897392,1.092160
0.895864,1.083458
0.894409,1.074755
0.893027,1.066053
0.891717,1.057350
0.890479,1.048648
0.889312,1.039945
0.888215,1.031243
0.887188,1.022541
0.886231,1.013838
0.885344,1.005136
0.884526,0.996433
0.883776,0.987731
0.883095,0.979028
0.882482,0.970326
0.881937,0.961623
0.881460,0.952921
0.881051,0.944218
0.880709,0.935516
0.880434,0.926813
0.880226,0.918111
0.880085,0.909408
0.880012,0.900706
0.880005,0.892003
0.880066,0.883301
0.880194,0.874598
0.880388,0.865896
0.880650,0.857194
0.880979,0.848491
0.881376,0.839789
0.881840,0.831086
0.882371,0.822384
0.882971,0.813681
0.883639,0.804979
0.884375,0.796276
0.885180,0.787574
0.886054,0.778871
0.886997,0.770169
0.888010,0.761466
0.889093,0.752764
0.890247,0.744061
0.891471,0.735359
0.892767,0.726656
0.894135,0.717954
0.895576,0.709251
0.897089,0.700549
0.898677,0.691847
0.900338,0.683144
0.902075,0.674442
0.903887,0.665739
0.905776,0.657037
0.907741,0.648334
0.909785,0.639632
0.911908,0.630929
0.914110,0.622227
0.916393,0.613524
0.918758,0.604822
0.921205,0.596119
0.923735,0.587417
0.926351,0.578714
0.929052,0.570012
0.931840,0.561309
0.934717,0.552607
0.937682,0.543905
0.940739,0.535202
0.943888,0.526500
0.947130,0.517797
0.950467,0.509095
0.953900,0.500392
0.957432,0.491690
0.961064,0.482987
0.964796,0.474285
0.968632,0.465582
0.972573,0.456880
0.976621,0.448177
0.980778,0.439475
0.985045,0.430772
0.989426,0.422070
0.993922,0.413367
0.998535,0.404665
1.003268,0.395962
1.008123,0.387260
1.013103,0.378558
1.018210,0.369855
1.023447,0.361153
1.028818,0.352450
1.034324,0.343748
1.039969,0.335045
1.045756,0.326343
1.051688,0.317640
1.057769,0.308938
1.064002,0.300235
1.070391,0.291533
1.076940,0.282830
1.083652,0.274128
1.090533,0.265425
1.097585,0.256723
1.104814,0.248020
1.112224,0.239318
1.119820,0.230615
1.127606,0.221913
1.135589,0.213211
1.143774,0.204508
1.152165,0.195806
1.160770,0.187103
1.169594,0.178401
1.178643,0.169698
1.187925,0.160996
1.197447,0.152293
1.207214,0.143591
1.217236,0.134888
1.227520,0.126186
1.238074,0.117483
1.240155,0.108781
1.257491,0.100078
1.246921,0.091376
1.264100,0.082673
1.281095,0.073971
1.297914,0.065269
1.314566,0.056566
1.331060,0.047864
1.320983,0.039161
1.337380,0.030459
1.353638,0.021756
1.369763,0.013054
1.385763,0.004351
1.401645,-0.004351
1.417415,-0.013054
1.433081,-0.021756
1.448648,-0.030459
1.464122,-0.039161
1.479511,-0.047864
1.396798,-0.056566
1.388273,-0.065269
1.307328,-0.073971
1.299641,-0.082674
1.292142,-0.091376
1.284826,-0.100078
1.254029,-0.108781
1.247196,-0.117483
1.240532,-0.126186
1.234032,-0.134888
1.227692,-0.143591
1.221510,-0.152293
1.215482,-0.160996
1.209605,-0.169698
1.158446,-0.178401
1.153073,-0.187103
1.147835,-0.195806
1.142732,-0.204508
1.137761,-0.213211
1.132918,-0.221913
1.128202,-0.230616
1.123610,-0.239318
1.119140,-0.248021
1.114791,-0.256723
1.110559,-0.265425
1.106443,-0.274128
1.102441,-0.282830
1.055471,-0.291533
1.051840,-0.300235
1.048313,-0.308938
1.044890,-0.317640
1.041568,-0.326343
1.038345,-0.335045
1.035221,-0.343748
1.032194,-0.352450
1.029263,-0.361153
1.026427,-0.369855
1.023684,-0.378558
1.021033,-0.387260
1.018473,-0.395963
1.016003,-0.404665
1.013622,-0.413367
1.011329,-0.422070
1.009123,-0.430772
1.007003,-0.439475
1.004968,-0.448177
1.003018,-0.456880
1.001152,-0.465582
0.999368,-0.474285
0.997667,-0.482987
0.996047,-0.491690
0.994508,-0.500392
0.993049,-0.509095
0.991670,-0.517797
0.990370,-0.526500
0.989148,-0.535202
0.988005,-0.543905
0.986940,-0.552607
0.985951,-0.561310
0.985040,-0.570012
0.984205,-0.578714
0.983447,-0.587417
0.982764,-0.596119
0.982158,-0.604822
0.981626,-0.613524
0.981170,-0.622227
0.980789,-0.630929
0.980483,-0.639632
0.980252,-0.648334
0.980095,-0.657037
0.980013,-0.665739
0.980006,-0.674442
0.980073,-0.683144
0.980215,-0.691847
0.980432,-0.700549
0.980724,-0.709252
0.981090,-0.717954
0.981532,-0.726657
0.982049,-0.735359
0.982641,-0.744061
0.983309,-0.752764
0.984052,-0.761466
1.025071,-0.770169
1.026004,-0.778871
1.027017,-0.787574
1.028110,-0.796276
1.029284,-0.804979
1.030540,-0.813681
1.072343,-0.822384
1.073818,-0.831086
1.095669,-0.839789
1.097348,-0.848491
1.099116,-0.857194
1.100973,-0.865896
1.102921,-0.874599
1.104961,-0.883301
1.107092,-0.892003
1.109316,-0.900706
1.111634,-0.909408
1.114046,-0.918111
1.116555,-0.926813
1.119160,-0.935516
1.121863,-0.944218
1.124664,-0.952921
1.127566,-0.961623
1.172442,-0.970326
1.175663,-0.979028
1.178992,-0.987731
1.182430,-0.996433
1.185979,-1.005136
1.189639,-1.013838
1.193414,-1.022541
1.218684,-1.031243
1.265667,-1.039946
1.270015,-1.048648
1.274490,-1.057350
1.279094,-1.066053
1.327349,-1.074755
1.332384,-1.083458
1.359486,-1.092160
1.364891,-1.100863
1.370444,-1.109565
1.420540,-1.118268
1.426586,-1.126970
1.455181,-1.135673
1.506626,-1.144375
1.714305,-1.153078
4.699742,-1.231400
4.638427,-1.240102
4.576160,-1.248805
4.512928,-1.257507
4.472898,-1.266210
4.407836,-1.274912
4.341764,-1.283615
4.299290,-1.292317
4.256077,-1.301020
4.237943,-1.309722
4.215635,-1.318425
4.193354,-1.327127
4.171091,-1.335830
4.148840,-1.344532
4.126594,-1.353235
4.078351,-1.361937
4.029716,-1.370639
3.980668,-1.379342
3.984346,-1.388044
3.961600,-1.396747
3.938802,-1.405449
3.888727,-1.414152
3.838137,-1.422854
3.814671,-1.431557
3.791103,-1.440259
3.766261,-1.448962
3.744000,-1.457664
3.711976,-1.466367
3.680773,-1.475069
3.650365,-1.483772
3.620730,-1.492474
3.591843,-1.501177
3.590510,-1.509879
3.562849,-1.518582
3.588717,-1.527284
3.562022,-1.535986
3.588053,-1.544689
3.562289,-1.553391
3.588486,-1.562094
3.589104,-1.570796
