scan.pos:1.195830,6.809257,-0.3647501.253186,1.562094
1.257424,1.553391
1.261787,1.544689
1.266277,1.535986
1.270896,1.527284
1.275647,1.518581
1.280531,1.509879
1.285551,1.501177
1.290709,1.492474
1.296008,1.483772
1.301450,1.475069
1.307037,1.466367
1.312774,1.457664
1.318662,1.448962
1.324704,1.440259
1.330904,1.431557
1.337264,1.422854
1.343788,1.414152
1.350480,1.405449
1.357342,1.396747
1.364379,1.388044
1.371595,1.379342
1.378992,1.370639
1.386576,1.361937
1.394351,1.353234
1.402321,1.344532
1.410490,1.335830
1.418864,1.327127
1.427447,1.318425
1.436245,1.309722
1.445262,1.301020
1.454505,1.292317
1.463979,1.283615
1.473691,1.274912
1.483645,1.266210
1.493850,1.257507
1.504312,1.248805
1.515037,1.240102
1.526033,1.231400
1.537308,1.222697
1.548870,1.213995
1.560726,1.205292
1.572887,1.196590
1.585360,1.187888
1.598155,1.179185
1.611282,1.170483
1.624751,1.161780
1.638573,1.153078
1.652759,1.144375
1.656693,1.135673
1.658305,1.126970
1.687916,1.118268
1.690065,1.109565
1.719777,1.100863
1.722497,1.092160
1.752366,1.083458
1.755694,1.074755
1.785781,1.066053
1.789755,1.057350
1.820121,1.048648
1.850558,1.039945
1.855494,1.031243
1.886311,1.022541
1.892014,1.013838
1.923281,1.005136
1.954717,0.996433
1.961594,0.987731
1.993597,0.979028
2.025837,0.970326
2.034043,0.961623
2.066978,0.952921
2.100226,0.944218
2.133813,0.935516
2.144027,0.926813
2.178511,0.918111
2.213421,0.909408
2.248791,0.900706
2.284654,0.892003
2.321046,0.883301
2.358006,0.874598
2.395573,0.865896
2.433790,0.857194
2.472701,0.848491
2.512354,0.839789
2.552799,0.831086
2.594090,0.822384
2.636284,0.813681
2.679443,0.804979
2.745717,0.796276
2.790917,0.787574
2.837296,0.778871
2.906760,0.770169
2.955667,0.761466
3.027683,0.752764
3.079509,0.744061
3.154512,0.735359
3.231157,0.726656
3.309587,0.717954
3.389954,0.709251
3.451196,0.700549
3.557191,0.691847
3.644449,0.683144
3.734427,0.674442
3.851547,0.665739
3.949726,0.657037
4.072440,0.648334
4.208733,0.639632
4.321324,0.630929
4.459655,0.622227
4.620780,0.613524
4.773529,0.604822
4.933241,0.596119
5.127368,0.587417
5.327659,0.578714
5.558452,0.570012
5.777502,0.561309
6.016742,0.552607
6.332261,0.543905
6.624486,0.535202
6.894594,0.526500
6.872858,0.517797
6.872777,0.509095
6.863088,0.500392
6.844315,0.491690
6.836613,0.482987
6.829449,0.474285
6.822818,0.465582
6.816719,0.456880
6.811149,0.448177
6.806106,0.439475
6.801588,0.430772
6.797593,0.422070
6.794120,0.413367
6.791168,0.404665
6.788735,0.395962
6.786820,0.387260
6.785423,0.378558
6.784544,0.369855
6.784180,0.361153
6.784334,0.352450
6.785004,0.343748
6.786191,0.335045
6.787896,0.326343
6.790119,0.317640
6.792861,0.308938
6.796123,0.300235
6.799905,0.291533
6.804211,0.282830
6.809041,0.274128
6.814397,0.265425
6.820281,0.256723
6.826696,0.248020
6.833644,0.239318
6.841127,0.230615
6.849149,0.221913
6.857713,0.213211
6.866822,0.204508
6.876479,0.195806
6.886689,0.187103
6.897455,0.178401
6.908782,0.169698
6.920674,0.160996
6.933136,0.152293
6.946173,0.143591
6.959789,0.134888
6.973992,0.126186
6.988786,0.117483
7.004177,0.108781
7.020172,0.100078
7.036778,0.091376
7.054000,0.082673
7.071847,0.073971
7.090326,0.065269
7.109445,0.056566
7.129211,0.047864
7.149634,0.039161
7.170721,0.030459
7.192483,0.021756
7.214928,0.013054
7.238067,0.004351
7.261909,-0.004351
7.286466,-0.013054
7.311748,-0.021756
7.337767,-0.030459
7.364534,-0.039161
7.392063,-0.047864
7.420365,-0.056566
7.449454,-0.065269
7.479344,-0.073971
7.510050,-0.082674
7.541584,-0.091376
7.573965,-0.100078
7.607206,-0.108781
7.641325,-0.117483
7.676339,-0.126186
7.712264,-0.134888
7.749121,-0.143591
7.786927,-0.152293
7.795540,-0.395963
7.684807,-0.404665
7.607734,-0.413367
7.481899,-0.422070
5.939890,-0.430772
5.861579,-0.439475
5.729788,-0.448177
5.545819,-0.456880
5.446761,-0.465582
5.376648,-0.474285
5.147564,-0.482987
4.975474,-0.491690
4.911727,-0.500392
4.666269,-0.509095
4.632403,-0.517797
4.599372,-0.526500
4.567155,-0.535202
4.535729,-0.543905
4.505073,-0.552607
4.475167,-0.561310
4.470905,-0.570012
4.442283,-0.578714
4.414359,-0.587417
4.436007,-0.596119
4.409132,-0.604822
4.431219,-0.613524
4.421412,-0.622227
4.439663,-0.630929
4.435479,-0.639632
4.456512,-0.648334
4.525893,-0.657037
4.526135,-0.665739
4.574580,-0.674442
4.624326,-0.683144
4.606435,-0.691847
4.613549,-0.700549
4.622610,-0.709252
4.656355,-0.717954
4.669406,-0.726657
4.707088,-0.735359
4.724452,-0.744061
4.744159,-0.752764
4.788487,-0.761466
4.813101,-0.770169
4.871458,-0.778871
4.917985,-0.787574
4.964524,-0.796276
4.989342,-0.804979
5.014354,-0.813681
5.082738,-0.822384
5.086493,-0.831086
5.133483,-0.839789
5.137815,-0.848491
5.206399,-0.857194
5.211252,-0.865896
5.237636,-0.874599
5.285360,-0.883301
5.270082,-0.892003
5.295381,-0.900706
5.303199,-0.909408
5.315110,-0.918111
5.310615,-0.926813
5.290231,-0.935516
5.292009,-0.944218
0.930037,-0.952921
0.927963,-0.961623
0.925968,-0.970326
0.924053,-0.979028
0.860734,-0.987731
0.818181,-0.996433
0.816684,-1.005136
0.815255,-1.013838
0.813892,-1.022541
0.812596,-1.031243
0.770797,-1.039946
0.769690,-1.048648
0.748418,-1.057350
0.747459,-1.066053
0.746560,-1.074755
0.745720,-1.083458
0.744939,-1.092160
0.744216,-1.100863
0.743550,-1.109565
0.742943,-1.118268
0.742393,-1.126970
0.741900,-1.135673
0.741464,-1.144375
0.741085,-1.153078
0.740763,-1.161780
0.700471,-1.170483
0.700274,-1.179185
0.700129,-1.187888
0.700039,-1.196590
0.700001,-1.205293
0.700017,-1.213995
0.700086,-1.222697
0.700209,-1.231400
0.700384,-1.240102
0.700614,-1.248805
0.700897,-1.257507
0.701233,-1.266210
0.701624,-1.274912
0.702068,-1.283615
0.702566,-1.292317
0.703119,-1.301020
0.703726,-1.309722
0.704388,-1.318425
0.705105,-1.327127
0.705877,-1.335830
0.706705,-1.344532
0.707588,-1.353235
0.708528,-1.361937
0.709525,-1.370639
0.710578,-1.379342
0.711689,-1.388044
0.692490,-1.396747
0.673280,-1.405449
0.674492,-1.414152
0.675761,-1.422854
0.677085,-1.431557
0.657907,-1.440259
0.659303,-1.448962
0.660755,-1.457664
0.662264,-1.466367
0.663830,-1.475069
0.665455,-1.483772
0.667139,-1.492474
0.668882,-1.501177
0.670686,-1.509879
0.672550,-1.518582
0.674477,-1.527284
0.655327,-1.535986
0.636112,-1.544689
0.638097,-1.553391
0.640143,-1.562094
0.642252,-1.570796
