scan.pos:6.243949,2.804057,1.9184350.850901,1.562094
0.869457,1.553391
0.887966,1.544689
0.885352,1.535986
0.882820,1.527284
0.880369,1.518581
0.877999,1.509879
0.875708,1.501177
0.915090,1.492474
0.912853,1.483772
0.910696,1.475069
0.908618,1.466367
0.906618,1.457664
0.904696,1.448962
0.943890,1.440259
0.962519,1.431557
0.960710,1.422854
0.958980,1.414152
1.018435,1.405449
1.057433,1.396747
1.076083,1.388044
1.074484,1.379342
1.072972,1.370639
1.071545,1.361937
1.090396,1.353234
1.129453,1.344532
1.128214,1.335830
1.187442,1.327127
1.206430,1.318425
1.205386,1.309722
1.204435,1.301020
1.203577,1.292317
1.222858,1.283615
1.222174,1.274912
1.221584,1.266210
1.241105,1.257507
1.280718,1.248805
1.320405,1.240102
1.380177,1.231400
1.380037,1.222697
1.380001,1.213995
1.440074,1.205292
1.440257,1.196590
1.520579,1.187888
1.521004,1.179185
1.521544,1.170483
1.582288,1.161780
1.583092,1.153078
1.624120,1.144375
1.625193,1.135673
1.646472,1.126970
1.647813,1.118268
1.689509,1.109565
1.691146,1.100863
1.753376,1.092160
1.755346,1.083458
1.818056,1.074755
1.820381,1.066053
1.924121,1.057350
1.926882,1.048648
1.950112,1.039945
1.993909,1.031243
1.997241,1.022541
2.041568,1.013838
2.045304,1.005136
2.114732,0.996433
4.919451,0.987731
4.942152,0.979028
4.952782,0.970326
4.963837,0.961623
4.975321,0.952921
4.987239,0.944218
4.999596,0.935516
5.012397,0.926813
5.025647,0.918111
5.039352,0.909408
5.053519,0.900706
5.068152,0.892003
5.083258,0.883301
5.098845,0.874598
5.114917,0.865896
5.131484,0.857194
5.140004,0.848491
5.209143,0.839789
5.227386,0.831086
5.289480,0.822384
5.308949,0.813681
5.328970,0.804979
5.371458,0.796276
5.392696,0.787574
5.414517,0.778871
5.436931,0.770169
5.459949,0.761466
5.483581,0.752764
5.507841,0.744061
5.532739,0.735359
5.558288,0.726656
5.584502,0.717954
5.611394,0.709251
5.615980,0.700549
5.621041,0.691847
5.626584,0.683144
5.655967,0.674442
5.686095,0.665739
5.716983,0.657037
5.748649,0.648334
5.852718,0.639632
7.786814,0.491690
7.702612,0.482987
7.647110,0.474285
7.566133,0.465582
7.486561,0.456880
7.436172,0.448177
7.359458,0.439475
7.309466,0.430772
7.246684,0.422070
7.185513,0.413367
7.125905,0.404665
7.067811,0.395962
7.011187,0.387260
6.955988,0.378558
6.902173,0.369855
6.849702,0.361153
6.798537,0.352450
6.748640,0.343748
6.699977,0.335045
6.652514,0.326343
6.606218,0.317640
6.561058,0.308938
6.517004,0.300235
6.474028,0.291533
6.432101,0.282830
6.391198,0.274128
6.351292,0.265425
6.312359,0.256723
6.274375,0.248020
6.237318,0.239318
6.201166,0.230615
6.165897,0.221913
6.131491,0.213211
6.097929,0.204508
6.065192,0.195806
6.033261,0.187103
6.002120,0.178401
5.971750,0.169698
5.942137,0.160996
5.913264,0.152293
5.885117,0.143591
5.857679,0.134888
5.830939,0.126186
5.804882,0.117483
5.779495,0.108781
5.754765,0.100078
5.730680,0.091376
5.707229,0.082673
5.684401,0.073971
5.662183,0.065269
5.640567,0.056566
5.619541,0.047864
5.599096,0.039161
5.579223,0.030459
5.559913,0.021756
5.541156,0.013054
5.522944,0.004351
5.505270,-0.004351
5.488124,-0.013054
5.471501,-0.021756
5.455393,-0.030459
5.439792,-0.039161
5.424692,-0.047864
5.410086,-0.056566
5.395968,-0.065269
5.382334,-0.073971
5.369175,-0.082674
5.356488,-0.091376
5.344266,-0.100078
5.332505,-0.108781
5.321201,-0.117483
5.310347,-0.126186
5.299941,-0.134888
5.289977,-0.143591
5.280452,-0.152293
5.271362,-0.160996
5.262704,-0.169698
5.254473,-0.178401
5.246667,-0.187103
5.239283,-0.195806
5.232317,-0.204508
5.225767,-0.213211
5.219630,-0.221913
5.213905,-0.230616
5.208588,-0.239318
5.203678,-0.248021
5.199173,-0.256723
5.195071,-0.265425
5.191370,-0.274128
5.188069,-0.282830
5.185168,-0.291533
5.182663,-0.300235
5.180556,-0.308938
5.178845,-0.317640
5.177529,-0.326343
5.176608,-0.335045
5.176081,-0.343748
5.175948,-0.352450
5.176209,-0.361153
5.176865,-0.369855
5.177916,-0.378558
5.179361,-0.387260
5.181202,-0.395963
5.183439,-0.404665
5.186073,-0.413367
5.189105,-0.422070
5.192536,-0.430772
5.196368,-0.439475
5.200602,-0.448177
5.205239,-0.456880
5.210282,-0.465582
5.215732,-0.474285
5.221592,-0.482987
5.227863,-0.491690
5.234549,-0.500392
5.241652,-0.509095
5.249173,-0.517797
5.257118,-0.526500
5.265488,-0.535202
5.274287,-0.543905
5.283519,-0.552607
5.293187,-0.561310
5.303295,-0.570012
5.313847,-0.578714
5.324848,-0.587417
5.336301,-0.596119
5.348212,-0.604822
5.360585,-0.613524
5.373426,-0.622227
5.386740,-0.630929
5.404500,-0.639632
5.421923,-0.648334
5.447791,-0.657037
5.460477,-0.665739
5.417620,-0.674442
5.297724,-0.683144
5.140723,-0.691847
5.030990,-0.700549
4.904470,-0.709252
4.803489,-0.717954
4.695094,-0.726657
4.603049,-0.735359
4.492714,-0.744061
4.407107,-0.752764
4.318088,-0.761466
4.239310,-0.770169
4.141075,-0.778871
4.067120,-0.787574
3.995393,-0.796276
3.924801,-0.804979
3.858117,-0.813681
3.793254,-0.822384
3.730105,-0.831086
3.668569,-0.839789
3.612298,-0.848491
3.554588,-0.857194
3.498209,-0.865896
3.443084,-0.874599
3.396293,-0.883301
3.344278,-0.892003
3.293299,-0.900706
3.243299,-0.909408
3.217955,-0.918111
3.157105,-0.926813
3.110468,-0.935516
3.088737,-0.944218
3.043718,-0.952921
3.013454,-0.961623
2.970470,-0.970326
2.928073,-0.979028
2.886225,-0.987731
2.861861,-0.996433
2.821716,-1.005136
2.807422,-1.013838
2.761819,-1.022541
2.749375,-1.031243
2.711697,-1.039946
2.674342,-1.048648
2.659205,-1.057350
2.623118,-1.066053
2.614010,-1.074755
2.575693,-1.083458
2.540966,-1.092160
2.533788,-1.100863
2.498194,-1.109565
2.492462,-1.118268
2.459226,-1.126970
2.451651,-1.135673
2.430594,-1.144375
2.410077,-1.153078
2.390084,-1.161780
2.370599,-1.170483
2.351606,-1.179185
2.333092,-1.187888
2.315042,-1.196590
2.297443,-1.205293
2.280282,-1.213995
2.263546,-1.222697
2.247224,-1.231400
2.231304,-1.240102
2.215776,-1.248805
2.200629,-1.257507
2.185853,-1.266210
2.171439,-1.274912
2.157376,-1.283615
2.143657,-1.292317
2.130272,-1.301020
2.117214,-1.309722
2.104474,-1.318425
2.092045,-1.327127
2.079919,-1.335830
2.068089,-1.344532
2.056549,-1.353235
2.045292,-1.361937
2.034312,-1.370639
2.023602,-1.379342
2.013157,-1.388044
2.002971,-1.396747
1.993039,-1.405449
1.983354,-1.414152
1.973913,-1.422854
1.964711,-1.431557
1.955742,-1.440259
1.947002,-1.448962
1.938487,-1.457664
1.930192,-1.466367
1.922114,-1.475069
1.914249,-1.483772
1.906592,-1.492474
1.899140,-1.501177
1.891890,-1.509879
1.884837,-1.518582
1.877980,-1.527284
1.871315,-1.535986
1.864838,-1.544689
1.858546,-1.553391
1.852438,-1.562094
1.846510,-1.570796
